1000
45 32
4	6	8	10	11	14	16	22	24	25	27	28	35	38	39	42	43	46	47	50	51	55	59	60	62	72	75	77	80	82	91	92
50 35
3	7	9	11	12	15	17	20	21	23	24	25	26	32	33	34	35	38	44	45	46	54	55	57	59	68	69	70	71	72	74	78	82	83	112
40 29
0	3	4	7	8	9	12	13	22	23	24	25	27	28	34	37	38	39	41	50	53	54	55	58	68	79	82	88	109
49 32
1	2	4	7	8	15	19	23	24	25	26	32	35	41	42	43	44	51	52	54	56	57	59	62	66	68	71	77	79	92	100	112
42 31
0	1	10	13	16	17	18	19	23	24	25	26	28	37	39	41	42	45	47	49	54	55	60	61	62	65	69	70	72	75	92
45 27
4	5	8	10	11	13	24	27	29	31	34	37	45	50	53	57	58	59	60	62	64	66	75	76	104	108	154
49 33
1	2	3	5	7	10	14	16	20	21	23	25	30	31	35	39	42	49	51	55	59	63	65	70	71	73	76	77	83	88	93	97	105
42 28
0	1	4	5	6	8	11	13	16	20	24	29	34	37	40	41	47	56	60	65	66	72	76	83	89	103	112	115
47 32
1	4	8	12	15	16	18	19	22	24	26	31	32	43	46	47	48	49	50	52	53	57	59	61	63	66	67	68	83	86	88	118
50 32
0	3	5	8	14	16	19	20	25	26	30	34	35	45	46	47	50	53	55	58	60	62	63	64	65	68	72	76	92	93	103	105
51 30
1	6	8	11	12	13	19	20	23	29	31	37	43	48	50	51	53	56	57	58	59	60	62	77	88	91	112	117	127	154
51 32
2	3	6	7	8	13	16	18	21	25	26	29	35	41	42	45	47	52	55	57	58	61	63	66	71	72	73	75	92	103	112	154
39 27
1	4	6	13	14	16	18	21	27	28	30	31	35	38	41	49	53	54	58	66	67	72	75	76	82	92	118
44 28
0	5	8	10	12	14	15	18	21	25	27	30	31	36	49	50	56	60	61	63	67	71	80	88	91	107	109	112
47 32
1	2	4	5	7	10	13	19	24	25	26	30	31	33	37	41	44	46	48	51	52	58	62	65	67	72	75	76	80	83	98	105
45 32
0	3	5	8	10	11	14	17	20	24	25	26	27	29	31	35	37	44	47	49	50	52	54	55	61	62	66	76	85	86	91	109
39 31
0	4	5	6	8	10	11	12	13	16	17	19	22	25	26	33	34	35	37	38	41	43	46	53	58	60	70	72	76	77	78
46 32
0	1	2	6	9	16	20	26	29	30	33	34	35	37	39	41	43	44	48	49	50	52	54	55	64	65	68	69	70	86	104	127
46 30
4	10	13	14	17	18	19	21	22	23	24	26	32	40	41	44	49	54	56	57	62	64	66	69	70	75	76	96	127	154
45 29
0	2	3	5	6	10	18	19	25	26	29	35	36	44	45	50	54	55	57	60	63	65	66	76	84	85	91	98	118
48 33
3	6	8	12	14	16	19	22	23	25	27	32	33	35	37	38	41	42	53	55	56	57	58	59	64	69	74	76	77	79	88	92	93
41 30
1	2	5	6	9	11	12	15	20	21	25	27	34	36	37	40	41	44	46	49	56	58	59	63	64	66	67	86	91	112
46 31
0	3	5	7	8	9	12	14	15	21	23	24	32	37	40	45	47	53	54	55	56	65	67	73	74	76	77	91	95	96	118
42 28
1	4	5	10	11	13	15	17	21	22	23	29	34	36	37	44	46	50	51	56	58	63	66	68	75	77	127	154
45 28
0	2	5	7	10	11	17	19	23	29	36	37	45	50	52	53	54	55	57	60	62	66	71	76	79	85	108	117
46 30
0	4	5	8	11	13	25	27	30	32	34	36	38	40	41	49	54	55	57	58	63	64	66	70	73	76	78	82	100	107
50 32
9	11	12	14	15	17	24	26	27	29	30	32	35	38	42	43	49	51	52	53	57	60	64	73	74	76	92	95	96	98	111	127
45 29
0	4	5	10	12	13	14	25	33	34	40	44	46	47	48	50	53	56	57	58	65	67	72	74	77	91	97	98	112
45 32
0	1	4	5	6	8	10	11	13	15	21	24	25	30	31	34	36	38	45	46	51	53	55	58	66	67	72	73	75	76	86	112
44 29
1	3	4	8	12	13	17	21	25	28	32	38	39	41	42	50	54	58	60	61	63	65	67	68	69	70	72	79	100
42 30
0	4	7	8	11	12	23	24	26	28	31	32	33	34	37	39	41	43	44	47	54	60	61	65	76	85	86	92	111	127
42 30
1	2	4	5	8	10	11	14	15	17	18	20	21	22	24	25	39	46	49	50	51	60	63	67	68	69	72	73	88	118
42 28
1	3	4	9	12	18	19	20	21	22	31	32	35	36	38	40	51	52	54	55	63	64	66	74	91	92	107	108
45 30
2	4	6	7	9	11	16	19	21	25	28	32	35	40	41	42	50	53	56	64	70	72	73	74	76	77	79	82	86	112
47 31
1	2	5	6	9	11	13	17	22	23	27	32	33	38	40	44	46	49	52	54	55	58	60	67	69	70	82	95	103	104	115
45 31
1	2	4	6	11	13	16	18	24	25	31	34	36	44	46	48	49	50	52	54	57	60	61	64	65	67	70	80	86	89	92
45 30
0	1	2	6	7	8	10	16	20	24	25	32	35	36	41	45	52	55	57	58	60	64	65	66	67	73	74	75	83	98
43 30
3	4	6	13	17	18	21	24	26	27	30	32	36	37	38	39	42	44	50	54	58	59	60	63	73	76	83	86	92	108
42 30
1	4	5	7	10	11	13	18	19	21	24	30	32	33	36	37	38	42	43	46	52	58	60	65	73	75	76	92	112	127
50 31
0	4	8	11	12	15	20	21	22	26	30	32	36	40	45	52	54	55	57	58	64	66	71	75	79	86	91	92	100	104	108
41 28
0	3	4	5	11	12	14	15	17	24	27	30	33	34	35	46	49	55	57	58	59	63	65	66	86	95	100	118
46 29
0	1	4	5	6	8	15	17	25	26	30	39	40	41	47	55	56	61	63	66	67	70	71	73	74	75	98	100	105
43 31
1	8	9	14	16	17	18	19	20	21	22	23	24	25	27	29	30	32	38	43	51	54	64	66	69	71	77	85	92	95	100
49 32
0	1	2	6	10	13	14	18	19	23	25	26	29	31	33	34	49	50	51	52	53	57	58	60	61	68	70	71	76	77	100	117
47 31
0	3	8	9	11	16	19	22	23	25	34	35	36	37	42	44	49	54	55	57	58	61	63	66	72	76	77	85	92	98	115
48 34
1	4	5	7	12	16	18	20	22	24	25	26	28	29	31	34	43	44	48	49	51	52	53	54	55	65	66	68	71	75	78	85	92	95
44 31
0	2	5	6	8	10	12	13	16	19	21	23	32	35	40	41	43	44	47	48	49	55	59	60	61	66	74	79	96	115	154
46 30
1	2	7	9	10	17	22	24	26	31	32	36	39	40	43	45	47	54	57	58	64	68	74	75	76	79	85	103	112	127
44 32
0	4	5	8	11	14	17	18	23	24	25	27	28	32	33	34	35	41	45	46	50	55	58	59	60	61	64	76	79	84	92	93
43 29
3	4	8	11	12	17	18	21	22	24	25	28	39	45	48	49	50	54	57	59	60	65	68	69	76	77	88	91	107
43 32
0	1	5	6	7	9	12	14	15	16	18	20	22	24	25	26	29	32	33	37	49	50	55	58	63	66	68	71	73	77	86	92
49 30
0	2	8	20	22	24	26	28	29	32	42	43	44	49	51	52	54	55	58	60	63	68	70	72	78	92	95	100	112	118
49 34
3	5	6	10	13	15	17	19	20	25	27	28	30	35	36	38	40	42	49	51	54	55	56	58	60	61	62	63	64	65	69	86	88	92
44 31
0	1	2	3	4	9	11	15	16	17	20	24	25	32	35	36	37	44	47	50	51	59	61	62	63	66	67	75	88	89	107
48 31
4	7	13	14	18	22	24	25	27	31	33	34	39	40	43	46	51	58	62	63	69	71	72	73	77	84	86	91	92	103	115
46 29
3	4	5	6	11	13	14	15	16	22	24	26	27	35	41	52	55	57	60	62	66	69	70	75	76	90	103	117	127
47 31
2	4	12	16	21	22	23	24	26	27	31	34	39	41	46	47	49	51	56	61	64	65	66	68	75	79	88	92	96	104	127
51 33
0	5	6	9	20	23	24	25	27	31	34	36	41	43	48	50	54	55	56	58	59	61	67	69	70	74	75	76	77	85	86	90	91
48 31
2	7	15	19	20	21	22	26	29	30	35	40	44	45	46	49	54	57	59	60	65	68	69	71	72	88	89	91	96	112	118
44 31
0	2	6	8	12	14	15	19	21	24	25	27	30	31	32	34	38	47	49	53	55	59	61	63	69	82	86	91	92	96	100
43 28
0	4	5	7	8	13	14	17	19	21	22	24	33	37	49	50	51	52	56	58	60	68	69	72	75	92	100	115
41 30
1	2	3	4	8	11	13	16	20	21	25	31	33	34	35	37	39	45	48	50	55	60	62	65	70	74	75	80	92	96
46 31
0	2	4	6	8	11	14	15	18	19	23	28	31	35	37	39	45	46	50	52	57	60	62	69	71	72	78	85	88	98	108
44 31
0	1	2	4	6	9	13	15	16	18	21	25	31	34	37	38	39	45	46	53	54	61	63	65	69	71	72	74	76	91	98
45 29
2	6	7	9	13	14	16	19	23	30	34	36	38	41	43	50	52	53	54	55	61	68	71	75	77	86	92	105	108
48 32
0	2	3	8	10	13	17	22	23	25	27	28	32	42	43	45	46	48	50	51	53	54	55	61	66	69	71	73	77	86	103	115
48 30
1	3	4	6	11	16	24	27	28	33	35	41	47	49	50	55	58	60	61	62	66	69	70	75	80	85	88	91	103	108
41 30
2	4	9	12	13	16	17	18	20	23	24	25	27	28	30	33	34	42	43	46	54	57	61	65	66	68	71	76	92	103
43 28
0	1	2	5	6	13	15	19	21	24	38	40	42	46	51	52	54	55	59	61	66	71	75	77	90	91	92	118
44 32
0	3	7	8	10	11	17	18	24	25	27	28	29	30	33	34	35	38	43	49	50	51	54	55	58	62	67	69	72	75	77	88
47 33
4	5	6	8	10	16	17	19	22	24	25	26	34	35	38	39	40	41	42	43	50	55	57	59	61	63	67	69	72	74	77	92	112
43 29
1	4	7	8	11	13	17	21	23	27	29	34	37	40	43	45	46	50	56	58	60	63	66	77	84	86	92	98	108
46 31
1	5	11	12	15	16	18	20	23	25	26	27	28	29	31	35	36	40	41	49	57	58	60	61	85	90	91	100	103	104	117
51 32
1	2	7	8	11	15	16	17	20	25	28	32	34	39	43	47	49	50	51	52	59	63	64	75	79	82	91	92	103	111	112	117
43 31
0	4	6	9	11	12	16	17	21	24	25	34	35	37	39	45	46	47	48	51	56	59	60	63	69	71	73	75	85	86	92
48 30
0	1	4	5	6	8	10	11	14	18	23	25	32	41	45	46	51	53	54	57	66	67	68	70	74	86	93	107	111	154
42 32
2	3	5	6	8	9	12	13	14	16	17	19	25	28	30	31	32	35	41	42	43	47	50	53	55	58	60	67	68	70	77	86
45 31
1	4	5	7	8	12	16	17	20	21	23	24	25	26	28	29	41	44	54	55	58	59	60	61	65	75	76	84	86	91	127
44 29
1	2	3	4	5	13	19	25	32	33	39	40	43	44	45	46	51	52	55	58	60	62	65	68	73	75	89	98	108
46 31
0	2	3	4	5	15	16	18	21	24	25	34	35	36	40	42	47	52	54	55	63	65	68	69	72	76	83	86	91	92	112
44 30
4	6	8	10	16	17	19	21	24	25	35	39	40	41	42	48	49	52	53	59	63	64	69	72	76	79	85	86	92	112
43 29
2	3	4	5	6	8	9	12	16	19	22	25	26	29	31	47	49	50	51	59	60	63	68	70	75	76	96	103	117
47 31
0	2	11	14	15	16	18	19	21	23	29	31	32	36	37	38	41	47	50	51	57	58	60	62	71	76	86	92	104	108	112
45 30
0	1	4	6	10	12	13	17	18	22	23	24	27	28	29	32	45	50	52	55	58	60	64	70	73	76	77	83	100	115
52 34
3	5	6	7	9	10	13	21	23	26	27	30	31	34	35	37	42	49	50	52	53	55	59	60	64	68	70	71	73	74	76	79	100	118
45 31
0	4	6	9	12	13	15	17	21	24	26	27	30	32	34	35	39	40	49	52	57	62	66	68	71	82	84	88	92	100	127
47 31
1	2	8	17	18	20	23	24	32	34	35	37	38	39	41	43	46	47	50	61	65	66	68	70	76	78	79	92	104	115	117
47 31
1	2	8	14	16	17	18	19	20	22	23	24	25	33	41	44	47	50	52	54	55	56	57	61	66	68	75	77	91	100	105
44 29
1	4	5	8	13	16	17	18	21	22	29	30	39	41	48	50	53	54	55	57	58	65	66	68	71	78	84	88	115
47 33
2	4	5	7	10	14	16	18	20	21	22	23	24	25	29	33	36	40	42	45	53	55	57	65	68	70	72	74	76	78	79	83	127
48 31
0	2	3	5	9	11	14	19	20	21	22	25	28	40	50	52	53	54	55	56	57	62	66	68	72	75	76	83	88	91	92
48 32
2	4	5	6	13	14	21	22	23	25	27	29	31	32	33	36	40	51	53	57	63	65	69	72	76	78	83	88	90	95	96	100
46 32
2	7	9	12	13	25	27	29	32	33	38	40	42	43	44	45	47	48	50	54	55	56	57	60	63	66	72	74	76	88	91	92
47 29
0	1	3	4	6	11	12	13	17	18	33	37	40	45	46	49	57	58	63	68	69	71	74	83	92	98	111	127	154
40 31
1	2	3	5	7	16	18	19	20	24	25	26	29	30	31	33	34	38	40	41	42	43	55	58	62	63	75	79	82	85	92
46 31
3	5	7	11	12	13	15	16	17	18	20	21	22	31	39	47	49	51	53	54	55	57	58	63	66	68	70	72	77	91	127
46 31
2	5	8	11	12	20	21	22	23	27	29	30	32	37	41	43	46	49	58	59	63	66	67	68	70	72	77	80	88	112	115
52 32
2	13	15	16	19	20	23	28	29	30	37	39	46	48	49	50	56	60	61	63	67	71	72	73	76	77	85	92	93	103	112	118
41 30
2	4	5	7	8	14	15	17	18	20	21	25	28	31	33	34	41	45	46	53	56	58	62	63	68	72	75	77	85	91
49 32
4	6	7	9	11	12	16	30	34	35	36	37	41	43	45	46	47	53	54	55	57	58	60	61	62	66	67	71	72	86	112	118
47 32
2	3	8	9	11	12	14	16	25	27	32	33	37	41	42	43	47	49	51	52	53	55	58	61	62	64	66	69	77	85	86	127
51 32
2	3	6	7	9	12	15	18	19	24	30	32	34	37	47	48	49	51	54	55	64	67	68	70	73	74	75	79	96	104	108	154
46 31
1	2	6	9	10	11	15	18	21	22	25	27	30	34	35	40	41	43	45	50	57	58	59	63	70	73	76	86	95	108	154
43 31
7	9	13	16	17	19	20	21	22	24	25	27	29	32	33	34	35	36	37	48	50	57	58	59	62	67	75	77	84	88	112
45 31
0	1	4	5	10	12	14	18	19	21	25	26	30	31	33	38	42	47	50	52	53	54	55	57	60	65	71	73	75	88	115
42 29
0	4	12	14	15	17	18	20	24	25	27	28	32	33	41	44	49	51	56	58	61	66	67	68	70	72	75	92	100
46 31
0	5	8	16	17	18	19	24	27	28	29	33	36	37	38	42	44	45	51	52	54	55	58	66	69	72	75	83	92	107	108
46 31
0	2	5	13	20	21	25	26	27	28	32	33	36	37	38	46	48	49	53	55	56	58	61	66	71	72	75	77	82	103	107
43 30
2	4	5	7	8	12	16	17	19	23	25	26	31	35	41	44	49	50	53	56	59	60	61	63	64	71	75	77	82	88
40 30
0	1	4	5	6	7	10	12	14	15	16	18	20	22	25	27	30	31	37	39	48	52	53	66	67	73	75	88	91	104
44 30
0	1	4	6	7	10	17	18	19	20	22	23	26	29	30	33	38	40	52	54	57	60	63	64	70	73	75	88	103	127
47 31
0	4	6	9	10	11	14	18	20	28	29	38	40	41	42	44	46	50	55	56	60	61	63	68	71	73	80	82	88	103	118
46 31
0	1	4	7	11	12	17	18	21	23	24	25	27	34	38	39	42	45	50	54	57	59	62	63	72	74	76	88	93	104	107
42 29
0	1	2	8	13	14	16	22	23	25	33	35	36	39	41	42	45	50	51	52	53	54	55	66	68	82	86	88	103
44 30
0	7	8	13	15	16	19	20	22	25	27	28	33	34	40	46	50	52	53	55	56	57	58	65	67	71	77	80	86	90
36 29
0	2	3	4	6	8	12	13	14	16	17	18	22	24	25	27	28	29	32	39	40	44	50	56	57	66	67	76	92
40 30
1	3	5	9	11	13	14	15	16	18	19	21	25	27	29	30	32	36	37	40	49	58	63	66	67	70	72	92	97	112
49 34
0	2	4	6	8	10	11	15	16	17	18	23	24	25	35	36	38	42	44	45	51	59	60	64	66	68	71	73	76	85	88	92	97	100
47 31
6	8	11	13	14	16	17	18	21	23	25	27	31	32	35	37	39	49	52	53	55	60	65	67	68	71	92	96	98	112	127
49 34
2	7	10	12	13	16	17	18	21	25	28	30	31	32	33	44	46	48	49	50	51	52	53	55	59	61	63	64	65	71	76	80	83	92
46 30
4	5	7	9	10	13	15	25	27	30	31	32	36	43	44	46	50	52	58	60	62	63	68	70	75	77	84	88	111	118
46 32
1	4	7	10	17	18	21	24	25	29	33	34	35	37	40	46	48	49	50	52	55	57	61	65	66	67	69	70	72	77	79	92
41 30
1	4	6	8	12	13	14	18	21	24	26	28	29	30	31	34	37	39	43	49	50	53	54	60	65	66	76	77	86	118
45 29
1	4	10	13	17	20	23	24	25	30	34	37	41	42	49	50	51	54	56	61	63	64	66	71	74	76	92	103	112
47 30
2	3	8	9	13	23	26	32	34	35	36	39	40	41	42	45	49	52	55	60	61	63	68	76	78	79	92	105	108	154
45 31
2	7	8	9	16	18	20	21	22	23	25	29	31	35	36	40	48	49	51	62	63	64	68	71	72	76	83	86	88	92	112
44 30
1	2	4	9	14	15	17	18	20	22	25	27	30	32	37	46	47	51	54	56	57	59	63	64	66	67	69	70	80	100
43 27
1	4	5	13	15	18	24	26	27	31	32	39	50	54	58	59	60	61	64	66	68	73	75	86	88	95	127
47 31
0	2	3	4	5	8	12	14	15	18	22	24	25	26	30	31	49	50	54	55	56	59	60	63	66	68	72	75	77	112	117
55 34
1	3	5	8	9	12	14	15	19	22	28	31	32	36	37	38	43	47	51	53	54	55	60	61	65	67	69	71	72	91	100	109	115	154
46 31
5	6	7	10	11	12	14	22	23	24	25	27	33	35	41	42	46	50	52	54	55	57	63	64	66	68	77	85	88	91	100
41 30
0	1	4	5	9	10	16	17	18	20	21	22	24	25	30	35	36	38	39	49	50	55	56	60	61	63	67	74	75	107
45 32
0	1	5	6	7	9	12	14	15	16	18	19	25	27	29	34	36	41	42	49	53	55	56	61	64	75	77	79	80	90	96	107
44 28
0	2	6	10	11	14	18	23	27	29	30	33	37	43	46	50	52	55	57	63	66	68	73	77	88	107	112	118
47 33
0	2	4	8	17	20	22	24	25	26	31	32	35	37	38	40	44	46	47	49	51	52	53	58	65	66	67	72	74	80	92	97	104
45 30
0	2	5	6	7	8	10	16	17	18	20	21	23	30	34	38	41	48	50	51	52	53	62	65	66	76	84	95	115	154
45 30
0	1	2	3	4	8	13	14	16	17	25	26	32	34	39	46	50	51	57	59	61	62	63	64	66	67	68	73	79	98
47 32
1	2	3	5	7	11	16	19	22	23	24	26	28	29	31	39	42	43	44	47	50	54	57	60	62	65	73	75	76	109	117	118
42 30
0	2	4	5	6	9	10	13	15	16	20	26	27	31	33	35	40	44	48	50	58	61	63	64	66	67	73	75	96	118
44 32
0	1	3	9	10	13	16	17	22	25	28	30	31	35	36	37	40	42	45	47	49	51	54	55	58	66	68	71	73	75	83	98
45 30
8	10	11	13	21	22	23	25	31	32	34	39	40	41	46	47	49	53	54	55	58	63	66	69	70	76	78	91	108	111
47 31
2	4	5	8	11	13	14	16	20	21	22	27	29	33	35	40	41	52	53	55	60	61	64	65	66	67	72	77	80	112	127
45 31
1	2	4	6	9	10	14	15	16	17	18	24	25	33	41	43	45	47	50	52	59	60	66	67	68	73	75	77	82	92	107
44 30
1	2	4	5	9	11	19	23	25	30	33	35	37	41	43	44	46	50	53	55	58	60	62	69	71	72	74	88	91	104
39 28
0	1	2	4	7	8	9	11	13	16	17	19	20	24	25	29	30	34	35	51	54	62	64	68	80	90	100	105
42 33
1	2	4	5	6	8	13	16	19	22	24	25	28	30	31	34	35	37	40	41	42	43	47	49	51	59	60	68	69	80	85	88	92
43 30
0	1	6	10	13	15	16	19	20	22	23	29	33	34	36	37	39	40	50	51	54	55	56	60	62	63	64	67	70	118
38 28
1	6	8	10	18	21	23	25	31	34	35	37	39	40	41	45	46	47	49	53	55	59	61	64	66	67	82	98
38 26
0	2	4	5	6	10	20	21	24	25	27	28	32	33	43	46	50	55	58	60	66	77	86	96	105	112
44 31
0	2	6	7	8	13	14	18	20	21	22	25	31	32	35	36	39	46	47	50	51	53	57	58	64	65	66	68	72	92	112
47 30
0	6	7	9	13	18	21	27	32	35	41	42	44	45	48	49	51	53	55	64	65	72	74	76	80	91	92	100	104	118
43 29
0	1	2	5	7	8	10	12	17	18	22	25	32	35	37	41	50	51	52	54	55	60	63	64	66	67	73	75	115
52 30
1	2	7	13	19	21	22	30	32	36	39	41	46	49	50	51	52	53	54	60	61	64	72	74	84	109	111	112	115	154
44 30
4	5	6	7	9	11	13	17	22	24	25	27	29	32	37	38	43	44	54	58	64	65	67	72	76	84	85	92	100	105
46 29
0	1	4	8	10	12	13	15	30	33	34	35	36	38	52	53	54	55	57	59	60	62	63	64	66	70	88	105	127
43 33
4	5	8	9	10	11	14	15	22	24	25	26	27	31	32	35	36	37	41	42	43	44	48	50	51	54	60	64	66	73	76	78	80
47 32
0	7	10	11	12	18	19	21	22	25	26	31	32	35	36	37	46	49	51	58	63	66	68	69	71	74	75	77	86	88	95	105
50 31
5	7	9	10	13	14	19	26	27	33	35	42	47	49	50	52	53	55	58	59	61	62	66	68	76	77	88	92	96	105	108
46 32
0	1	2	4	6	12	13	16	22	23	24	25	29	30	32	33	37	46	49	53	56	57	59	60	62	63	73	74	75	85	88	112
46 33
1	2	8	9	12	13	14	15	20	22	24	25	33	34	35	36	37	40	42	49	51	52	53	55	60	62	64	65	70	73	77	80	96
44 30
0	1	2	9	10	12	17	18	19	20	24	25	26	29	31	43	44	45	50	54	55	56	57	63	64	65	66	88	100	104
47 32
3	5	6	10	11	16	18	23	29	30	32	33	36	37	41	43	44	47	49	50	54	61	63	65	66	70	73	76	77	88	112	118
42 31
0	1	4	6	14	16	17	19	24	25	27	28	31	32	35	37	39	40	41	42	49	55	61	66	71	73	74	75	77	92	112
51 32
0	1	2	3	8	19	22	24	26	30	31	33	40	46	47	48	49	50	52	55	57	63	64	67	71	79	85	91	100	103	108	111
45 32
1	2	5	8	9	14	18	19	21	22	25	31	34	35	40	42	44	45	49	50	53	54	55	57	58	59	60	62	65	66	74	76
44 31
1	3	4	8	11	12	15	16	17	18	21	22	26	31	34	35	39	40	42	48	50	57	59	63	70	71	73	85	91	108	112
50 32
2	3	4	8	9	16	18	19	20	21	28	30	31	32	42	43	50	52	56	57	60	61	62	63	65	67	68	70	72	77	108	112
44 31
1	2	5	6	15	17	21	22	23	25	27	32	33	35	40	41	42	46	50	53	55	58	60	62	63	65	67	73	77	90	92
43 28
0	3	5	6	9	13	16	22	27	31	34	35	43	44	49	52	55	58	60	61	68	70	72	76	92	95	98	115
47 30
5	6	9	13	14	16	21	27	28	29	32	35	37	44	46	49	53	57	58	60	62	63	68	72	74	85	92	100	112	118
42 29
6	9	10	11	14	16	19	21	23	25	28	29	32	35	37	45	49	51	55	58	60	65	66	67	70	73	77	96	98
47 31
2	5	6	9	16	17	21	24	30	35	40	41	42	43	44	49	50	51	52	54	55	57	58	65	66	69	73	77	84	88	115
45 30
0	1	3	4	5	7	10	13	19	23	30	31	32	35	37	46	48	50	52	59	62	68	76	77	88	89	91	96	104	127
46 31
3	5	12	16	17	18	22	24	25	27	28	32	33	38	39	41	43	47	50	51	52	54	55	59	60	62	65	68	71	72	154
43 30
1	2	4	9	10	14	17	19	21	23	24	25	34	35	39	40	43	46	50	55	57	58	59	61	63	64	66	71	86	112
45 28
0	4	5	6	7	10	13	17	30	35	37	40	45	51	52	54	56	57	59	60	67	73	75	77	88	96	112	115
42 29
0	1	2	3	7	9	10	11	14	19	29	31	33	34	35	36	45	48	51	53	55	59	64	66	73	74	79	100	108
49 31
1	3	4	6	9	10	13	19	21	25	38	40	41	45	49	50	53	54	55	56	57	61	62	64	65	69	71	83	88	111	115
49 30
0	4	5	8	10	13	16	18	19	32	37	39	41	48	49	50	51	53	58	59	64	66	73	75	76	91	104	111	112	118
50 33
4	5	6	9	14	15	19	20	24	25	26	27	28	35	37	40	43	47	51	52	54	56	58	63	66	72	76	77	85	92	95	103	112
42 29
0	5	8	11	12	14	15	18	20	22	23	25	26	30	32	33	35	48	49	50	58	61	63	66	67	68	76	117	154
44 31
2	4	6	8	9	13	16	20	21	23	27	30	32	35	36	37	39	42	43	50	53	55	57	58	60	64	68	77	86	91	118
51 34
1	2	3	4	5	6	8	9	11	13	17	18	19	25	28	33	37	43	47	50	53	56	61	66	67	72	77	79	80	85	91	96	98	111
44 30
1	4	5	7	8	9	16	18	21	22	25	26	29	33	40	42	47	48	54	55	57	65	66	67	71	73	88	96	112	115
48 30
3	4	7	15	17	19	22	25	26	27	35	40	46	48	50	51	54	56	57	60	63	65	66	71	72	75	77	91	100	104
44 30
1	4	5	12	13	14	16	18	21	23	24	25	27	28	29	32	39	44	50	53	54	56	57	58	67	69	76	86	100	112
43 31
6	7	8	12	13	14	15	16	20	22	24	25	26	31	32	37	38	42	43	46	50	57	59	62	64	70	78	84	93	95	111
42 29
0	4	5	7	8	10	13	17	20	25	26	28	31	33	34	35	45	48	50	57	60	62	69	72	77	80	96	107	111
43 31
1	3	6	9	11	12	15	16	17	18	21	22	25	27	29	30	32	37	47	53	55	56	57	58	63	66	67	68	73	84	92
42 30
1	3	4	12	13	14	15	16	18	24	25	26	27	29	31	39	42	43	49	50	60	61	63	66	71	75	76	77	88	117
43 31
0	1	7	8	9	12	16	23	24	25	27	30	32	33	37	39	41	43	47	50	52	55	58	59	62	66	67	68	88	93	95
42 30
1	2	3	6	7	12	14	17	18	19	33	34	35	36	38	40	41	42	43	44	51	53	54	66	73	74	88	91	108	112
43 29
0	2	4	6	7	12	14	17	20	22	24	25	29	38	39	45	51	54	59	60	64	65	67	69	73	74	80	88	118
43 31
0	3	5	6	7	8	12	13	16	17	21	24	27	29	30	31	33	34	37	38	40	50	54	59	67	80	88	91	96	112	118
51 30
2	4	7	19	22	25	29	34	40	41	43	46	47	51	52	53	60	62	63	66	67	73	75	77	79	86	92	98	118	154
41 29
0	1	4	7	9	12	13	16	20	22	31	35	36	37	38	44	46	47	51	52	54	58	60	63	65	69	71	88	108
47 30
2	4	7	8	10	14	19	21	22	23	25	33	37	41	46	49	50	51	52	53	57	59	60	77	80	86	88	90	107	154
46 31
3	5	7	8	12	14	17	18	20	21	25	30	32	33	39	40	45	46	51	54	55	63	68	71	73	76	80	88	91	100	109
47 32
1	2	3	4	7	9	17	18	19	24	26	30	33	35	37	39	41	42	45	49	52	54	65	66	71	75	76	91	92	105	111	118
49 31
3	5	8	12	13	16	21	22	25	26	34	37	45	48	49	50	52	53	54	55	60	61	63	64	73	77	79	86	92	104	111
43 31
0	2	3	4	5	6	7	8	14	17	19	21	22	24	25	26	27	30	47	50	53	54	57	59	62	63	76	79	88	92	95
41 28
2	3	4	8	12	13	16	19	21	24	25	32	35	39	40	46	47	50	54	61	63	66	67	73	92	96	108	112
48 33
0	1	5	6	8	9	10	14	18	19	21	22	25	33	34	39	42	46	47	49	51	53	55	57	59	60	64	68	71	85	91	100	111
39 29
0	1	4	7	8	12	13	16	17	18	20	22	23	26	29	30	32	33	35	39	52	56	58	62	63	71	76	77	115
46 32
1	4	5	8	12	19	22	23	24	25	27	28	31	34	37	41	42	44	47	50	54	55	58	59	60	64	69	76	80	88	91	105
43 30
0	3	6	8	9	10	16	18	19	20	23	24	25	36	42	43	44	49	50	51	56	59	60	74	76	80	82	88	92	112
44 30
0	1	2	5	6	13	15	21	23	24	30	33	34	36	38	39	41	51	54	55	56	57	61	63	65	69	73	75	93	108
49 32
0	4	6	11	13	14	18	20	21	27	28	31	32	38	39	45	49	62	63	68	71	72	73	75	76	84	85	92	93	97	109	127
48 32
1	3	8	11	12	13	16	20	25	26	28	33	34	37	39	43	44	47	48	50	53	54	58	65	67	69	70	73	75	103	111	112
42 29
1	4	6	7	8	10	16	17	20	23	25	26	29	30	40	43	46	50	54	57	58	63	64	68	75	76	83	88	104
41 31
0	1	2	4	6	10	15	17	22	23	24	25	26	30	32	33	37	38	45	46	47	50	51	52	54	58	60	67	73	91	92
51 33
5	8	9	10	11	13	14	18	22	23	25	27	34	37	41	42	43	52	54	55	57	63	65	66	70	75	76	77	85	91	92	112	127
39 30
1	4	8	10	12	13	14	16	19	21	22	23	25	29	34	35	41	42	44	46	48	49	51	53	55	60	64	70	83	111
44 30
1	2	15	17	18	20	21	23	28	32	34	37	39	40	41	45	48	53	54	59	63	64	66	67	73	75	76	86	95	118
45 33
1	4	6	9	11	13	15	21	22	25	27	31	32	34	35	36	39	40	41	47	48	54	57	58	59	63	69	70	73	76	88	95	96
50 31
2	3	5	8	13	15	16	17	21	25	26	30	34	49	50	51	54	57	58	59	65	67	68	69	74	75	77	80	96	111	112
47 31
0	2	5	6	7	12	13	16	18	20	25	32	35	36	38	44	45	50	55	56	57	60	64	65	67	70	74	77	92	96	154
43 30
0	4	5	6	7	10	16	19	21	22	24	25	27	30	31	33	37	44	47	52	56	59	60	62	75	77	88	92	112	118
42 30
0	4	6	8	9	10	12	16	22	23	24	25	27	29	31	33	34	47	53	56	60	62	65	68	70	73	74	76	77	82
46 30
4	7	9	12	14	19	20	21	22	24	25	27	34	40	42	43	46	51	59	60	61	63	66	73	75	77	88	104	107	112
42 29
1	4	6	7	9	16	18	22	24	25	27	29	30	34	42	44	47	49	50	52	57	59	60	64	68	76	88	103	112
54 32
1	4	7	8	11	12	15	17	24	26	32	36	39	40	42	45	54	57	58	68	69	70	73	74	76	77	83	104	107	109	118	154
47 31
0	2	8	13	14	17	18	19	26	28	29	35	41	42	44	46	47	50	51	53	54	57	58	61	66	68	77	86	88	117	127
44 31
0	2	3	4	5	6	7	13	15	24	25	27	29	31	32	34	37	44	48	50	57	61	62	67	69	72	74	77	88	96	117
46 28
4	5	13	16	18	19	23	25	27	31	32	37	49	50	51	58	59	61	64	66	76	77	80	88	91	98	107	111
45 32
5	6	9	10	11	13	17	18	23	24	25	26	30	31	34	35	37	46	48	49	50	51	53	55	59	63	66	75	76	78	79	103
50 32
2	7	9	10	11	13	16	20	25	29	30	36	39	43	46	47	49	51	52	55	58	60	63	64	69	71	74	75	76	104	117	127
38 30
0	2	4	5	6	12	14	15	19	21	23	24	25	26	28	30	34	35	36	44	46	49	55	59	60	66	67	70	77	86
46 31
2	5	8	13	14	15	16	17	18	19	25	26	27	28	30	34	46	49	50	51	52	59	60	63	64	70	72	76	88	115	117
46 31
0	1	4	6	8	11	14	18	22	23	27	28	29	32	34	36	39	48	50	51	52	55	62	67	69	72	76	88	96	117	118
42 30
3	4	6	9	13	17	18	19	20	22	25	27	28	32	34	39	41	43	46	49	50	51	58	67	68	69	70	86	98	117
44 32
7	10	13	14	15	16	17	19	21	25	28	29	31	34	39	41	43	44	45	48	50	52	55	60	63	69	77	86	88	91	93	96
42 28
0	1	3	5	8	10	13	15	25	27	28	31	35	40	42	53	54	55	57	60	61	62	64	71	73	77	88	112
51 31
1	2	6	11	17	18	19	20	22	23	25	33	37	49	54	55	56	57	61	63	65	66	73	75	80	88	90	91	98	100	103
43 30
0	2	5	6	7	14	15	16	22	23	25	27	32	35	37	40	41	49	51	52	53	58	65	66	68	73	74	77	95	112
41 29
0	4	5	6	13	14	16	17	18	22	25	26	27	37	39	40	41	49	53	54	58	60	68	72	73	76	78	79	127
45 32
4	9	10	14	16	20	22	23	25	26	27	28	29	31	33	37	39	43	45	49	50	51	53	60	62	67	71	73	76	88	91	109
50 33
1	2	6	8	10	15	17	19	23	26	29	32	36	40	41	46	47	49	51	52	53	56	58	60	61	64	66	72	76	77	92	112	118
47 31
7	13	14	18	20	27	29	30	33	34	35	36	38	39	40	47	48	51	52	53	54	55	59	64	67	71	76	78	80	112	127
47 31
0	2	4	9	14	18	20	22	23	26	28	31	32	33	41	44	45	50	51	53	60	62	67	70	73	75	76	77	79	109	115
40 32
1	4	5	6	7	8	9	10	11	16	18	19	24	25	28	29	30	31	34	40	41	43	46	48	49	62	70	71	74	85	86	117
40 30
0	1	2	5	9	10	12	14	16	18	25	28	29	36	37	39	43	45	46	47	53	55	56	60	63	64	68	72	73	88
46 30
0	1	2	3	4	7	10	11	15	19	22	26	35	40	43	45	46	51	54	56	59	63	66	69	75	76	82	88	108	154
43 30
1	2	6	8	11	14	15	17	18	21	22	23	25	26	32	36	38	42	46	50	51	52	53	59	66	68	85	93	115	117
42 30
3	5	6	8	9	12	13	14	18	20	24	27	29	32	35	37	38	41	43	44	52	54	55	60	61	86	91	92	112	118
47 28
5	9	19	20	27	30	33	36	40	42	43	46	56	57	58	62	64	67	72	75	76	77	79	82	91	98	108	112
54 33
4	5	8	10	13	15	17	20	24	25	29	38	47	52	53	54	57	60	61	63	64	65	68	71	73	75	77	79	85	86	91	97	103
45 30
7	8	9	10	13	16	18	19	22	29	31	32	33	38	39	43	45	48	50	51	55	66	73	74	76	86	91	96	108	154
46 29
2	3	5	6	9	10	13	16	22	24	26	29	30	32	50	52	61	62	64	65	66	67	69	75	77	79	95	112	118
49 32
1	3	5	6	11	12	16	19	24	25	28	33	37	40	44	45	46	47	50	51	54	55	59	60	70	73	75	80	91	100	103	109
43 30
2	8	10	11	17	20	22	23	24	25	30	36	37	40	41	43	49	51	52	54	56	59	61	65	66	76	77	88	92	95
49 31
0	1	2	3	4	13	18	25	26	29	31	32	34	36	49	50	52	54	55	57	58	59	60	61	63	67	70	75	80	103	104
46 30
1	6	10	11	14	16	18	22	23	25	27	29	32	43	47	50	51	57	58	59	60	61	63	65	66	75	76	77	92	112
40 30
2	4	7	9	10	11	12	13	16	17	19	22	23	25	27	32	38	39	41	44	49	53	55	58	64	67	75	88	92	111
46 31
0	2	5	6	12	15	16	17	18	22	24	25	26	27	30	35	37	46	49	50	51	54	56	59	66	67	72	75	78	112	154
54 33
0	4	5	7	14	21	27	32	33	35	37	38	39	40	45	46	47	49	52	53	58	59	64	68	71	76	80	88	98	103	108	111	154
54 32
1	3	6	8	14	20	23	25	26	28	32	42	43	44	48	50	53	57	59	63	65	73	79	85	91	92	97	100	105	108	111	112
44 29
0	3	7	10	14	15	19	22	23	30	31	35	37	38	48	50	51	52	54	56	59	60	69	73	85	92	95	96	108
45 30
7	8	13	17	21	22	25	27	29	31	32	35	37	40	44	46	52	53	57	58	60	61	63	66	70	73	88	91	92	112
45 31
2	8	11	12	15	22	23	25	26	27	32	36	37	38	39	41	42	44	48	53	54	59	60	63	64	65	73	76	86	112	117
45 31
0	2	5	12	16	19	20	23	25	27	30	31	33	38	40	41	42	47	54	55	58	63	66	68	70	72	75	77	85	92	108
44 31
1	2	5	9	13	16	17	18	21	24	28	29	31	32	36	39	40	42	49	50	55	60	61	62	63	64	73	75	82	92	118
42 29
2	4	7	8	12	13	16	17	21	22	23	24	28	33	35	37	41	51	54	56	62	63	66	68	76	77	91	92	127
46 30
1	3	4	6	9	12	17	20	22	25	26	35	36	39	40	42	51	52	54	59	64	65	66	67	73	74	75	91	98	107
46 31
0	2	3	13	14	15	17	18	21	23	24	28	30	38	41	42	43	46	47	53	54	65	67	69	75	76	82	92	100	117	127
49 33
0	6	7	10	11	15	19	21	23	28	29	30	32	33	34	35	36	37	43	50	51	55	65	67	70	71	75	89	93	96	97	105	118
44 28
1	2	5	8	13	15	16	17	19	25	28	29	32	34	50	51	52	54	55	58	61	71	72	92	95	97	98	103
41 29
0	1	4	5	8	12	13	14	16	19	20	25	29	30	40	41	48	49	55	57	58	63	64	66	71	73	74	88	100
47 31
0	1	4	5	6	10	13	14	19	22	27	28	29	31	34	43	48	50	51	54	55	56	59	61	62	65	70	88	90	104	108
41 32
0	2	4	5	6	9	11	12	14	15	16	17	24	25	26	27	29	31	33	35	42	43	44	52	55	60	61	70	85	86	91	92
42 31
1	3	4	5	6	7	12	13	15	16	18	20	25	31	34	39	40	43	44	46	50	57	58	59	61	63	68	72	73	77	97
47 30
6	13	16	19	20	21	22	25	26	27	31	38	40	42	49	56	57	58	62	63	66	72	74	77	78	85	91	92	100	112
45 31
1	5	12	14	19	20	24	25	27	31	33	36	37	41	43	45	46	48	52	53	58	62	63	65	66	72	75	76	77	91	112
46 29
3	4	6	8	11	13	14	17	18	27	30	39	40	41	43	49	53	57	63	68	69	74	76	79	88	103	105	109	127
47 32
0	1	2	6	7	8	9	12	13	15	16	18	20	23	24	29	34	36	41	49	52	53	55	61	65	66	77	79	80	100	105	115
43 29
0	1	3	4	6	9	10	12	13	15	16	19	31	34	37	40	50	54	58	61	62	63	64	68	70	78	82	85	108
45 30
0	2	3	6	14	16	18	22	25	29	30	35	36	38	39	50	54	55	58	60	63	67	69	72	74	75	77	86	91	92
47 32
0	2	7	13	17	18	20	22	25	31	32	34	35	36	38	39	41	45	47	53	54	58	64	65	66	72	75	77	91	92	103	112
42 29
1	4	6	7	8	9	15	16	17	18	23	26	27	29	31	34	47	49	50	51	53	61	68	72	74	76	92	103	118
45 31
1	4	5	6	7	9	12	15	19	21	22	23	25	29	34	36	37	38	39	43	47	50	51	54	60	74	80	92	98	118	154
41 30
0	4	6	7	9	12	13	14	15	16	19	22	23	24	25	29	30	32	34	36	37	50	53	57	70	77	82	86	103	112
44 30
0	2	4	6	8	16	19	21	24	25	35	36	37	41	44	45	48	49	50	51	52	54	56	59	60	68	76	86	88	154
42 28
0	1	5	6	14	16	17	18	20	25	26	27	29	30	31	50	54	55	58	59	60	62	63	65	67	75	91	100
43 28
1	4	7	8	10	12	13	16	17	23	30	39	40	41	45	53	54	58	59	62	64	67	72	74	75	76	98	115
41 28
0	2	8	9	12	14	18	21	24	25	34	35	38	40	42	45	52	54	55	57	64	66	68	70	71	72	92	103
46 32
0	8	10	12	13	14	16	21	25	26	27	30	31	33	34	37	40	48	49	52	53	55	56	57	60	64	70	71	73	75	76	109
45 31
0	2	11	14	22	24	25	26	30	31	33	36	40	41	42	46	48	49	50	51	53	61	63	64	69	72	73	76	79	88	117
40 32
0	1	2	3	5	6	7	13	14	16	17	19	23	24	25	28	30	31	33	34	37	40	44	49	50	57	59	72	76	79	80	95
40 31
1	4	5	6	12	13	14	15	16	17	22	25	27	28	33	34	39	41	43	46	47	49	51	53	55	58	59	63	66	67	72
49 30
2	4	7	9	12	16	22	23	26	32	36	40	45	47	50	51	52	53	55	59	60	63	64	65	67	86	92	100	108	111
49 32
1	5	6	8	11	12	15	16	24	26	31	32	35	44	45	47	51	54	55	58	59	60	62	64	66	67	72	75	76	88	90	127
44 32
4	6	8	10	11	17	18	20	23	25	29	33	34	35	39	40	42	43	44	46	51	52	57	61	63	66	67	68	71	72	77	86
47 32
2	3	8	9	11	13	15	16	22	24	25	31	32	33	34	38	43	50	51	52	53	58	62	65	67	69	70	72	73	74	77	95
41 30
1	4	5	6	7	9	10	14	19	23	25	29	30	32	33	34	35	37	46	49	50	52	55	57	63	66	77	80	82	105
50 32
1	2	3	4	7	8	11	17	18	19	22	25	29	32	37	47	48	50	51	52	53	56	62	66	69	71	77	86	89	100	105	111
47 32
0	10	11	18	19	22	23	24	27	28	30	33	34	35	36	40	45	46	48	54	55	56	57	59	61	71	76	79	84	88	108	109
47 32
1	2	4	6	7	9	11	14	16	17	22	23	24	28	29	32	36	44	47	50	51	55	59	62	63	66	73	76	88	90	103	118
50 33
0	4	5	6	7	11	17	20	27	29	30	32	34	38	42	45	46	49	54	57	58	59	63	68	74	75	78	79	86	88	92	115	117
42 30
0	4	7	8	10	13	18	21	25	27	29	30	32	33	34	35	40	43	47	51	54	57	58	63	71	76	77	85	92	112
45 30
0	1	3	4	5	6	8	9	11	14	17	23	25	27	35	41	42	52	54	55	59	61	66	67	73	74	75	83	104	107
48 32
0	2	3	5	10	11	12	20	23	24	25	26	27	28	40	43	45	50	55	56	59	63	66	67	68	75	76	77	86	89	96	117
43 31
1	2	3	7	9	11	12	13	14	15	17	18	23	25	26	29	32	36	38	40	51	52	54	55	60	61	71	83	92	93	104
45 30
0	1	10	13	14	15	16	18	23	24	27	30	31	37	41	43	46	54	55	57	60	64	66	67	69	70	75	86	105	115
50 29
3	4	5	6	13	17	19	22	23	30	32	33	34	35	55	59	62	63	67	68	69	71	75	88	98	104	105	127	154
36 28
0	1	2	3	4	8	12	13	14	16	22	24	25	30	31	33	34	39	41	42	52	60	63	65	76	82	86	92
43 29
0	4	7	8	11	13	14	25	27	28	29	30	31	32	49	50	51	54	55	58	59	60	62	63	70	72	77	82	83
44 32
0	4	9	11	20	21	22	23	24	25	27	32	33	34	38	39	42	43	46	48	52	55	56	58	59	64	66	67	75	76	77	86
41 31
2	3	4	7	17	20	22	23	24	25	27	29	32	33	37	38	40	42	43	44	46	51	52	58	59	66	68	70	71	88	92
46 31
2	4	5	8	9	13	15	20	23	24	28	29	33	36	38	42	43	45	50	53	54	60	65	68	74	77	78	91	96	112	127
39 30
2	4	5	8	10	12	13	16	17	20	23	24	25	26	28	29	33	35	41	43	45	49	55	57	58	60	76	77	88	127
49 31
2	11	14	15	16	18	19	20	23	25	29	43	45	48	50	52	53	55	56	57	59	62	69	71	74	75	77	79	92	95	111
44 31
1	4	5	7	12	14	16	17	19	20	22	24	25	29	31	32	33	37	40	41	44	50	59	68	72	76	79	88	104	111	112
49 32
2	4	11	13	15	17	21	26	34	35	36	38	40	41	45	47	51	54	56	57	59	62	63	64	69	71	74	77	83	88	91	127
45 31
1	2	8	12	13	14	17	18	23	24	26	29	30	39	40	43	45	46	50	52	53	55	63	64	65	66	76	83	85	86	115
44 30
0	1	7	8	13	15	17	19	20	22	24	27	28	34	38	44	46	50	54	55	56	58	59	61	74	76	86	91	92	108
47 30
5	7	10	15	16	17	20	23	25	26	30	31	40	43	48	50	54	57	58	62	63	67	68	69	71	73	74	88	111	117
43 31
1	3	4	6	8	13	14	16	18	26	27	28	31	32	35	43	45	46	48	49	50	52	53	58	63	66	67	68	70	75	108
43 29
1	4	5	6	14	17	20	23	24	30	37	39	40	42	45	46	47	52	54	57	58	59	64	66	68	79	80	105	127
48 30
0	1	5	8	10	13	17	20	25	28	34	35	37	44	46	50	51	55	56	57	58	63	70	72	73	80	92	107	108	112
53 32
4	5	11	12	15	24	26	28	32	40	41	42	47	50	54	57	59	64	65	69	72	73	74	75	76	77	79	80	86	89	112	127
43 31
3	4	10	16	20	21	22	23	25	26	27	29	30	31	32	33	37	38	44	46	51	52	56	59	60	67	70	89	93	96	117
44 28
4	5	10	13	14	16	23	26	27	31	36	37	45	49	50	53	54	58	68	69	71	74	76	77	79	92	103	127
45 31
0	4	11	14	16	18	21	24	25	27	28	29	30	32	34	43	47	49	50	55	58	60	63	70	72	73	78	82	88	90	100
54 31
3	4	8	11	12	15	21	23	26	35	40	50	51	56	57	58	59	61	62	63	68	69	72	75	76	82	83	88	93	118	154
45 31
1	2	4	5	6	8	9	13	14	15	24	25	30	31	37	39	40	41	45	47	49	52	55	59	60	64	71	86	112	127	154
46 30
0	7	11	21	23	24	25	26	27	33	34	41	44	45	47	50	52	54	57	58	59	65	66	69	75	78	79	86	91	112
41 29
0	9	10	13	14	18	20	22	23	25	29	30	34	35	36	38	43	45	50	53	54	57	60	72	74	75	85	92	112
44 29
2	5	8	9	14	16	17	18	20	21	28	31	34	39	40	43	46	51	53	59	63	64	67	73	77	96	105	108	112
54 36
3	4	7	16	18	21	24	27	28	29	30	31	36	38	39	41	42	47	49	50	52	53	54	56	60	62	63	67	70	72	75	76	77	86	91	118
46 30
0	2	3	9	10	16	17	19	20	21	22	24	31	33	35	40	46	52	55	57	60	62	65	72	76	77	86	88	118	154
48 31
2	3	4	15	17	21	24	27	29	30	32	34	38	41	47	49	51	52	54	56	58	59	68	73	76	82	92	93	97	100	108
42 30
2	4	5	6	7	9	13	14	18	20	21	22	31	32	33	40	43	45	49	51	54	59	61	64	66	73	77	82	96	108
39 29
0	1	2	5	13	14	17	19	20	24	25	26	30	33	34	37	42	43	46	50	55	57	58	59	64	66	70	77	96
43 31
0	4	6	12	13	17	18	21	22	25	27	29	32	33	35	38	43	44	46	51	53	57	60	64	67	71	73	82	86	88	92
47 31
1	10	11	17	19	20	22	24	25	27	34	35	37	40	41	43	46	50	51	52	57	58	63	66	67	75	77	85	92	108	112
56 32
0	7	17	25	26	27	31	34	37	39	43	45	47	53	55	58	59	62	67	68	73	75	76	78	79	83	84	91	98	103	104	154
48 32
0	1	2	4	7	9	11	17	21	23	24	26	30	32	36	37	38	47	49	53	57	62	63	65	74	75	76	79	82	88	127	154
43 30
0	1	2	5	6	8	10	14	16	18	19	22	24	26	32	35	40	46	50	51	55	57	59	60	68	74	76	91	93	108
48 31
2	3	4	5	7	14	16	21	22	24	25	31	32	47	50	51	54	56	57	59	61	65	66	68	71	72	74	77	80	82	83
41 30
1	2	6	8	14	15	20	23	24	25	27	28	31	34	38	42	43	44	45	50	51	52	54	55	59	60	67	68	76	92
41 30
3	4	7	8	10	16	19	20	24	27	29	31	34	35	36	39	40	43	45	49	57	59	61	63	66	74	76	77	92	108
43 32
2	4	5	7	9	12	16	19	22	23	25	26	27	28	30	31	36	37	41	43	46	47	53	54	58	60	64	71	72	75	80	109
40 28
2	4	6	8	10	11	16	21	24	25	30	39	42	46	47	49	50	51	55	56	58	59	60	63	66	72	77	88
43 31
1	3	12	13	15	16	18	19	20	21	22	25	26	28	29	33	34	38	39	48	55	56	60	64	67	71	72	73	74	96	100
42 32
0	1	2	3	7	8	9	11	12	13	16	17	18	25	29	30	33	36	37	39	40	45	47	58	61	63	66	71	80	88	92	112
44 28
0	1	4	5	13	17	18	22	24	26	30	34	36	43	46	47	50	52	54	58	63	76	80	86	100	105	108	109
46 31
1	2	6	8	9	12	14	15	16	23	32	34	35	36	44	45	49	51	53	55	59	60	62	64	66	68	74	76	95	96	127
48 30
4	7	11	13	19	25	27	29	32	34	37	48	49	51	52	54	55	58	61	63	64	72	73	75	79	83	85	92	95	118
45 30
0	4	5	8	11	13	18	21	24	25	27	29	30	31	32	35	49	54	55	56	60	70	71	72	74	75	77	85	100	127
49 29
1	4	5	6	7	10	13	18	29	32	37	39	45	50	51	53	57	58	64	65	66	68	73	77	80	91	100	115	154
40 29
0	2	4	6	12	14	15	17	18	19	21	22	24	28	32	35	36	38	40	50	62	65	66	75	77	85	88	96	108
46 32
2	3	4	5	6	8	10	12	13	14	21	23	24	25	26	43	45	47	48	54	55	58	61	62	63	66	72	74	77	85	90	111
39 31
1	4	6	9	10	11	12	14	17	18	20	25	27	31	35	39	40	41	42	43	45	46	47	61	63	67	69	73	76	80	88
48 31
6	9	14	15	16	19	20	22	27	29	30	31	38	40	46	49	53	57	60	61	64	67	68	70	72	74	79	85	97	117	118
40 29
1	5	6	7	13	16	18	21	25	26	27	31	32	33	40	44	45	46	49	53	55	57	58	59	62	66	74	88	111
41 28
0	5	8	9	10	22	23	26	28	29	30	31	33	43	47	48	50	52	54	55	60	63	67	71	85	86	91	118
50 31
4	8	10	13	14	17	22	25	34	37	39	42	48	50	52	53	54	60	63	64	65	68	72	73	74	75	77	85	86	92	103
42 29
1	3	6	7	8	13	16	25	27	29	33	38	40	41	43	45	48	53	55	57	58	60	61	71	73	74	83	88	117
41 30
1	5	7	10	14	16	18	19	20	21	22	24	26	29	30	33	37	38	39	41	48	50	55	58	73	74	75	76	100	127
48 31
7	10	14	16	17	21	24	25	29	30	31	32	34	38	39	43	47	50	52	54	57	58	59	63	64	68	72	79	98	108	117
44 30
0	4	7	8	12	13	14	15	16	20	22	24	25	31	32	37	39	46	52	53	54	59	60	62	65	71	76	86	107	117
44 31
0	1	2	6	9	11	13	14	15	20	21	22	23	25	28	29	34	45	47	50	51	52	55	62	63	69	77	90	91	96	115
41 27
0	2	4	5	6	8	13	15	19	22	29	31	32	37	49	51	52	53	58	65	72	76	77	92	96	98	108
49 30
1	15	17	21	24	27	31	32	33	35	36	39	42	50	53	54	57	60	61	62	64	65	68	71	73	77	79	83	112	127
46 32
0	1	2	4	8	11	17	20	21	22	24	25	26	29	33	36	40	44	46	58	59	61	62	63	66	67	69	72	74	82	88	98
46 30
0	5	9	12	23	24	26	29	30	31	32	35	37	44	46	47	54	57	60	64	65	66	71	76	77	88	89	95	105	108
47 30
5	6	9	16	18	19	20	25	27	29	32	33	44	45	46	49	51	53	57	58	60	62	64	65	72	78	88	98	112	127
46 31
0	3	7	9	10	17	19	23	24	25	28	29	31	34	35	40	46	50	54	55	56	57	59	61	66	67	71	75	77	86	98
39 28
0	1	4	5	6	9	10	16	17	18	20	24	26	29	39	41	42	49	53	61	63	67	71	73	74	75	76	108
45 31
0	2	4	6	8	9	10	14	16	17	21	25	27	33	37	39	41	47	48	58	60	61	64	67	72	73	75	77	86	96	154
48 33
1	3	4	5	7	10	15	19	20	21	23	24	25	26	34	36	40	42	45	46	47	51	54	62	64	76	77	79	85	92	105	107	112
53 31
0	2	5	8	20	25	28	32	33	34	35	40	50	53	55	59	60	61	62	65	66	67	75	76	77	88	91	96	100	103	117
43 33
0	2	6	9	11	12	16	17	21	23	24	25	31	32	37	39	42	43	44	45	46	47	49	52	54	55	56	59	60	68	79	86	92
42 31
1	2	3	6	7	10	15	16	17	19	20	23	25	30	32	37	42	43	46	47	50	51	55	58	59	60	63	66	67	70	77
49 28
7	9	11	12	18	19	20	21	25	28	32	38	45	50	52	53	55	57	79	80	88	91	96	105	108	111	117	154
41 29
0	2	3	4	8	10	16	17	19	21	24	25	34	35	38	45	46	50	53	54	57	60	68	71	74	77	85	92	96
47 31
4	8	10	12	14	16	19	22	23	24	26	29	31	35	39	41	44	49	56	57	60	62	64	65	68	70	85	96	104	109	127
43 31
0	2	6	8	9	12	22	23	25	27	29	31	33	35	36	39	45	48	49	52	53	54	55	56	60	63	68	73	88	91	92
41 30
2	4	5	6	7	11	13	14	17	19	21	24	25	26	27	30	31	32	33	36	50	63	66	68	75	77	88	90	92	109
46 31
0	8	10	15	17	20	21	22	23	26	28	29	32	35	39	42	48	54	55	56	60	63	64	67	69	70	73	75	83	96	118
45 30
1	2	3	4	7	8	12	17	21	22	25	26	27	32	33	35	46	51	53	58	64	66	68	72	82	83	84	91	100	108
49 31
2	3	5	6	8	12	13	16	19	20	31	37	40	41	47	50	54	55	57	59	61	63	64	66	67	74	77	85	86	111	118
47 30
1	2	3	4	6	7	13	17	18	25	27	29	32	37	46	48	50	51	53	57	65	66	71	74	76	77	92	103	107	112
48 32
2	5	6	7	9	10	13	19	23	25	27	28	33	37	39	42	43	50	53	54	55	57	58	61	71	73	76	77	83	85	90	108
46 32
2	6	7	12	13	14	16	18	20	21	22	23	27	28	31	32	33	34	40	50	53	55	56	59	67	70	71	73	75	77	96	108
44 29
0	1	5	8	10	14	25	26	28	30	31	33	34	37	48	50	54	55	57	59	60	61	63	68	71	79	80	91	107
49 31
1	2	6	7	9	13	17	19	20	21	22	23	24	33	34	40	44	51	53	54	60	68	70	75	77	90	93	98	109	112	118
42 32
0	1	2	3	5	7	9	12	14	15	19	20	23	25	26	27	28	33	36	37	39	46	47	53	54	60	64	67	68	72	85	112
43 31
0	3	4	8	10	11	13	14	16	20	21	22	24	28	29	30	32	37	38	40	42	49	52	57	60	63	67	70	86	127	154
53 32
0	4	11	13	17	18	22	23	27	29	31	32	38	39	40	45	54	56	58	59	60	62	63	64	68	70	74	76	103	107	127	154
43 30
0	3	4	5	8	10	11	13	17	25	29	30	34	37	43	45	47	51	52	53	54	55	62	65	66	67	73	75	78	86
45 29
2	3	4	6	11	13	15	17	21	22	27	30	40	44	45	46	50	57	63	67	74	76	77	85	92	97	98	112	115
46 30
5	16	17	19	23	25	26	29	31	34	35	36	41	43	46	50	55	57	59	61	63	66	68	71	74	77	79	82	88	105
44 27
0	5	12	13	15	19	24	25	27	31	35	42	49	50	52	55	57	60	63	64	66	77	88	91	100	103	112
50 32
0	2	4	5	8	13	15	16	18	23	27	32	38	39	43	44	49	50	51	52	53	55	58	62	68	69	77	91	95	111	112	118
47 30
0	2	11	12	15	19	20	22	25	30	32	34	40	41	45	51	53	54	56	58	60	61	66	72	74	75	77	85	112	115
51 33
1	2	5	7	17	19	25	26	27	30	33	35	37	41	42	44	46	49	52	56	58	59	63	65	71	72	75	80	91	95	103	111	127
46 32
1	4	5	7	8	10	12	13	16	17	18	23	25	30	31	34	37	40	42	43	52	54	55	65	70	71	72	75	84	96	100	127
43 31
1	3	4	8	10	13	15	16	18	21	23	25	28	32	34	39	40	42	48	49	55	56	59	60	63	64	66	70	73	79	112
49 33
1	3	4	5	9	11	12	15	21	23	24	26	27	31	33	36	39	40	41	48	58	61	66	69	71	73	74	80	86	91	100	107	127
49 32
2	5	11	13	14	15	20	23	25	26	33	35	37	44	45	46	49	53	55	59	60	61	62	64	67	70	72	74	75	89	107	117
47 31
1	2	4	9	10	16	17	19	20	23	25	29	30	33	37	42	50	51	52	60	61	63	64	71	73	75	76	79	86	91	100
46 31
2	3	5	12	13	19	20	23	24	25	29	31	32	33	35	37	46	49	52	58	59	64	66	71	75	76	77	79	92	104	112
45 31
2	4	7	8	10	14	15	22	23	26	28	31	34	35	38	39	40	45	46	50	57	59	60	63	64	67	73	92	96	98	118
44 29
0	3	5	6	12	16	17	21	25	27	28	34	41	43	45	46	47	50	54	55	58	60	66	68	83	86	92	104	154
45 31
1	4	6	7	8	9	11	12	16	20	22	25	26	27	29	37	41	47	51	52	53	54	55	58	59	60	64	66	72	88	115
43 30
1	4	5	8	12	13	14	15	18	19	25	26	30	31	33	40	48	49	50	53	54	55	57	59	64	66	72	73	85	107
53 33
3	4	5	10	12	18	20	23	24	35	37	39	43	45	46	48	53	54	57	59	62	63	64	65	67	69	71	73	76	77	103	112	127
46 33
0	2	3	4	5	7	9	10	11	12	15	17	19	20	25	28	33	43	44	46	55	57	61	63	65	71	76	77	82	84	85	88	89
49 32
6	9	11	13	14	18	20	21	22	23	27	31	32	34	35	36	41	49	51	53	55	63	68	69	71	75	76	85	92	100	103	118
45 29
0	2	5	8	10	13	19	22	23	31	33	38	41	44	50	53	54	55	58	60	68	70	74	76	83	88	92	95	118
49 33
3	5	12	15	18	19	20	21	23	24	25	26	27	29	33	35	36	43	45	57	59	65	66	67	68	69	71	77	79	88	90	109	112
52 31
4	6	7	8	9	10	13	17	18	20	33	38	41	45	50	51	52	53	54	57	68	69	70	79	86	88	92	100	105	108	111
44 30
0	2	6	8	12	16	17	18	20	23	24	25	26	29	32	35	41	43	49	51	52	56	63	66	76	83	92	105	112	117
43 30
1	4	5	8	16	17	20	24	26	27	28	31	34	35	37	38	39	43	45	50	52	57	58	59	67	74	76	89	108	111
41 31
0	4	5	6	7	9	10	11	12	13	14	19	21	25	31	35	40	42	44	45	46	52	55	57	60	63	70	73	75	78	95
43 29
0	2	3	4	9	11	13	16	17	23	26	34	41	45	46	48	50	51	53	54	64	66	67	69	71	77	88	90	118
41 29
0	1	2	6	12	13	18	23	24	25	28	30	31	32	33	34	36	41	46	52	55	57	65	71	77	88	97	108	112
43 30
2	3	7	8	9	13	14	17	20	23	24	28	36	37	38	39	41	43	44	53	54	66	68	69	77	83	86	93	112	127
48 34
1	2	3	6	10	12	13	14	18	19	20	26	27	28	33	34	37	43	44	46	47	48	54	56	57	60	64	70	72	76	79	96	112	118
45 28
0	7	9	12	13	15	16	19	22	24	25	44	55	56	57	60	63	64	66	67	72	73	75	77	89	90	92	117
47 30
2	6	7	9	12	13	15	16	17	18	21	22	26	29	43	44	50	51	56	57	63	73	74	75	78	86	91	108	111	112
39 31
1	2	3	5	6	7	11	12	14	15	16	18	20	21	23	24	25	26	27	28	30	38	46	49	55	57	66	74	77	85	108
43 31
3	5	12	13	14	15	16	19	21	22	25	26	28	33	35	39	42	44	49	50	53	55	58	61	62	63	65	69	75	76	77
40 29
1	2	5	10	12	16	17	22	23	24	25	26	28	30	31	33	38	41	47	50	51	54	55	58	65	66	75	76	105
47 31
1	4	5	6	13	17	18	20	22	25	27	31	32	35	40	46	54	55	57	58	59	60	64	65	66	69	70	82	83	85	98
45 31
1	2	7	8	10	12	15	18	19	20	24	25	26	37	39	44	45	50	51	52	54	55	59	64	65	66	68	73	75	77	92
43 29
1	6	7	10	15	19	20	24	25	31	35	37	43	44	45	48	50	52	54	57	58	61	62	63	73	86	88	95	111
44 31
2	3	13	20	21	22	23	24	25	26	27	28	32	33	34	38	39	48	53	54	55	59	61	68	69	70	73	75	79	86	92
45 30
1	3	9	16	21	22	24	25	26	32	33	34	38	42	44	46	47	54	55	56	57	58	62	63	68	69	85	92	100	115
46 30
0	4	6	10	11	13	15	17	23	26	29	30	36	45	46	49	50	51	52	58	63	64	65	69	74	76	77	92	112	127
39 28
1	2	8	12	13	15	19	21	23	25	32	33	37	38	39	46	47	50	55	59	60	61	65	69	74	77	88	96
52 33
1	2	7	14	18	23	26	27	28	34	35	37	39	43	44	45	46	48	49	57	60	61	62	66	70	77	80	84	95	100	104	118	154
44 28
0	1	2	6	14	21	23	25	29	35	36	46	50	52	53	55	57	58	61	62	63	66	68	72	74	75	77	86
49 32
4	5	6	7	8	9	11	16	17	22	27	30	32	33	38	40	41	43	44	46	53	55	60	62	63	72	77	92	111	117	118	154
41 30
0	4	5	7	10	13	14	16	17	21	23	24	25	28	30	31	33	34	37	50	52	58	65	68	71	72	73	75	78	80
41 29
1	5	6	9	13	16	19	21	23	25	26	31	34	35	37	40	42	49	55	58	60	61	62	63	65	66	71	74	115
45 32
0	2	3	6	8	13	14	15	16	19	22	23	25	30	34	40	45	46	49	50	53	54	55	56	57	59	60	61	67	74	76	92
49 32
0	2	3	12	13	16	17	19	20	24	25	26	34	38	44	46	48	50	52	54	55	57	62	63	64	69	80	88	89	92	100	112
47 30
0	3	6	9	10	11	15	16	19	21	22	35	38	43	50	55	57	60	61	62	64	68	71	72	77	79	88	92	96	127
48 32
1	5	9	10	13	14	16	17	20	23	25	30	31	32	35	41	45	46	53	54	55	60	62	63	64	72	79	85	88	97	100	112
50 32
2	7	8	9	12	14	20	21	23	24	26	28	33	37	41	46	47	57	60	62	63	68	69	72	74	75	77	79	92	112	117	118
43 30
0	3	4	8	12	13	14	18	19	21	22	24	26	30	31	33	46	49	50	52	57	58	60	61	64	71	75	76	92	118
42 30
0	4	5	6	9	11	17	19	20	21	22	24	25	27	32	35	36	46	48	50	52	55	57	59	60	70	77	86	96	118
49 32
4	7	19	20	21	23	24	25	27	28	29	34	37	38	43	44	45	50	54	57	59	60	63	64	65	68	71	72	88	89	91	154
44 29
0	2	4	5	13	16	24	25	29	30	32	33	37	38	43	45	51	53	60	61	62	68	73	75	76	86	92	112	118
45 29
1	4	6	10	18	20	21	25	35	41	42	45	46	49	54	55	56	57	58	59	63	66	68	69	70	77	85	91	100
44 34
1	2	4	5	7	10	11	12	18	21	23	24	25	27	28	31	33	34	37	39	41	42	43	47	50	58	61	62	64	65	67	72	74	96
46 32
7	10	11	13	15	17	19	21	23	25	30	32	34	36	37	38	39	41	42	44	50	51	54	59	65	67	69	77	91	96	100	112
48 30
2	3	4	6	9	16	22	25	28	29	32	36	39	47	50	51	53	55	57	59	65	66	68	72	73	82	86	92	98	105
47 30
6	12	14	16	19	20	25	28	29	30	33	34	36	37	46	49	53	55	57	58	61	63	68	80	82	86	97	100	105	117
48 30
1	2	6	7	8	10	19	22	24	26	31	32	33	40	43	53	54	56	57	58	59	63	66	74	77	82	90	98	117	118
41 28
0	1	2	4	9	15	19	20	21	22	25	29	32	36	37	44	50	54	55	57	59	63	65	66	69	74	90	100
46 32
0	3	8	11	12	13	14	18	21	24	25	26	31	32	33	34	35	43	44	51	58	59	65	66	67	70	73	75	78	89	96	112
44 31
0	3	4	6	9	13	15	25	26	27	30	32	34	35	36	39	43	48	52	53	54	55	56	62	66	75	77	80	88	89	92
45 32
0	1	2	6	7	9	13	19	22	24	25	26	27	32	35	37	39	41	44	46	49	58	59	60	68	71	75	86	89	93	100	112
42 32
2	6	7	10	11	12	13	14	15	18	19	20	21	25	26	27	34	37	38	42	43	44	49	54	57	63	70	73	77	88	91	112
43 29
0	1	7	8	11	12	15	17	20	21	22	31	32	35	37	38	48	52	54	60	63	64	66	69	72	73	95	103	115
48 32
4	10	12	13	18	21	22	24	27	31	32	33	36	38	42	46	47	49	51	52	56	57	60	62	66	68	71	74	83	96	117	127
44 30
0	1	3	7	10	15	17	19	23	24	28	34	35	39	40	45	46	52	54	55	59	61	62	65	71	74	76	88	92	118
46 32
0	2	4	6	8	10	13	15	16	17	19	22	26	31	34	38	39	40	45	46	54	56	58	61	68	69	72	76	92	96	112	118
47 32
0	4	7	12	13	14	17	21	27	34	36	37	38	39	40	42	43	44	46	51	54	57	58	61	63	64	66	67	72	92	105	118
53 32
0	5	6	8	9	12	19	20	21	25	31	34	42	44	51	53	55	57	58	62	64	69	71	72	73	76	77	85	91	100	112	127
39 31
0	4	5	6	10	11	13	14	17	21	25	28	29	32	35	36	37	40	41	45	46	48	49	51	53	66	67	75	77	88	92
42 32
0	2	4	6	9	10	15	18	19	20	21	23	24	25	27	28	30	34	38	39	42	45	46	49	59	60	65	66	76	92	100	112
41 29
0	3	4	5	7	10	13	16	19	20	21	24	25	26	30	31	42	50	51	54	62	64	67	70	72	74	76	88	92
43 31
0	2	8	13	14	15	17	20	21	23	25	28	29	32	37	39	44	45	48	49	50	53	54	60	70	72	74	79	85	92	112
45 32
0	4	5	9	10	14	18	21	23	24	25	26	33	34	37	38	40	42	43	44	45	46	52	54	66	68	71	76	88	105	112	117
49 32
1	3	8	9	12	16	17	19	22	25	26	27	29	31	45	47	48	50	54	55	57	58	60	61	62	65	70	74	76	85	103	104
47 31
2	4	8	9	13	15	16	23	24	27	29	30	31	36	37	40	49	50	52	59	60	61	63	67	71	75	82	88	96	104	118
40 30
3	4	7	9	12	13	14	16	20	22	24	25	28	31	36	37	43	45	46	47	49	54	60	61	71	73	80	88	92	108
46 32
1	4	5	6	9	11	22	25	27	30	32	34	40	41	42	43	46	47	54	55	58	59	60	63	64	65	66	70	72	74	75	76
46 30
0	7	10	16	17	20	21	23	25	26	31	32	35	39	46	49	50	53	58	61	62	63	67	71	73	76	90	91	98	117
50 32
0	4	7	9	11	12	15	16	19	20	23	24	32	33	35	37	40	41	49	52	55	59	60	62	73	86	91	100	107	109	112	115
46 33
0	4	5	8	12	13	14	17	18	21	22	25	31	32	33	35	39	44	45	46	49	51	52	53	57	59	60	67	71	74	76	77	107
46 30
0	1	4	6	8	10	12	14	17	21	22	24	31	33	35	39	41	52	60	61	62	65	67	72	76	77	96	104	112	127
44 33
0	3	4	5	6	10	14	16	19	23	24	25	26	30	31	34	35	36	39	40	46	49	50	56	62	68	69	73	74	76	77	79	80
43 30
0	2	3	7	9	13	14	20	23	24	27	28	29	34	36	42	43	45	48	50	54	55	57	59	61	66	75	88	115	117
47 31
1	2	4	7	10	13	15	17	19	22	25	28	32	35	40	43	48	50	51	54	56	57	62	66	67	73	77	82	96	100	107
50 31
2	3	9	11	16	19	20	21	25	29	35	38	40	43	47	50	53	54	55	57	58	60	61	62	65	72	74	83	88	103	154
46 31
1	2	6	8	10	18	19	21	25	31	33	35	39	40	41	45	46	50	53	55	59	63	69	71	72	74	75	84	86	91	111
44 30
1	4	7	10	12	17	18	20	23	24	28	29	30	34	37	39	49	51	54	60	64	65	67	69	71	73	74	75	76	115
50 32
1	2	3	9	10	12	17	23	24	26	27	33	38	39	41	42	43	45	52	55	60	61	68	71	76	85	86	89	100	105	107	115
41 29
0	1	4	9	10	11	17	21	24	25	27	30	32	33	34	40	47	52	57	58	60	62	68	70	73	75	76	80	96
47 30
0	5	8	10	16	17	19	25	26	29	30	34	38	39	43	50	51	53	56	58	62	63	66	74	76	86	91	92	107	117
41 29
0	2	3	4	8	14	16	18	20	21	22	24	31	33	38	40	42	45	52	60	67	70	73	75	76	77	79	90	115
43 31
2	6	7	8	9	11	12	13	15	16	17	21	24	25	28	30	37	41	49	51	53	55	58	60	61	65	70	72	82	88	92
46 30
1	2	3	6	8	10	11	20	21	23	24	25	27	31	39	40	43	45	50	51	52	55	56	58	60	76	88	104	107	154
45 31
1	4	8	10	13	16	18	21	25	34	35	37	39	41	43	45	48	49	50	51	54	58	62	63	65	69	70	71	75	76	112
50 30
0	2	7	11	19	21	23	25	30	34	37	41	45	47	50	52	53	57	62	68	72	75	79	84	88	91	92	104	117	154
48 30
0	2	4	6	7	9	11	13	19	25	27	37	38	40	44	51	56	60	61	63	65	66	68	72	76	88	91	92	103	154
50 31
1	2	6	9	11	15	17	18	30	32	39	40	41	43	45	47	52	54	58	60	63	64	66	76	80	86	92	97	108	112	154
48 31
0	2	3	9	16	18	19	20	21	22	25	27	33	39	40	46	48	53	55	56	57	64	66	67	75	76	78	79	92	107	154
44 31
2	3	7	11	16	17	18	21	22	23	25	26	27	28	31	32	35	40	43	50	55	57	58	60	63	66	70	75	76	77	104
45 31
0	1	4	6	7	9	12	18	20	21	25	26	29	34	35	36	37	39	45	50	52	55	56	58	59	62	68	75	89	98	100
47 32
2	6	8	10	13	14	15	17	18	19	21	23	25	26	30	38	41	45	47	51	54	55	56	60	63	68	73	76	88	93	96	154
44 32
2	4	5	7	8	10	17	19	21	22	25	30	33	35	37	40	41	43	46	47	52	53	55	59	60	65	69	74	80	88	91	92
49 31
5	8	9	12	17	23	26	27	29	30	32	33	38	40	41	50	51	53	54	58	64	66	68	72	76	78	83	88	91	117	118
45 30
4	7	10	11	17	18	21	23	25	26	30	32	33	34	40	45	50	51	54	58	61	63	66	69	75	77	80	83	88	107
45 29
0	2	5	9	11	18	23	25	26	33	34	46	47	48	52	53	55	61	65	66	71	75	76	77	82	83	85	88	98
43 32
0	6	7	8	10	11	14	17	20	23	24	25	27	28	29	32	34	35	39	43	46	49	52	55	61	71	73	75	86	90	92	111
39 27
1	4	5	9	10	13	17	18	19	20	24	29	32	33	37	42	43	50	55	60	64	66	74	77	96	108	112
45 32
1	3	4	9	10	13	16	17	20	25	26	28	30	32	33	37	38	39	41	46	54	56	61	63	64	65	66	71	72	75	76	100
43 30
1	2	3	13	16	18	21	22	26	29	32	38	39	42	43	44	45	47	49	50	53	55	56	58	60	74	75	78	104	115
47 31
4	5	6	7	8	13	16	22	24	27	29	31	32	34	35	40	44	57	58	59	64	66	68	72	73	82	83	88	92	100	115
49 32
0	1	2	6	7	11	12	14	20	23	29	32	36	37	39	48	49	54	55	57	59	60	62	63	72	73	75	83	86	91	112	127
44 31
1	2	6	11	13	15	19	21	22	23	25	28	29	30	32	37	40	44	49	50	52	53	54	55	58	60	61	70	82	91	103
48 33
0	2	4	5	8	12	14	15	19	20	22	24	27	34	36	38	40	44	46	47	53	60	63	68	73	75	79	85	86	92	93	112	118
38 29
0	1	2	4	5	8	10	11	12	17	19	20	23	25	29	30	33	34	35	49	53	54	55	58	66	73	74	76	78
44 30
1	5	14	16	20	21	22	24	26	27	28	29	30	33	41	46	47	49	50	52	55	58	62	66	68	73	80	88	100	118
44 31
0	2	4	8	10	11	15	18	20	21	23	25	27	28	31	33	42	45	46	47	50	55	60	62	65	72	80	88	96	108	109
44 30
4	9	10	12	16	17	19	24	25	34	35	36	39	41	42	43	48	50	51	54	61	66	70	72	74	76	77	79	83	104
45 33
0	4	5	8	9	10	12	13	14	20	24	25	26	28	30	31	32	45	46	47	48	50	54	57	58	59	60	63	65	74	76	78	80
51 32
1	3	4	7	9	17	18	19	21	23	32	35	36	37	39	43	50	51	53	54	59	60	61	71	76	79	82	86	92	103	112	115
44 30
2	3	6	9	15	16	20	21	25	26	29	30	32	38	41	44	45	51	53	54	57	58	68	69	72	74	75	76	92	112
42 30
1	3	4	5	6	8	9	10	15	16	17	21	22	31	32	40	42	44	47	54	55	57	61	63	64	66	68	72	79	127
45 30
0	2	7	12	13	15	21	23	24	29	30	31	32	38	41	45	47	49	54	57	58	65	66	68	74	86	90	100	117	118
42 30
1	4	7	8	12	13	16	20	21	24	26	27	31	34	37	38	41	42	45	50	54	55	57	59	65	70	77	78	79	118
43 32
2	4	5	8	9	11	15	18	20	21	25	29	30	31	32	33	36	37	45	46	49	52	53	55	57	59	60	75	79	80	88	92
44 30
0	1	2	4	6	7	13	14	16	18	19	25	26	29	34	35	38	46	49	50	57	58	61	63	68	73	77	92	100	154
46 31
0	2	3	4	11	12	15	16	19	20	23	24	25	29	32	33	36	38	39	53	55	56	58	60	62	63	76	92	107	109	112
42 29
0	4	8	9	10	13	17	18	22	23	24	28	30	32	39	45	47	50	54	56	64	69	74	75	76	77	79	88	108
48 31
3	7	8	11	12	14	18	20	21	25	26	27	34	35	37	38	41	45	52	53	54	56	58	63	68	72	92	107	109	112	115
48 32
0	1	2	7	10	11	16	19	20	27	28	29	30	36	38	39	40	42	50	52	60	61	62	63	65	73	75	77	88	91	112	118
50 31
0	1	6	9	12	24	25	27	30	33	34	35	36	38	46	50	52	53	54	55	56	57	60	64	66	67	70	85	98	103	109
46 28
0	2	3	4	5	13	14	18	25	28	29	46	50	52	55	56	58	60	61	62	65	71	75	76	78	80	103	104
41 29
0	4	5	7	8	15	16	17	18	19	20	23	24	25	27	28	34	44	50	54	56	57	61	64	68	72	74	92	111
48 30
4	7	10	13	16	21	22	24	25	29	32	37	44	47	50	52	55	56	57	60	62	63	65	71	72	77	80	88	103	107
47 32
0	2	3	5	12	16	19	20	23	25	31	33	35	38	39	41	42	45	46	52	53	55	58	60	68	71	75	77	93	96	107	117
43 27
0	1	4	7	8	11	12	13	16	25	30	32	40	41	51	60	63	64	73	79	80	82	84	89	100	111	112
42 30
0	1	2	6	8	12	16	18	19	23	24	26	30	31	32	35	41	44	49	50	51	52	56	58	59	60	70	71	95	127
44 31
1	2	3	5	11	12	14	15	16	19	22	23	24	29	30	31	32	42	43	47	54	55	57	60	62	68	70	72	74	105	115
46 30
1	3	8	10	13	15	16	18	23	24	31	33	34	43	44	45	50	51	58	60	61	64	66	68	73	88	92	95	105	127
41 29
2	4	5	6	10	11	13	19	22	23	25	26	29	31	34	37	43	50	51	54	60	62	63	69	70	74	76	77	88
43 30
0	1	4	6	11	12	16	21	23	24	28	38	39	42	43	45	47	49	50	52	54	55	59	60	63	65	66	72	88	118
44 28
0	3	4	5	6	7	8	13	15	22	25	27	28	29	31	40	55	57	58	60	72	73	75	83	91	98	117	154
46 30
0	2	3	4	5	8	9	17	22	26	31	33	34	35	40	46	47	50	52	53	56	61	63	65	67	71	91	96	108	154
47 30
1	3	4	7	17	18	19	20	22	24	29	34	37	41	49	50	51	53	54	58	63	64	69	74	75	79	85	92	98	115
44 32
2	4	7	8	9	10	14	16	21	24	25	26	27	29	33	35	37	38	39	41	45	48	52	58	66	68	72	75	86	90	109	112
44 31
0	1	2	3	7	8	11	14	21	22	24	26	28	30	31	35	40	46	49	50	52	53	55	58	63	66	67	69	85	92	108
49 32
1	6	7	8	14	16	18	22	28	29	32	35	38	39	40	43	49	51	52	55	56	58	59	60	62	63	64	67	72	96	103	115
48 33
2	4	7	8	9	10	20	21	22	25	27	29	31	35	37	39	46	49	51	54	56	60	63	66	68	70	73	74	75	78	82	88	95
45 29
0	2	4	17	20	24	25	27	30	32	33	34	38	41	42	46	50	51	52	55	60	65	69	70	72	83	84	117	154
39 29
1	4	5	6	10	12	13	14	16	20	21	22	23	25	26	31	35	46	49	54	55	56	58	61	63	66	75	76	77
43 31
0	2	4	5	6	7	10	15	22	23	26	27	31	35	39	40	42	44	46	48	51	52	54	56	60	67	72	75	79	96	118
40 29
1	2	5	10	13	15	18	19	21	23	25	29	30	32	36	37	45	49	50	54	55	58	60	61	63	69	75	80	88
44 29
2	4	7	8	9	10	16	17	21	25	28	32	37	40	47	50	54	57	58	59	61	63	66	68	71	77	92	95	112
39 31
1	3	8	9	10	11	12	13	14	15	16	17	18	21	23	25	32	38	39	41	42	43	45	53	54	55	64	69	72	76	92
42 32
1	3	4	7	9	10	11	13	15	16	19	25	26	28	31	35	39	41	42	45	46	49	59	60	62	63	64	66	73	74	75	88
43 30
3	4	8	12	13	14	15	17	21	22	24	25	26	28	29	33	37	41	51	53	54	57	58	63	65	69	76	88	92	103
43 28
1	2	4	10	14	16	17	22	24	32	35	40	42	45	47	52	57	58	64	66	68	73	74	76	80	96	104	115
39 29
0	1	2	5	8	14	19	23	25	26	28	29	30	33	35	37	38	46	47	53	55	58	59	60	70	71	75	86	89
40 31
0	2	3	4	6	7	9	12	13	14	16	18	19	22	25	27	29	31	32	35	39	46	52	53	54	60	66	68	72	92	97
51 31
3	8	11	12	15	22	24	26	33	39	40	42	43	45	47	49	53	54	57	59	60	74	76	77	88	90	91	98	112	118	154
42 31
0	2	9	11	13	14	15	18	19	20	25	30	33	34	36	39	44	45	46	47	48	53	55	56	60	64	75	86	90	93	109
47 31
1	2	5	8	14	18	19	20	23	24	28	29	30	32	36	40	43	49	50	54	57	60	64	65	70	73	74	76	100	112	127
42 30
1	2	3	4	6	8	13	22	23	25	27	32	34	35	37	40	41	43	46	47	51	53	54	58	60	76	83	92	105	112
45 33
1	4	6	11	12	14	18	20	22	24	25	26	28	29	33	34	36	37	38	39	43	45	46	55	56	57	58	60	65	70	74	104	112
47 30
0	1	6	10	11	14	15	21	23	24	27	28	36	38	47	51	54	59	60	62	66	68	75	76	77	78	91	92	112	118
43 29
0	6	9	10	14	15	20	22	23	24	25	31	34	35	37	42	43	50	51	52	57	60	65	66	67	72	77	100	112
45 29
0	1	2	4	5	7	8	13	20	22	31	34	35	39	40	58	62	63	64	65	66	73	74	76	77	82	91	108	109
46 31
0	2	4	7	9	13	15	18	20	22	24	26	30	32	38	43	44	45	46	53	54	58	61	66	75	76	77	80	100	112	115
44 31
1	2	3	4	7	8	12	13	16	19	21	22	24	25	27	31	33	39	47	50	52	60	62	64	74	79	80	85	92	95	111
49 32
1	3	6	12	15	17	20	26	30	31	32	33	36	37	40	46	50	52	55	57	58	60	63	64	67	68	73	75	77	91	97	115
42 30
3	4	8	9	10	14	21	24	25	28	31	32	37	40	41	44	45	47	50	51	54	57	59	66	68	69	74	76	82	92
45 30
0	3	5	6	8	10	13	19	22	31	32	35	36	37	41	43	48	49	50	51	53	59	60	64	85	91	95	98	108	109
53 31
0	4	7	10	11	13	17	19	35	38	42	45	48	50	52	54	56	57	60	62	63	64	66	70	75	86	90	92	103	118	154
40 29
0	1	2	4	5	6	9	10	11	18	20	21	24	30	36	38	39	40	42	50	55	57	65	66	74	85	91	96	108
45 31
0	1	8	10	13	15	17	18	24	25	26	29	30	31	33	35	41	43	54	55	56	57	62	64	65	66	73	74	75	86	112
43 30
2	4	7	9	13	16	17	18	19	21	23	24	27	32	34	36	44	48	49	56	59	63	75	76	77	79	83	92	108	112
50 32
0	4	8	10	15	17	21	24	26	32	41	43	44	46	47	48	52	53	54	57	59	60	61	62	67	70	71	77	86	93	104	118
46 33
1	2	4	6	9	11	15	21	25	26	29	31	32	36	40	44	45	46	47	48	51	52	57	60	61	63	65	73	80	82	85	88	92
41 30
1	3	4	6	13	16	17	21	24	25	27	28	29	32	35	39	40	41	46	49	54	55	58	60	61	63	66	68	72	100
49 29
1	4	6	7	8	10	14	20	29	32	36	42	43	50	56	57	63	65	66	67	68	70	74	77	82	91	108	112	154
50 29
2	3	9	14	15	16	20	21	22	24	26	27	37	50	53	54	57	58	61	66	68	71	72	79	85	100	108	112	154
51 34
1	2	4	6	8	10	11	12	14	16	19	20	21	22	25	28	30	36	39	40	51	52	53	54	62	66	67	69	80	82	88	92	103	154
37 28
0	4	5	6	7	10	11	12	20	24	25	27	28	30	34	35	41	45	46	51	54	55	58	66	68	72	77	83
49 31
4	5	9	15	17	18	19	22	24	26	27	30	31	32	37	51	52	53	54	57	59	60	62	63	64	70	73	75	76	117	118
41 30
1	6	7	8	14	17	19	23	25	27	29	32	33	34	35	39	40	42	43	47	52	57	59	61	63	71	86	90	96	117
43 29
1	2	7	14	15	16	17	18	23	24	34	35	43	44	45	46	47	50	54	57	64	66	68	72	73	74	86	108	112
47 33
0	3	4	5	8	12	17	19	20	21	22	24	33	35	38	39	40	42	46	47	53	58	61	63	64	66	67	74	77	85	86	93	127
49 33
0	6	12	14	16	17	22	24	26	28	29	31	32	36	39	46	47	49	54	55	56	58	59	62	65	66	68	72	74	75	76	86	118
43 31
0	1	4	5	6	9	11	13	14	15	17	18	20	29	30	37	38	45	46	47	52	53	54	55	60	70	71	73	75	78	115
45 31
2	4	7	8	9	11	12	13	15	17	23	24	25	27	32	33	39	43	53	54	58	59	61	62	65	67	73	74	78	88	111
46 31
3	4	5	10	16	17	19	23	25	26	29	33	34	35	37	39	45	46	53	57	58	59	63	64	66	70	73	76	92	100	112
48 31
3	6	8	10	11	14	17	19	23	25	29	34	35	37	44	49	53	55	56	57	59	64	67	70	74	79	88	92	97	100	112
45 29
1	4	6	10	11	21	24	26	32	37	42	43	44	45	46	47	51	54	57	58	59	61	66	79	88	93	109	112	127
50 32
0	4	5	7	9	15	16	19	20	23	27	31	32	33	38	45	50	52	54	58	62	63	65	66	72	77	79	84	86	92	109	127
40 30
1	4	7	8	13	14	17	20	24	25	26	27	28	29	31	37	43	44	45	46	50	51	54	58	59	66	68	70	75	78
45 32
0	2	5	7	8	10	12	14	15	17	19	23	25	26	28	31	32	37	42	44	49	53	54	61	62	72	76	85	90	92	111	117
46 31
2	4	5	8	9	16	19	21	25	27	30	31	32	33	35	37	50	51	53	58	62	64	65	68	69	71	73	75	76	85	92
50 31
1	4	8	9	15	17	18	20	24	25	28	30	31	32	34	48	50	54	57	60	66	68	71	72	74	76	92	93	105	109	154
46 32
0	2	4	6	7	8	10	12	16	20	24	25	26	31	32	39	40	41	45	46	48	55	65	67	69	72	73	76	85	100	109	112
42 30
0	3	4	8	9	10	13	16	25	27	28	30	31	34	39	40	41	42	43	46	54	60	63	64	65	74	75	76	98	109
43 32
3	4	9	13	14	16	20	21	22	24	25	26	27	29	30	31	37	38	39	47	49	52	53	54	66	71	73	75	76	77	80	88
43 33
0	4	5	9	10	13	16	17	18	20	22	23	25	26	27	28	29	33	34	35	40	46	47	51	52	53	62	66	72	77	83	85	86
48 31
0	6	7	9	13	15	16	25	27	28	30	31	33	36	40	48	50	52	53	54	63	64	66	67	71	74	80	82	88	109	112
46 29
0	10	14	16	19	20	21	27	30	34	39	42	43	48	50	51	55	57	60	62	63	64	68	72	76	77	92	109	115
43 30
1	2	5	7	8	9	14	19	20	21	23	24	30	31	33	35	37	38	41	52	54	59	60	66	68	73	75	86	117	127
44 30
1	2	5	6	7	13	15	16	17	18	25	32	33	34	43	44	45	46	49	52	55	56	59	75	85	88	91	98	103	112
46 31
0	2	5	12	16	19	23	26	29	33	36	41	43	44	45	46	48	49	53	54	55	57	60	64	66	71	72	79	88	108	117
49 31
0	1	4	6	9	10	11	15	17	18	19	23	26	38	40	42	43	51	53	55	57	58	60	61	64	73	75	92	107	108	154
43 31
2	3	5	6	7	8	13	16	17	18	19	22	24	25	29	31	37	38	43	50	55	57	59	71	74	76	77	79	84	85	91
51 32
0	1	2	3	4	6	20	24	31	32	33	34	41	43	44	45	56	58	61	64	68	70	71	73	75	82	86	95	97	100	112	127
51 32
4	7	10	15	17	21	25	26	27	29	30	33	34	47	48	50	52	56	57	63	66	68	69	70	71	72	82	89	91	92	100	112
45 32
0	1	5	7	9	12	13	14	17	19	22	25	29	32	33	35	38	39	42	43	50	54	55	58	59	60	62	63	71	75	86	105
44 31
0	3	4	7	9	11	12	16	17	21	25	26	27	29	30	33	37	47	50	51	53	60	64	66	70	71	74	75	76	77	85
49 31
1	2	12	13	16	17	19	22	23	25	27	30	34	43	46	50	52	53	54	55	57	58	61	63	65	66	67	70	75	103	112
43 30
4	5	6	12	13	16	17	18	20	23	24	25	27	29	30	33	34	35	39	50	58	59	60	64	66	67	76	77	103	105
44 30
2	3	4	9	11	16	17	19	23	24	25	29	34	35	43	44	50	54	55	57	61	62	66	71	73	74	76	82	88	92
48 30
4	10	18	20	21	22	23	28	29	34	39	41	43	45	50	55	59	61	62	63	68	70	74	76	77	80	88	92	100	108
49 33
0	2	4	5	6	9	12	14	15	19	28	30	31	39	40	41	47	48	51	52	53	54	66	68	70	75	79	80	85	88	92	97	115
43 31
1	2	3	5	8	10	11	12	13	14	20	24	27	30	31	32	33	40	42	43	45	54	57	58	60	66	67	73	74	108	112
45 30
1	4	16	17	19	22	24	26	27	28	31	32	41	43	44	46	47	54	55	58	61	63	64	66	70	75	85	97	108	109
45 28
0	2	4	6	8	11	19	24	26	28	33	35	37	44	51	53	54	56	59	60	61	62	72	77	92	98	112	127
45 31
4	6	7	8	9	10	12	15	17	21	25	29	31	32	40	41	44	45	53	54	56	57	60	63	65	68	69	72	82	92	107
45 31
1	3	4	11	12	13	15	17	20	25	33	35	36	37	38	39	42	45	47	52	53	58	60	65	67	73	75	79	91	100	103
49 32
1	2	7	9	10	11	18	20	21	25	27	28	30	31	40	45	55	56	57	58	60	61	62	63	67	68	70	72	73	75	88	100
45 32
1	3	4	5	7	12	13	14	16	21	22	23	25	26	28	32	37	39	40	49	53	54	55	59	65	66	67	69	72	90	95	103
41 28
1	4	7	8	10	11	13	15	17	20	22	24	26	30	35	40	51	53	54	55	56	58	63	64	66	72	91	127
47 30
2	4	5	6	15	18	20	24	25	30	37	42	45	46	49	53	55	56	57	58	59	60	64	66	71	72	84	88	98	118
41 29
0	1	2	3	4	8	12	13	14	16	21	24	25	31	36	39	45	50	58	59	60	63	68	69	75	79	85	86	91
50 30
4	5	7	8	9	13	15	23	27	29	30	34	38	41	47	54	61	62	63	65	68	70	77	88	93	96	103	117	127	154
49 28
0	9	11	13	21	22	23	27	32	33	46	52	55	57	66	71	74	75	77	79	80	88	90	91	92	98	118	154
45 32
2	4	5	6	7	9	10	12	14	16	17	19	20	23	27	28	33	34	39	42	43	51	54	58	61	67	73	76	91	96	109	118
41 29
0	2	6	13	16	17	19	25	28	30	33	35	36	37	40	41	46	51	53	55	56	58	67	69	70	75	76	77	86
47 31
0	2	3	5	6	8	11	13	16	19	27	28	30	35	46	47	48	50	51	54	55	57	58	61	68	71	76	85	92	104	108
43 31
2	3	4	5	9	11	12	15	20	21	22	23	25	27	28	29	32	33	37	39	46	51	52	53	56	58	66	67	75	76	154
45 31
0	2	8	10	12	14	15	17	18	19	23	25	32	34	37	38	44	47	49	51	55	59	61	68	74	86	88	92	96	108	111
52 33
0	5	6	8	11	13	16	17	19	22	27	28	30	31	35	37	42	51	52	57	58	65	68	69	71	73	75	76	92	96	103	112	118
44 30
0	1	2	3	4	6	7	8	10	11	15	20	23	27	30	39	40	47	54	55	58	60	63	66	67	72	75	77	115	117
49 31
0	1	2	9	11	12	21	23	25	26	29	30	32	33	34	37	52	54	55	57	58	62	63	65	67	69	70	72	112	117	127
52 31
1	7	10	13	16	19	30	31	34	37	40	48	49	50	52	55	57	59	61	62	63	64	67	70	72	77	79	84	90	108	154
48 31
0	2	4	7	12	13	16	20	21	23	25	29	39	41	45	47	48	53	54	55	61	66	72	73	76	78	85	86	103	105	108
52 33
0	3	7	9	12	14	18	22	25	29	33	35	38	40	43	45	50	52	54	55	57	59	60	63	64	70	71	73	75	77	95	105	109
45 31
2	3	4	5	7	9	10	12	15	16	17	19	20	22	25	29	34	38	43	51	53	54	62	72	74	82	84	86	92	108	112
45 29
1	2	4	12	15	18	19	22	26	29	36	37	43	47	48	51	53	55	56	58	63	65	66	73	74	75	77	109	115
41 30
0	1	4	7	10	12	13	14	15	17	18	21	23	25	29	30	32	34	36	38	48	50	52	54	63	68	69	91	100	115
45 31
1	2	3	5	7	9	12	13	21	22	23	24	26	27	33	38	41	42	44	55	56	60	61	65	66	68	71	74	92	109	127
47 30
2	6	8	9	10	14	17	18	20	21	28	32	40	41	43	45	49	51	53	60	64	68	69	74	76	92	100	107	108	112
46 31
0	2	5	6	10	14	15	17	18	19	20	24	25	30	31	33	42	43	54	56	58	66	67	74	75	76	85	91	92	107	112
53 33
0	4	6	8	11	15	16	17	22	24	27	34	35	39	44	49	50	54	56	57	62	64	67	69	70	71	72	76	82	86	103	117	127
45 32
2	6	7	14	15	17	19	20	21	24	25	29	34	38	39	40	41	43	45	47	50	54	57	58	59	64	68	69	70	79	86	117
42 30
1	5	8	10	13	16	17	18	19	21	23	25	29	37	41	43	44	45	47	48	54	55	60	62	67	74	88	92	98	111
49 31
1	2	5	6	9	11	13	25	29	42	43	44	46	48	49	50	53	60	64	65	67	68	70	71	72	73	74	77	88	98	112
40 29
0	5	7	8	10	12	13	16	18	21	25	27	29	30	31	32	43	49	51	55	57	58	60	63	73	74	76	77	91
44 30
0	4	8	12	14	16	19	22	23	25	26	28	31	35	39	41	50	53	54	58	68	69	71	72	76	78	82	84	85	86
46 32
1	5	7	11	22	23	24	25	27	29	31	33	34	35	37	41	42	46	49	56	60	63	69	70	71	73	75	79	92	93	95	104
44 32
2	6	7	8	9	10	15	16	17	18	19	21	30	31	32	37	41	43	46	47	49	51	53	55	59	64	66	74	75	77	86	118
42 31
0	3	4	5	6	7	12	15	17	20	21	23	25	29	34	36	37	38	44	45	47	52	54	58	63	68	69	71	72	92	109
46 31
0	1	2	5	8	10	13	19	21	25	28	30	34	41	43	45	47	50	53	54	55	58	60	61	65	69	70	76	80	82	103
46 32
0	1	2	5	9	13	14	20	22	23	27	32	33	38	39	41	42	43	46	50	55	56	60	64	66	69	70	73	79	92	96	108
47 30
1	2	3	8	10	11	16	18	19	22	27	33	38	43	44	45	46	50	51	52	55	58	60	72	73	88	98	105	107	118
41 29
1	6	7	13	15	16	18	25	27	29	30	33	35	38	40	41	43	45	55	57	58	60	61	63	65	69	73	88	100
46 29
0	2	3	4	6	8	14	15	18	29	38	39	40	41	45	48	50	52	54	55	56	71	76	77	85	98	105	107	108
46 30
0	1	2	5	7	8	11	16	18	20	23	24	25	31	37	38	52	53	60	62	63	64	65	71	73	75	82	91	103	112
43 29
2	3	6	8	11	13	14	15	16	21	24	26	27	37	39	42	43	49	50	55	58	59	60	72	75	77	107	112	127
47 31
2	8	9	17	18	20	21	22	24	31	34	40	42	43	47	49	51	52	54	55	60	63	68	72	74	76	77	88	91	92	118
43 31
0	2	4	5	6	9	11	12	13	14	15	17	22	24	25	26	27	34	35	39	54	58	62	66	67	75	79	85	88	92	112
45 32
2	3	4	8	9	11	15	16	18	22	23	25	29	32	34	37	39	41	47	49	50	54	55	64	65	66	68	74	75	77	86	104
52 33
0	2	4	5	15	19	21	26	28	32	33	42	44	45	46	47	50	56	58	62	63	64	66	75	76	79	85	86	88	91	92	112	127
40 29
0	1	6	10	15	18	21	22	23	25	29	30	31	34	35	38	46	48	49	55	57	63	66	67	70	77	85	92	98
44 29
0	3	7	9	10	11	13	16	17	22	25	30	32	33	34	36	40	50	51	52	55	61	65	67	75	88	89	98	154
44 31
2	5	7	9	16	17	19	21	23	25	29	30	31	34	36	38	41	43	47	50	52	54	55	65	68	71	82	86	91	92	104
40 32
0	3	4	5	6	10	13	16	18	20	21	24	25	28	30	31	32	33	34	40	41	44	45	46	47	57	64	65	66	85	86	117
48 31
1	6	10	11	13	15	17	23	28	31	34	36	40	42	47	49	50	52	54	55	58	59	63	64	67	70	75	89	91	108	112
46 31
4	10	11	16	17	19	20	21	24	25	26	28	30	32	40	46	47	51	54	55	58	60	61	62	63	64	66	67	72	92	117
41 28
1	4	6	11	12	15	18	20	21	22	23	26	32	33	34	37	44	51	55	56	61	63	66	73	75	88	100	118
43 31
1	3	4	6	7	10	11	15	21	22	24	27	29	32	33	34	35	38	40	44	46	50	55	57	65	73	85	86	88	112	127
44 30
0	1	4	8	9	10	13	15	18	23	25	29	36	37	39	41	46	51	54	56	60	63	64	66	71	74	75	76	88	112
40 31
1	3	4	7	8	10	12	16	17	19	24	25	29	30	32	36	38	40	43	44	46	47	50	57	60	63	64	70	73	79	86
44 30
1	4	7	11	12	17	23	25	26	30	32	33	35	39	40	46	51	54	55	58	59	61	63	64	65	66	70	84	93	96
40 30
1	4	6	10	14	16	18	22	23	25	26	29	31	32	33	39	40	42	45	47	53	55	57	60	64	65	68	73	88	91
44 32
1	3	5	6	9	10	12	13	15	16	18	21	23	24	25	28	34	39	44	47	49	55	57	61	63	65	68	69	74	90	96	111
49 32
4	9	10	11	15	16	23	25	26	27	28	32	34	39	47	48	49	51	56	58	60	63	64	72	73	74	75	76	79	92	105	112
45 32
1	4	6	7	9	10	14	15	22	23	25	26	31	34	39	43	45	46	47	50	51	52	53	54	55	56	59	62	68	69	92	93
43 31
1	4	8	10	12	15	18	20	22	25	26	27	30	31	34	40	42	46	47	54	57	60	61	63	64	65	67	72	77	86	91
44 31
0	1	4	5	6	7	8	10	11	14	15	17	20	23	25	30	36	46	50	51	58	59	61	63	66	71	74	75	83	86	93
43 30
2	3	5	6	12	16	19	21	24	25	30	32	33	36	40	45	47	49	55	57	58	59	60	61	72	73	74	75	91	118
42 31
0	2	5	6	7	8	13	14	16	17	18	19	22	24	25	26	29	31	33	35	40	53	57	58	59	60	75	77	92	96	112
44 28
0	2	5	6	13	18	20	21	23	29	32	33	42	49	50	52	53	54	55	57	58	61	65	66	76	78	112	115
44 30
0	4	11	17	18	24	26	27	33	36	37	39	42	43	45	47	48	49	54	59	63	65	69	71	76	77	80	91	100	127
42 31
0	2	4	7	8	9	10	11	12	13	15	17	18	25	26	30	33	44	46	49	53	54	55	57	65	66	68	71	77	78	88
52 33
1	2	5	11	14	18	20	21	26	27	29	33	37	39	42	43	44	49	50	51	52	53	54	56	61	71	76	86	88	97	112	118	154
40 29
0	1	3	4	5	10	11	12	13	16	18	20	21	22	24	27	28	31	38	54	58	61	66	68	69	75	76	91	115
48 31
1	4	9	11	14	15	19	20	21	25	26	28	29	30	32	37	41	54	55	57	59	64	68	69	70	71	73	76	98	105	112
43 29
4	8	10	12	13	16	18	20	21	22	24	27	33	35	42	49	52	53	55	56	59	60	61	62	73	76	77	88	108
46 32
2	6	7	8	10	12	15	16	19	21	23	27	29	31	34	38	39	41	42	45	47	50	55	61	63	66	67	70	76	91	118	154
41 30
0	1	7	8	10	11	13	19	20	24	28	29	33	34	35	37	38	40	45	46	55	58	59	65	66	67	70	76	77	108
46 28
0	2	4	6	8	13	17	22	25	34	41	49	50	57	58	59	60	62	63	68	69	70	74	76	77	97	107	109
44 32
1	2	4	5	6	7	9	20	22	25	32	34	35	37	40	41	44	45	46	49	53	54	55	56	60	62	64	68	71	73	86	92
42 30
1	2	4	6	7	10	13	16	19	21	22	24	28	32	34	35	39	46	47	50	55	57	59	60	62	63	66	69	84	127
40 31
1	2	3	5	6	7	9	12	13	14	16	17	20	21	22	23	25	28	32	33	45	46	53	55	56	66	68	71	79	80	93
48 32
0	1	2	6	8	10	12	14	21	22	25	29	35	37	39	41	46	49	51	52	53	64	65	66	68	71	74	76	80	88	95	154
44 33
0	1	4	5	6	9	10	11	12	13	18	20	21	23	27	33	34	38	39	42	43	46	47	49	61	63	65	66	70	86	97	112	127
52 30
0	1	2	4	9	10	13	26	28	32	42	50	52	54	55	56	58	59	61	62	63	65	69	70	72	76	77	104	108	112
43 30
0	1	2	3	8	10	17	20	21	24	25	26	27	33	37	39	44	46	49	50	59	60	64	67	71	75	83	88	112	118
46 32
1	2	5	13	17	18	21	22	23	25	30	31	32	33	35	36	37	45	46	50	53	58	60	62	65	71	72	73	76	86	91	112
43 30
0	1	4	8	11	16	17	23	24	25	26	27	28	29	30	37	40	45	50	51	54	55	58	59	63	66	70	74	88	117
44 30
8	10	11	13	18	21	23	24	25	26	33	34	38	41	44	45	49	50	53	55	57	58	59	60	68	78	85	91	95	100
48 33
1	2	3	5	8	13	16	17	19	20	21	24	25	28	29	37	46	47	54	59	61	62	64	65	66	67	68	71	72	82	88	93	95
49 34
5	12	13	15	16	17	18	19	20	21	25	31	32	33	37	40	42	45	47	49	50	53	56	57	58	62	63	65	66	72	76	77	95	118
46 31
0	4	6	10	13	17	18	24	26	27	30	34	36	39	41	46	49	50	52	53	58	59	60	65	68	69	72	76	77	89	127
47 29
1	4	7	11	12	13	19	25	26	37	42	44	49	50	51	53	54	57	60	61	66	68	75	88	91	92	97	103	112
50 32
0	1	5	9	11	12	16	17	22	26	28	29	33	34	35	44	49	50	54	58	60	63	66	68	73	76	86	95	96	100	111	118
45 29
0	1	2	8	10	12	16	18	25	35	36	41	46	49	50	51	55	58	60	61	63	66	68	72	74	80	88	91	108
44 31
0	1	8	11	15	16	17	20	21	23	24	25	26	27	28	29	31	32	39	45	50	55	57	60	62	63	66	73	76	100	103
44 29
1	2	3	4	5	8	11	12	13	15	16	17	22	25	26	29	50	53	54	55	61	62	63	66	71	75	88	103	112
50 32
4	5	7	8	11	16	25	26	27	30	31	32	33	34	35	40	46	48	57	58	59	61	62	63	67	70	76	96	104	105	109	112
42 29
3	6	13	18	19	20	21	25	27	29	33	35	36	37	44	45	46	49	50	55	57	58	60	63	72	75	88	98	117
46 32
1	2	3	4	8	9	14	16	19	20	23	28	31	34	36	37	40	45	49	50	51	52	62	63	64	67	68	70	73	82	90	108
41 30
2	3	5	7	8	12	13	14	16	18	19	22	23	24	29	34	36	37	43	46	49	50	57	60	61	63	72	92	112	115
47 31
0	6	9	10	16	17	18	19	20	23	24	27	28	29	33	41	44	50	51	60	61	64	65	66	67	70	72	76	90	117	127
42 32
1	2	6	7	11	14	15	19	20	21	24	25	26	31	32	36	37	39	41	46	48	49	50	52	54	59	61	66	82	86	91	95
48 30
4	7	8	10	15	17	19	20	21	25	31	37	48	50	51	52	54	55	56	58	61	63	66	70	71	72	74	75	77	115
46 30
0	1	2	3	6	7	14	16	17	19	20	34	37	44	46	47	54	59	62	63	67	71	73	75	80	82	86	91	112	127
44 31
5	7	8	9	13	15	16	17	18	20	24	25	26	27	30	33	38	39	40	61	62	64	71	76	77	79	80	88	92	95	112
46 30
1	2	3	4	8	13	16	17	18	22	26	31	34	44	45	50	56	58	59	60	62	63	64	67	68	70	71	75	78	108
45 31
2	7	11	12	14	16	18	21	23	25	28	29	34	35	36	45	46	49	53	54	55	57	59	60	67	69	76	77	82	92	100
47 32
2	5	9	18	19	20	21	22	24	25	27	36	38	40	41	43	44	47	50	52	53	54	58	65	66	71	77	85	86	91	95	112
44 29
1	2	4	5	14	17	19	23	24	28	34	35	36	37	43	50	54	55	56	57	61	65	66	70	71	73	79	82	108
46 31
2	3	14	16	18	21	22	27	31	32	33	35	38	39	40	44	45	55	57	58	60	61	63	68	72	73	76	77	91	92	127
41 29
4	5	12	13	22	24	25	31	32	34	37	39	40	43	46	47	49	51	54	55	60	61	63	65	66	71	72	80	92
46 31
0	1	8	11	14	16	18	22	26	28	29	31	32	33	34	36	37	38	44	50	54	58	60	63	75	76	90	92	105	115	117
45 32
1	2	3	4	8	9	12	13	14	16	17	24	25	29	35	37	39	44	49	50	53	56	61	63	64	66	68	70	72	83	85	91
41 31
2	3	4	5	6	9	10	12	13	15	17	21	23	24	25	32	38	41	45	46	47	51	54	55	56	58	64	66	68	76	77
41 28
0	1	2	6	7	8	12	14	19	20	23	24	36	37	38	41	50	52	54	55	57	59	61	62	66	77	79	127
44 31
1	2	3	5	15	16	20	21	23	24	25	27	28	34	36	37	39	40	45	50	54	55	57	59	61	62	64	69	74	75	105
45 30
0	2	4	6	15	16	17	19	21	23	26	30	33	40	42	47	50	51	52	54	56	58	64	66	67	69	73	92	96	127
46 31
4	5	6	11	20	21	24	26	27	30	31	36	37	38	43	46	48	50	51	53	54	58	59	63	64	66	75	78	88	93	127
44 30
0	2	9	15	16	17	18	21	22	23	25	26	32	35	39	40	42	49	50	52	53	56	58	65	66	67	92	95	100	104
44 32
2	7	13	15	19	20	21	22	26	27	28	31	32	33	34	35	36	37	39	40	45	50	55	58	61	62	65	68	86	92	96	127
46 32
1	2	4	5	6	7	16	17	18	19	21	26	27	28	29	30	38	39	43	47	54	57	58	62	63	65	72	75	76	86	107	115
48 31
1	3	4	5	6	10	17	20	23	25	26	28	29	32	40	43	45	51	54	60	62	65	67	70	73	74	76	77	98	100	112
50 30
1	2	6	7	9	13	21	29	32	35	36	41	45	48	50	52	53	58	60	61	62	63	66	68	76	82	98	108	109	112
56 32
0	6	7	8	9	19	24	26	30	31	38	41	44	48	52	53	58	60	61	62	71	75	84	90	91	96	100	103	104	111	115	117
44 31
0	2	7	9	10	14	18	25	37	39	41	42	43	45	46	47	48	49	51	52	54	55	61	64	66	68	71	72	75	92	96
44 32
0	5	10	11	13	16	17	18	22	23	24	25	31	32	37	39	41	43	46	47	51	53	54	55	57	65	66	68	75	76	78	84
46 33
1	2	4	6	7	8	12	15	17	18	19	23	24	25	26	28	29	35	40	41	44	46	51	61	64	71	73	75	76	85	91	100	107
47 32
0	6	9	10	13	14	15	18	20	24	25	26	30	31	35	41	42	43	45	46	51	54	55	60	62	65	70	72	74	75	107	154
48 32
1	2	9	11	12	14	21	22	23	27	28	31	33	34	40	44	47	49	50	52	56	57	58	60	61	67	68	70	95	96	104	108
43 30
1	2	3	4	6	8	13	16	19	20	24	25	31	32	37	38	41	42	57	58	60	61	64	65	66	68	73	77	85	100
46 33
1	12	14	15	16	18	20	22	24	25	26	27	28	30	32	33	36	46	48	49	51	52	53	55	56	58	61	63	64	66	68	72	86
50 33
0	2	9	11	20	22	23	25	27	29	30	31	32	33	36	37	49	50	51	52	55	60	63	64	68	71	72	76	79	86	88	92	109
44 30
0	4	8	9	12	14	19	23	24	26	29	34	38	39	41	42	45	47	48	54	61	62	65	69	73	76	88	100	112	118
44 30
2	3	5	6	9	12	13	16	22	23	25	26	27	29	31	34	43	50	53	55	56	57	58	60	62	64	66	76	77	115
50 30
0	4	5	7	13	17	20	22	25	26	29	31	32	36	38	55	57	58	59	61	63	66	73	77	92	96	98	105	108	154
45 31
1	5	6	10	15	16	20	23	25	29	30	32	36	40	41	45	46	50	54	55	61	64	67	69	73	76	77	79	86	88	96
43 30
0	2	4	8	13	14	15	20	22	25	29	38	42	44	45	47	48	51	54	55	60	66	67	69	71	72	74	75	92	96
43 30
5	6	8	10	11	13	15	16	18	19	26	28	30	31	34	43	45	47	50	53	55	58	61	67	69	73	75	77	88	127
43 30
0	2	4	5	10	12	13	15	20	22	24	25	26	27	31	39	46	47	50	51	54	60	66	72	75	78	79	85	90	118
48 34
0	1	3	4	6	7	11	19	20	22	24	25	27	32	34	35	36	37	41	44	46	51	53	61	62	67	70	71	73	75	79	84	93	112
49 31
1	5	6	7	8	10	11	15	30	31	35	43	46	49	50	51	55	56	58	60	63	67	68	69	73	75	80	83	89	91	118
37 29
6	7	10	12	15	18	19	20	22	23	24	31	34	35	37	41	43	44	45	46	48	49	51	54	55	78	85	88	127
39 29
1	7	8	10	12	13	14	16	17	18	21	23	24	25	28	32	33	39	42	50	52	54	55	57	60	61	65	66	70
40 30
1	4	6	7	10	15	17	18	19	20	23	24	26	28	29	32	35	37	43	44	46	50	51	54	56	59	61	62	66	127
43 30
0	1	3	4	5	8	10	11	16	18	21	22	23	25	26	29	30	34	46	47	58	59	61	63	66	70	76	93	103	154
42 31
3	4	7	10	15	18	20	21	23	25	26	28	30	31	32	33	34	35	37	46	51	54	56	59	63	68	71	73	75	88	92
46 31
0	2	5	8	9	12	14	16	17	20	25	26	27	30	33	38	42	46	57	60	63	68	72	76	86	88	91	92	96	111	112
48 30
1	3	4	7	10	11	13	14	15	16	21	23	29	31	41	50	59	61	64	65	66	67	70	73	79	85	97	100	104	115
46 32
3	8	11	12	18	21	22	24	26	27	28	31	32	33	34	35	40	41	42	46	50	53	56	58	63	65	67	73	88	92	108	112
40 31
0	3	4	7	8	10	13	14	17	20	23	25	26	32	33	37	39	41	42	43	45	46	50	54	63	66	68	71	76	88	92
47 31
0	5	6	10	11	14	27	28	30	31	32	33	35	37	42	43	49	58	59	64	66	67	68	71	72	76	92	93	96	115	117
48 30
1	2	4	8	9	10	12	14	17	19	23	25	35	41	45	50	52	53	54	55	56	65	66	71	72	75	82	100	103	111
42 30
0	7	9	12	13	18	22	24	27	32	33	38	39	42	43	44	46	47	48	52	54	55	64	71	74	76	78	88	91	108
42 29
4	6	9	11	13	14	16	22	23	25	27	29	30	46	48	49	50	52	55	57	58	59	63	64	66	70	78	79	88
45 31
0	1	2	5	15	16	19	20	21	22	23	29	33	35	36	37	44	49	53	55	60	62	63	65	67	68	71	85	91	93	127
44 30
1	4	9	11	17	19	22	25	26	27	29	33	35	39	40	41	42	53	54	64	65	69	71	72	73	74	76	85	96	98
40 29
2	3	4	9	13	16	17	20	21	23	24	26	28	30	32	37	41	42	48	50	51	54	59	65	66	72	76	78	115
46 30
0	4	5	8	13	15	16	18	20	23	30	36	37	39	43	49	55	60	61	63	64	65	67	72	75	82	88	92	111	115
41 30
0	5	6	7	8	10	12	13	16	18	23	25	26	28	33	35	38	42	43	46	48	51	55	61	65	77	80	88	104	111
46 32
5	8	9	10	14	17	20	22	24	27	29	32	33	34	35	39	40	41	45	54	55	57	64	66	68	69	73	83	88	91	92	127
44 32
2	4	5	7	8	9	12	14	16	18	19	24	25	27	28	31	33	35	41	43	45	58	59	62	66	68	75	76	77	84	92	108
48 31
1	2	3	5	8	9	13	16	22	25	31	33	34	41	42	44	51	55	58	60	61	62	63	70	77	80	83	89	92	98	104
47 33
1	3	7	8	13	14	16	21	22	24	25	27	32	33	35	38	40	41	42	47	51	55	56	58	60	62	65	72	73	74	85	92	103
47 32
5	8	14	18	19	20	21	22	24	25	27	31	34	35	40	41	42	45	46	55	59	63	64	69	71	72	73	79	80	93	112	117
44 31
0	1	2	5	9	12	15	20	21	24	25	29	30	32	36	39	42	44	47	50	55	57	59	60	63	64	65	66	68	71	109
46 31
6	8	10	14	16	20	23	25	26	30	31	33	36	39	43	46	49	50	55	57	59	60	63	67	69	70	77	83	88	97	98
43 30
2	4	7	8	11	12	15	18	20	21	22	25	28	29	32	37	40	41	54	55	58	60	63	65	69	73	74	86	92	115
42 30
2	4	8	21	22	24	25	27	29	30	31	32	37	38	40	42	46	47	52	54	56	57	59	60	66	67	70	74	76	92
44 28
2	4	5	13	14	15	18	21	22	24	25	29	40	47	49	51	60	63	66	69	75	83	85	90	92	95	98	154
46 31
5	7	8	9	10	17	18	19	20	24	25	31	32	35	37	41	44	45	46	48	50	60	64	66	68	69	71	72	104	112	154
49 31
2	3	6	11	12	13	16	20	25	27	32	33	36	37	45	51	55	56	58	60	61	62	64	68	70	72	75	77	96	100	127
43 31
0	1	2	3	8	12	13	16	18	19	20	23	29	30	33	34	36	38	40	49	50	51	52	53	55	66	67	74	77	83	127
50 32
4	5	6	7	9	10	14	21	25	37	39	40	41	42	44	45	47	52	54	60	63	64	66	68	69	73	75	78	82	96	100	154
43 30
0	1	2	5	7	8	10	11	12	15	16	18	20	23	25	31	34	36	39	49	50	58	60	61	63	65	76	95	103	154
40 31
3	4	5	8	10	12	13	17	20	23	24	25	26	27	29	33	37	39	42	43	46	49	58	61	63	64	67	69	76	77	85
44 30
2	4	5	8	13	17	18	20	21	23	24	25	27	35	44	45	46	47	50	59	60	62	63	64	66	67	68	88	98	118
47 31
1	2	3	5	6	8	14	17	18	21	27	30	37	39	42	43	47	49	50	51	54	58	59	60	75	76	88	96	105	112	127
44 31
1	2	3	5	6	10	12	13	20	22	25	26	29	36	37	38	39	43	44	51	54	55	58	60	62	65	72	73	74	75	98
49 30
5	6	8	10	17	19	23	24	29	34	35	37	38	44	50	51	54	55	56	58	60	61	63	64	66	68	76	96	108	154
51 32
5	12	14	16	19	20	23	30	33	36	37	39	40	41	42	43	50	51	53	57	58	59	60	61	65	67	72	77	79	109	112	127
51 30
2	5	8	11	12	14	15	16	18	30	32	47	50	56	57	58	59	60	63	67	72	74	75	76	86	88	92	103	112	115
39 28
1	2	4	6	10	13	14	16	17	18	19	22	27	29	33	38	42	43	50	60	62	63	64	65	69	76	88	108
48 32
0	5	8	12	13	15	22	25	27	31	34	35	37	42	43	44	49	50	51	55	57	58	63	65	68	72	75	76	82	92	97	109
44 29
0	2	4	5	12	15	16	17	20	24	28	33	34	37	45	50	53	58	59	62	68	72	74	76	80	83	92	95	108
47 32
0	4	5	8	9	10	11	13	18	25	28	35	39	41	44	45	46	49	55	61	62	63	68	69	70	72	74	75	77	79	91	111
46 32
3	5	6	8	13	16	18	21	25	26	27	28	29	30	33	34	38	43	50	53	54	55	58	59	60	67	73	74	75	76	83	92
45 31
0	1	2	4	5	6	12	14	16	17	20	21	25	27	28	34	39	46	47	50	51	53	57	60	65	73	74	76	84	112	115
46 30
3	4	7	11	12	14	17	19	20	21	27	35	40	42	45	46	50	53	54	57	58	63	66	74	77	85	86	91	100	115
42 31
0	1	2	3	4	10	13	14	16	21	23	24	25	32	33	34	35	39	41	45	46	50	55	63	65	66	70	72	83	85	104
46 30
2	3	4	10	19	24	25	30	34	36	37	41	47	48	49	51	54	55	56	58	61	63	64	68	69	72	75	88	92	100
46 31
1	6	10	11	12	13	18	21	23	24	27	34	38	40	42	43	45	46	47	50	54	55	57	66	74	78	91	92	104	108	117
52 32
0	5	8	12	13	19	20	23	29	32	33	35	36	40	51	53	54	55	57	60	61	67	71	74	75	77	85	86	88	93	111	115
40 28
1	2	3	4	6	7	8	13	14	17	24	28	30	31	34	40	43	45	50	54	55	56	57	66	74	80	100	127
49 32
1	2	6	7	8	11	12	15	20	22	27	32	36	37	44	46	50	55	56	57	58	59	62	64	66	69	70	77	91	92	96	108
47 31
4	6	9	10	14	15	17	20	22	24	27	34	38	40	44	45	52	54	56	57	60	62	64	68	69	73	80	82	88	92	127
45 30
0	1	4	7	9	10	13	14	16	23	25	26	31	40	41	42	54	56	59	61	62	63	66	75	76	78	82	92	95	108
45 30
1	5	6	7	12	13	17	23	25	33	36	37	41	46	49	50	52	53	55	56	57	58	59	60	61	63	64	77	88	91
48 30
0	5	10	13	16	19	23	24	25	26	31	35	37	46	51	54	59	60	64	66	70	72	75	76	78	82	88	93	98	112
46 32
0	2	4	12	16	17	18	21	22	24	25	27	28	33	34	35	39	45	46	59	60	61	62	66	67	69	71	72	82	88	92	107
44 28
1	4	10	11	13	17	18	23	24	34	37	39	46	49	50	51	54	61	65	66	68	71	74	76	88	91	103	118
49 32
1	4	6	10	18	21	25	26	27	31	32	33	34	39	40	43	44	45	46	53	57	58	62	63	66	67	69	71	86	104	107	154
46 32
10	11	13	15	17	19	20	21	23	25	28	32	33	34	35	39	40	41	45	46	54	55	61	63	66	67	68	77	85	88	107	112
49 32
0	5	6	10	12	13	14	16	19	21	30	37	39	41	43	46	47	50	51	52	53	54	55	57	58	66	68	74	79	96	109	127
40 31
1	2	3	4	6	8	11	14	17	18	20	24	25	28	29	30	37	38	41	42	43	44	45	51	60	67	73	85	86	91	100
47 30
2	3	7	9	10	13	16	19	20	21	22	24	35	40	43	55	57	61	62	64	73	75	77	79	80	88	92	95	111	115
47 30
2	7	8	10	14	16	19	20	22	23	29	30	35	37	40	45	46	49	50	51	53	60	64	66	80	88	104	112	127	154
45 34
1	2	3	4	5	6	7	8	14	18	19	20	21	22	24	25	31	33	37	38	42	44	46	51	57	62	64	67	68	69	75	76	85	92
46 32
1	3	5	6	8	10	12	14	16	23	25	26	31	36	39	40	41	42	43	49	51	56	61	63	66	68	73	77	79	85	105	117
48 33
2	4	5	6	9	11	17	20	22	28	30	31	32	35	40	43	45	46	47	48	54	55	57	59	60	66	71	73	77	96	97	109	127
44 30
1	2	4	6	7	10	12	13	17	22	25	27	33	34	37	41	42	46	53	54	57	60	63	70	73	86	88	96	103	105
42 30
1	8	10	13	14	16	19	20	21	22	25	26	28	29	32	33	39	47	49	50	53	55	56	58	59	62	66	69	72	100
51 33
4	8	9	11	13	17	25	26	27	32	39	41	43	44	45	48	54	55	57	62	64	66	68	69	70	73	74	76	77	89	95	96	100
42 30
3	4	5	6	7	8	9	12	14	18	19	21	28	29	30	31	34	47	49	51	68	69	70	71	75	85	88	92	96	115
47 30
0	6	7	8	9	13	21	22	24	29	31	32	34	35	43	48	50	57	58	62	68	72	74	79	92	93	96	105	112	118
43 31
1	3	5	6	7	11	16	17	22	23	24	25	27	33	35	38	41	42	44	49	50	52	55	58	59	60	62	76	77	88	103
46 31
0	1	4	5	7	9	12	16	18	21	23	24	25	42	44	45	46	49	53	54	55	56	60	61	65	66	68	82	88	107	112
43 29
0	2	4	6	12	13	16	22	24	27	29	34	38	40	42	43	51	53	55	57	58	64	66	70	73	76	77	92	118
46 34
2	3	5	7	8	9	11	14	18	20	25	28	29	30	32	36	37	40	41	43	45	46	49	56	58	60	62	63	69	72	78	79	92	112
43 30
1	4	7	8	9	10	11	15	17	20	21	22	23	26	37	38	45	48	52	54	57	59	60	63	64	74	75	80	93	127
44 32
5	9	13	18	20	21	23	24	27	28	29	30	31	32	33	35	39	40	42	46	49	53	55	57	58	65	66	70	71	77	86	127
47 33
0	3	4	6	7	18	20	23	24	25	27	30	32	33	39	41	42	44	46	48	59	65	66	68	69	74	75	79	80	86	89	92	112
46 32
0	4	6	15	20	22	23	24	25	27	31	32	34	37	38	39	46	49	50	52	56	58	66	68	76	77	79	80	85	89	91	92
49 31
2	7	11	13	15	18	19	22	24	25	32	37	38	41	46	51	54	55	59	60	63	64	72	75	77	79	83	85	88	108	117
40 28
0	1	7	10	11	13	14	19	25	29	30	31	32	35	37	48	50	51	54	55	57	58	59	63	66	75	88	91
45 32
0	1	2	3	4	10	11	15	17	19	20	23	25	33	35	37	39	43	45	52	54	56	60	62	63	70	75	82	85	86	88	90
48 30
0	2	7	8	12	16	32	35	36	37	38	41	42	50	51	55	56	57	58	59	61	63	65	66	69	77	84	88	91	127
46 33
0	2	4	5	6	11	12	19	21	24	25	26	27	29	30	32	33	37	38	45	46	47	49	57	59	66	67	72	74	80	82	109	154
48 32
0	8	11	15	16	20	22	25	26	28	32	36	38	43	45	46	48	50	51	55	56	57	59	60	61	63	64	65	89	92	96	115
44 29
0	1	4	6	8	10	14	16	23	31	36	39	40	41	42	47	51	60	61	63	64	67	68	73	79	85	92	107	118
44 31
0	2	3	4	7	11	16	21	23	25	31	32	37	39	40	43	47	48	51	54	57	61	62	63	68	71	73	75	76	79	92
45 32
1	5	10	14	17	21	23	24	25	29	32	33	34	35	38	41	42	44	45	54	55	58	60	62	64	66	67	68	73	75	82	89
43 30
1	3	4	6	9	11	13	17	21	22	25	26	27	30	32	38	40	46	53	54	55	57	58	66	70	71	76	85	97	112
47 31
1	5	14	16	17	18	19	22	26	27	29	31	32	33	35	42	47	53	57	58	61	64	66	67	69	72	75	90	91	108	117
45 29
1	2	5	10	13	15	24	25	28	34	36	37	39	46	49	50	51	54	59	60	61	64	65	67	72	73	74	109	112
53 33
0	4	7	8	10	11	12	18	25	30	33	34	36	38	44	46	50	55	57	60	62	65	70	71	72	74	75	76	91	97	98	108	117
47 32
0	2	3	4	13	15	17	20	21	23	25	30	33	34	35	40	46	49	53	57	63	66	67	68	69	72	74	75	77	89	91	100
46 30
2	4	5	8	10	11	12	13	14	16	21	25	27	34	44	45	50	52	60	63	66	68	72	75	76	79	80	84	85	154
47 30
0	3	5	6	9	11	19	21	24	25	27	30	35	37	46	56	57	58	59	60	61	62	73	80	85	88	91	92	100	112
43 32
1	2	6	8	10	16	20	24	25	28	29	31	35	36	40	41	43	44	45	48	49	51	55	56	58	66	67	70	73	82	85	86
46 31
1	12	13	16	17	21	25	28	34	36	37	40	43	44	45	46	49	54	56	57	58	59	60	67	72	74	90	91	95	96	100
52 31
1	11	13	17	25	27	34	39	40	41	43	45	46	51	53	54	55	57	58	61	63	65	66	68	76	80	91	96	98	111	112
51 32
2	6	7	8	16	21	23	24	28	29	32	34	38	39	41	42	47	50	51	55	59	61	62	63	68	88	91	92	100	112	117	118
47 31
0	4	7	9	13	14	22	27	30	33	34	35	38	39	41	45	46	50	52	54	55	60	61	63	67	74	86	90	92	107	127
48 32
1	2	6	7	8	16	18	20	23	25	27	29	31	34	35	36	38	47	50	51	53	58	60	64	65	66	68	72	91	92	108	112
44 30
0	3	4	5	8	10	16	19	20	24	25	26	30	34	36	38	39	45	48	49	50	51	55	63	67	68	88	103	108	154
44 28
2	4	6	12	13	16	21	23	24	25	33	34	39	45	46	49	52	55	57	58	59	60	66	70	76	100	111	154
37 27
0	1	2	4	5	6	7	12	16	22	23	24	25	26	34	38	39	41	55	56	58	63	67	73	75	77	117
46 32
0	1	4	12	13	15	16	18	19	23	24	27	31	33	34	39	45	47	49	50	51	53	55	56	58	60	64	66	72	85	93	127
43 30
9	10	12	14	19	20	23	24	25	29	33	34	37	41	43	44	46	49	50	55	69	70	72	78	79	80	82	83	91	112
47 30
1	2	3	4	6	10	15	21	24	26	33	34	39	45	47	49	50	51	52	54	66	68	69	72	74	85	88	107	112	118
42 29
4	7	8	9	12	13	15	16	17	25	26	31	33	34	35	39	40	58	59	61	63	64	69	75	76	77	79	92	100
49 31
0	3	4	9	13	14	18	20	22	27	29	34	37	41	45	47	52	54	55	62	65	66	67	75	76	82	92	96	103	111	118
43 31
0	9	10	11	12	13	15	16	20	23	25	26	27	28	31	34	37	38	43	44	51	53	54	61	65	69	82	85	92	95	100
49 34
9	11	13	17	18	19	20	21	24	25	26	31	32	33	35	36	38	40	45	46	49	52	58	62	64	65	66	71	76	80	85	92	112	115
49 32
0	2	5	6	8	13	14	24	25	27	29	30	37	39	40	43	46	50	52	53	55	58	67	69	71	72	73	75	76	77	105	107
46 29
0	4	9	11	13	14	22	25	26	27	31	32	33	38	46	52	53	57	61	65	72	76	80	89	93	97	98	104	109
42 31
1	7	8	10	11	13	14	17	20	21	25	28	30	33	35	36	37	42	44	46	55	57	58	60	63	65	69	75	77	85	88
45 30
0	4	8	10	12	16	20	23	24	25	32	37	39	41	46	51	54	55	56	60	61	62	65	68	73	76	78	79	91	92
45 32
0	1	2	5	6	7	9	10	13	18	19	22	23	24	33	34	39	40	44	46	49	53	55	60	63	65	68	69	77	97	108	111
44 30
1	2	3	5	10	11	22	24	25	26	27	33	39	40	41	43	45	47	52	60	66	67	68	73	74	75	79	89	95	154
48 31
4	5	10	19	20	21	24	25	28	29	30	34	35	40	45	49	50	55	57	60	61	63	67	70	72	76	77	80	96	98	100
44 33
0	5	6	7	8	12	15	16	22	23	25	26	30	33	37	39	40	43	44	45	46	47	48	53	54	55	60	63	68	72	75	89	109
47 32
1	4	5	7	12	13	16	17	19	21	23	25	33	37	40	43	44	47	50	51	53	56	60	68	75	78	79	80	84	89	91	112
48 30
2	11	12	13	15	16	17	32	33	37	40	43	45	51	52	53	57	58	59	60	65	67	73	74	75	77	88	95	97	118
46 31
2	4	6	9	12	13	16	20	21	23	25	27	30	32	35	38	42	49	50	55	56	57	59	60	63	70	75	79	88	100	117
46 33
0	2	3	4	7	15	16	17	18	20	21	24	25	27	28	31	33	34	40	42	45	52	57	66	68	70	72	77	79	80	84	90	104
47 30
1	2	4	5	7	12	18	20	21	22	26	32	33	34	35	40	51	61	68	71	72	73	80	88	91	93	96	108	111	112
49 33
0	2	7	9	12	19	21	22	26	30	31	32	33	34	36	37	38	39	41	47	48	51	53	56	58	61	67	72	75	83	112	115	154
47 30
0	2	7	8	19	21	24	26	32	35	37	41	44	45	46	52	54	55	57	58	59	60	66	68	75	76	77	85	100	108
46 30
0	6	10	13	14	16	20	23	27	29	30	33	34	36	41	50	54	55	56	57	63	66	67	69	74	76	77	79	92	118
49 30
1	4	5	11	12	14	15	23	24	25	32	33	40	41	42	50	53	55	60	61	62	65	70	72	76	79	100	103	112	117
41 29
0	2	4	7	9	10	12	15	16	17	18	21	23	24	28	44	45	47	50	53	54	57	65	67	72	74	76	92	127
41 31
0	1	2	4	6	8	9	11	12	14	18	19	21	25	30	34	35	36	37	39	46	49	51	55	66	72	74	82	83	92	104
47 31
4	8	10	12	14	16	17	19	20	23	25	34	41	42	43	44	45	50	52	53	54	55	56	57	59	66	67	77	86	100	115
45 32
1	4	5	6	10	15	16	17	19	20	21	24	25	29	30	31	34	36	46	49	50	57	58	60	62	64	67	70	76	85	90	103
47 31
1	8	12	14	16	17	22	24	27	31	32	34	35	41	42	43	47	49	52	55	58	62	63	68	73	76	83	91	100	108	109
45 29
1	2	5	11	12	13	16	19	20	23	25	30	34	42	48	50	55	56	60	61	62	63	72	74	76	79	91	98	104
39 30
1	4	7	8	10	15	16	17	18	19	20	24	25	27	31	33	34	40	43	44	46	57	60	61	64	68	73	79	80	88
47 32
4	7	8	11	12	14	19	20	23	24	25	28	34	37	41	43	45	48	50	51	52	54	55	59	62	65	71	77	80	84	95	100
47 28
0	4	5	6	11	13	19	25	31	32	37	50	52	53	58	60	61	62	68	72	75	76	77	80	88	91	105	109
43 31
2	3	5	6	7	9	11	16	18	19	20	21	22	23	24	28	31	34	43	46	50	55	56	57	61	62	72	77	79	80	115
41 31
0	1	6	7	11	12	13	14	15	16	18	19	23	24	25	30	31	34	36	37	40	50	57	58	59	61	63	77	80	86	95
45 30
1	3	4	8	10	13	16	18	24	25	26	28	29	34	39	43	46	54	56	58	59	60	62	64	65	72	76	77	100	112
47 33
1	2	8	9	11	15	17	18	20	22	25	32	35	36	38	40	42	43	44	46	50	51	54	55	59	60	62	63	64	65	86	88	112
45 29
0	1	10	12	13	14	15	16	21	24	33	34	45	47	55	56	57	59	60	62	64	66	68	69	70	73	95	96	115
46 34
1	3	4	5	7	11	12	13	14	19	20	24	25	26	30	31	34	37	41	42	46	49	50	51	54	56	57	59	62	64	66	69	71	77
39 29
0	1	2	4	5	6	7	8	10	13	14	15	16	21	24	25	32	34	36	38	50	54	55	63	75	77	82	91	112
46 31
1	2	4	9	10	13	15	17	19	25	30	36	37	38	41	43	46	50	51	53	57	60	61	64	68	69	71	79	85	88	111
43 32
0	1	3	4	5	6	7	8	10	11	13	15	18	20	21	23	24	25	30	38	45	46	49	58	60	70	71	75	83	91	100	112
44 30
1	7	8	13	14	15	17	19	22	23	25	33	37	42	44	46	49	50	53	55	57	60	62	64	67	71	72	88	91	105
43 31
2	4	8	12	16	17	18	19	20	22	24	25	26	29	31	33	34	35	47	52	53	55	56	57	59	64	65	66	72	83	92
46 31
0	1	2	12	14	19	20	24	25	33	34	36	38	39	41	42	52	53	54	55	57	60	61	64	65	66	68	73	74	88	96
44 30
0	7	8	11	14	18	23	25	26	27	28	29	32	35	39	42	43	48	50	54	59	62	63	66	69	76	89	92	98	112
46 30
0	1	4	10	13	15	20	24	26	29	30	35	38	42	45	50	52	54	55	57	59	60	61	63	65	66	75	76	91	127
42 28
0	1	2	5	6	7	8	13	14	18	19	25	29	32	35	36	44	50	55	57	60	67	68	86	91	98	100	112
46 32
1	2	9	11	12	14	20	21	22	23	24	26	27	29	33	38	40	46	49	51	53	55	58	64	65	69	71	73	76	88	89	115
47 31
6	7	8	10	12	17	22	23	25	28	32	35	37	43	44	51	52	54	56	57	58	59	60	63	66	68	70	76	80	92	95
48 32
0	10	15	17	19	20	21	22	24	25	29	32	35	42	46	49	50	52	54	57	59	61	62	64	66	68	72	76	77	82	92	95
48 31
1	2	4	11	13	14	17	24	25	29	33	38	39	43	44	45	52	53	60	61	65	67	68	72	74	76	88	92	97	100	118
48 32
2	5	6	14	17	20	21	25	27	32	33	35	39	40	41	42	45	47	50	55	59	60	68	73	74	76	77	79	80	84	96	154
46 32
0	1	2	3	5	9	11	13	14	15	16	20	21	25	28	37	47	48	52	54	55	57	59	60	61	63	64	66	69	73	75	77
41 29
1	2	4	6	9	13	16	17	21	22	23	28	35	36	40	41	44	49	52	58	63	65	66	68	71	75	82	92	127
48 31
10	11	12	14	18	20	24	31	32	37	38	41	42	43	44	49	52	53	54	55	59	60	61	65	68	75	76	86	91	109	115
47 30
0	5	8	12	16	17	19	22	24	26	27	28	31	32	43	44	46	54	55	57	64	70	74	82	86	92	107	108	111	112
44 30
0	2	6	15	17	19	20	21	24	25	27	28	29	34	38	41	44	45	50	51	53	54	55	64	69	70	72	76	98	118
46 30
0	2	9	16	18	20	21	25	28	30	31	33	34	35	37	45	46	51	53	55	60	62	64	69	70	75	84	88	100	154
47 30
5	8	10	11	16	21	25	26	27	30	31	34	35	37	45	51	52	54	57	58	63	65	66	75	76	83	90	95	96	154
47 30
0	1	4	5	8	12	13	14	21	25	29	32	37	38	41	43	45	50	62	63	69	76	77	79	84	86	92	100	118	154
43 30
2	4	5	7	8	9	11	12	13	14	17	22	24	26	30	32	38	43	45	52	60	63	68	72	73	80	82	96	108	109
43 30
3	6	8	11	13	15	16	21	23	25	26	27	30	31	37	40	46	49	50	51	53	58	59	60	76	82	88	92	96	112
48 29
1	2	4	13	17	18	22	24	25	32	34	41	44	50	52	57	58	59	62	63	64	66	67	71	75	84	100	105	111
45 31
3	4	10	11	14	16	18	21	24	26	30	31	32	35	38	42	43	49	51	52	54	61	62	65	66	70	73	75	76	92	127
44 31
1	5	9	12	14	16	17	18	19	20	25	26	28	31	32	33	44	45	46	49	51	55	58	59	66	67	76	78	80	100	104
40 31
0	1	3	4	5	11	14	16	17	21	23	24	25	27	28	30	32	33	37	44	46	47	50	53	60	64	66	67	71	73	76
53 36
0	2	3	10	11	14	18	20	21	22	23	24	26	31	33	36	39	40	41	47	49	53	55	58	62	64	65	66	70	71	76	85	92	95	109	118
44 29
0	1	7	8	10	12	13	20	25	29	31	34	43	47	50	51	54	55	57	58	61	63	66	70	71	82	83	91	97
44 30
0	1	2	4	8	11	12	16	17	22	25	26	29	34	39	45	47	50	51	52	53	54	56	66	67	70	79	80	90	105
52 32
2	5	6	7	8	16	17	18	21	23	24	36	40	41	44	49	50	53	59	61	62	64	65	68	69	75	76	91	98	100	117	118
42 28
2	4	6	8	9	16	18	19	20	21	24	28	29	34	38	40	45	50	54	57	61	65	67	70	72	96	108	154
51 32
2	5	7	12	15	17	19	22	24	27	33	35	38	43	44	51	52	54	60	62	65	68	71	79	80	85	86	90	91	92	112	127
47 32
2	8	11	14	21	23	25	26	29	33	34	36	38	40	41	45	46	47	51	52	60	63	65	67	69	73	74	77	85	86	92	112
45 30
1	2	4	5	8	9	12	13	14	16	22	30	34	36	40	42	49	52	54	55	59	60	61	63	72	80	89	90	103	115
41 30
0	1	6	10	11	17	23	24	25	26	29	30	32	33	35	36	41	45	46	50	52	57	63	66	67	73	74	82	86	95
47 32
4	6	9	10	12	14	25	30	34	35	37	38	40	41	43	45	46	49	50	51	52	53	55	56	58	60	62	66	67	72	92	100
42 32
0	4	5	7	9	12	13	19	23	24	25	31	32	34	37	40	41	44	45	46	47	48	50	51	54	58	63	68	69	71	88	92
47 30
0	2	6	9	20	21	24	25	31	35	36	41	44	45	46	54	55	57	59	62	66	67	69	70	74	86	88	91	100	118
53 33
3	5	8	13	16	18	22	23	25	26	27	29	33	34	39	51	53	54	55	56	57	59	60	63	64	66	70	74	75	76	90	107	117
47 32
1	2	3	5	6	10	15	17	23	24	27	30	34	35	40	41	44	46	49	52	53	54	59	64	66	67	70	76	79	92	112	115
43 31
0	1	2	4	5	6	7	8	9	13	14	16	17	25	26	29	38	40	44	53	58	59	61	63	66	67	68	73	74	86	88
42 29
0	4	7	9	10	13	15	16	22	25	34	36	37	39	40	46	47	50	52	54	55	58	61	65	71	77	80	88	98
44 31
1	2	4	6	7	13	15	16	17	18	24	25	26	32	39	42	44	49	50	52	55	58	59	61	64	65	68	70	72	76	90
46 33
0	1	3	5	6	7	12	15	18	20	25	26	28	31	32	33	44	46	48	49	50	52	58	61	63	66	68	75	85	91	92	95	97
45 32
2	3	6	7	11	12	21	23	24	25	27	30	31	32	33	37	40	46	47	55	56	57	59	60	61	65	72	73	74	79	82	92
48 30
1	3	4	5	8	11	12	21	23	25	26	39	42	47	49	51	55	59	60	61	63	68	71	75	80	88	90	93	103	154
44 29
1	5	7	8	10	12	13	14	16	17	19	39	42	43	46	49	50	54	55	60	61	63	64	67	76	88	92	105	108
43 30
0	5	6	9	10	11	12	15	16	18	20	21	22	24	26	31	32	36	38	52	54	60	64	65	75	77	85	88	117	127
42 32
0	4	7	8	10	16	19	21	23	24	26	29	30	31	34	35	38	39	40	41	42	44	45	51	54	59	63	66	76	77	90	115
52 34
0	5	8	14	19	24	25	26	27	29	33	35	36	37	38	39	41	43	48	51	53	55	60	61	63	67	73	75	76	77	79	84	111	154
48 31
2	6	7	9	13	16	17	25	29	31	32	33	35	36	39	43	50	51	52	53	57	60	65	69	76	78	79	86	91	112	127
48 32
0	3	4	12	14	15	17	18	21	24	25	28	30	38	39	40	41	45	54	60	61	67	70	72	73	75	76	77	90	92	107	117
45 30
1	2	4	6	8	9	14	17	20	21	22	25	33	35	40	48	52	53	54	57	65	66	67	71	72	75	77	82	92	109
42 28
2	6	7	8	10	20	21	22	23	25	26	31	34	40	46	50	51	53	57	58	62	63	67	70	72	77	79	117
46 30
0	1	2	6	10	15	19	20	21	25	30	36	40	41	46	49	50	52	57	63	64	66	67	68	79	88	90	92	95	154
44 30
0	1	2	4	5	9	11	16	23	24	25	32	35	37	38	44	45	50	54	55	56	59	60	62	64	71	73	76	80	107
43 30
0	1	3	4	5	8	9	10	13	17	19	23	29	32	33	35	39	40	49	52	53	54	55	57	62	66	71	74	112	115
46 32
1	5	6	7	10	12	15	16	18	20	23	24	25	27	28	30	34	38	44	46	52	55	57	58	59	64	66	73	77	92	104	105
48 32
1	5	6	8	10	11	16	17	23	26	27	29	32	35	37	41	43	47	50	52	55	58	59	60	61	62	70	76	77	92	98	108
45 30
3	4	6	15	18	23	24	25	30	32	38	40	41	45	46	47	53	54	55	57	58	60	63	64	70	72	73	77	88	105
54 35
6	9	10	13	19	20	21	22	25	27	30	31	32	33	40	42	47	51	53	56	58	63	66	67	68	69	71	78	80	88	90	91	93	96	117
46 32
1	10	14	15	16	17	19	22	23	24	25	28	33	36	37	44	47	49	51	54	55	56	59	60	63	64	72	75	76	85	88	90
48 30
0	1	2	5	6	7	9	13	17	25	26	31	40	49	50	51	59	60	62	63	64	67	68	72	74	75	80	83	109	112
47 32
0	1	2	4	5	11	14	15	22	24	26	30	34	35	40	43	44	45	46	54	55	58	61	64	66	69	70	72	76	77	117	118
48 32
0	2	4	6	7	9	14	22	25	26	27	33	35	37	40	41	42	51	54	56	62	63	66	67	69	71	72	75	76	77	92	112
50 30
1	4	7	9	11	14	25	31	34	36	40	41	44	46	50	51	52	57	60	61	62	63	64	66	86	91	104	105	107	115
45 32
1	3	5	12	13	14	15	20	21	22	24	25	26	28	30	33	40	47	49	50	52	54	55	56	58	59	63	66	73	75	90	91
45 31
0	3	4	5	7	8	11	12	18	22	26	29	34	40	41	44	45	47	48	49	50	53	57	58	61	63	66	72	91	118	154
49 31
1	2	11	18	21	22	25	28	30	33	35	37	40	43	52	53	55	57	58	61	62	65	66	71	72	75	82	86	91	92	100
43 29
4	7	10	13	16	17	21	22	23	24	25	29	32	33	39	42	45	50	52	60	63	65	66	68	70	73	96	105	109
45 30
4	8	9	14	16	18	20	21	24	26	27	29	30	34	41	42	54	55	56	57	59	64	66	68	69	71	75	76	77	115
47 31
0	1	5	6	7	9	11	12	15	17	23	29	32	33	35	37	44	45	50	52	53	58	65	66	67	78	85	95	100	104	118
43 31
3	4	5	10	13	14	16	19	20	21	23	25	27	29	30	32	36	37	49	50	55	57	58	59	61	63	66	71	76	77	97
51 31
0	2	8	15	16	17	18	20	21	27	31	34	38	39	42	46	48	50	54	63	66	71	76	77	86	88	104	105	112	118	154
39 29
4	6	7	8	9	10	11	12	15	16	17	19	20	23	24	26	30	32	39	49	51	64	67	72	76	82	86	92	118
44 30
2	3	4	6	8	16	20	23	24	25	31	32	36	45	46	48	49	50	54	57	61	63	67	69	71	73	76	79	92	103
46 32
0	2	3	7	8	16	18	19	22	23	26	28	35	36	38	42	44	45	48	50	51	54	55	59	65	67	71	76	80	92	96	127
45 28
4	5	7	13	15	16	21	23	25	27	31	33	34	35	50	58	61	68	70	72	74	77	85	86	91	98	100	127
51 32
1	4	10	15	18	19	23	24	31	32	41	43	45	47	48	50	60	61	62	63	68	71	73	74	75	77	82	84	92	96	98	127
44 30
2	3	9	12	14	16	19	25	26	29	33	35	41	42	43	45	49	55	60	61	66	69	70	75	78	85	88	91	96	115
42 31
2	4	8	11	12	14	17	18	20	23	24	25	29	30	33	36	37	41	45	46	50	52	57	58	59	64	66	67	77	88	92
49 32
0	2	4	5	9	13	22	24	25	30	34	35	37	40	42	44	50	52	54	56	59	60	61	65	67	71	79	80	86	91	92	112
51 31
5	11	13	16	19	27	31	32	33	40	42	43	49	50	53	54	55	56	58	59	61	71	74	75	76	77	80	84	97	107	127
45 30
2	5	7	14	15	18	19	21	23	25	31	33	36	37	39	44	46	50	51	52	57	59	60	61	62	65	71	88	98	117
46 32
0	1	7	8	10	15	18	20	23	24	25	33	34	35	36	38	44	46	48	50	52	54	55	56	57	63	64	67	73	74	92	112
42 27
0	2	3	4	6	7	13	14	22	24	31	35	41	45	51	54	56	62	64	66	67	74	75	77	96	100	127
48 30
2	8	9	10	11	13	20	23	25	26	32	41	43	44	45	50	51	52	55	60	62	63	64	66	70	72	74	79	111	154
46 34
1	6	9	10	12	14	15	16	20	21	26	27	30	31	35	36	37	38	41	43	44	46	48	53	54	55	59	64	66	67	72	75	92	115
46 32
4	5	7	10	11	13	15	17	19	25	27	30	31	32	36	37	43	48	49	50	51	53	55	60	63	72	77	79	80	82	90	100
42 29
1	5	13	14	16	20	21	24	25	26	31	35	36	42	43	45	49	50	54	58	60	61	62	74	75	76	92	95	115
49 33
2	3	7	11	12	14	16	18	21	23	28	30	33	35	37	40	41	45	46	53	55	58	59	62	65	66	67	70	75	76	82	105	118
45 32
3	5	7	8	9	10	13	17	18	19	22	25	29	35	37	38	44	45	48	50	52	54	55	60	64	67	69	74	78	80	85	96
47 29
0	6	13	14	17	22	23	27	35	36	38	41	42	52	54	55	56	58	62	63	64	66	69	75	76	77	92	104	108
50 31
0	2	5	9	10	11	15	18	22	27	33	34	36	46	47	51	53	57	58	61	69	74	75	77	80	83	85	86	104	112	118
47 34
2	3	8	13	15	16	17	21	22	25	26	28	31	34	35	39	40	41	42	43	47	49	53	55	58	59	62	65	69	73	77	82	86	104
44 29
4	6	10	16	18	20	23	24	25	27	28	32	36	41	50	51	53	55	56	59	61	63	64	65	66	68	75	77	88
44 28
0	1	5	6	9	10	19	25	27	31	35	46	47	48	51	55	58	61	62	63	66	70	73	88	89	92	98	108
49 31
2	5	8	9	11	12	16	20	21	23	26	27	33	40	41	51	55	57	58	60	61	64	68	72	73	74	75	77	91	104	118
48 34
2	3	4	5	8	17	20	21	24	26	29	30	31	32	35	36	37	38	41	45	46	50	52	59	61	62	63	67	75	76	79	92	97	127
44 30
2	5	8	9	14	16	17	18	20	22	24	26	28	31	36	41	44	45	50	55	58	64	66	68	76	78	85	86	111	115
