1000
17 16
3	4	5	10	18	20	22	24	25	28	29	33	34	41	47	54
18 18
1	5	7	11	12	16	18	19	20	23	24	25	26	28	32	33	36	40
17 17
0	1	2	5	7	11	12	21	22	23	24	25	27	28	31	42	43
19 19
0	1	2	3	4	11	15	16	17	19	20	24	28	30	31	32	37	43	45
19 18
0	6	7	9	10	11	12	17	18	19	20	22	27	30	33	42	44	52
18 17
0	3	4	6	7	8	9	10	20	22	24	26	30	44	45	47	52
18 17
1	2	3	5	7	9	10	15	17	19	22	24	26	28	34	38	64
18 17
3	6	9	12	18	19	21	22	23	26	31	33	34	38	39	45	52
21 21
0	2	4	5	7	10	11	12	14	15	18	22	24	25	28	29	31	32	36	40	42
18 18
1	3	4	5	9	10	11	12	19	23	24	29	32	39	41	44	46	49
19 18
2	3	4	6	7	8	10	13	16	17	18	20	24	29	34	36	37	61
18 16
0	2	3	4	6	8	11	23	24	25	34	35	39	48	52	63
19 18
1	4	5	9	11	14	15	16	18	21	24	25	27	29	33	39	41	59
19 17
1	3	5	7	12	14	15	17	19	23	25	28	33	34	37	52	63
19 19
0	1	3	7	12	14	15	21	22	23	24	26	27	31	33	36	37	41	45
19 18
1	5	12	14	16	17	21	22	25	27	28	29	30	33	45	46	51	59
18 18
0	2	5	8	10	19	20	23	24	25	27	29	33	35	39	41	42	45
17 17
0	4	6	11	12	13	16	20	21	22	24	25	27	28	31	37	40
18 18
6	12	13	20	21	24	27	29	30	33	34	38	39	40	41	42	43	45
21 18
2	4	5	10	20	21	22	24	26	29	31	33	34	43	46	54	61	65
18 17
0	2	3	5	12	15	20	23	24	26	28	30	34	37	39	40	52
17 17
3	8	10	11	12	13	16	20	24	25	27	29	32	36	38	41	45
19 17
0	1	4	8	11	14	20	22	23	24	25	27	34	40	41	53	60
18 17
3	5	6	9	10	11	14	20	22	25	28	29	39	40	41	49	53
19 19
0	1	3	6	11	12	13	14	20	23	24	27	31	35	36	37	40	43	50
22 20
0	2	7	8	9	14	16	19	21	25	27	28	30	37	39	43	44	50	52	53
16 16
0	1	4	10	11	15	17	20	21	23	24	27	28	31	41	45
18 17
1	3	6	10	11	12	16	18	23	24	29	32	35	36	44	46	64
17 17
0	1	8	10	11	15	16	18	20	23	24	25	31	34	36	38	41
20 18
1	5	6	7	10	11	14	15	22	27	28	33	36	38	40	42	59	63
19 18
0	6	8	11	12	15	16	17	18	25	29	31	33	34	36	42	46	52
20 18
0	3	4	8	10	11	12	13	14	18	20	21	22	24	26	30	53	54
17 16
2	4	5	7	12	13	15	16	17	18	22	24	28	29	40	60
19 17
0	2	6	8	11	18	19	21	23	30	34	43	44	45	46	52	60
17 16
0	1	3	5	6	10	13	15	19	21	22	25	34	39	47	59
21 20
1	2	3	6	7	8	16	19	21	24	25	27	32	33	36	37	42	44	48	61
20 17
0	3	11	16	19	23	25	32	33	37	39	40	43	44	52	60	63
18 17
0	1	3	5	6	9	10	11	13	23	25	26	28	35	38	39	65
18 18
0	2	3	6	7	10	14	15	19	22	24	28	29	30	36	37	47	49
17 16
3	6	7	12	13	16	18	19	22	24	28	35	38	41	43	52
16 16
4	5	14	15	16	20	22	23	25	27	28	29	40	41	44	49
19 19
0	1	2	3	8	14	15	16	17	20	21	24	26	27	28	36	38	42	43
17 16
0	1	6	13	14	15	21	22	24	34	37	38	39	40	42	52
19 18
0	1	3	4	6	10	11	23	24	25	26	33	34	38	43	45	47	53
20 18
2	6	10	12	13	15	20	23	24	25	28	35	37	38	47	49	61	63
19 17
0	3	4	6	7	9	11	12	19	21	31	33	37	42	43	52	63
16 16
0	1	2	4	16	18	20	21	22	24	27	29	34	37	41	43
17 17
0	4	7	8	11	12	13	16	17	20	22	24	27	28	30	43	51
15 15
1	2	5	8	10	14	15	19	20	28	29	30	35	40	49
17 16
0	6	14	19	21	22	24	27	29	31	32	36	38	39	49	60
18 17
0	1	5	9	10	15	19	21	24	27	28	29	36	40	42	46	60
18 16
0	2	3	4	8	15	18	20	21	23	24	31	37	41	52	64
21 20
0	1	8	9	10	11	13	16	17	19	22	23	24	28	31	33	36	39	41	65
18 18
2	3	5	6	8	13	14	16	19	22	23	26	32	36	44	45	46	49
19 18
0	4	5	6	7	11	17	18	19	20	22	25	27	28	35	37	49	54
18 18
0	3	6	7	9	12	15	16	17	19	23	30	34	37	39	44	45	49
18 17
0	1	3	4	5	6	7	10	13	14	18	27	30	37	38	44	52
19 18
3	4	5	6	9	11	13	15	18	24	25	27	31	33	35	39	41	60
18 18
1	2	3	4	5	7	10	11	19	21	22	23	24	26	28	33	42	48
18 18
1	3	5	9	10	12	20	21	22	23	24	25	29	31	34	35	41	45
20 19
3	6	8	9	11	12	13	16	17	20	22	26	27	29	34	37	38	49	60
17 17
0	2	3	9	11	15	16	18	19	20	22	24	26	28	33	35	45
17 16
1	6	14	16	18	20	21	22	24	26	27	28	29	31	38	52
21 19
5	7	11	12	13	16	19	23	24	25	30	32	36	37	40	43	45	54	63
19 18
1	3	6	7	11	12	15	24	26	27	29	30	32	34	36	39	40	64
19 18
5	6	7	10	13	15	22	23	24	28	29	32	34	35	46	47	49	52
19 19
0	1	2	6	8	11	12	18	20	23	24	26	28	30	33	34	43	45	51
16 16
0	3	7	8	9	10	11	15	18	23	28	30	33	37	47	49
18 17
2	4	12	15	16	19	20	25	35	37	38	39	41	44	50	51	52
18 18
2	3	4	5	16	17	19	20	22	24	31	32	33	34	38	41	43	45
21 19
0	4	7	10	13	14	15	20	21	26	27	29	30	32	33	36	37	52	60
20 18
0	6	9	12	15	16	17	20	22	26	27	29	31	33	36	51	52	64
18 17
1	2	3	5	7	9	14	15	16	18	19	25	30	37	41	50	52
19 17
4	6	10	12	19	21	23	27	29	37	39	41	43	45	49	53	61
17 17
0	3	6	9	12	13	15	16	18	20	24	25	27	34	35	42	45
20 19
0	3	5	6	8	9	11	12	15	18	20	24	27	34	40	42	45	49	61
17 16
4	5	7	12	13	16	18	20	22	25	28	29	30	39	44	52
19 18
2	3	5	6	8	11	16	17	19	20	22	25	26	33	34	38	49	65
19 19
2	6	7	9	10	11	12	15	17	18	19	22	24	27	33	34	36	38	45
20 18
6	11	12	15	16	19	20	22	24	25	27	30	32	33	41	50	52	64
19 18
1	4	5	6	10	19	21	23	25	27	28	30	33	39	45	47	49	63
19 19
1	3	5	7	10	13	18	19	20	25	28	30	32	34	39	40	41	45	49
19 18
2	7	8	10	11	14	15	17	18	21	22	23	24	29	36	38	44	54
19 17
0	5	11	13	14	15	16	20	21	23	29	30	33	40	41	59	60
21 19
3	5	9	10	13	17	19	27	30	35	37	38	40	41	43	44	50	53	65
19 19
0	3	8	10	11	16	21	23	26	27	28	36	37	38	39	42	43	44	49
18 17
3	6	7	11	12	13	16	20	23	24	26	28	29	33	42	45	61
20 19
0	1	5	7	9	13	14	18	21	28	30	31	33	37	38	40	43	48	52
18 18
0	6	7	8	12	16	18	25	27	29	30	31	32	34	38	41	44	49
20 18
0	1	3	9	10	12	14	18	20	21	23	28	30	36	37	40	52	59
16 15
1	2	3	4	10	20	22	23	24	28	29	31	41	46	61
17 15
1	3	4	10	14	15	17	20	23	28	32	48	49	60	64
17 16
0	3	6	10	11	12	19	20	21	23	29	30	39	40	41	52
18 17
0	5	6	7	10	11	14	15	16	20	23	29	40	42	45	49	60
18 17
0	1	3	5	15	16	17	18	22	24	25	28	36	37	46	47	60
21 19
1	2	8	9	10	14	15	25	29	31	34	36	37	38	39	43	51	52	60
17 17
0	1	2	4	8	11	13	16	18	20	21	23	24	28	39	40	41
19 18
1	2	4	6	13	15	20	21	24	27	28	29	30	33	34	35	42	61
21 19
1	3	5	10	13	15	16	19	20	21	23	28	31	32	34	37	45	54	65
19 18
1	3	5	7	10	11	13	15	18	19	21	23	32	39	41	42	45	52
19 18
1	5	6	12	13	15	16	17	23	25	27	28	29	31	34	39	46	59
18 18
0	3	4	5	6	7	10	12	13	14	15	20	22	24	29	32	34	38
19 18
0	3	8	10	12	16	18	24	25	26	28	29	34	36	39	44	49	52
18 17
2	3	4	5	6	15	17	19	20	24	25	26	42	44	45	49	65
21 20
2	3	4	5	7	13	22	23	24	27	28	31	35	37	39	41	45	48	51	63
19 18
0	1	4	8	13	16	17	20	23	25	27	28	29	30	32	37	40	65
18 17
0	2	5	7	11	13	16	18	19	21	24	25	33	34	44	45	60
19 18
2	9	10	11	18	24	28	29	30	34	37	38	39	42	43	44	48	61
17 17
0	2	9	12	13	15	17	18	25	27	29	30	32	38	41	46	49
18 18
0	1	2	6	9	11	16	21	22	24	30	31	34	38	39	41	42	45
18 16
1	3	5	6	11	18	19	24	26	27	28	34	35	40	53	64
16 16
0	2	3	4	10	11	17	20	23	24	25	27	29	36	40	41
18 17
0	5	6	8	11	12	13	15	16	18	24	29	34	35	39	40	60
20 20
6	7	11	12	13	15	17	18	21	22	24	26	27	29	32	33	34	36	38	40
20 19
0	2	4	7	8	11	13	15	17	18	19	24	25	27	29	31	34	45	60
19 18
4	6	7	9	13	18	19	22	27	30	32	34	37	38	39	42	44	52
19 18
0	1	4	6	8	9	13	14	17	19	20	26	30	31	42	44	45	52
17 16
0	3	8	10	11	22	24	25	28	31	35	37	39	41	50	54
19 17
0	5	7	9	10	11	15	25	28	30	31	33	34	40	49	52	54
19 18
1	11	13	15	16	18	19	20	23	24	25	26	27	28	32	37	40	64
21 19
1	3	4	6	8	10	12	16	18	19	20	22	23	29	31	43	45	52	64
17 17
0	1	2	3	8	12	13	14	15	16	17	20	24	30	37	41	49
15 15
2	4	5	11	12	14	16	17	20	24	28	29	30	40	43
18 18
0	4	7	9	12	16	23	24	26	27	28	29	32	33	35	38	45	49
18 18
0	4	7	13	15	16	17	24	25	27	28	29	33	35	40	44	45	49
18 16
0	1	2	4	9	10	11	17	18	25	30	34	43	49	53	60
18 18
0	3	4	7	8	12	13	16	17	20	21	24	25	30	32	33	37	41
17 15
0	1	3	4	6	7	9	15	19	30	34	45	50	52	54
18 17
1	3	11	14	18	19	21	27	28	30	31	32	34	41	46	49	64
19 17
0	1	3	6	10	11	12	17	21	22	24	28	29	39	41	52	59
18 16
2	4	5	10	11	16	20	24	26	27	30	32	43	45	59	60
18 18
2	7	8	10	11	13	15	16	17	21	22	26	28	29	30	34	38	49
19 18
0	4	5	6	7	11	12	19	20	22	24	27	36	37	40	43	49	59
20 19
0	1	3	5	6	8	9	14	16	17	26	29	32	33	39	40	45	49	53
17 16
4	5	7	10	11	12	13	18	20	24	28	29	36	40	43	52
16 16
0	1	3	4	6	7	10	11	12	13	24	34	35	36	37	40
19 17
3	5	6	8	9	13	15	16	17	18	26	27	36	40	46	59	60
18 17
6	9	11	12	17	19	20	23	24	25	27	28	31	35	36	49	61
20 19
1	2	6	9	10	12	14	15	22	26	27	29	30	31	34	36	46	49	64
18 18
1	2	5	10	12	17	18	20	21	24	25	28	29	36	41	42	43	44
18 17
0	1	2	6	9	10	15	21	24	26	27	28	34	38	39	42	52
21 19
3	4	6	7	8	10	12	13	21	23	29	30	31	38	43	45	49	52	61
20 19
0	2	4	5	6	8	9	12	20	21	24	29	31	34	41	43	45	46	65
18 17
0	2	4	7	17	20	21	23	25	27	28	30	41	45	47	49	54
17 16
0	1	4	5	11	12	13	20	24	28	31	38	39	43	44	52
19 17
0	6	8	12	19	20	22	23	24	25	26	27	31	34	45	52	61
21 20
1	3	5	8	12	15	16	18	20	23	24	26	27	31	34	40	42	43	45	60
18 17
1	2	5	14	15	16	20	22	24	28	29	30	38	40	49	50	59
17 16
1	3	5	10	12	13	18	19	24	25	34	37	41	45	50	53
17 16
0	4	7	11	15	18	20	21	23	25	27	39	41	43	49	64
20 18
0	3	5	7	9	13	14	15	19	24	25	26	30	40	41	49	52	59
18 17
0	1	2	3	6	10	12	13	21	23	24	28	29	31	37	39	53
18 18
2	3	4	5	11	13	19	20	22	23	24	27	28	30	31	32	37	47
18 18
0	1	8	9	15	16	20	23	24	26	29	31	32	37	38	40	41	45
18 18
0	1	3	4	6	7	10	20	24	30	39	40	41	44	45	46	48	50
19 17
5	7	12	13	15	18	20	22	25	28	30	33	34	41	43	52	60
19 19
3	4	5	6	12	18	20	23	25	26	27	29	30	31	33	34	36	46	49
19 17
0	1	2	5	10	13	14	18	22	23	27	28	31	38	46	52	54
18 18
0	1	2	5	7	8	10	11	12	15	22	24	26	28	33	34	35	47
20 18
0	2	3	4	5	6	14	18	20	22	27	30	33	34	36	48	52	59
18 18
0	1	9	10	11	14	15	21	24	26	28	29	30	37	38	39	41	44
17 16
2	3	5	7	11	16	18	19	20	22	23	24	26	28	42	63
19 18
0	12	16	19	20	21	22	23	27	28	29	33	41	45	46	49	50	59
19 18
0	1	3	6	7	10	14	23	27	30	34	36	38	39	41	42	45	52
18 18
2	3	5	6	7	9	12	15	16	17	19	20	24	28	36	37	40	43
19 17
2	5	10	11	16	21	22	27	28	29	30	31	39	49	51	53	65
18 16
1	4	11	16	20	24	25	26	27	29	30	38	41	47	52	59
19 18
0	2	4	9	11	17	19	23	27	28	31	32	39	44	46	47	49	54
17 16
0	1	6	10	11	16	19	20	21	23	31	32	33	34	45	59
19 18
0	2	3	6	9	11	15	16	19	21	24	29	37	41	45	46	49	52
17 17
0	2	4	8	11	13	14	16	20	23	25	30	31	33	34	41	49
21 18
0	1	3	4	10	13	15	23	27	31	32	39	40	41	46	53	63	65
19 18
3	5	8	9	10	12	13	16	17	20	24	27	32	36	37	47	51	60
20 18
0	1	3	5	10	21	23	25	28	31	34	38	39	40	42	45	59	64
19 18
0	2	4	5	9	14	16	17	19	20	23	24	29	34	41	45	46	60
21 18
4	7	11	12	16	19	20	21	22	23	24	26	31	33	34	54	61	65
19 18
0	2	3	5	6	8	14	16	17	19	20	22	23	24	26	35	37	53
19 17
1	3	10	11	12	15	16	18	20	25	31	33	36	38	40	60	65
19 18
3	4	6	7	9	15	19	25	33	34	35	38	39	40	45	49	51	59
18 17
5	6	9	12	13	15	16	21	23	25	28	29	33	39	40	49	64
19 17
4	5	6	9	14	19	20	22	33	34	36	39	45	46	50	52	54
18 17
3	5	6	10	12	13	18	20	22	23	25	28	29	39	41	45	52
18 16
1	4	6	7	21	22	24	27	34	38	41	44	45	47	52	60
23 20
2	6	9	18	19	20	22	26	27	28	30	31	32	34	36	39	44	52	64	65
18 17
1	5	7	8	10	11	12	13	19	22	26	28	29	30	34	49	61
19 17
0	2	5	6	8	11	13	14	20	27	30	34	36	41	43	59	60
18 16
0	2	5	7	13	15	18	22	23	24	27	28	34	38	52	60
20 19
0	4	5	6	10	13	15	19	23	24	29	32	33	34	37	43	45	50	53
19 19
0	1	3	5	6	7	9	14	16	17	19	24	26	32	33	34	35	37	45
17 17
0	1	7	10	11	12	13	15	21	23	24	27	30	33	35	41	48
19 19
2	3	5	6	15	16	17	19	20	21	24	28	31	32	33	34	37	42	45
19 18
2	3	4	5	9	10	13	14	19	20	24	27	31	32	37	39	41	52
18 17
0	3	10	11	13	14	15	18	20	23	25	28	35	38	39	45	59
17 16
0	1	3	6	8	9	10	11	14	20	24	28	31	42	45	53
20 19
1	4	7	8	14	16	17	18	21	22	24	26	28	29	32	37	38	43	65
17 17
0	3	6	7	8	12	13	14	15	16	17	18	22	24	25	32	51
18 18
0	1	4	6	9	10	11	15	21	24	26	28	30	33	35	40	42	46
19 18
0	1	2	3	5	7	10	12	15	21	25	28	34	36	37	39	42	65
18 17
5	13	14	16	18	23	25	26	28	29	32	40	44	45	46	47	59
18 18
0	5	10	13	15	17	18	20	24	25	26	28	34	36	45	47	49	50
17 16
1	6	7	11	16	19	21	22	23	24	27	28	32	35	47	64
20 18
3	4	7	12	15	16	20	24	25	28	29	32	36	43	44	49	59	61
19 18
0	4	6	8	13	14	16	19	22	25	26	31	32	35	44	46	49	52
20 18
0	6	8	11	14	15	17	20	21	22	24	26	32	34	39	41	54	65
21 19
0	4	6	8	12	15	20	21	22	23	24	26	28	30	33	34	38	52	64
19 18
2	5	8	9	12	13	15	16	17	20	29	33	34	36	37	40	49	60
19 18
0	1	4	6	8	10	14	15	22	25	30	33	35	44	46	47	49	59
18 18
1	3	4	5	7	9	15	16	18	19	20	23	24	32	41	42	45	48
17 17
0	1	2	3	5	7	15	21	23	24	27	29	34	37	38	39	41
17 16
3	5	6	10	15	19	20	25	27	30	35	40	41	42	45	52
20 18
0	1	3	6	9	14	15	17	19	21	24	31	34	37	39	48	54	65
20 17
4	6	11	12	15	19	20	22	23	24	25	28	31	33	52	61	65
19 18
0	3	6	8	14	16	17	19	20	22	25	26	29	32	35	43	50	52
19 17
0	2	6	8	12	13	18	20	24	25	27	30	31	37	43	52	63
17 16
2	5	10	11	12	16	17	18	22	24	25	28	31	34	39	60
20 18
2	3	8	9	10	11	13	14	16	17	19	20	24	25	29	44	60	64
18 18
0	3	6	11	17	19	20	21	22	23	24	25	27	29	37	40	43	49
18 18
0	2	3	5	8	10	20	21	22	23	24	29	38	39	41	44	45	48
17 16
0	4	9	10	14	15	17	20	23	28	29	31	33	41	49	63
20 20
1	3	4	5	7	8	9	15	16	19	22	24	25	28	30	31	35	37	40	45
19 18
2	4	5	10	11	13	14	15	23	27	28	29	32	34	39	43	49	53
18 17
0	1	3	6	7	9	11	15	19	23	24	26	28	29	30	33	61
17 17
0	3	4	6	7	12	16	18	20	24	25	36	37	38	42	44	49
17 16
0	5	7	9	14	15	19	20	22	26	28	33	39	40	49	52
19 17
1	2	8	11	14	17	19	20	21	23	24	32	34	38	41	52	63
16 16
2	3	6	10	13	17	20	22	24	26	28	29	38	39	45	46
20 17
0	2	3	4	5	6	7	12	14	15	20	31	41	44	54	64	65
18 16
0	1	7	10	11	13	16	21	23	25	28	30	38	41	64	65
19 18
0	1	6	8	9	15	19	20	21	29	34	38	39	41	43	44	46	65
17 16
2	3	5	9	11	16	18	19	23	26	28	29	32	45	49	53
16 16
0	1	2	3	5	9	16	20	23	25	26	28	38	44	45	49
18 18
0	1	3	4	7	8	9	11	18	24	29	32	33	34	37	39	41	51
17 17
0	1	5	11	14	15	17	18	19	21	24	27	29	33	34	39	41
18 16
0	1	6	8	11	14	15	16	19	20	21	24	34	40	60	64
20 19
1	2	5	14	15	16	19	21	22	27	28	29	30	35	36	45	46	49	61
19 16
0	3	11	12	15	20	23	24	25	30	31	32	45	52	59	60
19 17
8	11	12	15	19	21	22	23	24	30	39	40	41	45	50	52	61
18 17
0	2	3	6	7	10	11	14	15	16	17	21	24	34	45	47	63
19 18
0	3	4	6	7	12	16	17	18	19	23	24	28	36	38	41	47	54
20 20
5	7	8	12	14	16	17	18	23	27	29	30	31	33	34	40	41	45	49	50
18 16
1	5	6	8	12	16	20	22	24	28	32	33	36	40	52	60
21 18
0	1	3	8	11	16	17	19	20	23	27	29	36	41	47	52	60	65
19 18
0	8	12	13	15	18	19	20	24	27	28	30	31	33	37	45	51	61
18 18
0	2	3	9	10	19	20	23	24	28	29	32	33	35	36	37	44	49
18 17
0	2	4	9	11	12	16	17	19	20	24	27	30	31	40	43	54
18 17
0	2	3	4	8	10	11	16	17	20	22	24	29	31	34	44	60
18 18
0	1	6	8	10	19	23	24	25	29	31	32	35	39	40	41	44	46
18 17
2	4	5	9	10	13	16	20	22	26	28	29	30	32	39	47	65
19 18
3	6	9	12	13	14	17	20	21	24	29	31	33	34	38	42	45	61
19 18
0	1	3	6	9	16	17	21	22	26	27	29	38	41	44	45	46	52
18 18
0	2	8	9	10	15	16	18	20	22	24	25	28	34	41	45	47	51
18 18
0	2	11	13	14	17	18	19	20	21	24	27	28	30	34	35	36	44
18 17
0	2	3	5	7	15	18	19	22	24	28	31	34	36	37	50	52
17 16
0	2	5	11	12	13	16	20	23	24	28	31	34	36	38	52
20 19
4	5	6	7	9	12	14	18	19	23	24	28	31	32	33	34	36	37	52
18 17
0	3	4	5	6	8	12	13	15	16	24	26	28	34	39	49	64
18 17
1	3	4	12	13	16	17	18	20	22	24	25	28	29	35	38	52
16 16
1	3	5	9	11	16	18	19	24	29	32	34	35	39	41	50
17 16
0	6	7	9	11	15	17	19	20	21	24	34	35	39	41	52
17 17
1	2	3	4	5	6	9	16	17	19	22	24	26	31	43	45	46
20 17
0	3	7	10	16	18	20	22	24	25	27	28	35	41	52	53	64
19 18
0	1	3	6	9	11	17	19	24	26	27	29	34	36	39	41	43	64
17 17
0	1	10	11	12	13	14	15	21	22	24	27	28	30	39	42	44
17 16
1	3	7	16	17	18	19	22	24	28	30	31	34	35	49	64
19 18
0	3	8	10	12	13	20	21	24	25	29	35	37	38	40	41	45	63
19 18
5	6	8	10	15	19	20	21	24	27	29	30	32	43	45	49	51	60
17 17
3	5	7	12	16	17	19	20	23	24	25	28	33	34	41	45	49
19 17
3	7	10	13	20	22	23	24	25	28	29	35	36	46	47	53	64
19 17
0	3	5	6	8	15	16	17	20	22	24	32	40	41	42	52	60
21 18
5	10	13	14	15	19	20	22	24	28	32	35	36	37	41	52	54	63
19 17
2	3	4	5	12	13	15	16	17	20	21	25	27	28	49	60	64
19 18
0	2	4	5	7	10	13	20	29	30	31	32	33	39	40	47	49	60
19 18
0	6	7	8	19	21	22	24	25	31	32	33	35	38	44	45	50	52
20 18
1	2	3	5	7	9	18	24	25	28	29	30	34	36	37	43	52	60
20 19
0	1	9	10	11	12	14	17	20	21	28	29	30	33	34	36	42	43	59
19 18
1	2	4	5	6	10	11	14	17	22	29	30	31	36	37	43	46	65
22 20
0	6	7	8	10	11	16	18	21	22	28	32	33	34	36	37	38	45	52	61
22 19
1	3	8	10	11	12	16	21	23	25	26	33	36	38	39	42	52	60	65
20 19
1	4	5	6	7	9	10	12	15	16	19	21	27	28	32	36	37	38	52
19 19
5	6	8	12	13	15	17	18	20	21	22	24	27	28	29	31	35	40	42
18 17
0	6	10	13	14	15	18	24	25	27	34	37	38	39	41	45	52
20 17
1	3	11	12	14	15	16	17	21	23	28	33	35	39	60	61	65
19 19
0	6	9	11	15	16	17	18	19	20	26	27	29	33	40	44	45	49	50
19 19
0	2	4	9	12	14	15	16	17	19	20	24	27	28	29	30	31	37	43
19 18
1	2	4	5	6	7	8	10	11	16	19	22	23	31	40	41	42	65
18 18
0	2	5	10	13	14	16	18	24	27	28	29	34	35	37	38	39	47
19 18
0	2	3	4	7	8	13	17	18	19	21	24	27	30	32	34	42	60
20 19
0	1	2	4	5	6	9	13	18	19	20	25	27	29	30	37	44	49	59
19 19
5	9	10	11	17	18	19	24	25	29	31	33	34	35	36	39	41	44	49
18 18
3	4	5	6	11	13	15	18	24	25	27	29	32	34	35	36	37	39
18 17
2	3	4	10	11	14	20	21	24	25	27	29	31	33	36	41	61
18 17
0	1	4	5	6	7	8	10	13	18	20	30	40	41	43	49	52
20 18
1	2	3	7	9	11	12	20	28	29	30	31	33	35	37	40	64	65
20 17
5	6	7	10	11	13	14	15	17	19	24	28	32	44	53	60	63
19 19
2	3	4	6	7	10	11	13	15	18	19	23	24	28	31	38	40	41	45
18 17
0	7	8	11	12	13	14	15	16	20	22	23	25	27	28	42	59
19 18
5	9	10	11	13	15	16	17	18	24	25	27	29	35	41	45	46	60
20 20
0	4	6	9	10	14	15	21	23	25	28	33	34	35	39	42	45	46	47	49
18 16
3	5	8	10	11	13	18	20	22	27	30	36	40	41	59	60
19 18
2	5	8	10	21	22	24	26	30	32	33	34	37	39	41	47	50	63
18 17
1	5	7	18	20	24	25	26	27	28	29	30	34	41	42	43	60
20 18
2	3	6	8	14	16	18	19	21	23	25	26	34	37	38	45	52	53
19 17
0	1	3	7	8	10	11	13	15	21	23	35	38	45	48	59	60
20 17
0	3	4	5	8	13	14	15	20	22	26	30	34	45	53	60	65
18 16
0	1	2	4	5	8	10	11	13	14	24	34	39	40	54	63
19 17
0	2	3	6	19	20	21	23	24	28	29	31	36	37	45	52	60
18 16
0	2	3	8	16	17	18	19	22	23	24	28	31	39	52	63
17 17
0	4	6	9	11	12	13	15	17	20	21	27	30	33	34	41	49
20 19
0	3	4	6	11	14	15	17	19	20	21	27	28	31	37	39	41	43	52
21 20
1	2	3	5	10	12	13	14	15	18	19	20	21	24	25	30	42	43	50	54
19 18
5	6	10	12	16	18	19	20	25	27	30	38	43	45	47	49	51	59
22 19
2	11	12	13	14	15	16	18	23	25	27	35	38	39	41	47	52	59	60
19 18
3	4	5	6	7	10	11	12	13	14	16	17	18	22	24	28	51	60
19 18
2	3	5	9	12	13	16	17	19	21	25	26	27	28	30	31	49	53
17 16
1	4	14	16	17	18	20	21	22	27	28	29	30	38	41	52
17 17
2	5	9	10	11	16	19	20	24	25	26	27	28	31	32	39	43
19 19
1	3	5	6	7	9	11	12	13	14	21	22	23	24	26	27	29	32	34
18 18
1	4	8	12	13	14	16	18	20	22	24	25	28	29	31	34	38	46
18 17
0	3	5	18	19	22	24	26	28	29	31	35	39	40	41	50	52
18 16
0	1	3	6	8	11	12	16	19	21	22	33	41	46	52	61
19 18
0	1	3	10	14	15	17	19	20	23	24	25	28	30	37	40	47	64
20 18
0	12	13	14	16	20	21	24	30	32	34	36	39	40	42	49	52	54
19 18
1	9	12	17	18	19	20	23	24	26	28	33	34	36	40	44	46	61
19 18
0	2	3	7	8	13	15	16	18	19	23	24	25	26	28	36	42	52
18 17
2	4	5	6	9	10	12	14	15	20	22	24	29	34	41	45	59
19 19
1	6	7	9	10	17	18	19	22	24	26	28	29	30	31	33	35	38	40
21 19
5	7	9	10	13	15	16	17	22	23	26	29	32	34	35	37	49	53	54
19 18
0	1	3	4	8	9	10	13	16	29	30	32	33	35	39	41	42	52
17 16
0	3	4	5	9	10	11	12	18	20	25	30	39	40	41	52
21 18
0	2	4	7	11	13	16	17	23	26	27	30	46	50	51	52	60	64
18 17
1	3	4	6	7	9	10	11	13	19	24	37	42	43	45	47	61
18 17
0	1	3	4	6	8	10	18	20	21	22	24	25	26	30	44	63
18 18
2	3	9	12	15	18	24	25	27	29	30	31	32	34	37	38	39	41
18 17
2	3	6	9	13	15	16	18	19	25	32	37	38	39	44	49	63
18 18
0	2	6	7	8	10	13	15	17	18	21	22	23	24	26	34	40	47
17 16
2	4	5	12	15	20	22	24	26	28	29	39	42	44	49	52
18 17
1	4	7	11	12	14	15	16	22	23	24	25	28	29	38	39	63
19 18
0	2	6	7	10	12	14	15	17	22	23	24	25	32	33	41	47	63
17 17
3	5	7	8	12	13	17	18	24	25	27	28	29	30	34	35	37
19 18
0	8	11	12	13	16	19	21	23	24	29	31	33	39	43	44	50	60
17 16
3	5	6	9	10	11	12	18	25	29	31	34	36	39	45	52
19 18
1	2	5	15	16	19	21	22	24	25	27	28	29	30	32	39	46	54
17 17
2	9	10	12	13	17	22	24	29	31	32	34	37	38	39	41	50
18 17
0	1	3	4	7	8	11	15	18	20	22	24	26	28	31	40	52
16 16
0	2	3	4	7	11	17	18	20	23	24	27	28	30	41	49
19 18
0	2	4	5	7	13	15	17	22	24	25	27	28	29	30	31	40	63
23 19
5	6	8	12	14	16	23	25	26	28	29	33	34	44	49	52	53	63	65
20 19
3	13	15	16	17	18	19	20	21	22	23	25	29	33	38	39	41	45	52
21 20
0	2	6	8	10	16	17	18	19	21	22	24	26	27	31	34	39	40	45	61
18 17
0	1	3	4	6	10	19	24	34	36	39	41	45	48	49	50	52
18 17
2	3	6	11	12	14	19	24	25	27	31	34	36	39	47	50	61
20 19
0	1	2	4	7	10	12	15	17	19	20	21	27	30	33	36	41	46	52
19 18
0	1	3	5	7	9	10	12	15	22	24	25	27	33	34	43	45	60
17 16
1	4	5	10	13	15	22	25	26	28	29	30	32	40	46	59
19 19
1	2	3	8	9	10	15	16	18	20	21	22	26	28	29	38	45	47	49
18 17
0	3	9	10	13	17	18	19	20	22	25	28	30	31	36	37	59
16 16
0	2	3	4	6	7	11	17	18	21	22	24	27	34	41	47
21 19
0	1	2	5	8	18	19	21	24	34	37	39	40	44	45	47	48	52	60
19 18
2	4	5	9	10	11	12	13	23	24	28	32	34	37	43	46	49	63
16 15
1	5	6	10	11	14	15	20	24	25	28	30	39	40	60
18 17
0	2	5	11	16	18	19	20	21	22	25	27	29	30	41	45	59
18 18
3	5	6	9	10	12	14	19	23	25	28	29	32	36	39	40	45	49
17 15
0	1	3	4	6	10	14	17	22	25	29	30	47	53	59
17 16
1	2	3	5	6	9	13	16	19	24	31	32	34	37	46	63
21 18
2	8	9	13	16	18	22	25	27	30	31	33	34	37	39	59	60	61
19 17
0	5	12	13	14	15	18	20	28	30	33	34	36	37	42	52	64
18 17
0	1	2	3	10	11	12	20	24	27	28	29	36	39	46	49	65
17 17
3	6	8	10	11	12	18	19	20	21	24	25	26	38	39	43	49
17 17
0	4	8	12	13	14	16	17	18	21	22	24	28	29	32	39	40
17 16
0	5	10	12	20	23	24	25	29	30	31	40	41	45	51	54
20 18
2	4	6	10	11	14	19	20	22	25	31	34	36	37	39	44	52	64
18 17
0	2	3	9	11	14	16	19	20	26	30	33	34	36	41	45	52
17 16
0	1	2	3	7	9	10	12	15	23	24	35	38	42	45	60
19 18
0	5	6	7	9	10	11	13	14	16	18	22	25	32	38	40	51	59
18 16
0	2	3	8	10	13	18	20	28	30	31	37	40	49	54	63
16 16
0	1	2	4	5	11	13	15	20	24	27	30	34	39	40	41
19 17
3	10	11	12	17	22	28	29	31	34	35	36	38	46	49	59	63
19 18
0	1	2	6	9	11	16	17	19	24	28	39	41	42	44	45	49	60
18 17
0	5	6	12	14	16	18	25	26	27	28	30	32	40	44	46	52
19 18
1	5	7	8	10	11	13	19	24	25	28	34	37	39	40	42	47	52
16 16
0	1	4	6	12	16	17	20	21	23	24	27	28	29	42	45
18 18
0	6	8	12	13	15	16	17	18	19	21	24	29	34	37	40	45	46
19 17
0	2	6	8	18	23	24	25	27	29	35	39	41	43	49	60	64
19 18
0	2	3	6	7	9	10	12	14	15	18	30	33	36	38	42	44	65
18 16
1	5	6	11	16	20	22	24	27	28	29	32	35	40	60	63
21 20
0	1	5	9	13	15	18	20	21	22	26	27	28	32	34	38	45	47	48	65
18 18
5	6	8	11	13	14	15	18	19	23	26	27	30	35	39	40	43	49
16 16
0	1	3	5	10	11	12	16	20	24	25	27	28	31	33	36
16 16
1	4	5	8	10	11	12	15	20	22	24	25	27	28	29	35
16 16
0	3	4	6	7	13	15	17	18	24	27	30	34	37	38	41
21 19
1	2	3	5	6	7	9	10	12	15	22	24	26	29	31	34	37	52	65
18 17
2	5	11	12	13	14	16	17	20	24	27	29	38	40	43	45	54
17 16
1	2	5	10	11	12	16	23	24	29	30	36	40	41	51	53
19 18
1	2	8	14	20	21	26	28	29	30	36	37	38	40	43	49	51	53
21 20
0	1	2	4	6	9	16	17	21	22	26	28	32	33	35	36	39	44	45	52
18 17
0	2	4	11	12	16	17	20	23	25	27	28	30	31	38	44	52
19 17
0	1	2	4	6	8	10	17	19	22	27	30	33	43	45	52	53
18 17
0	1	2	9	10	11	16	17	20	23	24	27	28	36	42	49	60
18 16
2	4	7	9	11	14	15	19	20	24	33	37	39	40	60	61
19 17
2	5	9	10	12	13	15	17	19	20	25	28	29	30	40	52	54
19 18
0	1	3	6	7	8	19	21	22	27	28	30	31	39	40	45	46	59
21 20
4	6	7	13	16	19	21	22	24	25	26	27	29	30	35	38	40	43	45	63
18 18
0	4	6	7	11	12	13	16	17	18	21	22	24	27	29	31	40	43
18 18
2	3	4	5	6	7	9	10	13	23	29	30	31	32	37	42	43	49
19 18
0	1	6	9	16	17	19	22	24	25	29	30	32	35	36	44	46	64
19 19
0	1	2	5	8	10	12	15	18	22	23	29	34	35	37	39	40	41	49
17 16
0	7	9	12	15	16	21	22	25	27	35	39	41	47	50	52
18 17
0	1	2	6	7	9	11	12	15	16	21	22	24	30	34	35	64
20 18
0	1	4	7	8	9	13	14	15	25	27	29	38	39	48	49	53	60
17 16
0	2	3	4	6	7	10	11	13	24	26	27	31	34	40	63
18 18
3	4	5	6	9	10	12	13	17	18	19	20	21	22	24	26	34	45
18 17
0	2	9	11	12	13	16	20	23	27	28	30	33	35	36	39	65
18 18
0	5	6	8	14	16	17	18	19	20	21	22	23	26	27	29	34	49
19 17
2	3	4	5	9	10	11	18	21	22	40	41	44	46	48	52	60
18 17
1	2	3	5	13	16	17	18	22	24	27	28	29	33	40	45	53
16 16
0	1	3	6	11	12	19	20	22	24	25	27	28	31	35	37
18 17
1	2	4	6	7	9	10	11	12	15	19	22	24	30	34	36	64
19 18
1	3	4	5	6	9	10	12	16	22	25	29	32	33	34	36	46	59
20 18
0	1	8	11	16	17	20	21	24	29	32	33	34	43	45	49	54	64
18 18
0	1	3	5	6	10	11	12	14	18	20	21	24	25	31	33	34	36
19 18
1	6	7	11	12	15	17	21	23	24	25	27	28	29	31	36	42	61
20 19
0	2	3	4	7	17	18	22	23	24	26	27	28	31	33	35	40	44	60
20 19
0	2	8	11	13	15	16	17	18	19	20	22	23	25	26	27	41	48	59
20 17
0	1	2	3	6	7	9	13	14	22	24	31	40	43	52	53	64
20 19
1	3	4	5	6	14	21	22	24	25	26	27	28	29	34	35	39	40	61
21 18
1	2	4	5	6	16	17	19	23	24	26	27	44	45	46	54	61	65
16 16
0	1	4	7	8	11	12	16	17	24	25	27	28	29	30	44
18 18
3	6	10	11	12	15	16	24	25	29	32	37	38	39	40	43	44	49
19 18
0	1	4	7	9	11	16	17	19	20	27	28	30	38	44	45	49	59
20 19
4	10	11	12	13	15	16	19	24	25	27	28	37	38	39	44	45	50	53
17 17
0	6	7	11	13	15	16	17	19	20	24	25	27	30	41	42	50
23 20
2	8	11	13	18	19	20	21	24	26	29	40	41	44	45	47	49	52	60	64
20 19
0	1	5	6	7	10	15	16	17	19	27	28	29	30	33	34	41	42	65
19 18
1	4	7	8	10	11	12	13	14	19	25	28	30	34	38	41	43	52
17 17
0	1	10	11	12	15	20	21	22	23	24	25	27	28	31	33	44
20 19
2	4	5	6	10	16	17	18	20	23	25	26	28	29	33	34	37	45	52
17 16
1	4	5	11	15	17	20	24	25	27	28	30	35	44	49	60
17 17
10	15	16	20	22	24	25	26	28	29	32	33	35	38	39	40	49
21 20
0	1	3	6	8	10	11	17	20	21	23	25	34	36	37	38	45	48	50	52
20 19
6	7	8	9	10	11	14	15	17	20	23	24	29	34	36	38	40	43	54
16 16
0	2	4	5	11	14	15	16	18	20	24	27	31	33	39	41
19 19
1	3	4	6	7	8	10	11	19	24	25	26	28	33	34	36	38	46	47
19 19
1	2	6	7	8	9	13	15	22	24	26	27	29	30	33	34	38	39	46
19 18
2	4	7	8	16	20	21	22	24	29	33	34	35	38	41	43	46	61
18 17
0	2	10	18	21	22	24	26	27	28	29	30	31	34	36	43	53
19 18
0	1	2	6	10	11	14	16	17	23	24	25	31	32	33	34	45	53
19 18
0	1	7	12	13	14	15	16	17	21	22	26	27	28	29	30	44	65
20 18
2	3	5	7	10	11	12	15	16	17	18	22	24	32	37	45	52	60
17 16
0	2	3	4	6	8	10	13	17	18	30	34	37	38	49	53
20 17
2	6	7	9	10	15	17	24	25	27	30	37	41	49	52	60	64
19 18
0	1	2	4	5	9	10	16	17	20	21	23	24	30	40	41	46	61
19 18
0	3	6	9	10	12	13	14	18	20	21	29	30	34	38	44	46	65
17 17
1	2	5	7	9	11	13	18	19	22	23	24	26	27	34	40	41
19 18
0	1	6	7	11	12	14	16	19	20	23	25	32	33	36	40	43	65
16 16
1	2	3	5	7	11	16	17	19	24	26	28	38	40	44	45
17 16
1	2	5	8	10	14	15	19	20	26	28	29	30	40	42	52
19 17
1	3	5	6	8	12	18	22	24	25	26	29	34	43	45	52	53
19 17
0	3	8	13	14	15	16	20	21	22	27	30	38	40	41	59	63
17 17
4	5	8	10	13	15	16	19	20	22	24	25	28	29	40	41	43
17 17
0	2	3	12	15	16	18	20	22	23	24	28	31	32	35	41	42
17 17
0	1	4	8	10	11	13	16	21	23	26	27	30	33	39	41	49
18 17
0	4	11	12	16	18	19	20	21	22	24	26	27	28	35	45	52
19 18
0	1	5	11	12	13	14	15	16	17	19	20	21	27	28	45	49	52
19 17
1	2	9	11	15	16	19	24	27	28	31	32	33	34	46	60	64
17 17
1	2	4	11	12	19	21	24	25	27	34	36	37	38	39	41	47
17 16
0	2	3	10	11	12	16	20	25	29	31	36	41	42	44	59
18 18
0	7	9	10	11	12	13	19	20	24	27	28	34	36	39	43	44	45
20 18
4	7	9	11	15	16	18	25	26	27	28	29	36	38	39	40	52	64
20 18
0	6	8	10	12	13	18	19	20	21	23	29	31	34	43	49	52	63
20 18
2	9	11	16	18	19	20	21	26	27	28	29	31	33	43	45	61	65
18 16
0	3	4	6	7	9	11	15	16	18	24	34	36	45	52	59
18 17
0	2	3	5	7	10	14	16	20	22	24	29	32	36	39	40	60
18 17
4	6	9	11	14	18	19	20	25	31	32	33	37	39	44	49	61
18 17
0	2	3	7	12	15	16	17	23	24	28	33	36	44	47	49	60
19 18
0	1	3	4	6	8	17	18	20	23	24	27	31	32	35	37	39	60
20 17
0	1	2	7	8	11	15	16	17	23	25	31	34	39	53	60	65
18 17
1	3	4	5	6	7	11	12	15	16	19	25	33	34	35	36	52
18 17
5	6	10	12	13	16	17	20	25	29	30	32	34	37	44	49	65
18 16
0	2	5	7	8	15	18	19	21	22	24	31	44	48	52	60
19 17
0	6	7	9	11	13	17	19	20	22	23	24	27	31	42	60	64
20 19
0	1	3	4	5	6	12	13	16	20	25	27	30	33	37	40	44	45	65
18 17
2	3	4	6	10	11	19	20	21	22	24	26	32	37	43	45	64
22 19
0	1	2	3	4	7	9	12	25	28	31	33	36	37	39	45	53	60	65
19 18
2	3	4	7	15	17	19	23	24	27	28	33	38	40	45	49	51	53
19 18
2	3	4	8	11	17	18	19	23	24	26	28	31	32	35	38	39	52
18 18
0	1	6	10	17	18	19	21	22	24	26	28	29	30	31	34	35	39
18 18
0	3	4	7	10	12	15	17	22	25	28	29	30	31	33	36	41	49
18 17
0	1	3	8	10	11	12	13	23	35	36	37	41	42	46	49	63
18 17
3	5	6	7	10	12	24	25	29	34	35	37	41	43	45	50	52
19 17
1	2	6	7	8	18	19	21	23	24	26	34	35	37	40	52	64
17 17
1	2	3	4	5	10	11	12	13	20	24	25	26	28	29	32	45
21 20
0	2	4	5	6	14	15	16	18	25	26	27	30	31	33	34	37	39	40	52
18 18
2	3	4	13	15	16	19	20	24	27	28	30	34	35	38	40	42	43
18 18
1	2	5	8	11	13	19	21	23	27	28	30	32	35	38	46	47	49
19 18
0	2	3	4	6	7	10	14	17	19	27	30	32	34	35	38	49	64
19 17
0	1	10	11	12	19	20	22	25	31	35	36	40	41	48	52	53
21 18
0	3	6	12	15	17	19	23	25	30	32	33	40	48	49	53	60	61
20 19
0	2	5	6	8	11	12	14	15	20	22	24	30	31	33	34	38	39	61
19 18
2	5	7	12	13	16	17	18	27	28	29	30	32	34	37	42	47	52
19 18
3	4	6	7	11	12	13	19	20	23	24	26	27	31	32	36	41	64
19 17
1	3	5	6	8	10	14	16	18	19	21	22	28	31	47	53	59
18 17
1	2	5	7	8	10	11	14	17	24	25	29	31	34	35	36	54
20 18
0	1	7	9	12	19	23	27	28	31	32	34	36	38	39	42	52	60
18 17
5	7	9	10	11	12	24	28	29	30	32	33	34	43	49	51	52
17 17
0	2	3	4	7	11	12	16	19	21	22	24	34	41	44	47	49
20 19
0	1	3	5	11	12	14	16	20	22	23	24	25	30	31	40	42	43	54
20 20
1	2	5	6	7	9	10	14	18	19	24	26	28	29	30	31	32	37	43	44
20 18
1	3	4	6	7	12	14	16	17	28	32	33	36	38	42	44	60	65
17 17
0	3	9	11	12	15	16	20	22	25	28	30	31	33	36	37	49
18 18
0	5	7	8	10	13	15	20	24	28	29	30	31	32	34	37	38	43
16 16
0	1	3	10	12	13	17	20	23	24	25	34	36	41	45	46
19 17
0	1	3	6	7	13	14	17	19	22	27	30	31	32	42	59	60
17 17
2	5	9	10	11	16	19	20	23	30	31	32	34	40	41	42	49
15 15
1	2	4	9	10	14	15	22	24	29	38	39	41	44	45
21 19
0	2	3	11	16	17	20	22	28	30	32	33	34	35	36	41	46	59	60
19 19
3	4	5	6	7	8	9	10	12	19	22	23	25	30	36	37	43	45	49
20 18
5	9	10	11	15	17	19	20	21	23	24	25	26	27	28	39	52	64
17 16
1	7	9	11	17	19	20	23	24	25	38	40	41	45	50	61
19 17
1	2	5	7	9	10	21	22	24	28	30	31	33	34	45	52	60
19 18
0	1	2	4	5	11	13	14	20	27	28	30	31	33	37	40	43	65
19 18
0	3	5	6	10	12	14	15	19	20	21	22	29	30	31	34	40	52
18 18
2	3	5	6	7	8	10	18	19	20	21	23	24	28	32	36	37	42
16 15
0	1	11	12	14	15	20	24	25	27	28	30	33	50	61
19 18
1	2	3	4	8	10	18	20	26	28	29	30	38	40	42	43	47	65
21 20
2	3	4	7	8	11	13	14	17	18	19	23	27	30	32	34	36	38	41	59
19 19
2	3	5	6	11	12	15	18	19	20	23	26	27	29	32	39	43	46	49
18 17
0	2	3	9	11	12	17	18	19	20	22	30	33	41	45	49	61
18 18
0	3	4	5	7	10	13	14	15	23	28	29	30	38	40	41	45	49
18 17
2	3	5	16	18	19	21	23	25	28	29	44	45	46	47	49	60
17 17
0	1	8	10	11	13	14	15	20	25	29	30	36	38	41	44	49
21 19
3	4	5	9	15	16	18	20	21	22	23	24	26	29	33	34	40	54	59
20 18
0	2	5	7	11	14	15	16	17	18	21	25	27	28	36	44	54	65
19 17
3	4	5	7	8	13	16	17	18	22	24	25	27	37	50	59	60
18 17
0	6	7	9	10	16	19	22	23	24	26	27	28	31	32	49	52
21 20
1	6	11	12	14	15	17	19	20	21	27	30	32	33	36	44	45	47	49	64
16 16
1	5	6	8	9	26	27	29	30	32	34	43	45	46	47	49
20 18
1	5	6	8	13	16	17	20	23	25	26	27	29	34	37	45	52	54
21 18
0	4	5	7	9	11	13	14	15	17	21	25	27	28	32	52	61	63
18 17
2	3	6	8	10	13	19	20	23	24	31	32	36	37	38	44	52
16 16
0	4	8	11	12	13	16	20	23	24	25	30	38	40	41	49
16 15
0	2	3	4	9	10	11	20	23	28	30	35	36	41	52
18 18
0	1	2	4	5	7	9	14	23	24	26	27	28	29	31	42	43	45
20 19
0	1	7	8	10	11	17	18	19	23	24	27	29	31	32	41	50	51	63
19 19
0	2	4	7	11	12	16	17	21	22	23	27	28	31	32	34	35	47	49
19 17
0	6	7	9	13	15	18	22	23	27	31	36	39	41	43	52	60
21 20
0	2	4	6	9	10	11	13	15	17	22	23	24	32	37	44	45	46	48	63
18 18
0	1	3	4	5	6	8	9	11	24	27	30	31	35	39	42	43	45
18 18
1	4	5	12	15	19	20	21	22	23	25	27	28	29	30	33	34	49
19 17
3	5	10	11	12	13	14	16	20	25	27	30	32	35	41	52	60
17 15
0	1	2	3	15	18	20	24	25	28	36	48	49	52	60
19 18
0	2	3	7	8	10	14	16	19	23	25	28	31	32	36	41	49	52
17 17
0	1	3	4	8	10	13	18	22	24	27	30	31	39	40	41	42
18 17
0	3	7	9	10	12	15	16	17	20	22	23	27	43	44	49	60
17 17
0	5	6	11	12	13	14	16	19	20	21	23	29	36	43	44	49
19 19
1	9	15	16	17	18	20	21	24	26	27	28	29	30	31	35	37	38	40
19 19
0	1	3	6	12	13	17	21	22	25	26	27	28	30	31	32	39	44	49
19 18
0	1	2	4	5	6	9	11	13	14	17	27	30	34	36	39	43	59
19 18
0	2	5	8	14	16	17	19	20	21	22	25	27	28	30	35	45	52
20 18
0	6	8	11	15	16	17	19	24	25	28	29	41	44	46	49	52	63
18 17
0	1	3	4	6	7	9	10	14	15	16	21	22	28	31	41	52
19 18
0	1	2	5	7	12	15	17	22	24	27	28	34	36	41	43	48	52
18 17
2	3	8	10	11	13	18	20	21	24	27	32	36	38	39	45	60
18 18
1	7	8	9	10	13	15	17	19	22	23	24	26	28	33	38	44	47
19 17
0	4	7	9	10	11	14	15	17	20	28	29	30	33	37	52	65
18 17
0	1	2	19	20	21	23	24	27	28	29	30	35	36	38	49	61
20 19
1	6	7	8	10	14	15	16	19	21	22	29	31	33	37	38	43	47	65
17 17
0	2	3	10	11	12	14	15	18	20	28	29	30	32	33	37	49
18 17
0	1	2	3	4	10	13	17	20	22	23	24	28	29	31	45	60
17 17
0	2	3	4	6	7	8	13	16	18	23	24	27	34	36	41	42
18 18
0	3	5	6	8	12	16	22	25	26	29	31	32	33	36	39	43	49
19 18
1	2	5	7	9	11	12	16	25	27	28	29	34	36	37	40	43	59
18 16
0	3	7	11	12	15	16	20	23	24	28	33	39	41	52	65
19 18
0	2	3	5	9	11	13	16	18	19	23	26	28	29	33	39	49	64
18 18
3	4	5	9	11	15	16	18	22	25	26	27	28	29	34	39	44	49
20 19
0	2	6	7	11	13	14	17	18	19	23	25	26	27	28	30	34	42	59
19 16
0	2	3	4	6	11	14	19	31	34	39	41	49	52	53	60
19 18
0	1	2	5	11	14	18	19	24	25	26	27	31	35	39	40	44	54
18 18
0	1	2	4	5	6	11	15	17	21	24	26	27	30	39	44	45	49
19 18
0	1	3	4	7	9	12	15	22	23	24	29	34	35	41	45	51	64
18 18
0	5	7	9	10	11	12	13	17	20	23	28	30	37	40	46	49	50
19 18
1	4	6	7	10	13	17	19	21	23	32	38	40	41	42	45	48	52
16 16
2	4	10	16	20	21	22	24	26	27	28	29	33	38	43	45
21 19
2	7	10	15	16	17	19	21	23	27	28	34	36	37	40	44	49	52	64
21 20
2	3	5	6	7	9	16	17	19	24	25	26	30	32	34	38	43	47	50	54
18 17
1	16	19	21	25	28	29	30	32	33	34	36	41	43	46	49	64
17 16
1	5	7	11	15	20	24	25	27	28	29	30	33	34	39	60
20 18
3	4	8	10	13	15	16	20	24	25	28	30	37	38	41	45	59	60
19 18
1	3	5	11	15	19	24	27	28	30	32	36	38	39	40	44	49	60
18 17
4	5	7	8	12	15	19	20	25	28	29	30	33	34	37	43	52
20 19
1	2	4	5	6	11	13	14	18	23	27	28	30	32	38	39	48	49	60
17 15
0	1	2	5	7	10	11	15	17	19	21	24	34	54	64
21 18
2	4	9	10	13	17	19	23	27	32	36	39	41	44	46	52	61	63
17 16
2	5	11	12	16	20	22	24	28	29	30	32	34	36	41	61
19 18
0	1	2	5	7	11	12	13	14	15	16	17	23	27	28	36	40	52
20 18
0	5	6	9	12	13	15	17	18	25	27	32	34	35	39	41	52	54
20 19
0	1	5	6	11	12	14	15	19	23	31	32	35	39	42	43	44	46	65
20 18
0	7	8	9	11	14	16	17	20	21	22	24	37	41	48	49	53	63
21 20
3	4	6	7	8	10	12	13	16	17	18	19	23	28	29	30	32	38	42	52
18 18
1	2	5	7	8	11	12	13	14	16	17	23	24	28	29	30	31	40
18 18
0	1	4	5	7	8	13	15	22	23	24	27	28	29	30	31	35	47
22 20
2	3	7	11	12	14	16	18	26	27	28	29	32	34	35	39	43	51	64	65
18 17
0	1	5	9	13	19	22	23	26	28	30	34	37	39	45	50	52
19 18
0	5	9	12	15	16	20	21	26	27	28	29	34	37	38	45	47	52
19 18
0	2	5	7	10	18	19	21	22	24	27	28	33	34	40	41	45	61
19 18
0	1	2	4	7	8	11	15	17	21	23	24	26	28	29	31	39	65
19 17
0	3	9	10	12	17	21	22	23	24	25	26	28	43	49	53	64
20 19
0	1	5	6	7	10	12	14	15	17	22	24	26	29	36	39	44	49	59
17 17
0	3	4	6	8	10	13	15	20	24	26	29	30	31	34	46	49
19 18
1	5	6	7	8	16	18	19	21	24	28	29	30	32	34	44	49	59
19 17
0	1	4	10	15	16	20	24	25	27	32	36	40	41	46	52	61
18 17
2	5	6	7	8	18	19	21	22	24	26	31	37	40	41	51	52
19 17
0	3	5	7	10	11	15	21	22	24	26	31	33	34	50	54	65
18 18
0	1	3	4	6	8	14	15	16	18	20	22	24	31	34	41	44	45
19 18
0	4	6	7	9	11	12	13	16	24	27	28	29	38	41	45	49	54
20 18
1	3	4	5	6	7	10	12	13	15	19	23	25	28	30	32	52	54
18 17
0	1	3	6	7	10	16	19	21	27	33	34	36	42	45	49	60
19 17
1	5	6	7	13	16	22	25	26	27	28	30	32	37	40	52	60
20 18
0	2	3	7	9	10	15	18	22	29	31	39	41	42	44	45	52	53
21 19
1	2	5	14	17	20	21	22	23	28	29	30	31	32	40	44	51	54	59
19 19
4	5	6	10	14	15	16	18	20	25	28	29	34	35	36	38	41	45	49
20 17
3	4	5	6	10	12	13	16	18	22	26	28	34	39	60	64	65
18 17
1	2	9	10	15	20	22	28	29	30	37	38	40	41	44	45	65
19 17
4	5	6	7	9	11	13	18	19	22	31	32	33	39	40	52	60
19 18
0	2	3	6	7	8	10	14	17	23	30	32	36	40	42	44	49	60
16 16
0	1	4	10	11	15	17	20	21	23	27	28	30	31	35	49
19 18
1	3	9	15	20	21	24	25	27	29	30	33	34	36	37	38	41	60
18 18
0	2	4	16	17	20	23	24	25	26	27	28	30	31	32	37	44	47
21 18
2	4	5	6	9	12	13	14	17	20	24	27	29	34	40	53	54	64
19 18
1	5	6	7	9	11	19	22	23	27	31	32	39	41	42	45	49	60
21 18
2	3	7	10	14	21	23	25	28	32	33	34	40	42	49	54	63	64
18 17
0	1	4	10	11	13	17	20	23	24	25	27	34	37	43	45	54
18 18
0	3	10	11	15	16	18	23	25	31	38	40	41	42	44	45	46	49
18 18
2	4	5	8	10	12	17	18	20	24	26	28	29	33	36	40	43	49
19 18
0	2	3	4	7	13	16	18	20	21	22	25	26	28	30	33	35	52
17 17
0	1	4	7	8	9	11	16	22	24	28	29	30	34	35	37	41
20 17
3	5	7	12	13	16	18	25	28	29	34	36	37	41	52	53	64
18 17
1	4	7	9	10	11	16	18	22	24	28	29	31	35	39	40	64
20 18
0	3	4	5	11	12	13	14	15	16	20	21	23	26	28	30	53	65
18 17
3	4	5	7	9	10	14	15	18	25	29	30	33	37	41	48	52
18 17
2	3	5	7	9	11	19	22	24	25	27	30	31	35	43	50	54
19 19
0	4	8	9	11	12	13	17	20	23	24	27	28	30	31	33	35	37	43
16 16
0	2	9	12	15	18	21	25	27	29	30	31	33	39	41	49
16 16
1	2	3	4	6	9	10	14	19	29	32	38	39	41	46	49
18 17
1	10	11	14	15	20	21	22	23	24	28	29	32	38	39	40	60
18 16
0	1	4	5	10	19	22	24	25	28	29	32	37	46	61	63
18 17
0	3	4	11	14	15	22	24	26	32	35	39	41	42	44	49	52
19 17
2	3	5	8	9	10	11	18	20	23	30	31	35	36	40	52	60
18 17
1	8	10	11	15	18	23	24	25	28	29	30	33	37	38	40	53
19 19
0	2	4	7	13	14	15	20	23	24	25	27	28	29	32	37	39	43	49
20 18
4	5	6	7	10	11	12	19	22	24	26	28	32	33	39	45	54	63
21 20
2	3	5	6	11	12	15	18	19	22	24	30	31	36	40	41	44	46	47	61
18 18
3	4	5	8	11	12	13	14	18	19	20	22	24	27	28	31	35	43
18 17
1	6	9	11	12	13	14	15	16	24	28	30	32	35	38	39	63
18 18
0	3	4	6	10	12	14	23	25	26	27	31	34	36	37	39	45	49
19 19
0	2	4	6	7	11	12	15	17	18	22	24	26	27	29	31	35	37	51
19 18
1	5	6	7	9	13	18	19	22	25	26	27	28	30	31	42	48	52
22 19
0	2	6	10	13	17	18	20	22	25	31	33	36	38	41	50	52	54	65
17 17
1	4	7	20	21	23	24	25	27	29	31	38	41	42	43	45	47
19 18
1	3	4	6	8	10	16	19	20	24	25	26	27	36	37	44	45	64
21 19
3	4	5	6	14	16	19	20	21	22	23	28	30	33	36	39	45	52	54
19 18
2	3	9	15	16	17	18	19	20	21	29	31	33	37	41	45	49	61
17 17
0	1	3	6	7	8	12	13	14	15	17	20	30	33	35	49	51
18 17
1	4	5	7	15	16	17	19	21	22	23	24	25	28	29	40	60
17 17
2	3	5	6	10	12	15	16	20	24	26	29	36	37	40	41	50
18 17
0	4	6	7	14	15	17	25	27	30	34	35	37	41	47	50	52
18 17
0	3	6	9	11	13	14	16	19	20	21	28	34	35	44	45	65
19 19
0	3	4	9	10	11	15	16	17	18	19	20	26	33	36	40	41	44	49
17 17
0	2	4	5	7	9	10	11	13	14	15	20	22	40	41	48	49
20 19
0	1	3	8	12	13	14	17	20	22	23	27	28	29	30	33	45	49	61
20 19
1	8	9	11	16	18	19	21	25	28	30	36	37	38	39	42	44	49	60
18 17
6	14	16	17	18	19	20	21	22	27	28	32	33	35	38	40	52
18 18
1	3	5	6	7	10	12	13	15	19	28	29	30	32	41	44	49	51
18 18
0	6	8	10	13	15	17	20	24	25	26	28	33	36	38	40	46	47
20 16
0	6	13	14	15	22	23	27	29	31	33	45	52	53	59	63
18 17
0	2	3	5	8	10	13	18	21	23	24	27	39	40	42	44	54
19 18
1	2	3	5	9	10	13	15	21	24	25	34	37	38	39	41	51	63
20 18
2	4	6	7	12	16	19	23	25	29	30	31	34	37	40	50	61	65
19 17
1	6	9	12	14	16	18	20	22	25	28	29	31	41	44	52	61
18 17
1	10	12	18	20	22	25	28	29	30	31	36	38	41	43	44	52
17 17
0	2	3	8	11	14	16	18	19	20	24	25	26	28	33	36	40
20 19
0	7	13	14	17	19	20	22	24	26	30	32	38	39	41	44	47	51	61
18 18
1	5	6	7	9	11	15	16	18	19	21	32	34	38	41	44	45	49
20 19
2	5	9	10	13	15	16	17	19	22	25	27	30	37	39	43	47	49	54
18 18
2	3	4	5	6	9	15	16	17	19	20	22	24	35	41	45	47	48
17 17
0	1	3	7	8	15	16	18	21	22	24	25	32	35	41	45	47
18 18
0	1	6	7	14	15	21	23	27	29	30	32	33	34	35	41	47	49
19 19
0	1	6	7	8	9	14	15	16	22	26	29	32	35	38	40	44	47	49
18 17
3	4	5	6	10	11	12	14	19	25	29	31	34	36	39	49	53
18 18
0	2	6	7	10	11	16	18	21	24	26	27	31	34	36	43	44	47
17 17
0	1	2	5	7	11	12	16	17	18	20	23	27	28	30	47	49
19 18
3	5	9	10	11	12	13	16	20	25	29	30	36	38	41	46	47	52
19 18
0	1	2	10	11	12	15	21	22	23	26	27	28	34	37	39	44	52
19 18
0	1	5	10	14	16	18	20	25	27	31	33	36	41	42	47	51	52
18 18
3	4	5	7	8	9	10	13	15	18	20	22	25	29	30	37	41	49
19 18
0	6	9	10	11	13	15	18	24	25	27	33	34	35	37	38	45	53
19 19
5	8	10	12	13	15	17	18	22	24	25	27	28	29	30	32	36	45	46
18 17
0	4	10	11	17	20	21	22	24	29	30	33	40	41	43	49	65
19 18
0	1	2	4	5	7	9	13	25	27	28	30	31	32	35	42	43	52
18 17
5	6	12	15	18	20	22	25	28	29	30	31	32	39	42	44	52
18 16
0	1	5	6	14	15	19	21	22	29	30	31	34	47	52	53
19 17
0	2	3	4	5	7	9	15	16	17	18	22	25	27	44	60	65
19 17
1	2	5	8	11	21	24	27	29	30	34	35	39	43	48	60	61
21 18
0	2	3	11	14	19	20	24	29	30	31	32	36	37	43	60	63	65
18 17
0	2	5	6	8	12	13	15	17	18	21	27	34	36	46	48	52
21 19
0	2	6	8	10	12	17	18	23	24	25	27	29	30	36	37	39	60	64
19 19
0	1	5	7	10	16	18	19	22	24	28	29	30	31	32	34	41	42	45
19 19
0	6	8	9	13	17	19	20	23	24	26	27	28	32	34	37	44	45	47
21 18
4	8	9	12	13	15	16	20	23	24	27	29	30	33	36	54	60	61
20 19
1	3	5	6	9	12	14	15	16	20	27	29	30	32	40	44	45	49	59
18 17
0	2	5	8	10	13	14	16	20	21	22	29	30	44	45	49	54
20 17
0	8	10	11	14	16	22	24	26	28	29	41	44	49	53	54	64
18 17
0	2	5	10	13	15	18	19	20	21	29	33	34	36	48	49	60
17 17
0	1	6	7	11	19	21	23	24	27	28	31	32	33	37	42	45
19 17
1	3	11	12	14	16	20	22	24	28	29	30	34	44	47	59	61
20 18
2	6	15	16	18	19	22	24	25	27	31	32	34	36	41	45	53	61
19 18
2	3	4	5	6	7	9	13	18	23	25	28	29	30	34	37	44	52
19 18
1	3	4	5	6	7	8	9	11	12	21	24	26	29	33	43	45	61
20 18
1	5	9	11	12	13	15	16	18	20	25	27	28	29	33	35	63	65
18 17
5	10	11	12	15	17	19	20	21	22	23	24	27	32	41	46	52
18 18
2	3	5	6	7	12	14	15	16	17	18	19	20	24	28	32	37	39
18 17
0	2	3	4	7	10	14	15	17	20	23	27	28	30	37	39	59
18 17
1	4	11	19	20	21	23	24	25	26	27	29	34	36	38	41	60
19 17
3	4	5	8	9	11	12	20	25	26	30	33	43	48	49	52	60
18 17
0	4	7	8	9	19	22	23	27	28	30	31	37	39	45	49	52
18 17
0	1	2	3	4	11	12	20	22	25	28	30	31	34	37	44	52
20 19
0	3	4	5	6	12	13	16	22	23	24	27	28	32	38	44	45	46	63
19 18
0	1	3	4	6	8	14	17	22	26	30	33	36	43	45	46	49	52
18 16
0	5	6	7	8	12	19	22	24	25	27	31	32	43	52	63
19 17
0	1	6	7	9	10	12	22	23	24	29	35	40	45	48	52	60
17 16
2	3	5	6	11	12	15	17	19	20	24	30	31	32	34	52
19 18
0	6	8	9	10	11	18	19	22	25	29	30	34	35	38	46	51	52
19 19
0	3	4	5	6	11	14	16	17	19	20	30	31	35	36	44	45	48	49
21 19
0	2	4	6	8	16	21	22	24	25	26	31	32	33	35	39	43	52	63
16 16
1	2	3	5	10	11	12	13	19	20	25	26	28	30	32	49
19 18
0	1	2	3	9	10	18	20	23	26	28	30	35	37	38	44	49	64
18 18
1	3	6	14	19	20	22	24	26	27	29	32	34	35	37	38	40	50
23 20
4	6	7	8	14	15	19	20	22	23	25	29	32	34	35	46	50	52	54	61
19 17
1	3	10	11	17	18	19	20	22	24	28	30	36	41	45	60	64
18 18
0	4	8	10	17	19	20	21	25	26	29	30	32	33	41	44	45	49
21 19
4	6	8	11	18	21	22	24	25	27	28	34	37	38	39	43	48	52	63
19 17
0	2	3	5	7	13	15	17	18	22	24	28	31	43	44	52	60
20 19
0	1	7	8	10	14	15	17	19	20	21	22	23	29	32	33	34	49	54
20 20
1	2	3	4	5	6	7	9	11	13	17	22	24	26	27	28	29	34	36	46
18 17
3	6	8	9	12	20	23	26	27	29	30	32	34	37	40	49	61
20 19
0	3	8	9	14	15	19	23	26	31	32	33	34	35	39	40	41	49	52
19 19
0	2	6	9	10	12	16	18	20	22	23	24	26	27	28	29	35	36	49
20 19
3	4	6	11	13	14	15	17	19	20	21	24	28	33	34	41	45	47	61
17 16
1	4	5	6	10	11	15	20	24	28	32	34	38	44	45	60
18 18
0	1	2	3	4	6	8	11	20	22	23	24	27	30	31	33	35	43
19 19
1	3	5	7	11	14	15	18	19	20	21	24	28	31	32	33	35	45	51
19 17
5	6	8	9	11	12	25	27	28	36	37	39	40	47	49	60	65
17 17
0	1	3	4	6	8	14	16	17	18	20	21	22	24	26	34	43
20 19
1	5	6	8	11	12	14	20	24	25	27	31	35	36	37	39	43	50	63
18 18
1	2	3	5	10	11	13	14	19	20	21	22	24	26	28	32	45	47
19 18
1	2	4	5	6	8	11	13	15	16	19	20	22	25	26	40	44	65
18 18
0	1	4	7	9	11	13	16	19	20	23	24	26	28	40	41	45	47
19 18
0	5	8	10	11	14	16	19	20	22	27	28	30	35	36	37	48	52
17 16
0	1	5	6	10	11	15	19	24	30	31	35	39	40	44	64
17 17
0	2	3	4	11	13	14	15	20	24	26	27	35	37	41	45	49
19 18
5	6	11	12	16	17	19	20	23	25	26	29	33	36	40	43	49	54
20 20
1	4	5	8	9	11	12	13	17	19	24	25	26	27	34	36	39	41	43	49
19 19
1	3	4	8	9	11	12	15	16	17	20	24	25	29	32	35	38	41	45
17 15
0	1	3	6	7	10	11	12	24	33	35	36	44	52	64
18 17
0	1	4	11	15	17	21	27	28	31	34	35	37	46	48	49	64
18 18
0	1	2	3	5	12	15	19	21	23	26	27	37	39	41	42	46	49
19 19
2	5	7	10	12	13	17	18	19	24	27	28	29	30	32	34	38	44	46
20 19
4	8	9	10	13	14	16	18	21	22	28	29	30	31	37	38	39	49	63
16 16
1	2	4	5	6	9	16	17	19	24	25	27	41	45	46	47
17 17
0	2	3	6	7	11	15	16	17	18	19	22	24	26	28	34	47
19 17
0	2	3	4	7	17	20	22	24	25	26	28	31	35	47	52	53
18 17
0	2	5	6	7	10	16	22	23	24	25	26	28	29	32	47	63
19 18
0	2	3	4	9	11	12	13	15	20	22	23	27	30	31	37	41	52
19 18
0	1	6	8	9	11	12	15	23	24	29	33	38	39	44	45	49	52
16 16
0	1	2	4	7	8	9	11	13	16	19	24	36	40	41	44
19 18
0	2	6	7	12	13	19	23	25	27	28	29	31	32	33	39	49	59
19 19
2	6	7	8	9	10	11	12	14	15	16	22	23	25	29	31	34	38	49
20 18
0	1	3	4	6	8	16	23	24	27	29	30	34	35	36	37	53	60
17 15
0	3	7	8	9	16	17	22	25	32	33	35	49	60	64
17 16
0	4	6	8	9	10	11	13	18	22	24	34	39	41	45	54
20 19
1	4	5	6	8	9	13	17	19	20	25	33	34	36	37	47	48	49	61
19 18
1	5	6	11	12	19	20	21	22	25	27	29	33	34	43	45	48	59
18 17
0	3	5	8	10	13	17	18	22	24	27	31	34	36	37	46	54
18 18
0	2	8	10	12	16	23	26	28	29	31	34	36	39	40	45	49	51
18 18
0	2	4	11	15	19	20	21	23	24	26	27	35	41	43	44	45	49
19 18
0	1	4	5	8	11	13	15	17	18	23	24	26	28	31	35	39	65
15 15
0	1	3	4	7	10	15	20	22	24	25	29	30	33	41
20 18
1	3	6	8	12	17	19	20	23	26	27	30	34	38	40	46	53	65
19 18
1	9	10	11	12	14	16	17	18	20	22	24	25	29	30	40	41	61
17 17
0	5	7	9	11	12	15	16	25	26	28	30	33	34	40	45	49
17 15
2	3	4	6	10	11	12	20	29	30	32	34	41	61	65
18 17
2	3	7	9	10	12	15	17	20	24	25	33	37	38	40	41	63
19 17
0	1	2	4	7	8	10	11	15	17	24	25	29	31	44	60	63
17 17
2	3	4	11	12	16	20	21	22	23	24	28	29	31	34	37	38
17 17
0	6	8	10	11	13	15	18	19	21	22	23	24	26	29	34	39
20 18
2	5	6	10	12	14	15	16	20	22	25	28	29	32	34	43	59	64
19 17
1	3	5	6	7	13	18	19	24	27	32	34	36	46	48	60	63
19 19
0	1	3	4	6	8	10	12	13	17	22	24	25	27	28	30	32	39	47
20 18
0	2	4	7	10	11	13	16	17	18	22	27	30	31	44	51	52	60
21 19
0	4	10	13	17	20	22	23	28	29	31	32	37	40	42	43	51	63	65
19 18
0	3	4	5	7	9	11	12	13	16	20	23	28	29	30	38	44	52
18 18
0	1	3	5	6	8	10	14	15	17	19	22	25	28	35	39	47	49
18 18
4	5	6	10	12	17	18	19	20	21	24	25	26	27	28	30	47	49
20 18
0	2	5	10	11	12	18	19	21	25	27	28	30	38	39	44	52	64
20 18
0	1	5	6	8	9	10	11	12	13	17	23	28	29	39	45	60	65
20 16
1	9	11	15	17	19	24	30	33	34	37	41	53	54	61	63
20 18
2	3	5	6	7	11	16	17	20	25	27	29	30	34	37	50	53	65
18 18
1	2	4	5	6	10	11	13	15	19	20	24	25	27	28	37	38	45
17 17
0	1	2	9	10	11	13	15	19	20	27	30	33	41	44	45	49
20 19
0	5	6	10	12	15	20	21	23	26	28	29	30	34	37	40	44	51	52
18 17
2	3	5	10	15	17	18	19	20	24	25	26	27	35	36	44	54
17 17
0	2	4	6	7	9	10	11	15	17	20	24	27	34	37	43	45
17 17
0	1	4	5	7	8	11	14	16	17	21	22	23	24	29	34	41
19 17
5	6	7	8	11	15	16	18	19	21	23	24	33	40	44	52	63
22 19
0	4	6	7	8	13	15	16	17	19	25	28	29	34	46	50	60	64	65
19 18
1	6	8	9	10	11	15	19	23	25	29	35	38	39	40	43	45	52
16 16
0	2	7	11	12	15	16	17	20	24	25	27	28	35	41	45
18 18
0	2	6	8	9	12	16	17	20	22	24	26	29	30	39	40	43	45
18 17
0	5	7	9	12	15	16	20	22	26	28	29	31	33	34	49	63
18 18
0	1	2	3	4	6	7	13	15	23	24	27	30	31	36	37	42	44
18 17
0	4	5	10	12	13	20	24	25	28	29	31	37	39	43	44	53
17 17
0	1	3	7	10	11	13	14	18	19	20	24	27	28	30	36	41
18 17
1	3	5	6	7	8	10	13	17	24	25	30	34	37	43	45	60
18 18
2	5	6	7	11	16	18	19	21	23	24	27	28	29	31	35	36	40
18 17
0	3	8	10	12	15	20	22	23	24	25	26	28	34	39	45	52
20 19
2	4	5	9	10	13	15	16	20	22	27	28	29	32	40	42	43	46	59
22 19
4	9	11	12	13	20	21	25	27	29	31	33	35	38	39	42	52	53	54
19 18
1	2	3	12	14	15	16	19	20	27	28	29	34	37	38	40	45	52
17 17
1	5	12	13	18	19	20	22	24	25	26	27	28	29	34	35	43
19 17
1	5	6	7	9	12	19	21	25	33	34	37	39	47	49	52	53
20 19
0	1	6	11	12	13	14	15	16	17	21	24	28	31	32	34	38	45	53
19 18
0	7	8	13	14	16	18	19	21	30	31	36	37	40	41	44	45	52
20 18
0	1	4	7	11	15	19	21	22	26	27	28	30	32	34	47	52	53
21 19
3	4	6	7	10	14	15	16	17	19	22	28	31	34	37	40	49	52	61
19 19
5	6	7	8	10	11	13	15	16	18	19	24	32	36	37	38	43	44	51
19 18
0	1	3	5	6	14	16	17	19	21	22	24	29	32	35	39	49	53
19 19
1	2	6	7	10	11	13	14	15	16	19	21	28	32	34	37	38	45	49
18 17
1	3	5	6	8	9	13	16	19	20	27	28	32	37	40	49	63
17 17
0	9	12	13	15	17	18	19	21	23	27	28	29	32	39	40	49
19 19
0	1	2	3	5	8	12	13	18	20	22	24	26	27	29	30	34	40	41
18 17
0	2	6	10	11	14	15	16	20	21	22	24	29	34	36	39	60
19 17
2	3	11	15	16	18	19	20	22	24	27	28	29	41	43	64	65
16 16
1	3	4	7	8	11	15	16	18	22	23	24	28	29	38	41
21 19
1	6	8	10	15	19	21	22	25	27	28	29	30	37	39	40	45	64	65
19 18
0	1	2	3	4	5	10	14	16	17	18	22	31	37	39	41	49	64
20 18
0	1	2	11	14	15	16	18	19	20	25	26	28	31	33	44	64	65
19 17
0	1	6	7	8	9	11	12	15	17	24	28	40	45	49	52	64
18 17
3	8	9	10	11	12	13	17	20	24	25	29	36	41	42	45	61
19 18
1	2	4	5	6	7	9	11	19	22	23	26	27	30	34	45	51	52
17 16
2	5	6	12	15	16	22	24	27	28	29	40	41	44	49	53
19 17
3	6	10	15	23	25	31	33	36	37	38	39	40	45	50	52	60
18 17
0	2	4	6	9	12	16	18	19	29	31	37	39	40	44	48	52
18 18
0	3	5	7	8	12	13	16	18	22	24	26	30	31	32	36	41	45
19 17
1	2	3	5	6	7	9	10	11	13	14	32	34	49	50	53	63
18 17
0	2	3	4	9	16	17	18	20	22	26	28	30	33	35	45	59
15 15
0	3	4	5	6	7	10	13	15	18	22	24	38	41	45
19 18
0	1	6	10	11	12	15	16	22	24	25	31	35	37	39	43	45	65
21 20
1	3	5	8	10	11	13	14	17	18	19	24	25	30	35	38	41	43	44	53
18 17
0	2	7	9	12	14	15	16	20	24	25	27	28	36	37	47	59
19 18
2	5	8	11	17	19	22	27	28	29	30	31	33	36	40	46	49	53
16 16
0	1	5	7	11	15	19	21	22	23	27	30	33	41	47	49
19 18
1	4	5	9	11	15	18	20	21	22	24	26	27	28	29	31	45	52
17 17
0	1	4	5	6	10	11	16	18	21	22	24	26	33	34	39	45
17 17
2	4	5	10	14	15	17	18	19	20	22	24	28	29	34	35	39
17 17
0	2	5	9	11	12	14	18	19	24	27	29	31	32	39	41	43
18 18
0	4	6	8	9	10	11	15	16	17	20	23	25	29	34	37	45	49
18 18
0	3	5	6	11	12	13	14	16	18	20	24	26	28	36	37	44	47
17 17
0	2	4	5	10	11	13	16	18	22	24	26	27	28	34	39	45
17 17
0	1	2	6	8	16	17	18	21	23	24	31	37	39	40	41	47
20 19
2	5	9	14	16	18	19	23	26	27	28	29	31	36	37	39	40	43	59
19 19
2	5	6	9	10	13	18	19	20	26	27	28	30	32	34	42	43	47	49
20 18
0	1	7	9	12	13	15	23	27	28	29	33	34	39	43	46	52	65
18 18
1	2	6	9	10	14	17	19	22	24	27	28	31	35	38	45	46	47
19 18
0	4	5	8	11	12	13	14	22	25	27	28	30	35	36	46	49	60
22 20
0	1	6	7	8	10	15	16	19	20	25	29	31	36	39	40	41	42	61	65
19 18
0	1	2	8	9	10	15	16	19	27	29	31	32	43	45	46	49	60
19 17
2	3	5	11	16	19	22	23	24	26	34	35	44	45	50	53	60
19 18
8	11	12	13	14	15	16	17	19	25	28	31	32	34	39	49	50	61
19 17
0	2	7	9	10	11	12	15	17	18	30	31	34	35	37	60	65
17 17
0	2	3	5	7	10	13	14	18	19	20	27	30	39	41	42	49
18 16
5	6	7	10	11	13	14	15	20	30	32	40	41	42	60	65
17 17
2	5	7	10	11	12	16	18	22	24	26	27	28	29	35	43	45
19 18
0	4	5	7	8	11	16	17	21	23	25	28	29	32	36	44	49	59
19 18
0	2	3	12	13	15	18	19	24	28	33	34	37	39	41	48	49	52
19 19
0	1	2	4	11	13	14	15	20	22	30	32	33	34	36	41	42	49	51
17 17
0	6	7	8	11	18	19	21	22	24	27	28	31	33	35	45	49
18 18
1	4	8	10	11	12	16	17	24	25	27	28	29	33	38	39	44	47
19 19
0	3	6	7	11	14	17	18	19	22	26	27	28	29	30	31	33	36	49
20 18
2	8	10	13	18	19	21	22	26	27	30	33	36	37	38	39	52	60
20 18
0	1	2	9	10	11	12	15	16	17	23	26	34	35	39	43	59	60
18 18
0	1	6	7	12	15	20	22	23	24	25	26	27	29	30	34	41	43
18 17
0	1	6	8	9	17	18	19	20	21	23	24	30	33	34	37	52
19 17
0	2	5	9	10	11	15	17	20	21	23	24	27	46	48	60	63
17 17
0	2	3	4	6	7	9	10	15	16	17	22	24	36	41	45	50
19 18
3	4	8	9	10	12	13	14	17	18	19	24	25	28	38	39	49	54
19 18
0	4	5	7	9	11	15	18	20	25	27	28	34	37	39	42	43	52
21 18
0	6	7	14	15	16	18	20	25	27	30	33	46	49	51	52	60	61
20 18
1	2	3	5	6	10	12	18	19	20	26	32	33	37	39	41	52	64
18 18
0	2	3	4	5	6	7	11	14	20	22	24	28	34	36	41	44	51
17 16
0	1	5	6	11	14	17	21	24	27	29	34	41	43	45	53
18 17
4	9	13	14	15	16	20	21	22	27	28	29	38	40	41	43	52
19 18
0	1	3	5	6	7	8	10	14	19	20	31	32	33	34	39	49	63
18 17
0	2	6	7	9	11	12	15	17	19	20	22	27	34	39	40	65
18 17
0	1	2	4	5	7	11	13	15	23	24	27	31	32	39	43	54
18 17
0	1	6	8	18	19	20	21	23	24	26	30	37	40	41	49	52
19 17
2	5	9	15	16	19	20	22	24	27	33	37	39	41	45	52	60
18 17
3	5	10	12	13	15	23	24	25	26	28	30	36	40	46	48	63
18 17
0	3	4	10	13	14	15	20	28	30	33	36	37	38	45	50	59
20 18
0	1	3	4	6	15	17	19	23	26	34	37	43	44	45	46	63	65
19 17
2	5	6	7	11	17	18	19	20	23	24	26	27	30	50	60	61
19 18
0	1	4	8	11	12	16	20	21	25	26	27	28	30	31	42	47	59
19 18
1	2	4	5	6	9	11	13	15	16	19	20	25	31	34	36	50	59
21 20
4	5	6	7	10	12	14	16	18	19	22	23	25	26	32	33	34	36	45	52
20 17
1	3	4	8	10	17	18	19	20	23	24	25	28	30	54	59	61
20 18
0	3	10	11	15	18	20	21	22	28	29	30	32	33	34	44	52	60
22 21
3	4	5	6	7	8	9	12	13	15	16	18	21	22	23	29	33	37	42	43	52
19 18
0	2	3	4	10	11	14	17	18	19	20	24	25	27	30	31	44	54
18 18
3	6	7	9	10	13	15	16	17	19	26	28	36	38	40	41	47	49
18 16
0	1	4	7	8	9	14	17	23	27	30	32	34	41	52	54
20 19
0	3	4	8	12	16	19	20	24	25	28	29	30	32	33	34	37	47	54
17 16
1	2	7	8	11	16	19	21	22	23	24	28	31	34	41	64
18 17
0	2	4	5	14	15	19	20	28	29	30	33	34	37	45	47	65
20 19
0	5	6	11	13	14	19	22	24	27	34	35	38	40	42	44	46	50	60
21 19
5	7	10	13	15	16	19	20	23	24	25	28	29	33	34	39	42	60	61
18 18
1	2	5	6	7	8	9	11	16	19	23	24	26	28	29	31	40	45
20 19
2	4	6	7	8	10	11	14	16	18	20	23	29	37	38	40	45	51	52
19 18
2	3	6	8	10	13	17	19	20	23	35	39	40	41	43	45	49	61
19 18
2	4	9	10	11	12	14	18	19	22	24	25	31	34	38	39	41	60
20 18
1	3	7	8	9	10	11	12	25	27	28	29	30	36	40	50	52	64
19 18
1	3	4	5	6	7	8	10	11	17	20	24	25	26	32	33	36	60
17 17
0	5	6	7	12	14	16	19	21	24	27	29	32	36	40	44	49
20 18
0	1	3	6	10	15	22	23	24	25	26	27	28	36	39	45	52	54
18 18
3	5	7	11	12	13	14	16	18	22	23	24	28	29	35	40	41	43
19 17
1	3	4	5	8	12	16	20	24	25	28	29	37	45	47	52	60
18 17
0	1	6	7	9	11	17	18	19	22	26	30	33	34	37	42	52
17 17
2	5	10	12	19	20	24	25	27	28	29	30	39	40	42	44	45
19 18
0	2	5	6	10	14	22	23	24	27	29	33	35	39	45	50	51	60
18 17
0	2	3	9	10	11	12	20	22	26	28	33	35	36	39	40	52
19 17
1	3	4	5	6	7	10	12	15	22	24	25	31	35	37	52	60
17 17
0	3	4	10	12	18	20	25	26	28	29	30	31	32	37	43	49
19 18
0	1	2	3	4	6	7	13	16	18	19	21	22	24	26	34	37	59
20 19
0	4	6	7	8	9	11	12	17	22	23	25	27	28	30	31	36	50	52
19 17
0	2	4	5	8	17	18	20	23	24	27	28	32	45	46	60	61
17 17
0	2	3	6	8	10	11	13	14	20	21	24	27	30	36	38	41
19 18
3	5	8	13	15	16	17	18	19	23	24	28	31	32	34	36	37	53
22 20
2	4	8	11	12	13	14	18	19	20	21	24	28	31	32	33	43	44	52	64
19 17
0	4	6	8	13	14	16	17	18	19	22	29	34	44	45	52	53
18 18
0	1	2	4	10	12	15	21	24	25	28	33	39	41	42	44	47	48
19 18
4	5	6	12	15	16	19	20	25	26	27	31	34	36	43	46	48	52
17 17
1	5	6	7	11	13	18	19	22	24	25	26	27	28	29	31	46
23 21
0	3	10	12	13	15	18	19	21	22	23	30	31	33	35	39	43	44	45	60	65
18 17
1	10	11	14	15	18	20	21	23	24	28	29	30	32	38	40	60
21 19
2	3	10	11	15	19	20	21	22	23	24	26	32	40	43	44	47	54	61
19 18
0	2	7	11	12	13	15	18	19	22	24	25	27	29	30	34	41	61
18 18
0	9	11	19	20	25	26	27	29	30	33	34	36	37	40	41	44	49
17 17
0	2	3	6	7	8	12	13	20	24	25	27	30	34	45	46	47
19 18
0	3	4	8	9	12	13	15	18	20	23	30	31	33	39	41	42	52
18 17
2	3	11	12	15	16	18	20	21	23	24	28	29	32	37	40	64
20 17
1	2	5	6	8	10	11	12	22	23	26	30	31	44	53	60	65
17 17
0	3	4	7	12	13	20	21	22	23	24	27	28	29	31	32	37
19 17
0	1	3	7	12	15	17	21	22	23	24	28	31	37	46	52	59
18 16
2	3	5	12	15	16	17	20	22	24	28	31	33	39	60	65
21 18
2	5	13	14	15	17	18	19	22	23	24	33	34	37	50	53	54	61
18 17
2	3	4	6	7	15	19	20	23	24	28	29	34	35	37	45	61
18 17
0	1	4	7	9	12	18	19	20	23	27	28	30	31	38	49	52
17 17
1	2	5	7	9	10	11	14	16	19	24	27	32	33	36	41	47
20 18
1	2	9	10	14	19	22	23	24	28	31	32	35	40	44	46	52	64
17 17
1	4	5	6	10	12	13	15	24	25	26	28	29	34	39	40	46
19 18
0	2	5	6	8	10	13	14	16	18	20	22	23	29	40	44	49	54
19 18
1	4	5	7	8	12	14	21	22	23	24	27	29	37	41	42	50	61
20 19
2	3	4	5	6	8	11	18	24	26	27	29	32	34	36	39	40	45	64
19 19
3	5	9	12	16	18	19	25	28	30	31	32	33	36	37	39	40	42	49
20 19
1	8	9	11	13	15	18	21	24	27	28	30	32	34	37	38	46	49	60
18 18
0	1	4	7	8	9	10	14	15	17	22	24	26	28	29	30	34	35
19 17
0	1	2	3	10	11	13	15	17	20	31	36	37	39	49	52	60
18 18
0	2	5	6	10	15	17	18	19	20	21	22	24	25	26	29	38	44
18 17
0	2	3	6	11	12	13	18	19	20	24	27	32	33	34	35	63
21 19
4	5	7	10	13	14	15	22	28	29	33	36	38	39	43	44	49	52	60
19 18
5	6	13	14	15	16	17	20	21	24	28	29	32	40	43	45	46	60
19 17
0	1	2	3	5	6	11	14	17	20	24	27	34	40	47	53	63
19 18
0	1	4	5	7	11	15	16	22	23	24	26	28	29	35	39	43	63
20 18
0	1	6	10	12	13	18	20	23	25	29	30	31	37	40	43	59	60
18 17
1	7	8	9	13	15	17	18	22	26	27	28	29	30	34	38	52
18 17
0	2	3	7	9	10	11	12	16	22	25	31	35	41	49	50	60
20 17
0	1	3	4	6	7	9	11	13	18	19	24	30	41	60	61	65
21 19
2	6	8	10	11	17	18	19	21	23	25	27	29	30	32	38	47	52	53
20 18
2	3	4	5	8	9	11	16	17	20	25	30	33	35	38	43	52	60
18 18
6	7	9	13	15	16	17	18	24	26	27	28	29	30	37	38	40	41
17 17
0	1	3	11	16	19	20	22	23	24	27	29	30	39	41	45	50
16 16
1	5	11	12	14	16	18	20	24	28	29	30	31	37	40	44
17 16
0	3	4	7	10	11	12	17	22	23	35	37	42	48	49	60
20 18
0	1	2	3	6	7	9	10	15	24	25	26	28	30	37	39	60	63
23 21
0	3	8	13	16	20	21	26	28	30	31	32	35	37	41	44	45	47	51	61	65
20 19
1	5	6	8	11	14	16	18	19	20	21	24	26	30	32	34	41	43	59
18 18
1	4	5	9	16	17	18	21	23	24	28	29	30	39	40	41	42	44
18 18
0	2	5	7	9	11	12	14	16	18	21	24	28	30	33	34	43	47
17 17
0	3	4	6	9	10	12	13	16	21	28	31	36	39	41	45	49
18 17
3	4	5	6	7	11	12	20	23	25	28	29	33	34	39	44	52
20 19
0	8	9	12	13	15	16	17	18	19	26	28	29	33	34	44	45	49	53
18 17
3	5	12	13	15	16	20	23	24	28	29	31	32	34	44	49	64
18 18
5	7	9	10	13	18	19	22	24	27	28	30	34	41	45	46	47	49
