1000
17 17
1	4	6	7	16	21	22	23	24	26	27	29	31	38	40	43	45
18 17
1	4	10	16	18	19	20	22	24	25	26	27	28	35	37	38	52
18 17
0	1	2	4	6	9	10	16	18	23	24	33	37	39	40	41	52
19 17
0	3	5	8	11	15	18	20	21	25	31	33	36	39	45	52	60
21 20
0	1	2	5	8	9	10	11	16	17	26	28	31	33	40	43	45	46	47	52
19 18
1	2	3	6	7	8	9	10	12	18	19	25	26	28	38	39	42	52
19 19
0	3	4	6	8	10	11	12	13	14	17	18	20	24	29	40	42	44	45
18 16
0	2	3	5	6	10	14	18	20	28	30	36	38	49	52	60
17 16
0	2	3	4	10	11	14	20	24	28	31	37	42	45	49	65
18 17
2	3	5	6	11	13	14	16	19	20	22	25	26	41	43	49	53
18 16
4	5	7	9	10	16	17	21	24	32	37	40	41	44	52	63
19 18
5	6	10	12	16	17	20	21	23	28	29	32	34	36	42	49	51	60
18 18
0	2	4	9	11	15	16	17	18	20	23	24	27	29	30	41	43	49
20 17
0	2	3	6	9	10	20	23	24	28	30	35	37	41	52	53	54
20 20
0	1	2	3	5	10	11	12	16	18	28	31	32	36	37	38	44	45	46	49
17 17
0	3	5	7	15	19	22	24	26	27	28	31	35	37	44	45	49
18 17
0	3	4	5	14	15	16	18	20	25	26	27	28	31	36	37	52
20 20
0	1	2	4	7	8	9	14	16	17	19	23	28	29	30	34	35	45	49	50
19 18
0	2	6	7	9	11	14	19	27	28	29	31	34	39	40	43	49	60
20 18
0	3	7	8	10	11	12	29	30	31	33	34	35	40	43	49	54	64
20 19
5	6	8	11	12	14	15	16	19	20	23	26	30	32	33	34	40	46	52
21 19
1	4	5	6	8	11	14	16	17	18	29	30	31	32	34	40	43	53	65
18 18
0	3	4	6	8	14	15	16	19	20	23	27	29	30	32	35	44	49
18 17
4	5	7	8	10	13	14	16	17	18	20	22	28	29	30	37	65
18 17
2	5	11	18	20	26	27	28	30	31	37	39	40	42	47	49	60
21 18
0	2	3	4	6	7	9	12	15	17	19	20	23	31	44	54	64	65
18 17
0	1	5	11	12	13	15	19	20	21	22	23	24	27	30	31	60
19 18
5	7	9	10	13	15	16	17	21	29	30	34	37	38	40	46	49	54
17 17
0	6	8	12	13	14	16	20	21	22	24	28	29	32	36	40	43
20 19
3	4	5	10	13	17	23	24	25	28	29	37	39	40	43	44	45	49	52
21 20
0	3	4	6	12	13	16	17	20	22	23	25	27	31	32	33	34	38	40	65
20 19
6	8	13	16	17	18	20	25	26	27	29	30	31	33	34	37	38	44	52
18 18
1	2	3	4	8	10	17	18	21	22	24	28	29	30	34	38	39	41
20 19
4	5	6	8	12	14	15	17	18	20	24	28	29	32	34	35	42	45	52
19 17
0	7	11	14	16	18	22	25	28	29	30	34	37	38	44	52	63
19 18
0	3	5	7	10	12	20	23	28	30	31	32	35	38	40	46	49	59
19 18
1	2	5	6	7	8	9	10	11	12	14	15	28	29	35	40	49	63
17 17
0	2	3	5	10	12	13	18	19	21	34	37	38	39	41	42	49
17 17
0	7	9	11	13	14	15	16	19	20	21	24	28	33	37	39	40
19 18
1	5	11	13	15	16	18	19	23	25	26	27	30	32	40	41	46	65
20 17
0	1	2	6	7	8	16	21	22	24	25	29	38	44	52	59	61
17 17
0	3	5	6	10	12	18	20	21	22	24	26	34	36	37	42	49
17 17
6	10	12	13	17	20	21	24	27	29	32	34	36	38	41	43	46
18 18
0	1	6	8	11	14	16	19	20	22	25	26	27	32	34	37	49	50
21 18
0	1	6	7	10	15	24	27	28	30	33	34	35	37	51	52	60	65
18 17
0	1	2	3	7	8	9	11	15	16	24	25	26	28	39	46	54
20 17
0	5	6	8	14	17	21	27	28	30	40	41	44	49	52	53	60
16 16
1	11	15	16	17	20	21	23	24	28	29	31	37	38	40	45
18 17
0	1	5	7	10	11	12	21	22	23	24	26	28	32	41	44	60
17 17
0	4	5	15	18	19	20	21	23	24	25	27	29	36	41	43	49
19 18
2	3	4	5	11	12	16	18	23	24	30	32	36	39	42	45	49	60
19 18
2	5	10	11	12	13	15	18	23	28	32	34	35	39	41	43	49	60
16 16
1	4	8	10	11	12	19	20	24	25	27	28	30	38	42	47
21 18
0	1	4	11	12	14	17	21	23	28	29	30	33	34	42	52	53	60
17 16
1	4	5	10	11	15	18	20	22	24	27	28	42	44	45	60
20 19
6	7	8	12	16	17	18	22	25	26	27	28	29	30	38	40	47	49	64
19 18
0	2	3	7	8	9	11	12	15	20	23	24	27	29	34	36	41	60
19 17
5	6	8	10	11	18	21	22	24	29	31	36	39	40	43	52	53
19 18
0	1	4	6	11	13	23	25	27	28	34	35	37	39	40	43	49	63
19 18
1	2	5	8	14	16	20	23	24	32	34	37	38	39	42	43	47	60
18 18
0	2	4	8	10	11	14	16	17	20	21	23	24	28	29	35	36	44
17 16
0	1	3	6	7	10	11	17	21	22	24	31	41	45	47	61
17 17
0	3	4	6	10	13	15	19	23	24	25	26	28	39	45	49	51
18 18
0	1	3	4	7	8	11	13	23	24	26	27	30	33	34	39	41	43
18 17
0	1	4	6	11	14	15	21	22	24	25	27	29	31	37	40	53
18 16
0	1	3	4	8	10	11	17	18	20	22	24	27	40	60	64
19 18
0	1	2	3	5	8	11	16	17	20	30	31	33	37	46	49	51	60
21 19
1	2	6	9	11	12	14	18	19	20	23	27	30	37	42	43	47	52	61
17 17
0	2	3	6	10	12	15	17	20	22	24	26	29	30	33	34	40
19 17
0	4	5	8	15	17	18	19	23	24	31	36	39	40	49	52	60
18 18
2	5	6	12	15	17	20	24	26	28	29	31	35	39	40	42	44	51
19 18
1	4	5	7	9	12	18	19	22	23	26	27	30	34	37	38	41	52
18 17
0	2	3	7	9	12	13	15	16	18	22	24	25	28	30	36	52
19 18
0	2	5	6	9	10	13	18	19	29	30	31	34	37	38	43	49	53
19 18
8	10	11	13	15	16	20	22	25	28	29	35	36	38	39	40	45	52
19 18
0	6	7	8	9	11	13	15	19	24	30	31	35	37	40	50	51	53
18 17
0	11	15	16	18	25	27	28	31	34	35	36	37	40	42	49	53
18 18
0	5	7	10	11	15	19	22	24	26	33	35	38	39	40	41	45	49
18 17
0	1	2	6	11	15	20	21	22	24	27	30	31	35	44	47	65
17 16
1	4	7	18	24	25	26	27	28	29	34	36	37	43	48	64
18 17
0	1	3	6	14	15	19	20	22	24	26	29	30	31	35	44	65
19 18
2	3	4	5	7	11	16	17	20	21	25	26	27	28	29	34	36	52
18 16
0	2	3	5	12	18	20	22	24	26	28	29	30	49	52	59
20 20
1	5	8	9	11	12	13	15	16	17	19	21	25	27	28	36	37	39	45	49
17 16
2	3	6	10	13	18	19	23	24	26	27	28	31	32	46	64
18 16
1	2	5	7	10	11	13	14	19	31	34	38	40	45	52	54
19 18
0	1	2	3	4	6	9	11	17	23	24	27	30	31	39	40	43	54
19 18
0	2	3	6	14	15	18	23	24	27	29	30	31	34	35	41	46	53
18 17
0	2	4	5	9	11	12	13	14	16	22	23	27	31	39	49	60
19 18
3	4	5	7	9	12	13	18	22	23	24	28	29	32	34	38	51	64
19 18
1	2	5	10	18	19	20	21	23	24	28	29	31	35	40	45	49	52
18 18
2	3	5	20	21	22	24	25	26	27	28	29	34	35	38	43	44	45
18 16
0	6	7	8	14	16	20	22	25	27	29	31	32	36	52	60
18 17
0	1	5	10	13	18	24	25	32	33	34	38	41	43	45	46	52
17 17
0	4	6	7	11	13	17	20	24	25	27	30	31	34	41	43	44
19 18
6	8	10	11	13	14	20	21	22	28	29	30	37	38	40	41	43	59
17 17
0	1	2	3	4	6	14	16	20	22	24	26	28	29	31	32	39
18 18
0	1	3	6	7	10	14	17	18	19	22	24	30	33	36	37	42	44
18 17
0	3	10	12	14	15	18	21	22	23	26	29	31	35	39	41	52
19 16
1	7	8	11	15	17	20	24	25	27	28	32	42	54	61	63
16 16
0	3	12	14	16	20	23	25	27	28	29	34	36	42	45	49
19 18
0	2	3	6	7	13	14	15	22	24	26	27	29	31	38	47	50	60
19 18
0	2	3	4	6	7	9	12	14	15	20	22	27	30	34	38	42	65
18 18
0	3	4	7	9	10	11	13	15	17	20	24	28	33	35	36	37	51
19 18
2	5	6	8	10	11	16	17	20	24	29	33	35	36	40	47	51	52
16 16
0	2	3	5	6	7	10	19	24	31	34	35	41	42	45	49
20 18
0	1	2	7	8	15	17	21	24	29	32	34	37	39	42	48	54	61
20 17
0	2	3	7	9	14	16	25	29	32	33	36	44	49	52	59	60
17 17
2	3	6	7	16	18	19	20	22	23	24	26	28	29	30	35	38
17 16
0	3	7	10	11	15	16	18	22	23	24	28	33	41	44	54
19 18
0	4	6	8	12	13	16	19	22	24	30	39	40	43	45	49	51	52
19 18
1	4	5	7	8	10	12	14	15	22	27	28	29	30	35	38	41	52
18 18
1	3	6	7	8	10	11	15	21	22	24	27	29	36	37	38	47	51
20 18
3	5	6	7	9	15	18	19	24	28	30	31	32	34	43	46	52	53
20 19
0	12	14	20	22	23	24	25	26	27	28	29	30	31	32	36	41	45	54
20 19
5	10	13	16	17	18	20	22	25	27	29	31	32	36	37	41	42	49	54
17 17
2	5	10	11	18	20	21	22	24	27	29	31	40	41	43	47	48
20 19
0	7	9	10	11	12	13	15	19	22	23	24	26	28	32	34	35	36	63
19 17
4	5	7	8	10	11	12	13	20	28	29	30	39	43	44	52	61
18 16
0	1	2	7	8	10	11	13	15	19	21	22	24	43	60	65
16 16
1	5	7	12	13	16	17	22	23	24	28	29	31	32	37	40
21 19
0	1	4	11	15	18	20	21	22	25	28	29	30	37	38	40	44	52	61
19 17
0	2	3	6	12	18	24	26	28	31	33	37	38	39	44	52	53
20 19
0	1	2	3	4	7	14	16	23	25	26	27	28	37	41	42	45	49	64
17 16
0	1	6	7	8	11	16	20	26	27	29	30	40	47	51	65
20 19
5	11	12	13	17	18	21	23	24	27	29	30	31	32	34	39	40	43	60
18 18
0	1	2	3	4	6	8	11	13	17	20	24	27	31	35	41	42	45
18 17
0	1	6	9	11	13	14	19	24	25	26	30	31	40	43	46	52
19 18
1	3	4	5	6	9	10	13	15	18	20	21	24	25	31	34	37	63
18 17
0	1	6	10	14	15	16	19	22	25	27	29	31	32	41	46	59
18 17
0	1	4	7	8	9	13	15	16	24	27	28	30	32	33	37	52
21 18
0	2	3	4	5	6	7	9	12	18	22	24	31	34	41	59	60	61
17 17
1	2	5	6	11	15	19	21	22	24	26	27	28	29	31	39	40
20 19
3	7	12	19	23	24	26	27	28	30	31	32	33	34	35	45	49	51	61
18 17
2	3	5	7	10	12	13	15	16	17	22	24	25	28	32	37	63
17 17
0	2	4	9	11	15	16	18	19	20	24	26	28	33	39	40	47
20 18
0	2	14	17	20	23	24	25	27	28	31	32	34	36	37	47	52	60
18 17
0	2	3	4	5	6	10	14	15	20	22	26	28	30	37	42	59
16 16
0	1	2	3	6	7	12	15	16	24	26	27	36	40	42	44
17 17
0	1	3	6	7	10	11	12	13	14	23	24	25	28	30	31	38
18 17
4	5	6	7	13	14	17	18	19	21	22	24	26	28	34	39	52
17 17
0	2	7	11	15	20	24	25	26	27	31	32	35	38	41	43	45
19 18
0	1	3	4	6	10	13	14	15	17	23	24	33	37	39	40	44	60
19 18
1	4	5	6	9	11	16	19	21	23	26	28	32	33	39	40	45	59
18 18
1	5	8	9	10	17	19	20	23	24	26	29	30	32	37	40	41	44
19 18
0	2	4	6	9	11	12	16	20	22	24	27	31	32	33	34	38	65
17 16
0	3	4	7	11	15	20	22	24	31	32	37	38	41	42	52
20 19
0	2	6	9	11	15	18	19	26	27	31	34	37	39	41	42	43	46	52
19 18
0	3	7	8	9	12	15	17	22	27	30	31	35	38	40	43	49	60
21 19
1	4	6	7	9	10	11	13	16	19	26	27	29	33	40	43	45	52	61
19 18
1	2	5	7	8	11	16	18	19	20	24	26	32	33	39	41	44	65
17 17
0	2	5	6	10	12	16	17	20	22	24	29	34	37	39	42	45
20 19
0	6	7	9	11	12	13	16	17	22	23	26	27	28	34	35	40	49	52
19 19
0	1	3	4	6	7	9	11	13	15	16	18	21	26	27	33	34	45	49
20 19
0	1	5	7	8	9	10	12	16	19	23	24	28	31	33	37	40	45	52
20 19
0	4	6	9	13	14	15	16	21	22	27	29	36	37	41	43	46	50	59
19 17
0	3	4	9	11	13	15	18	20	25	27	35	36	37	49	53	54
18 17
3	5	11	12	13	14	16	19	20	21	22	23	28	31	33	38	59
19 18
0	1	2	3	6	7	8	9	13	15	16	19	34	37	40	45	50	52
18 16
0	1	3	5	11	20	23	24	28	30	32	37	44	45	53	61
18 17
2	3	4	14	16	19	20	26	28	32	33	38	39	42	45	49	63
18 17
0	1	11	12	15	16	17	18	19	20	24	25	29	30	35	41	63
21 20
0	1	4	8	9	13	21	27	28	29	31	33	37	38	39	40	43	44	45	59
18 18
1	3	5	6	7	11	12	13	14	23	24	25	27	28	29	31	35	36
17 17
0	1	4	5	6	8	10	11	18	20	24	29	34	37	43	45	51
18 18
4	5	9	10	11	12	16	17	24	25	27	28	29	31	33	39	43	49
16 16
0	1	6	14	15	20	22	24	25	26	27	30	34	36	45	47
17 17
1	5	7	9	10	11	15	17	18	19	24	30	33	34	40	41	47
18 18
2	5	6	10	11	12	14	16	19	22	24	26	27	31	39	44	47	50
19 18
0	1	4	6	9	14	16	22	23	25	29	32	34	39	41	43	50	59
17 16
0	3	6	7	12	22	23	24	26	28	32	35	40	45	49	52
20 19
3	4	5	8	9	11	12	13	15	23	28	29	32	36	39	44	46	49	52
20 18
0	2	4	6	16	17	20	23	25	29	31	33	34	39	42	45	59	60
18 17
1	2	4	5	6	7	8	12	16	19	22	24	27	32	37	44	52
17 16
5	6	7	8	18	19	21	22	23	24	27	31	33	34	37	52
17 16
1	7	11	16	19	21	22	23	24	28	32	34	35	36	40	64
19 19
0	1	6	8	12	14	16	17	23	24	25	29	31	32	33	34	37	39	42
18 18
0	2	3	4	9	10	13	16	18	20	21	23	24	27	28	35	36	42
19 18
0	1	2	3	7	10	12	13	16	22	32	36	37	39	40	41	42	65
18 17
0	1	4	7	8	15	16	20	24	25	26	29	34	35	38	45	54
17 16
1	5	6	7	8	12	16	19	22	25	27	31	32	37	43	52
19 17
0	4	8	9	14	15	16	20	22	25	27	29	31	33	39	52	60
17 17
0	1	2	3	6	7	9	10	11	17	24	26	31	34	36	43	47
20 19
4	5	12	13	15	16	19	20	24	28	29	30	31	32	33	40	41	49	63
19 18
2	3	9	13	14	16	17	18	19	20	24	25	26	37	38	41	49	63
19 18
0	11	12	14	15	19	20	21	22	24	27	28	31	33	37	46	49	53
18 17
0	1	3	6	8	10	13	17	19	23	24	34	39	40	42	45	59
18 17
0	7	8	13	14	15	19	21	23	27	28	30	35	40	45	49	52
19 19
0	4	6	7	8	9	10	11	14	15	19	24	28	29	35	36	40	47	49
21 18
2	11	14	15	18	20	22	24	27	28	29	34	35	36	39	52	53	64
18 18
0	1	2	3	4	7	8	10	22	24	26	27	28	30	33	35	37	45
18 17
0	1	5	6	8	11	15	19	24	27	29	33	34	35	40	45	53
17 17
2	5	8	9	10	12	15	19	20	24	27	28	29	37	39	40	45
20 19
0	3	4	9	12	15	16	20	22	23	27	28	29	30	31	41	44	51	52
20 18
0	2	8	9	10	18	19	20	21	23	24	28	30	34	41	49	59	61
18 18
6	8	11	13	20	21	24	25	27	28	29	30	31	35	38	40	43	44
18 18
1	2	3	5	9	11	24	25	26	27	28	29	30	31	37	38	39	44
18 17
3	5	7	9	10	12	13	23	24	26	28	29	30	32	34	49	52
19 18
1	5	6	7	9	11	12	14	16	17	20	25	29	32	34	44	45	59
17 17
2	3	4	5	6	11	17	19	20	22	23	24	26	28	31	49	51
17 16
0	3	6	8	13	16	18	19	24	26	34	37	39	44	45	52
20 17
2	4	6	7	8	10	14	23	25	26	29	37	43	47	52	61	63
18 18
2	3	7	17	18	19	24	26	27	28	32	34	36	37	38	42	44	46
18 17
5	6	7	10	15	19	21	22	27	28	35	39	40	42	45	49	61
19 18
0	1	3	4	7	8	13	22	24	25	26	27	30	32	34	37	45	54
17 17
0	3	4	6	7	9	10	12	15	16	25	29	31	35	36	41	49
19 18
1	2	5	7	8	9	11	16	17	21	23	28	30	37	40	44	49	60
17 16
2	3	5	6	16	18	23	24	28	29	31	39	40	42	45	60
17 16
0	5	6	11	13	15	20	24	25	26	28	35	38	45	49	65
19 17
0	3	5	6	8	12	20	24	28	31	33	36	45	46	51	52	59
20 19
2	3	5	7	9	10	14	15	18	19	27	29	30	32	34	39	47	49	54
21 19
3	6	7	9	12	15	16	20	21	27	29	34	38	41	42	45	47	52	61
20 19
1	6	7	9	10	11	16	17	18	20	21	22	29	34	38	40	41	47	65
19 18
1	3	9	13	18	25	27	29	30	33	34	35	36	38	41	46	49	64
19 19
1	5	7	9	16	17	18	21	24	27	29	32	33	34	37	38	41	43	45
17 16
0	1	3	5	8	11	17	20	24	27	31	35	41	43	45	60
21 19
0	1	7	8	10	11	13	14	16	17	23	25	28	30	31	37	47	63	65
18 17
0	1	2	6	7	12	16	17	21	24	29	32	39	42	44	49	52
20 18
3	4	5	13	15	18	20	21	22	23	24	26	29	31	42	45	52	60
17 17
0	3	6	7	11	12	13	20	21	24	26	27	39	40	41	42	49
19 17
0	7	8	11	15	24	25	30	32	34	35	40	43	45	49	52	60
17 16
0	1	6	11	14	16	19	20	21	23	27	29	41	44	45	59
17 17
0	1	3	6	7	10	12	16	19	24	31	36	37	39	40	44	45
18 16
0	3	6	10	11	17	18	23	28	31	33	36	39	44	52	60
18 17
3	5	7	9	11	13	15	18	24	25	27	30	33	34	38	41	63
20 18
0	2	4	5	7	9	11	14	15	16	19	28	29	32	43	44	52	63
19 18
4	5	6	13	15	18	20	22	24	28	29	33	34	36	41	49	50	52
17 16
0	2	3	5	9	10	11	12	13	19	20	24	28	29	51	64
18 17
0	1	2	3	4	5	6	7	8	9	10	18	24	37	41	45	52
19 17
0	6	7	11	12	15	16	17	20	27	29	30	34	47	51	52	65
18 16
0	3	4	6	7	8	13	14	16	18	22	23	26	27	59	60
19 18
5	7	10	11	12	13	21	23	24	26	27	28	30	32	39	40	50	63
17 15
1	3	5	6	7	13	19	24	25	27	28	32	34	54	63
19 19
0	2	4	5	12	14	23	24	26	27	28	29	30	33	34	35	45	46	50
21 18
4	6	7	11	12	13	17	20	23	24	27	28	29	35	45	53	60	61
20 17
0	3	4	5	7	9	10	15	26	28	33	35	43	45	52	54	63
20 19
0	2	5	6	10	12	15	16	17	20	22	29	30	31	34	36	42	44	59
19 17
1	2	3	14	15	19	20	22	26	28	33	34	35	38	39	52	60
19 18
2	11	12	15	17	18	21	22	23	24	27	28	29	31	38	40	48	53
17 17
0	1	2	3	5	7	8	13	16	24	26	30	37	38	41	44	45
16 15
0	6	7	11	14	16	19	20	21	22	24	28	33	49	63
19 18
3	5	6	7	11	12	14	18	19	20	25	27	31	33	36	39	41	52
20 19
4	5	6	7	10	11	14	16	21	23	25	27	33	36	42	44	45	49	60
18 17
0	5	7	13	14	15	16	20	23	24	25	28	29	30	40	46	60
17 17
0	2	3	6	12	13	15	16	17	20	24	26	28	29	39	40	49
18 17
0	4	5	10	13	15	18	20	22	24	25	28	29	33	37	40	61
19 18
0	4	6	9	11	15	16	18	21	23	25	27	31	37	39	43	49	52
17 17
0	2	4	11	15	16	17	20	24	25	26	27	28	33	34	36	49
18 18
1	5	7	9	10	12	17	19	22	23	24	27	28	29	32	33	46	49
19 18
2	3	7	10	11	12	14	20	24	28	29	32	34	36	38	43	46	65
19 17
0	1	2	4	7	9	11	19	20	25	28	30	33	40	47	59	61
21 19
2	4	5	6	9	13	17	18	19	22	29	30	31	33	34	36	46	52	59
18 17
0	2	4	9	12	17	19	20	21	23	32	34	39	41	49	50	61
19 18
2	3	4	5	6	8	10	18	29	34	36	37	39	40	42	45	47	52
18 18
0	3	6	9	15	16	19	20	23	24	26	28	29	30	35	40	44	49
19 17
2	3	5	6	10	11	12	13	16	21	22	23	28	48	49	53	60
18 18
1	3	4	5	6	11	16	17	18	22	23	24	25	28	29	31	41	46
20 17
0	1	2	6	10	11	13	15	17	19	25	30	35	44	53	59	60
19 18
8	12	19	20	21	22	24	27	28	29	30	31	32	34	39	45	49	61
19 19
0	2	5	11	13	14	18	19	22	23	24	26	27	28	32	33	34	40	46
19 18
1	2	3	6	8	9	11	22	23	24	27	31	33	34	38	45	46	63
19 17
2	4	7	9	16	17	20	23	24	26	31	34	37	39	42	60	61
18 18
0	1	3	8	12	13	15	20	21	25	27	28	30	34	38	43	45	49
18 17
1	3	5	7	12	13	15	16	19	22	25	28	30	33	36	47	52
18 17
0	1	3	6	7	16	18	22	24	25	30	37	38	40	41	42	60
21 18
1	3	6	8	10	12	13	20	28	29	30	38	42	45	51	52	61	63
18 18
2	3	5	8	10	14	15	16	18	20	22	24	28	29	31	33	38	41
21 19
0	2	4	5	9	11	13	19	21	31	34	37	38	39	41	49	50	52	54
18 17
1	2	3	5	10	11	19	20	21	25	28	30	34	43	48	49	60
20 18
3	9	10	13	15	18	25	30	34	35	37	38	39	41	45	49	53	63
18 18
4	6	7	9	10	13	18	22	24	27	29	34	35	36	37	38	41	43
17 17
3	4	11	12	16	22	24	26	28	29	31	34	36	38	39	44	49
21 19
0	1	3	10	11	14	20	23	25	27	28	30	31	34	36	37	51	52	60
18 18
0	4	6	7	9	11	15	18	22	25	27	30	34	37	38	42	45	49
17 17
3	5	7	8	12	13	14	15	16	17	22	24	25	28	29	37	49
18 18
1	3	5	6	10	12	13	15	19	22	24	25	28	34	40	41	42	46
18 18
0	3	4	7	9	10	12	17	18	30	31	33	36	39	41	47	49	51
19 19
3	6	7	8	9	12	16	17	18	24	26	28	29	30	31	33	38	40	49
18 18
0	1	3	7	8	11	14	15	16	17	19	20	24	26	30	37	41	43
17 17
1	3	5	6	16	17	19	24	26	27	28	34	38	40	44	45	46
19 17
0	1	4	6	7	14	17	21	24	27	29	34	38	43	45	54	59
19 17
1	3	4	7	9	10	11	16	19	22	24	25	35	37	44	60	64
20 18
0	2	3	7	8	14	16	17	20	22	25	26	27	28	30	38	61	65
20 19
2	3	14	15	16	20	25	26	27	28	29	33	34	37	43	45	47	49	64
18 17
1	5	6	11	13	14	15	19	21	27	28	32	34	35	39	40	59
19 17
2	4	5	6	7	10	17	18	21	23	25	29	40	41	45	52	54
16 16
0	1	4	15	17	20	21	22	23	24	27	29	30	31	41	45
19 18
0	2	3	5	6	10	11	14	16	17	20	28	30	37	38	45	49	52
20 18
0	1	4	5	6	8	19	22	24	28	29	33	37	40	44	49	53	61
20 19
1	3	4	6	10	11	18	19	20	22	24	25	26	35	36	38	39	46	53
20 18
3	7	10	11	12	13	17	18	21	22	28	29	30	33	34	41	52	64
20 18
1	4	5	11	13	14	16	22	24	25	26	30	40	41	43	46	59	60
18 18
0	6	11	12	13	14	15	18	19	22	24	25	27	34	35	36	45	46
20 18
2	3	4	6	11	17	19	20	22	24	32	34	37	38	40	42	52	64
20 18
2	5	6	7	8	9	13	19	23	24	25	29	33	34	37	38	61	63
18 17
0	1	5	8	9	11	12	13	20	30	31	33	35	40	41	43	52
18 17
5	6	8	9	10	22	24	25	27	30	32	38	39	45	47	49	60
19 19
0	3	4	6	8	10	14	17	19	22	23	25	29	32	35	39	43	48	49
19 18
5	9	11	13	15	16	19	20	21	24	35	36	37	40	43	44	49	54
20 19
0	1	4	7	9	12	13	16	21	22	24	27	28	29	31	33	35	45	52
18 17
0	1	3	6	7	13	15	17	23	25	27	30	34	41	43	49	60
18 17
1	2	3	5	10	12	13	17	19	24	25	34	35	36	37	41	53
20 18
2	4	5	7	9	10	13	15	16	22	23	29	30	31	45	49	60	65
19 18
0	2	3	9	14	16	17	20	22	24	26	28	29	33	36	38	41	61
18 16
0	2	4	9	16	18	22	25	29	31	36	39	41	44	52	64
20 19
1	2	4	7	9	11	20	22	23	25	26	27	29	30	31	34	38	49	60
18 17
0	2	4	14	16	17	18	19	20	21	22	24	27	28	35	36	52
17 17
2	3	4	5	9	14	16	17	18	20	22	24	27	29	33	41	45
22 20
2	5	6	7	8	10	16	18	22	23	24	25	29	30	33	35	45	47	60	65
21 19
0	1	12	13	16	17	18	23	25	27	28	31	34	42	44	45	50	52	53
20 18
2	4	5	14	15	17	19	21	22	27	32	39	41	42	45	49	52	54
17 16
0	1	2	9	14	15	16	17	20	22	24	28	31	44	47	60
19 18
1	3	6	7	8	11	12	14	18	21	22	26	29	30	33	34	38	52
18 17
1	5	6	7	11	12	14	15	16	19	20	24	27	32	42	43	64
20 18
2	5	9	11	12	16	18	20	22	25	26	28	33	35	39	49	61	63
21 18
5	6	7	9	10	11	12	20	21	25	29	30	34	43	51	52	53	59
19 18
2	8	9	10	15	20	24	25	27	29	30	33	35	38	41	43	46	65
17 17
5	6	7	10	12	15	18	21	22	28	29	30	34	41	42	44	49
17 16
0	5	6	7	8	11	16	17	22	28	33	34	35	47	49	64
20 17
1	9	10	11	15	20	27	30	36	37	40	41	44	49	53	61	63
19 18
1	2	9	10	12	15	16	19	20	23	26	29	30	32	34	38	49	54
20 20
0	4	8	9	10	11	18	19	20	22	26	28	30	32	33	35	37	39	40	49
17 17
0	5	7	8	10	11	15	16	17	22	27	28	30	34	35	47	49
21 19
0	1	3	4	5	7	9	18	19	24	25	27	31	35	37	39	50	52	60
17 16
0	1	3	6	10	11	12	20	23	24	25	29	30	31	34	52
18 16
0	1	3	4	10	15	20	24	25	27	30	36	42	46	59	60
21 18
0	3	6	11	13	14	16	20	21	23	29	31	32	33	44	60	64	65
19 18
0	1	2	7	12	16	19	22	24	25	27	28	32	34	39	42	47	63
17 17
0	1	2	3	6	8	12	18	27	30	31	34	36	42	44	46	49
19 18
0	3	6	8	12	14	17	18	20	27	30	32	33	34	37	40	42	52
18 18
0	1	3	4	6	7	12	15	16	19	21	22	23	24	26	29	43	47
19 19
2	3	4	5	9	11	14	18	24	26	27	28	29	30	31	32	39	41	50
20 19
0	1	2	3	12	13	14	15	16	17	23	25	28	30	31	33	39	49	60
19 18
0	1	10	12	16	18	22	23	25	27	28	31	39	42	46	47	49	63
20 17
0	2	4	10	12	18	19	20	21	24	30	36	40	43	52	54	65
19 17
1	2	4	5	7	9	14	22	24	27	29	33	34	41	45	60	64
18 16
0	1	3	6	14	16	19	31	32	33	34	39	45	49	54	63
19 18
0	5	6	7	8	13	15	19	21	22	24	31	37	40	43	47	50	52
22 19
0	3	9	12	13	14	15	16	18	19	21	22	26	29	31	41	52	53	61
18 18
0	2	3	4	11	14	16	20	22	23	25	26	28	33	35	39	44	49
17 17
0	1	3	6	7	10	11	12	15	21	23	24	28	37	39	42	50
17 16
0	1	4	5	8	11	20	21	24	25	27	30	31	37	43	60
20 19
0	3	6	7	10	11	12	13	14	18	23	25	28	30	32	37	42	44	59
18 16
1	3	6	8	10	18	20	22	23	24	27	28	31	38	59	60
21 20
4	5	7	11	13	15	16	17	18	19	23	27	28	32	36	37	38	40	47	52
18 16
0	6	7	8	14	16	19	21	22	26	31	33	47	49	53	63
18 17
0	1	3	5	10	12	14	19	20	22	23	24	25	31	35	45	60
19 18
0	3	4	6	7	10	12	16	18	20	24	25	26	27	36	41	49	64
19 18
0	3	11	13	14	19	22	24	30	31	32	37	39	41	43	44	50	61
20 18
1	2	4	7	9	11	16	22	25	29	30	37	38	40	41	50	52	64
17 16
0	3	4	6	7	8	9	11	13	17	20	30	34	41	44	65
20 18
0	2	3	5	7	11	16	17	20	21	22	25	28	30	33	43	52	54
18 17
1	4	5	6	7	12	15	17	19	24	32	34	36	37	41	43	52
20 17
3	4	6	8	11	12	14	17	20	24	31	32	33	44	52	61	63
18 18
2	3	6	8	10	14	19	20	29	30	32	35	36	38	40	43	45	49
18 18
0	1	4	9	10	11	16	20	23	26	30	33	34	41	45	49	50	51
19 17
1	3	7	8	11	14	18	19	20	21	27	29	30	41	45	61	65
19 18
5	7	10	11	12	15	18	23	24	25	29	31	36	37	40	43	46	54
20 19
0	2	3	4	5	7	17	19	23	25	27	32	36	37	42	43	45	49	54
19 17
1	6	14	19	20	21	23	26	30	33	35	40	41	42	45	52	61
19 17
2	5	10	11	13	14	16	23	30	32	34	38	39	41	49	52	60
17 17
0	3	7	9	10	15	19	20	23	26	27	28	33	39	40	45	49
17 16
0	3	4	7	11	13	15	16	18	19	20	22	23	24	29	60
20 19
1	3	5	7	12	15	16	19	24	25	26	31	35	36	40	42	44	45	60
18 17
0	1	3	5	6	8	16	21	22	23	24	29	38	39	41	43	53
20 18
3	4	6	8	11	12	14	16	18	20	23	25	26	29	38	45	52	53
18 17
0	1	2	3	7	8	9	11	15	18	25	27	30	31	43	49	60
20 18
1	3	5	6	8	9	10	11	16	17	18	19	21	25	36	37	52	53
19 17
1	2	10	19	20	21	24	28	29	32	34	37	38	43	45	63	65
19 18
0	5	6	7	10	12	15	18	19	22	24	27	29	36	38	42	44	52
18 18
5	7	10	11	12	13	18	19	23	24	28	30	32	33	34	37	38	47
20 18
0	3	6	8	10	12	16	18	19	20	28	31	39	40	41	46	52	60
18 18
3	4	13	14	15	16	20	23	25	27	28	29	34	36	37	38	40	49
20 19
2	3	4	5	7	10	11	16	19	20	21	22	23	25	28	36	37	38	52
18 18
3	4	5	6	7	10	13	16	17	18	22	24	26	28	29	31	33	45
17 15
0	7	8	9	11	16	17	23	24	28	44	45	49	60	64
18 18
0	2	3	5	8	10	14	17	18	19	20	21	23	31	32	39	41	49
18 17
2	3	5	6	7	9	12	14	16	18	20	28	32	33	41	49	63
18 18
0	3	7	12	15	22	24	25	27	28	30	32	33	35	38	42	44	49
18 17
0	4	8	10	12	15	16	19	20	22	23	24	25	28	29	40	52
20 19
0	1	5	7	9	15	18	20	21	27	29	30	34	37	38	41	45	47	65
20 19
1	5	8	10	12	13	14	15	19	22	23	28	30	32	34	39	42	49	52
18 17
1	2	3	5	6	7	10	19	23	25	30	36	40	41	45	49	52
18 17
0	1	4	7	8	9	15	16	19	21	22	24	29	40	42	43	60
18 17
0	1	6	7	10	15	16	17	19	21	22	23	24	27	29	48	60
18 17
1	2	4	5	6	7	9	11	15	27	28	29	30	34	35	40	59
17 17
0	1	8	16	18	19	20	21	24	28	29	30	31	34	36	37	43
21 20
0	3	4	7	8	10	17	19	20	21	22	24	25	30	33	34	37	39	45	54
19 18
2	4	5	6	9	10	11	13	14	19	20	24	28	36	40	43	47	53
18 17
0	6	7	8	13	18	19	21	23	24	34	36	37	43	44	47	52
16 16
0	3	4	8	9	11	12	13	16	20	24	32	41	43	45	49
17 16
0	2	6	7	9	14	15	19	22	24	27	29	30	47	49	60
17 17
3	4	6	7	9	10	14	18	22	29	30	33	34	38	41	45	49
19 18
4	8	10	11	15	24	25	28	31	32	33	34	35	36	38	39	49	60
18 18
0	2	3	4	13	15	16	17	20	22	23	25	26	28	31	35	44	49
20 19
0	1	3	10	13	17	20	22	23	25	26	28	30	35	36	37	45	49	60
19 18
1	10	11	12	15	18	19	20	21	24	25	30	34	41	43	48	49	61
20 19
0	1	3	4	7	10	13	14	19	28	30	32	33	37	39	43	44	49	64
17 16
0	5	6	7	11	13	14	16	20	24	25	28	30	38	44	60
17 17
0	6	8	9	11	14	16	20	22	25	26	32	35	38	41	44	49
18 17
1	3	11	12	14	19	25	27	28	30	31	34	36	46	47	49	61
17 17
4	5	6	10	13	14	15	16	18	20	29	30	40	41	45	49	50
17 17
5	7	9	10	11	12	17	18	27	28	29	30	34	40	43	47	49
20 20
0	5	7	11	13	15	16	17	22	23	25	26	28	31	32	34	38	43	44	49
18 18
0	2	3	5	12	14	15	16	17	19	20	23	26	36	40	41	44	49
19 19
0	4	11	12	17	18	19	20	25	27	30	31	37	40	41	45	47	48	49
20 18
0	1	2	9	10	16	17	20	23	25	29	30	34	36	42	45	52	60
19 18
3	5	7	8	12	16	17	18	23	25	30	32	34	37	43	44	49	60
17 16
2	3	6	7	11	12	16	19	20	24	26	29	36	40	41	61
19 19
3	6	8	9	10	11	14	18	25	29	32	35	38	39	40	42	44	46	49
18 17
0	1	3	6	7	9	11	12	16	21	22	28	31	33	34	44	52
18 17
1	2	4	5	10	13	15	16	19	20	21	22	26	28	34	36	52
19 19
0	3	4	6	9	10	13	15	20	22	24	26	30	33	39	40	44	45	47
17 16
0	4	7	8	11	12	16	20	22	24	25	36	37	40	41	52
19 17
0	5	6	14	16	18	22	25	28	30	32	38	44	45	46	52	60
16 16
0	3	6	7	12	13	14	15	16	20	22	24	27	37	41	45
17 17
1	5	6	7	8	10	14	17	19	28	30	32	33	34	35	47	49
19 18
0	1	6	10	11	13	15	17	19	21	23	37	39	43	44	45	50	65
19 18
1	3	5	6	11	14	16	19	22	24	25	28	32	33	36	40	46	60
19 17
2	4	5	7	10	11	15	16	18	22	24	32	38	41	44	52	60
20 18
5	6	9	10	11	15	16	18	20	21	24	26	29	40	41	45	52	60
20 19
0	2	3	6	7	10	17	18	19	20	22	26	30	31	34	38	45	48	52
17 17
0	1	3	6	7	8	9	12	16	21	22	24	26	31	42	43	45
19 18
0	3	10	12	13	15	20	23	24	27	28	31	34	37	43	44	45	52
20 18
0	5	12	14	15	16	22	27	28	30	32	39	41	42	44	50	52	61
18 18
0	1	3	8	9	15	16	21	22	24	28	36	37	38	39	42	45	47
18 18
0	1	4	6	7	8	9	11	16	17	22	23	24	27	34	37	39	45
20 19
2	3	4	7	9	12	14	16	19	20	23	30	31	32	38	41	44	46	59
23 21
1	2	3	4	5	8	15	19	20	21	25	29	32	39	41	42	43	45	49	52	53
19 17
3	5	6	7	9	10	11	12	20	23	24	25	29	36	40	52	53
19 17
3	5	6	7	8	12	13	17	18	21	24	25	26	34	37	52	63
20 18
1	5	6	7	8	12	13	16	17	19	23	24	28	34	40	45	52	54
20 18
0	2	5	9	10	11	12	13	14	18	27	28	41	43	45	46	54	59
16 16
5	12	16	18	20	22	23	25	26	28	29	30	33	39	40	49
19 17
1	2	5	7	9	17	21	22	24	29	34	42	43	45	50	52	54
19 18
0	2	3	4	7	10	12	13	16	17	18	21	24	25	34	37	41	63
19 18
0	1	2	3	6	8	9	12	15	18	23	25	26	32	39	44	49	52
18 18
0	1	2	3	4	7	13	16	17	20	22	24	27	32	33	34	37	41
20 18
5	6	13	15	18	22	23	26	27	28	30	34	39	40	47	50	52	60
19 19
0	2	3	5	6	7	8	14	16	18	19	21	23	24	30	31	34	37	42
19 17
1	2	3	4	7	10	11	17	21	22	23	24	29	41	44	52	61
20 19
0	3	4	9	10	12	13	17	18	19	20	21	22	24	30	34	36	43	60
18 18
2	3	4	7	9	15	16	17	19	20	22	23	24	33	37	38	39	41
19 18
0	2	8	11	12	13	15	16	18	19	21	23	25	28	38	39	44	52
17 17
0	3	6	7	10	11	12	15	23	24	26	29	31	35	36	41	49
22 18
0	1	2	8	9	11	13	17	23	31	36	37	44	46	52	60	63	64
19 18
0	2	3	5	7	12	18	20	22	23	25	26	28	30	33	34	35	52
17 17
5	7	11	12	21	25	27	28	29	30	34	38	40	42	43	44	49
21 19
2	5	6	7	9	10	17	19	22	24	25	27	28	32	34	36	44	52	63
21 19
2	3	4	9	10	15	23	24	27	30	31	32	38	39	41	42	46	53	63
19 19
3	8	13	15	16	17	19	20	21	23	24	25	28	33	35	37	38	39	40
17 17
0	1	2	3	5	8	10	12	13	16	20	21	23	26	28	45	49
19 16
0	1	2	4	6	12	16	18	20	22	25	27	31	52	60	64
19 18
0	1	5	7	8	10	11	18	19	21	22	25	28	29	30	36	44	59
19 18
0	4	5	7	8	10	14	15	18	26	28	29	36	37	40	44	48	52
20 18
1	3	4	6	7	16	19	21	23	24	27	35	40	44	45	49	52	61
19 18
1	2	4	5	6	7	8	9	10	11	16	29	30	32	38	41	44	52
19 18
10	12	13	14	20	21	24	27	29	32	33	34	36	37	38	41	43	65
19 18
1	2	5	11	13	14	16	17	19	22	24	25	28	29	32	38	40	53
19 19
3	4	5	6	9	12	13	16	17	18	19	24	25	27	30	31	41	46	50
20 18
8	9	10	11	15	17	18	20	23	24	28	29	32	34	38	45	52	59
20 19
2	3	14	15	20	26	27	28	29	30	31	32	34	39	40	45	47	49	64
20 19
1	2	5	8	10	13	16	17	18	19	20	22	25	27	31	37	41	48	52
19 17
1	4	5	6	8	19	24	27	29	30	34	36	39	40	43	54	61
19 17
2	14	16	19	20	21	23	27	28	32	38	41	44	45	49	52	61
18 18
0	3	4	9	11	12	16	20	21	23	26	27	40	41	42	45	49	51
22 19
7	8	9	10	13	14	16	17	22	28	30	32	33	44	47	48	63	64	65
20 19
0	5	8	12	13	18	23	24	25	26	28	29	32	33	34	43	45	46	52
15 15
2	3	5	9	10	19	24	25	29	34	37	39	41	45	50
18 17
3	5	6	7	9	10	18	19	22	24	25	33	41	45	47	49	64
18 17
2	6	7	9	11	14	23	24	25	27	29	31	32	38	40	43	63
19 16
1	2	7	8	21	22	24	28	30	34	35	50	51	52	60	61
21 20
1	5	7	8	11	15	17	18	19	21	23	24	27	28	31	32	35	43	45	52
18 17
0	1	5	10	11	13	14	16	20	23	25	27	30	35	38	41	52
19 18
2	3	8	11	13	15	18	20	21	24	27	28	31	32	38	43	45	60
19 19
0	1	3	5	6	8	9	10	12	13	17	21	22	24	25	26	28	32	46
19 16
2	3	4	6	12	20	24	28	29	34	37	39	41	53	60	61
21 19
2	3	4	5	6	8	9	13	16	17	25	34	37	39	43	44	49	61	63
18 17
0	1	2	3	9	10	15	18	23	24	27	29	36	37	41	47	53
19 18
0	1	2	12	14	15	16	17	19	20	24	25	29	31	34	38	39	54
19 17
0	1	3	9	12	20	22	23	24	28	32	35	37	44	45	60	61
18 17
2	3	6	10	12	13	15	18	21	23	29	30	32	38	43	46	52
20 19
2	5	6	8	16	18	19	20	21	22	23	31	33	34	35	42	45	47	52
21 18
3	5	9	14	19	22	25	27	32	33	37	38	39	48	49	54	59	60
16 16
0	1	2	3	5	10	11	12	13	22	24	26	35	39	40	41
19 19
0	2	3	4	6	9	12	14	15	16	17	20	26	28	30	33	38	43	49
19 17
0	1	4	5	6	14	16	17	30	39	41	42	44	45	47	52	60
19 18
0	1	2	9	10	11	13	14	23	24	28	31	32	36	37	40	43	53
19 19
5	7	8	10	11	12	15	17	19	21	24	25	26	28	33	34	38	45	49
20 19
0	3	4	7	9	13	15	16	22	23	25	28	29	33	35	37	44	49	54
18 18
3	4	5	6	10	11	12	13	19	23	25	26	28	30	39	43	48	49
19 19
5	6	8	9	10	11	13	18	19	24	25	27	30	31	33	37	39	41	44
22 20
0	1	2	5	9	14	16	17	20	27	29	30	32	33	35	37	38	44	52	60
16 15
0	2	3	5	10	15	19	20	22	24	35	37	41	50	52
17 16
0	2	3	5	7	12	16	18	19	22	24	28	31	38	45	52
22 21
0	2	4	8	14	15	16	23	24	25	28	30	32	34	39	40	41	45	47	50	54
18 18
1	3	6	7	9	11	12	13	15	19	21	24	27	31	32	38	45	51
18 18
0	1	2	8	10	11	13	15	21	23	27	28	30	31	37	38	39	49
20 19
0	6	9	10	11	12	13	20	24	25	26	28	33	34	37	39	42	45	54
23 20
0	4	5	7	9	13	17	18	22	26	27	28	30	36	38	40	49	52	54	64
18 18
0	1	4	6	7	8	17	19	21	22	23	24	27	28	29	32	35	49
16 16
0	6	7	8	10	11	13	19	20	21	22	24	34	37	40	47
20 19
4	5	7	10	11	12	13	16	19	23	25	26	30	38	41	42	43	49	65
18 18
2	3	8	13	17	19	20	24	26	28	30	32	34	36	37	38	45	51
18 18
0	1	9	11	15	17	18	19	20	21	25	27	30	31	35	37	41	49
18 17
2	3	4	5	10	12	13	19	20	23	26	28	29	30	39	49	61
16 16
0	2	3	5	9	10	11	14	16	25	35	39	41	43	47	49
17 15
0	1	3	4	8	11	12	19	20	24	29	31	45	52	60
18 17
0	1	4	6	8	9	13	16	18	20	22	24	29	32	35	44	52
18 16
0	1	4	6	7	9	11	15	19	24	26	30	34	43	52	65
18 17
1	2	10	15	20	21	23	24	26	27	28	29	30	37	38	40	52
18 17
1	2	3	5	7	9	10	11	14	15	22	24	29	30	33	34	54
15 15
0	3	4	7	9	10	15	19	20	22	30	33	41	45	49
17 16
0	1	2	3	4	6	8	13	16	18	23	24	26	28	46	64
17 17
0	1	4	11	16	20	22	24	25	26	28	30	33	36	37	40	42
18 18
0	3	4	9	11	18	20	22	27	29	30	33	36	41	46	49	50	51
21 20
2	3	12	14	15	18	22	24	26	27	28	29	30	33	34	36	43	46	48	64
19 18
5	6	7	8	10	11	12	13	16	18	21	22	23	26	28	29	34	59
18 17
0	1	2	6	11	15	16	18	20	22	24	27	30	31	40	44	53
20 19
2	6	9	10	11	15	16	17	20	23	24	26	27	32	34	37	38	45	63
19 18
0	2	4	6	7	11	13	14	16	17	21	22	23	27	32	34	49	59
19 18
0	1	2	6	7	13	16	21	30	31	33	37	42	44	45	47	49	61
18 18
2	3	6	9	15	18	19	21	24	27	29	31	32	38	39	41	42	45
18 17
0	1	5	7	10	14	17	18	22	24	25	27	36	37	47	50	60
17 17
1	3	4	5	8	10	17	19	20	23	24	25	28	30	32	37	47
20 19
2	3	4	5	6	8	11	17	20	25	26	29	30	31	33	36	37	43	65
18 18
0	1	2	4	6	8	9	11	12	15	16	22	24	29	34	37	39	49
20 18
0	4	10	12	16	19	20	22	25	27	28	33	38	42	44	49	61	65
22 19
1	3	6	13	14	16	19	26	31	32	37	39	40	41	43	44	59	60	64
21 19
0	4	13	15	17	18	22	25	26	27	28	30	32	34	35	36	37	52	53
16 16
1	2	3	4	5	6	10	24	26	29	36	38	40	44	45	46
17 16
0	2	9	10	11	12	16	20	22	29	30	34	35	36	41	65
18 17
0	1	4	5	9	11	15	16	17	18	19	20	21	27	30	41	52
19 19
1	5	10	14	15	17	18	19	21	26	28	29	30	33	34	40	45	46	49
21 21
0	3	8	10	12	15	16	17	21	22	27	29	31	32	36	37	40	41	44	46	49
18 18
0	2	5	7	8	9	10	15	18	19	22	24	25	27	29	41	43	45
19 17
0	2	3	10	11	16	18	20	22	24	28	35	36	37	40	52	54
20 18
5	6	8	10	13	15	17	18	19	20	28	31	32	34	37	38	52	63
17 17
2	3	5	12	16	17	18	23	25	26	28	29	33	39	43	47	49
19 18
0	5	11	12	16	18	20	21	22	23	24	27	29	31	32	34	45	54
19 18
0	1	2	3	4	6	11	17	21	22	24	27	30	31	34	37	46	64
19 17
0	1	5	6	7	10	17	23	24	26	32	36	37	39	40	52	60
17 16
3	6	10	13	14	15	22	24	33	34	38	39	41	45	50	60
17 17
0	1	3	7	8	10	11	15	22	24	25	28	29	35	37	38	45
17 16
0	1	3	6	10	11	14	17	21	23	31	33	36	39	49	60
18 18
0	1	6	8	11	12	15	23	24	25	27	29	30	31	33	35	41	46
18 18
5	10	11	12	15	16	18	19	20	23	25	26	27	28	38	39	42	49
21 19
5	10	12	13	18	19	20	21	22	23	28	30	31	34	37	38	40	52	63
18 17
0	2	4	5	11	16	18	22	24	27	29	31	32	39	42	45	60
16 15
3	5	7	8	11	12	13	14	16	20	24	28	32	43	63
18 18
0	1	4	8	19	21	22	27	28	29	30	31	37	40	45	46	47	49
19 17
0	2	3	6	7	9	12	13	15	16	17	19	30	42	50	52	60
18 17
2	3	4	7	11	15	16	18	20	23	24	25	26	28	29	32	64
19 17
1	7	9	12	19	20	23	24	27	33	34	35	37	41	45	52	61
21 19
2	7	8	10	11	16	20	21	25	28	29	30	33	35	39	40	47	52	64
18 17
2	3	7	10	13	16	17	19	20	22	23	24	26	28	35	50	61
18 17
0	2	5	9	16	17	18	19	20	23	24	29	34	37	45	51	60
17 17
5	7	9	11	12	19	23	25	27	28	30	31	33	34	40	42	49
18 16
0	1	3	5	6	8	11	14	16	28	33	34	36	47	52	53
19 17
0	2	6	9	10	11	14	15	16	20	22	27	34	36	47	52	53
20 19
3	4	13	14	15	20	21	23	24	27	31	32	33	38	39	42	43	45	60
19 17
0	1	3	4	6	12	13	15	21	24	28	34	41	42	45	53	65
18 18
0	3	6	7	10	12	13	15	20	21	22	23	24	27	29	38	39	43
18 18
0	1	4	5	7	14	15	16	19	22	23	24	26	29	30	34	41	43
17 16
2	4	5	10	11	14	15	16	17	20	22	24	27	28	35	60
19 17
0	1	2	5	11	14	18	21	22	24	26	27	29	37	49	53	60
18 18
2	3	4	5	6	10	20	21	23	25	26	28	29	30	33	37	45	49
20 19
1	4	5	12	14	15	16	18	20	21	24	27	29	32	33	36	37	49	60
18 18
0	1	2	4	5	6	7	8	10	11	13	14	21	24	26	34	43	45
19 18
0	1	2	4	6	14	15	16	22	23	24	26	27	36	39	45	51	52
16 16
0	4	10	15	20	21	23	24	25	27	29	30	32	41	43	49
17 16
2	3	5	9	10	18	20	22	23	24	26	29	33	40	43	54
17 17
0	1	4	6	11	13	15	16	19	22	24	25	27	28	35	37	39
20 19
0	1	3	6	9	11	22	23	27	29	32	33	35	38	42	44	48	49	53
17 17
1	6	7	8	9	10	13	18	24	28	29	30	38	40	41	42	43
18 16
0	5	6	10	11	14	19	20	21	22	24	25	27	28	52	63
18 18
2	3	5	7	10	11	12	14	17	19	20	25	28	34	39	40	46	49
19 18
1	2	4	10	11	19	21	23	26	28	29	30	32	34	40	46	49	64
17 17
0	2	3	4	6	7	10	11	13	20	24	27	30	31	34	35	40
19 18
1	5	6	8	10	14	16	17	18	26	29	30	37	38	39	40	44	65
20 19
1	5	6	11	12	13	14	16	18	19	20	21	22	26	34	36	44	49	52
20 18
0	1	6	8	12	16	20	25	26	28	32	34	37	42	43	50	52	64
18 17
0	3	6	7	9	12	13	18	22	23	26	30	32	42	44	49	52
18 16
0	2	3	5	6	11	14	16	19	34	41	46	49	50	52	64
16 16
0	2	3	5	10	13	14	18	19	20	22	24	29	30	41	49
20 18
0	1	2	4	7	12	13	18	25	28	29	30	31	38	44	45	52	54
19 19
0	1	3	4	5	6	13	17	21	22	24	25	26	27	30	32	34	39	40
19 17
3	4	5	6	7	8	10	17	19	22	23	26	28	45	49	53	54
19 18
0	1	2	5	7	9	12	18	22	24	26	27	29	33	34	36	49	60
21 19
1	5	8	9	10	11	13	19	23	24	26	29	30	35	38	39	40	60	64
19 16
2	3	5	8	10	14	15	19	20	28	29	39	40	52	54	65
21 18
0	2	3	4	6	7	10	15	17	18	19	22	29	30	33	52	53	64
20 18
3	4	5	14	16	19	22	24	25	28	30	31	32	39	40	41	52	63
19 16
1	3	5	11	14	15	16	19	20	25	27	42	45	52	54	60
18 17
0	1	3	4	12	15	18	19	21	22	23	25	28	31	33	39	52
19 17
0	2	3	4	5	8	13	14	16	20	24	30	37	41	43	52	61
16 15
1	3	5	6	10	12	19	25	34	36	38	39	45	46	52
19 18
1	3	5	7	12	16	18	19	24	29	30	31	34	35	36	37	40	54
19 18
0	2	4	7	8	15	17	21	23	24	25	26	28	33	44	45	49	52
21 19
0	2	3	4	6	7	10	13	20	22	30	31	32	33	40	41	43	59	64
19 18
0	2	3	5	8	9	10	11	15	16	19	20	25	28	31	37	39	65
18 17
2	3	7	9	10	11	12	14	15	18	24	25	30	31	38	43	60
22 20
3	4	6	7	8	11	12	20	23	27	28	29	31	38	39	40	42	47	54	59
18 18
0	1	2	7	9	12	14	15	16	17	21	22	27	29	31	41	47	49
19 18
0	5	6	8	11	12	13	14	16	20	23	27	29	30	31	33	44	52
18 18
0	2	3	4	5	9	10	15	17	18	22	23	24	26	28	31	46	47
18 18
0	5	9	12	19	22	23	24	27	28	32	38	39	42	44	45	47	49
19 18
1	3	5	6	8	12	13	14	20	26	27	29	30	31	32	34	37	52
19 18
1	5	7	8	9	10	12	13	17	19	20	23	30	32	34	37	41	52
17 17
0	3	4	8	11	14	18	20	23	30	38	41	44	46	47	49	51
18 18
0	2	5	7	13	15	16	17	18	19	21	24	28	29	32	34	37	45
19 19
0	3	5	7	9	12	15	16	19	23	26	27	28	29	30	31	34	44	49
20 18
2	7	8	10	11	17	19	22	24	25	27	28	39	42	43	50	63	64
17 16
0	3	4	6	11	14	20	24	25	27	31	36	37	38	44	52
18 18
1	2	5	7	11	15	17	19	20	25	26	27	28	30	31	34	44	49
18 17
0	6	11	13	14	15	18	19	21	24	27	31	33	34	36	46	60
19 18
2	3	4	14	18	19	20	21	22	27	28	29	31	34	35	38	39	65
18 18
1	2	3	4	5	12	14	16	17	20	24	25	26	28	29	35	45	49
18 17
1	2	3	9	10	15	17	18	19	20	24	25	28	30	36	37	61
20 19
0	3	6	12	15	18	19	21	24	25	28	29	30	32	34	39	41	51	54
20 19
0	2	5	6	7	9	12	17	18	19	20	26	27	30	34	42	44	48	52
19 19
0	1	6	7	8	9	10	11	12	14	17	20	26	27	30	38	39	43	49
19 18
3	4	5	11	13	15	18	19	23	24	25	26	28	29	31	39	45	52
20 19
0	2	3	8	14	16	19	20	23	27	28	31	32	33	35	36	45	49	53
16 16
1	3	5	7	11	12	16	18	22	23	24	25	26	28	29	33
19 18
2	3	5	11	12	13	14	15	20	24	27	29	30	31	32	37	43	54
17 17
0	3	4	7	10	11	13	14	20	22	30	35	38	39	41	46	49
19 17
0	3	4	6	8	10	12	20	23	30	32	36	37	41	51	52	64
17 16
3	5	8	10	11	12	14	16	18	20	25	29	30	41	49	52
21 17
1	2	3	7	10	12	17	18	23	25	29	37	41	52	59	63	64
19 18
2	4	5	10	13	15	17	19	20	27	28	30	36	37	38	49	51	61
19 18
3	5	6	8	11	12	18	19	20	24	25	28	38	41	44	45	49	52
16 16
0	1	3	7	11	12	13	15	16	18	20	23	24	28	37	39
20 18
3	6	8	11	12	14	16	17	18	19	25	33	34	36	38	45	52	53
17 16
1	2	5	9	10	16	23	24	26	29	31	39	40	45	51	54
18 17
3	6	12	13	14	15	16	19	23	24	28	33	36	38	40	46	63
19 19
1	5	6	9	11	18	19	20	21	22	23	25	26	27	32	34	39	41	49
20 18
2	3	4	6	7	9	10	14	15	17	18	19	22	24	45	47	53	61
18 17
1	2	4	5	8	9	10	15	20	22	24	25	30	37	41	47	63
19 17
0	3	6	12	13	14	16	17	20	22	25	29	33	41	45	59	64
17 17
2	3	5	6	17	20	24	25	26	27	28	29	30	34	37	45	47
17 17
1	4	5	9	12	13	16	20	22	23	24	27	28	29	32	44	49
20 18
0	1	4	5	9	12	19	20	23	25	27	28	30	31	32	46	59	61
19 18
0	1	3	4	13	14	16	17	18	19	20	21	22	24	31	37	49	60
18 17
0	2	5	8	12	15	20	24	26	27	29	31	37	43	45	50	60
19 17
0	2	5	16	17	19	20	26	27	28	29	31	45	47	49	52	63
19 17
0	1	3	5	6	7	10	12	13	15	21	22	23	34	37	52	54
18 17
3	6	9	10	11	13	14	20	24	28	29	31	38	39	40	44	53
19 17
1	2	3	4	5	6	9	15	16	19	33	37	39	40	43	52	65
16 16
0	1	4	5	6	8	9	19	24	26	27	29	34	43	45	46
18 16
3	5	6	7	10	12	13	18	29	34	36	38	40	43	52	54
19 19
0	1	2	4	6	7	10	15	17	19	20	22	23	24	25	29	34	37	40
17 16
0	1	6	15	20	21	22	28	29	30	32	34	41	44	47	65
17 16
1	2	5	9	11	12	16	19	20	24	26	29	30	40	43	60
20 19
7	8	9	10	12	13	15	16	17	18	20	25	29	36	38	40	46	49	60
19 18
0	4	5	7	12	14	15	16	23	25	26	27	28	36	44	47	49	59
17 16
0	2	3	7	17	20	22	24	25	26	28	30	35	38	47	61
19 17
5	6	12	13	20	22	24	26	28	32	41	42	44	45	49	52	60
18 17
2	4	5	10	13	14	16	20	22	24	26	28	29	34	41	45	60
17 17
1	5	7	11	12	18	19	21	22	23	24	26	27	28	34	42	43
20 17
0	7	8	11	12	13	20	22	24	25	27	31	32	34	52	60	64
18 17
5	6	9	10	11	12	14	16	20	25	27	29	36	41	43	47	52
17 16
0	1	4	7	9	10	15	19	20	24	28	29	30	37	40	52
20 19
1	2	4	6	7	8	11	16	17	19	22	25	27	29	32	36	38	41	59
19 17
0	5	6	10	15	19	20	22	24	25	28	32	42	47	49	63	64
19 18
2	5	7	9	12	15	17	25	27	28	29	33	34	40	45	48	49	60
18 18
0	4	9	10	11	12	13	17	23	24	26	28	32	33	34	35	39	50
17 17
2	3	4	5	6	11	16	17	20	24	28	29	32	34	41	43	45
18 17
0	3	4	5	7	8	11	13	15	18	19	23	24	26	28	30	61
17 17
0	4	7	12	15	16	17	21	22	23	26	27	28	29	31	47	49
22 19
6	11	12	17	19	20	21	22	23	27	28	31	32	36	40	47	52	54	64
19 18
0	2	3	6	11	12	14	16	17	19	20	27	28	31	43	45	49	60
17 16
0	1	2	5	7	13	16	18	20	22	24	28	40	41	47	63
17 16
0	1	2	3	7	12	13	15	23	24	28	31	35	36	37	52
18 18
0	4	7	9	12	13	16	18	25	27	28	29	30	33	34	35	44	49
21 19
6	12	13	16	19	20	21	23	24	26	29	37	38	40	41	45	46	52	65
19 18
0	3	5	7	9	11	12	13	18	26	28	29	30	33	34	35	37	52
18 17
7	10	11	12	16	19	21	22	23	24	27	28	31	32	39	49	64
22 20
2	3	4	9	10	13	16	17	20	21	22	27	28	29	33	35	39	45	52	61
18 16
2	3	7	11	12	16	18	23	24	25	26	28	29	41	60	64
18 17
0	1	4	6	13	15	19	21	23	24	27	28	31	33	37	39	52
20 19
1	4	8	10	14	15	17	18	20	21	24	27	28	29	32	38	39	42	59
18 17
0	2	5	6	12	14	16	20	25	26	27	29	30	32	37	43	59
16 16
0	6	7	9	10	11	12	17	25	27	30	31	40	43	47	49
20 19
1	2	5	8	9	12	15	18	19	20	22	23	27	28	30	42	43	49	52
19 18
3	4	10	14	15	20	22	25	28	29	30	33	34	38	42	43	49	54
19 18
3	4	6	7	10	11	12	14	17	19	21	31	34	36	39	42	49	61
17 17
0	2	3	5	7	9	12	15	16	22	25	27	28	30	31	42	49
19 17
0	1	2	3	4	7	13	14	15	20	22	24	28	30	31	63	65
20 19
2	4	5	6	10	14	15	17	19	20	24	28	32	34	36	37	41	45	52
18 18
0	2	3	5	6	7	11	12	17	18	20	24	27	30	32	33	34	38
22 19
0	1	9	10	11	13	14	19	27	29	31	35	36	39	41	43	52	59	64
19 19
0	4	5	8	10	11	13	15	17	18	23	28	29	30	36	37	39	44	49
19 18
0	1	3	4	6	8	16	18	20	24	25	26	28	29	30	42	44	59
18 18
0	2	3	5	6	9	12	13	15	19	20	22	24	26	27	29	31	34
18 18
0	3	6	7	13	15	17	19	20	23	24	26	27	30	33	34	37	39
19 17
1	6	11	12	19	23	25	27	28	29	30	33	42	44	49	53	61
20 19
0	1	2	3	4	6	9	18	22	24	26	27	31	33	34	37	45	48	53
21 18
6	10	14	15	16	23	25	26	28	30	34	40	45	47	49	53	63	64
15 15
0	1	6	7	9	11	12	13	15	16	24	28	30	37	40
19 17
1	5	6	7	11	18	21	23	24	26	28	34	39	40	43	52	60
19 18
0	4	10	15	17	19	20	21	22	23	27	28	31	32	35	39	45	52
18 18
0	4	5	6	10	11	13	15	16	20	22	24	25	26	30	32	44	47
19 18
0	4	6	8	9	11	16	17	20	22	33	35	36	37	40	41	49	52
18 17
0	4	6	7	9	12	15	17	20	27	30	31	34	37	41	51	52
19 19
1	4	5	6	10	12	15	21	24	26	28	29	30	32	33	37	39	44	45
17 16
0	3	7	11	12	16	18	20	24	25	29	30	36	42	49	60
18 16
0	4	5	7	9	14	15	19	22	27	28	30	31	45	52	63
20 18
2	4	5	9	13	20	23	26	27	28	30	32	34	35	37	38	52	60
18 17
0	4	5	7	9	11	14	15	16	19	30	31	32	33	34	49	54
19 18
0	5	8	14	16	17	19	22	27	29	31	32	39	40	41	42	49	63
19 18
0	1	7	8	10	11	15	18	19	21	22	28	29	30	35	37	40	65
18 18
5	6	7	8	10	12	13	14	17	18	20	24	25	29	30	37	40	43
20 18
4	7	9	11	12	16	18	19	22	24	26	30	32	38	41	51	52	65
18 18
1	2	3	10	13	14	15	19	20	21	22	24	28	31	35	38	45	47
17 17
0	1	5	6	7	9	10	11	17	24	27	28	37	38	40	43	45
18 18
1	2	3	5	8	10	11	13	14	16	17	19	21	22	24	28	37	39
20 18
0	1	4	6	8	9	11	13	14	23	24	30	34	36	39	43	52	59
19 19
6	7	8	10	11	13	18	19	21	23	24	34	36	38	40	41	42	44	47
18 18
0	2	3	4	6	9	14	16	18	23	24	25	27	31	37	39	41	45
19 18
2	3	4	5	11	18	19	20	24	27	29	31	32	38	39	40	43	54
19 18
0	2	4	5	6	9	10	11	13	20	25	26	28	30	34	43	47	52
19 18
0	1	4	7	9	10	11	14	15	17	20	23	30	32	34	35	41	59
16 16
2	4	5	6	10	15	17	19	20	24	25	29	37	43	44	45
19 18
1	6	7	9	13	19	23	24	26	27	30	33	35	37	40	41	42	61
17 17
0	2	3	6	9	10	11	14	15	18	19	20	24	29	30	34	35
19 17
0	3	6	8	9	12	14	16	18	22	24	31	32	39	41	52	54
20 17
2	5	7	10	11	16	17	21	23	28	30	31	34	49	52	60	61
19 19
0	1	3	4	7	8	15	21	23	25	27	31	33	38	39	40	41	45	49
17 16
0	1	7	9	11	15	16	18	20	22	24	26	28	33	34	54
19 18
0	4	7	10	11	12	21	23	24	25	27	30	33	35	48	49	50	60
18 17
0	3	6	8	9	10	16	22	28	29	30	31	35	45	46	49	60
19 18
1	4	5	8	11	12	13	14	15	19	20	22	24	27	28	35	49	54
20 18
0	3	4	9	10	11	16	18	19	21	32	35	41	42	44	45	52	53
19 18
0	6	7	12	13	15	17	19	21	22	24	29	30	37	40	43	49	65
20 19
3	4	9	13	15	18	20	23	24	25	27	30	31	33	37	38	39	42	60
18 17
0	4	7	8	10	11	13	18	22	24	25	27	28	29	35	41	54
18 17
2	3	5	6	9	13	18	19	23	24	26	27	34	40	42	46	63
17 17
0	1	3	6	8	10	12	18	20	24	26	28	29	30	40	42	49
20 18
0	1	2	5	9	13	14	15	17	19	21	27	30	31	39	44	52	54
19 18
5	6	7	9	10	11	12	13	15	18	19	22	23	24	27	29	30	53
16 15
0	5	10	12	16	18	20	21	22	24	25	29	34	41	52
19 18
3	5	12	13	14	16	17	18	21	27	28	29	30	34	37	39	40	52
22 20
4	6	7	12	13	14	17	18	21	24	28	34	37	38	39	40	41	47	52	60
16 16
0	2	3	6	8	10	11	13	20	24	29	34	35	36	38	41
18 17
0	2	3	5	7	11	12	16	19	24	30	32	34	44	47	49	60
18 17
4	7	9	16	18	20	22	24	28	29	34	38	39	41	43	46	52
19 18
1	5	7	8	9	12	15	16	19	20	22	23	25	27	32	41	45	52
20 18
0	1	2	5	14	16	18	19	21	22	30	33	35	37	39	41	52	63
19 18
0	1	3	7	8	9	11	15	16	25	26	27	28	31	36	46	47	52
19 17
0	1	2	5	9	13	24	25	27	29	33	34	38	45	46	54	63
19 19
2	3	5	7	17	19	20	21	24	25	27	29	31	32	33	41	42	43	45
18 18
0	6	7	11	12	13	14	18	19	21	23	24	27	30	31	32	37	43
19 19
1	5	13	15	16	17	18	21	24	25	26	27	29	34	36	38	40	41	46
20 18
0	3	4	7	10	12	15	17	20	21	23	24	25	26	32	45	53	54
18 16
0	2	3	4	13	16	17	18	20	23	24	25	28	35	54	64
19 16
0	1	2	5	14	15	16	22	23	28	34	37	47	52	53	60
19 17
0	2	3	4	7	9	18	19	24	27	29	30	31	34	49	60	64
17 17
0	3	6	7	11	13	15	16	18	19	20	24	25	26	31	45	51
19 17
0	5	6	10	12	13	18	23	25	28	32	39	40	45	47	52	54
20 19
5	6	7	8	10	12	13	14	17	18	19	21	22	24	25	32	44	45	52
19 18
0	2	5	8	11	13	14	15	19	22	27	30	31	39	41	45	50	59
20 19
0	6	8	13	16	18	19	24	25	26	27	29	30	31	37	40	44	46	61
18 18
0	2	3	6	7	10	11	12	16	17	18	24	29	30	31	37	40	44
21 20
2	3	5	6	7	12	15	18	19	21	25	31	33	37	39	43	44	49	51	64
17 16
0	1	3	7	10	11	12	19	24	25	26	28	34	35	36	52
21 19
1	7	9	15	16	19	21	24	25	26	28	29	32	33	34	42	45	60	64
21 18
2	4	5	10	13	14	18	19	20	21	25	40	41	45	48	52	54	61
20 17
0	1	6	7	8	11	13	16	19	21	24	33	34	44	52	61	63
18 18
3	5	7	12	13	14	15	16	17	19	20	22	23	24	32	37	41	43
20 18
1	5	7	11	12	13	14	15	19	23	25	27	28	31	33	41	52	63
17 17
2	3	7	11	12	13	15	16	19	20	23	24	28	32	36	37	38
20 19
0	3	10	12	15	16	17	19	20	23	27	28	30	31	32	34	44	49	54
17 16
0	1	4	7	8	9	10	11	12	13	15	23	24	28	40	64
19 17
0	1	5	6	17	19	20	21	22	24	26	27	31	37	45	60	61
18 17
0	1	3	4	5	6	8	15	16	23	24	26	28	36	42	46	59
19 18
5	6	10	13	15	20	22	24	25	26	34	36	37	40	43	44	47	63
20 19
0	4	5	8	9	10	16	18	22	23	24	26	28	31	33	34	37	39	52
18 16
0	2	5	6	11	14	19	20	22	24	29	40	41	49	52	63
17 17
0	1	7	10	12	15	21	22	23	24	25	26	28	29	30	40	45
18 18
5	7	10	11	13	14	15	17	18	19	21	24	27	28	34	35	40	45
18 18
5	9	10	11	12	15	18	21	22	23	24	27	28	29	30	31	46	49
20 17
0	1	6	11	20	21	25	27	28	29	33	34	36	47	52	54	63
19 18
1	4	6	10	14	16	20	23	25	29	31	32	37	40	41	43	49	64
17 16
0	1	3	4	7	8	9	19	24	28	30	31	36	37	45	52
18 18
0	3	6	9	10	12	13	15	18	21	27	37	38	39	40	44	45	49
17 16
0	3	4	6	11	12	16	19	20	21	22	25	33	35	51	52
17 17
0	2	4	7	10	15	16	19	20	21	24	27	29	41	43	45	46
17 17
0	1	4	8	9	11	14	16	19	20	24	25	30	31	34	41	43
17 17
5	7	10	12	13	16	20	23	26	28	29	30	31	32	34	38	49
19 18
1	3	4	6	8	14	16	18	19	20	25	28	33	36	37	38	47	52
18 18
0	1	11	13	14	15	17	19	20	21	23	27	28	35	43	45	48	49
18 17
3	5	6	14	16	22	23	25	26	27	28	29	34	45	46	49	60
18 18
0	1	2	3	4	6	8	9	16	18	20	22	23	24	26	29	40	51
18 16
1	2	17	18	20	21	24	28	29	30	31	34	42	43	60	61
19 17
0	1	4	6	10	11	20	21	22	25	30	31	32	34	36	59	60
21 19
0	1	3	6	8	14	17	18	20	23	28	30	31	33	35	37	40	60	65
19 17
10	11	13	15	17	18	20	25	28	30	35	38	40	48	49	60	65
16 15
1	5	12	16	18	20	22	24	25	26	28	29	31	34	61
20 18
1	6	10	19	21	22	25	26	29	34	35	37	38	39	45	49	52	54
19 16
0	1	4	6	10	11	14	15	23	29	30	33	45	53	59	63
20 19
1	5	7	10	11	17	18	19	22	23	28	30	33	36	37	44	45	50	59
18 16
2	3	5	7	12	15	19	22	24	28	30	31	34	39	52	63
19 17
0	6	10	11	12	17	18	21	23	25	31	32	39	40	43	52	64
17 17
2	3	4	5	6	15	16	17	19	20	22	24	26	28	31	35	45
20 18
1	3	5	7	8	10	12	13	14	22	26	28	29	30	32	37	52	54
19 19
3	4	5	6	7	12	13	14	16	17	18	19	21	23	24	32	36	37	43
19 18
0	1	5	7	9	10	11	13	15	19	24	26	28	32	34	43	45	52
17 16
0	1	3	4	6	8	12	13	21	24	27	30	34	41	42	53
18 17
0	3	5	10	11	19	20	22	24	25	32	33	34	41	43	49	52
18 17
0	1	3	4	7	9	12	17	23	24	26	28	37	43	44	45	61
19 18
2	5	8	16	17	18	19	20	22	24	25	29	33	36	40	42	45	60
19 19
2	6	7	8	9	11	12	14	16	18	19	24	29	31	32	38	40	43	45
17 17
1	2	5	6	10	11	12	13	19	25	26	34	39	40	43	46	49
20 19
0	1	2	3	12	14	16	19	20	23	27	30	32	36	40	41	42	44	52
18 17
0	2	5	11	16	20	22	24	26	27	28	33	34	35	36	38	59
20 19
1	4	8	10	13	14	16	20	21	28	29	30	31	32	37	40	44	49	64
18 17
0	3	4	6	7	10	15	16	18	20	22	24	25	32	41	42	54
19 18
1	2	5	13	15	16	19	20	21	25	27	28	30	36	42	47	50	59
18 17
0	3	6	7	8	10	11	15	20	24	25	30	32	36	41	44	54
18 18
1	12	14	15	17	20	22	25	26	27	28	29	30	33	35	38	42	49
19 18
1	2	5	9	10	12	19	21	23	26	27	28	30	32	33	39	49	52
20 19
1	3	5	7	9	10	15	19	20	22	23	24	25	27	36	37	42	43	54
21 20
0	1	2	3	11	16	17	20	26	27	28	34	35	36	38	42	43	46	51	52
17 17
0	1	3	4	7	9	11	16	20	24	25	27	28	30	31	41	44
18 17
0	5	6	7	8	12	18	21	26	27	29	30	34	37	43	47	52
17 16
0	3	4	11	16	20	21	22	24	28	29	37	38	41	43	52
18 18
0	3	6	7	8	9	12	26	27	29	30	31	35	37	40	43	45	49
21 20
0	4	7	9	10	12	13	14	15	18	19	22	26	27	28	30	31	37	42	52
19 17
0	6	8	12	13	17	18	22	24	25	30	34	38	39	45	52	60
18 16
0	2	3	5	8	11	15	18	20	24	25	30	41	49	53	61
19 18
1	4	5	10	15	18	19	20	21	24	25	27	29	30	32	43	46	60
18 17
0	1	2	6	11	17	20	21	24	26	27	31	39	42	43	45	60
21 19
2	5	6	12	18	21	25	26	27	30	32	34	38	39	43	45	49	52	60
19 18
1	5	7	10	12	19	20	22	27	28	31	32	35	37	39	40	42	52
18 16
0	2	3	9	10	13	15	20	24	27	30	31	37	42	60	65
21 19
3	5	9	12	13	14	15	18	21	22	29	31	33	39	40	41	45	52	59
18 17
0	3	6	7	8	11	12	16	18	23	24	26	32	33	41	45	52
22 20
0	7	9	10	11	12	16	18	19	23	24	31	32	33	35	36	41	46	52	65
20 18
5	7	9	10	11	14	15	16	18	21	25	26	34	41	43	45	52	60
19 17
2	3	9	10	18	19	23	24	26	28	32	37	44	46	49	63	64
19 18
0	4	5	6	11	13	15	17	19	20	21	24	26	27	31	34	36	61
17 16
1	2	3	4	5	10	17	20	25	26	28	29	30	42	45	52
21 18
1	2	4	5	7	9	15	17	19	24	27	28	31	40	42	52	63	65
18 17
1	3	5	6	9	10	11	12	16	18	20	21	22	29	32	51	52
18 17
2	5	6	12	14	15	16	19	20	22	24	26	29	37	40	43	64
19 18
3	8	11	12	13	18	22	24	27	28	29	31	33	35	36	38	39	52
19 19
1	3	5	9	10	13	18	19	23	25	27	29	30	35	36	40	41	46	49
18 17
0	5	6	7	13	15	17	20	22	24	26	27	31	32	41	47	52
18 17
2	3	5	9	10	13	14	16	18	25	28	29	36	43	49	51	53
18 18
1	6	8	11	14	19	20	21	24	27	31	32	33	34	36	37	38	47
21 18
1	8	10	11	20	21	23	25	29	30	31	33	34	36	38	53	59	60
21 20
3	5	8	9	14	15	17	18	19	20	24	26	28	29	31	37	39	40	42	52
20 19
0	1	3	5	6	7	10	11	14	16	23	24	29	33	34	35	38	45	63
19 18
3	6	9	11	12	13	20	24	25	26	27	29	34	39	41	42	45	64
19 17
5	9	10	11	12	23	25	26	28	34	36	40	46	48	49	60	61
20 18
5	7	8	9	10	22	23	25	30	33	37	39	40	45	47	49	52	60
19 18
0	1	2	5	6	7	10	15	19	21	23	25	27	30	37	43	45	52
20 18
0	2	5	6	7	11	18	19	23	24	27	29	30	31	36	47	59	60
20 17
0	1	5	10	12	19	22	24	25	27	32	35	40	47	52	53	54
18 17
0	3	4	5	7	14	15	18	22	30	32	41	42	44	49	51	63
19 17
4	8	10	11	13	15	19	20	24	27	32	33	41	43	51	53	64
18 17
1	5	9	10	11	12	16	20	22	24	26	28	32	33	34	47	63
19 18
0	1	5	6	7	8	10	11	14	21	26	29	34	36	39	43	47	52
19 17
4	5	8	9	11	13	15	16	18	19	22	24	26	39	40	59	60
18 17
0	2	6	11	17	18	19	20	21	24	26	28	31	34	44	45	65
19 18
2	3	5	7	12	15	16	17	19	20	22	25	27	28	29	31	33	52
19 18
1	5	6	7	8	9	16	19	21	22	27	28	31	32	40	41	45	52
19 17
0	1	4	8	9	15	16	20	23	24	30	36	37	40	41	52	59
21 18
0	2	5	12	19	20	25	27	28	30	31	35	36	37	44	52	53	59
19 17
0	2	3	4	6	18	21	22	24	31	33	35	39	41	48	52	59
18 17
2	3	5	6	7	8	9	10	17	18	19	26	30	43	45	49	61
18 18
0	1	3	9	10	11	18	20	21	24	31	34	36	37	38	41	42	49
17 16
0	1	3	6	10	15	16	18	22	24	25	27	31	32	42	53
19 17
0	1	8	15	16	19	20	24	25	29	32	35	37	40	45	52	60
20 18
3	8	9	10	12	13	15	17	19	23	25	28	34	35	39	49	59	64
18 18
0	2	4	5	6	10	11	12	20	21	22	24	26	31	33	40	43	47
19 18
2	3	5	10	11	16	18	19	20	21	22	28	30	35	36	43	51	52
18 18
1	3	5	6	7	9	10	12	17	19	20	25	26	28	32	34	39	49
19 18
0	1	2	6	11	14	16	21	22	23	26	27	34	39	46	47	48	52
18 18
1	4	5	11	15	18	19	20	21	25	27	28	31	35	38	39	45	49
22 19
5	8	9	13	16	19	20	22	25	26	27	29	35	39	41	49	54	60	61
18 18
3	5	7	9	12	13	18	24	27	28	29	32	34	36	37	42	43	44
18 17
0	4	5	12	20	21	23	24	25	27	32	39	40	41	43	49	52
18 18
0	1	2	9	10	12	14	15	19	25	28	29	32	34	36	38	39	49
18 17
2	5	9	10	11	12	19	20	21	22	26	27	28	31	39	40	52
19 17
2	9	11	16	17	18	19	24	27	32	34	35	39	41	44	52	64
19 19
2	7	8	11	15	18	19	21	24	26	28	33	34	35	38	40	43	45	51
20 18
3	4	8	11	13	15	16	18	19	24	27	28	29	34	39	45	54	61
19 17
1	5	7	10	15	17	19	21	24	25	33	34	36	37	47	54	64
18 17
1	5	8	10	11	15	16	19	20	22	27	28	32	33	35	40	52
22 18
8	9	11	12	13	17	19	20	22	24	27	28	32	42	52	54	60	61
18 17
0	5	7	11	12	13	19	20	22	23	24	27	30	35	39	41	61
17 16
0	3	6	8	11	12	13	16	23	31	33	35	45	46	49	60
19 18
0	1	3	4	6	12	14	16	18	23	30	31	33	39	42	44	50	52
20 19
1	5	7	8	9	10	11	15	19	24	26	28	29	32	36	40	47	48	54
21 19
2	9	14	15	20	22	26	27	28	30	31	33	34	38	39	40	47	59	60
21 18
0	3	4	7	9	10	16	17	18	22	29	33	37	42	44	54	60	65
17 17
0	1	4	7	9	10	11	18	20	23	24	35	36	41	43	44	46
18 17
1	3	5	6	7	9	10	15	19	24	40	41	44	45	47	48	54
21 19
3	4	6	10	11	15	19	20	21	22	28	30	32	34	38	43	50	52	54
19 18
0	1	5	6	7	10	18	22	24	25	26	27	29	30	35	46	47	60
18 17
0	2	3	4	8	9	16	17	18	20	22	23	24	34	37	45	60
19 17
3	6	7	10	13	15	17	28	29	30	34	38	40	48	49	54	64
19 17
7	8	9	13	15	16	17	18	19	24	34	40	42	45	47	60	64
19 17
2	4	5	10	16	18	20	22	24	26	40	41	43	44	45	52	60
19 17
0	2	3	4	6	8	10	14	18	20	24	26	30	38	49	60	64
16 16
0	1	3	6	8	9	10	11	12	20	22	24	31	33	41	45
18 18
3	4	8	11	12	13	14	16	19	20	27	28	30	35	38	40	41	49
20 19
2	3	5	6	7	9	12	16	17	19	25	27	29	31	42	44	45	49	61
17 17
2	3	5	7	9	10	11	12	22	23	24	25	29	31	40	41	50
21 19
0	2	3	7	8	9	10	11	13	18	21	28	33	34	37	39	47	52	61
16 16
2	4	5	7	10	11	20	21	22	24	26	28	29	30	40	43
18 18
1	4	5	6	7	10	11	12	14	15	18	19	20	22	24	27	28	44
19 19
1	2	4	6	9	11	13	16	19	20	22	23	24	25	26	35	38	40	44
16 16
2	3	5	11	13	18	19	23	24	25	26	27	28	34	35	39
17 17
0	6	8	11	12	15	19	21	24	29	33	34	39	41	46	49	51
18 17
0	5	7	8	10	11	13	14	15	22	24	26	27	28	38	39	63
19 18
0	1	5	8	12	13	16	17	18	21	23	24	25	28	39	40	42	52
20 19
5	6	7	10	11	12	13	14	16	18	19	23	25	27	33	34	36	41	65
18 18
0	3	4	6	7	9	13	15	16	21	23	24	25	30	37	42	44	50
18 17
0	1	3	6	7	9	10	11	15	17	21	23	24	30	31	33	60
17 17
3	5	7	9	10	11	12	13	14	18	19	24	30	32	33	41	46
17 17
0	3	6	7	8	10	15	17	21	24	25	30	40	41	44	47	49
19 17
1	4	6	8	9	10	12	14	16	20	22	38	41	45	46	52	63
18 18
0	1	4	8	10	11	15	21	23	27	29	30	35	40	41	44	46	49
17 17
2	5	6	8	11	12	19	20	24	27	28	29	30	31	40	43	49
19 18
1	2	5	6	11	14	16	17	19	20	21	22	28	33	35	40	42	52
16 16
0	2	3	7	10	11	12	22	23	24	26	29	31	36	41	50
18 18
0	1	3	6	7	9	10	15	19	23	24	25	26	28	34	39	42	50
18 18
1	6	8	9	10	12	17	19	20	22	23	24	27	28	29	33	38	45
22 20
0	6	10	18	19	20	21	22	23	29	31	32	34	35	37	40	42	45	54	65
20 19
0	1	8	9	15	17	18	19	22	23	24	26	27	29	32	34	40	41	53
19 17
1	3	4	14	16	19	20	22	26	28	29	30	32	33	41	59	64
21 17
0	3	5	10	12	13	16	22	23	26	28	34	40	53	59	63	64
18 16
0	3	4	8	11	12	16	20	22	24	32	35	41	43	52	60
17 17
0	1	3	4	6	7	9	10	24	30	32	34	35	37	42	43	48
20 19
1	4	5	7	12	15	20	22	23	25	27	28	29	34	37	41	48	49	61
21 18
6	7	11	12	13	17	19	25	27	28	31	34	35	40	43	52	61	63
17 16
0	4	7	9	11	12	16	19	20	23	27	30	41	44	49	59
20 19
3	5	6	8	10	12	15	16	17	19	20	30	32	34	37	41	43	49	60
18 17
0	1	2	7	11	16	19	20	21	23	25	27	28	33	36	38	59
17 16
0	3	7	11	13	14	15	16	18	20	22	24	25	28	36	60
18 17
0	3	5	7	12	13	14	15	20	23	27	36	39	40	41	49	59
17 17
0	2	5	16	17	18	20	21	22	24	25	28	31	41	44	45	47
18 17
0	2	14	16	17	18	20	21	22	28	29	35	36	38	39	44	59
20 18
0	1	4	7	9	12	20	24	26	28	30	33	36	43	44	45	54	61
20 18
1	4	7	13	15	20	21	24	25	27	28	30	33	39	42	45	60	61
19 17
1	3	4	5	6	20	24	27	32	34	35	41	43	44	47	54	63
20 19
0	1	4	7	8	9	11	12	14	16	22	23	27	28	29	30	36	45	65
16 15
0	1	6	7	9	11	19	22	28	30	34	37	41	50	52
19 18
2	3	4	5	6	8	11	13	14	19	23	26	27	34	39	40	49	65
21 20
1	2	4	7	11	12	14	19	21	22	25	26	27	28	29	30	34	38	42	65
18 16
0	1	5	7	10	12	13	23	31	32	35	37	39	40	52	60
19 19
0	4	5	7	9	10	13	16	18	22	24	26	28	29	30	33	34	37	46
19 17
0	1	2	7	9	14	15	20	27	28	29	34	37	39	45	53	59
18 18
0	1	2	8	10	11	12	15	17	20	22	24	25	29	30	31	41	44
19 19
0	2	3	4	7	12	13	15	22	23	25	27	28	31	33	37	42	48	49
18 18
1	6	7	8	11	12	16	18	19	25	26	27	29	31	36	38	44	49
20 18
2	3	6	10	17	20	24	26	30	32	34	36	37	38	41	49	59	60
19 18
0	3	4	10	14	15	20	21	22	24	26	28	30	36	42	44	48	52
17 17
0	1	3	5	8	11	12	24	27	28	30	31	35	39	43	44	45
18 17
1	5	7	10	11	14	15	18	20	22	28	30	33	35	38	49	63
18 17
0	1	2	5	10	11	12	15	16	17	24	25	28	29	39	44	64
18 18
4	5	6	7	13	15	18	22	24	26	27	29	34	36	39	40	41	45
19 18
0	3	6	11	14	16	18	19	23	26	28	30	32	39	42	44	45	52
19 18
0	4	12	13	16	18	23	24	25	26	28	34	37	39	40	42	47	64
20 20
1	3	4	5	6	7	8	11	24	25	29	30	32	34	35	37	40	43	44	51
21 19
0	2	4	5	10	14	17	18	19	20	23	31	34	36	41	42	48	52	64
19 19
4	5	7	9	10	11	12	13	15	16	18	19	22	23	24	26	28	30	44
17 17
0	1	3	4	6	7	8	11	16	19	21	24	26	36	40	42	44
20 17
0	1	2	9	11	13	22	24	27	35	38	40	48	49	53	60	64
18 17
0	4	5	6	10	13	15	18	21	22	32	35	36	39	44	47	52
18 18
0	2	3	12	15	16	18	19	22	24	28	29	34	35	37	41	44	46
21 18
1	6	7	14	19	21	22	24	25	28	31	32	33	34	38	52	60	65
19 19
0	2	3	7	9	15	16	17	19	20	23	24	33	36	37	41	44	49	50
20 19
1	3	4	5	8	11	12	15	16	17	18	19	25	28	31	44	45	46	59
20 20
0	1	3	5	7	9	13	15	16	19	21	22	23	24	26	27	29	35	37	41
19 18
0	1	2	5	7	10	11	12	15	17	21	22	24	28	32	33	34	52
17 16
2	3	5	7	9	13	16	18	19	20	25	36	41	46	50	52
20 18
0	4	6	7	12	17	19	23	26	27	28	34	35	44	47	49	53	63
18 18
0	7	11	13	15	18	20	21	24	25	27	31	33	34	39	41	42	47
17 17
0	4	5	10	11	16	18	20	21	22	24	26	28	40	41	42	49
21 18
2	5	6	7	8	10	15	17	20	24	27	32	36	37	46	52	53	60
21 19
0	1	3	4	8	9	11	25	27	28	30	33	34	36	37	39	42	52	64
19 18
4	8	11	12	16	18	19	20	24	25	28	33	35	36	38	43	44	52
19 19
2	4	8	10	14	15	20	22	27	28	29	30	31	33	35	38	41	49	51
18 18
0	2	6	8	15	19	20	21	24	27	29	32	34	37	38	43	45	47
18 18
0	3	4	5	8	16	20	21	22	25	29	30	31	33	35	41	45	49
18 17
1	5	7	8	10	12	13	28	29	30	31	32	34	36	42	43	59
20 18
0	3	7	8	9	11	14	15	16	22	23	28	29	37	48	49	53	59
19 18
0	1	2	9	10	13	15	22	28	30	31	33	36	37	38	39	44	52
19 17
0	2	3	4	16	17	20	21	22	24	30	33	41	42	45	52	59
19 18
0	9	12	16	18	19	21	27	28	31	32	34	36	39	42	43	45	52
19 18
0	5	9	11	13	15	16	18	19	20	21	22	31	32	33	34	49	60
20 18
2	3	9	12	14	16	18	21	26	27	28	29	32	39	42	51	64	65
18 17
0	1	3	6	10	15	17	18	20	21	22	24	25	30	42	43	60
20 19
0	2	3	4	5	6	12	16	18	20	22	23	25	26	33	34	35	42	65
19 17
0	1	4	9	10	14	16	17	20	23	25	34	36	41	46	59	61
18 17
0	6	11	18	21	24	27	30	31	32	34	37	38	39	41	44	54
