1000
50 33
3	5	7	9	12	16	19	20	24	25	29	31	34	38	43	44	46	48	53	55	57	58	61	62	63	67	68	71	73	74	76	91	154
50 35
1	2	6	8	14	17	20	21	22	23	24	25	26	27	28	29	33	37	38	44	46	52	53	55	57	64	69	70	71	75	76	82	84	85	109
46 30
2	4	7	9	10	14	16	17	20	24	30	32	41	42	43	50	57	60	61	62	63	66	68	70	72	73	74	76	77	118
43 30
4	5	8	9	12	17	18	19	22	23	31	33	37	41	43	44	47	49	50	53	54	55	58	59	60	75	78	88	91	108
44 30
1	6	7	8	10	13	17	21	22	24	25	29	31	35	37	45	46	50	51	58	61	62	66	67	71	72	74	77	88	117
45 31
1	2	4	5	6	7	8	13	14	18	19	21	22	27	31	34	38	40	42	50	53	57	58	63	65	68	70	71	88	100	115
48 31
3	9	11	12	18	20	22	23	27	34	35	40	42	43	44	51	52	54	55	56	57	58	60	66	68	76	85	91	92	96	108
45 30
4	5	7	10	12	16	18	19	23	24	25	26	29	30	34	43	48	50	51	55	58	61	62	63	76	77	79	92	103	107
41 30
1	4	5	10	11	12	13	14	16	20	21	22	23	25	30	34	35	46	48	49	52	55	56	60	63	66	69	70	77	107
48 29
0	4	9	17	18	20	22	29	32	33	37	40	51	52	53	55	57	61	65	66	68	73	74	79	86	92	96	111	115
45 31
0	1	2	6	9	10	12	14	15	17	18	19	20	25	26	33	39	45	50	53	54	55	56	64	66	67	76	80	85	88	111
40 27
0	1	2	4	6	10	17	24	25	33	34	35	38	42	44	45	50	51	52	54	60	67	70	71	90	105	108
45 29
0	2	13	18	21	22	23	24	25	26	31	38	39	43	44	50	55	60	63	65	69	72	74	75	76	77	84	109	115
50 30
2	4	6	11	26	27	32	33	35	40	41	44	46	49	50	52	56	57	58	59	60	65	70	72	85	91	100	104	112	118
45 30
0	4	6	10	13	14	17	20	23	25	28	29	39	46	48	50	54	61	63	65	68	69	71	73	74	75	76	82	91	92
42 29
1	2	4	5	8	9	11	12	17	20	23	24	26	29	30	40	41	47	50	51	53	60	61	63	64	66	85	109	118
42 31
0	1	3	7	8	11	17	18	20	22	25	27	28	31	32	33	35	36	38	40	46	53	55	58	68	72	76	77	79	80	115
46 33
1	3	6	8	10	13	14	16	17	20	23	24	25	28	31	34	38	39	40	43	45	51	54	55	59	67	68	70	80	88	92	97	127
42 31
2	3	4	6	9	12	13	14	15	19	23	24	25	26	34	37	43	44	45	46	49	50	52	55	57	60	68	70	72	77	100
50 31
0	4	6	7	9	13	16	21	27	38	39	40	46	50	51	52	55	57	58	61	64	66	69	73	74	83	84	88	92	96	115
36 28
1	2	4	5	6	7	10	12	13	15	23	24	25	27	32	40	41	44	45	49	51	54	55	58	64	66	82	90
48 33
0	1	2	4	6	9	10	11	12	13	16	20	21	27	31	36	39	40	45	46	51	53	58	61	62	67	69	74	75	76	91	103	127
41 27
0	1	8	10	13	16	18	23	24	25	33	36	39	41	42	52	55	57	60	61	62	65	73	85	89	98	103
46 33
0	2	4	5	6	7	14	15	17	19	23	25	30	35	36	37	39	40	42	46	49	53	58	59	67	71	72	74	75	76	77	85	109
45 30
0	1	4	5	6	9	12	13	15	18	27	30	32	38	39	43	49	52	54	55	56	57	58	60	62	64	68	71	104	127
44 31
1	2	3	4	5	8	10	11	14	17	19	24	30	31	37	40	41	42	43	46	49	63	66	74	76	79	86	88	98	107	118
52 33
0	2	4	6	10	12	23	25	35	36	37	40	43	45	47	50	52	53	54	55	56	61	64	67	69	70	76	77	80	82	85	88	127
43 29
0	1	4	9	10	13	17	18	22	25	26	32	41	44	46	50	52	56	57	58	62	63	64	66	71	73	76	84	88
42 29
0	3	5	6	15	16	22	24	25	27	31	34	40	47	48	49	53	57	58	59	61	63	67	69	73	74	77	80	95
51 34
1	3	5	6	7	8	19	25	26	27	28	30	31	32	33	40	42	47	53	54	55	57	64	71	73	74	75	76	77	80	83	88	91	127
48 30
0	2	4	5	8	11	12	14	18	19	22	25	28	31	34	50	51	52	54	56	64	67	69	77	80	88	91	100	104	107
46 29
0	3	4	6	9	10	11	17	25	33	34	35	37	45	52	54	55	57	59	62	66	67	73	75	83	92	95	98	100
50 31
5	8	11	13	24	25	27	29	30	31	32	33	34	37	46	50	51	52	57	58	59	60	66	68	73	75	76	91	100	105	117
45 32
3	4	7	8	11	12	13	16	17	18	19	21	23	24	27	32	33	36	37	42	49	52	53	58	59	60	61	77	86	92	100	108
46 34
2	3	4	6	12	17	19	21	23	25	26	28	29	32	34	35	36	37	44	45	46	49	52	54	56	57	59	61	63	66	73	76	78	88
42 29
2	4	5	7	8	11	13	16	19	20	21	24	25	26	28	30	31	37	44	50	54	59	60	66	78	79	88	108	154
45 29
4	5	7	8	12	13	17	19	20	29	34	37	40	45	47	50	52	53	54	57	58	59	60	64	70	72	82	108	109
51 33
3	7	8	12	16	17	19	21	22	24	25	26	31	33	37	40	44	46	50	51	54	58	59	60	67	70	72	82	84	85	107	109	112
43 30
0	1	2	5	7	9	10	15	16	17	19	25	26	30	31	33	35	42	50	53	58	62	67	68	72	74	76	86	88	112
40 31
1	2	4	6	8	11	12	14	17	20	21	22	24	25	26	28	29	33	39	40	41	46	59	63	64	66	69	74	76	80	88
40 29
1	3	4	12	13	17	18	19	22	23	25	28	32	35	37	39	41	46	49	53	54	55	57	58	64	66	70	96	105
46 29
0	1	5	10	15	18	20	24	31	38	39	42	44	50	51	54	55	60	61	65	66	68	70	71	72	74	76	91	127
44 30
0	1	2	6	9	10	15	16	20	25	26	28	32	35	36	38	46	50	52	55	57	58	61	65	66	67	73	86	93	104
52 33
1	2	3	14	16	17	23	25	26	28	31	33	34	35	43	45	46	51	55	56	60	65	66	68	69	70	72	75	88	96	103	109	115
52 33
0	2	3	9	10	16	19	20	24	25	26	28	29	41	47	48	49	51	54	55	56	58	60	61	62	71	75	85	92	96	103	117	118
45 31
0	1	7	10	13	20	21	24	25	31	33	35	41	42	44	45	46	50	52	54	55	60	61	62	65	75	76	82	84	88	91
48 29
1	8	11	13	17	19	22	25	29	31	34	43	49	50	51	54	57	58	59	60	63	64	68	76	79	91	103	112	115
46 30
0	1	2	4	8	9	13	16	20	21	23	24	30	34	35	42	52	55	60	61	62	63	64	68	73	82	90	91	100	115
44 31
0	6	9	11	12	14	16	21	23	24	25	26	27	34	35	37	38	43	46	50	51	58	60	64	67	70	72	73	77	92	112
40 28
3	4	5	8	10	17	19	20	21	24	27	29	30	34	40	45	47	52	54	55	57	59	62	65	66	73	88	118
46 32
2	4	5	6	9	12	13	15	16	20	21	23	25	27	30	32	35	40	42	50	53	55	57	59	60	64	69	72	73	75	80	118
50 32
4	6	8	12	14	19	22	23	25	31	34	35	37	41	42	51	52	54	59	62	63	66	68	71	72	73	74	76	77	84	86	103
44 30
1	3	4	11	13	16	17	22	23	24	27	28	29	32	33	37	43	50	51	56	59	60	62	68	71	74	75	77	92	127
45 32
1	2	3	4	5	6	10	11	18	20	21	24	25	29	31	40	43	45	48	54	57	58	60	63	67	69	73	75	77	85	92	97
49 33
0	1	2	6	9	10	12	17	22	24	25	27	28	33	35	36	37	39	45	53	54	58	64	67	74	76	80	85	91	92	97	107	112
52 31
1	4	5	9	12	17	21	23	25	33	37	38	47	52	53	54	55	57	58	59	61	64	65	66	73	75	79	83	100	105	109
49 31
1	4	6	8	13	16	17	20	24	27	30	34	47	49	52	53	56	57	58	59	60	62	64	69	70	72	75	76	86	96	127
44 31
0	2	6	7	8	14	16	24	25	28	29	30	34	35	37	43	47	49	52	53	55	58	60	63	68	71	73	75	82	88	92
51 33
6	7	8	9	11	12	16	17	19	20	21	28	31	35	39	42	53	54	55	56	57	58	60	61	68	72	75	80	82	91	92	97	127
41 29
1	2	6	7	8	9	15	19	20	25	32	33	35	37	39	41	42	50	55	60	61	62	64	65	67	73	80	92	96
51 32
2	4	5	6	8	9	10	15	19	24	26	33	38	41	43	47	50	51	52	54	55	61	68	70	73	75	77	86	95	103	108	111
48 30
0	5	10	19	21	22	23	24	25	26	30	33	35	41	45	46	55	61	62	63	65	66	79	86	88	92	100	103	105	117
48 30
1	2	4	6	8	14	16	18	19	21	22	24	32	37	51	52	53	55	58	59	62	66	68	71	73	75	76	92	107	115
46 31
0	1	2	4	5	6	10	11	15	24	26	30	31	32	35	39	42	50	51	54	57	60	65	68	71	73	74	76	86	95	118
45 29
1	2	6	11	13	14	17	18	21	28	38	43	45	49	50	53	54	55	57	60	65	68	69	73	74	88	91	95	115
48 31
3	4	6	13	14	24	26	27	28	31	37	41	42	43	45	48	54	55	58	63	66	69	72	75	77	82	88	92	95	100	118
42 31
0	1	2	5	6	8	14	18	19	21	23	25	29	32	33	35	36	40	45	46	48	53	55	59	60	73	77	86	90	92	112
40 29
0	2	4	6	14	18	19	24	26	28	30	35	39	40	41	42	43	46	49	55	62	66	70	73	75	77	88	92	118
43 27
1	2	8	16	20	24	26	28	29	31	36	39	44	50	51	57	59	60	62	63	64	65	66	68	79	112	127
46 29
0	2	5	14	19	23	24	25	29	38	42	45	46	47	50	54	55	57	58	62	64	66	67	69	77	85	86	100	105
49 32
0	1	4	5	7	8	15	16	18	21	25	29	34	35	40	45	49	52	55	57	60	62	63	66	67	71	82	85	86	88	115	117
51 34
1	2	3	6	7	8	11	16	24	25	29	30	31	35	36	45	48	50	53	54	56	57	61	62	63	64	67	71	72	74	75	76	88	95
43 32
4	5	7	8	9	11	12	13	16	17	18	21	25	26	28	30	33	34	39	46	48	49	50	53	54	64	65	67	72	80	91	118
40 30
0	1	2	4	5	7	12	13	16	17	20	22	24	25	29	30	33	34	41	46	53	54	55	65	66	68	72	74	76	95
44 30
1	8	9	10	11	16	21	22	23	25	26	29	31	34	35	37	40	52	54	55	57	58	59	63	64	66	68	74	76	115
45 31
1	6	7	11	12	13	14	15	16	17	18	20	21	31	40	45	46	48	49	51	52	53	57	58	66	67	74	77	88	117	118
43 28
1	4	5	9	10	13	15	20	21	26	29	30	40	42	47	52	54	55	58	59	62	63	66	68	75	86	112	127
52 30
13	15	16	19	20	25	28	32	33	35	36	39	50	51	52	53	58	67	68	73	76	77	86	93	96	97	103	105	112	127
47 32
1	2	3	7	10	15	16	17	19	20	22	23	25	27	32	33	46	47	51	52	53	55	59	64	66	67	69	72	75	79	88	108
44 31
0	2	3	4	5	6	7	12	16	21	24	25	35	37	39	40	45	47	51	55	59	60	63	67	68	69	72	73	75	76	77
46 32
4	8	10	11	13	14	15	17	18	20	22	24	25	27	33	37	42	46	50	51	52	59	60	61	64	66	68	70	72	73	77	85
46 31
0	2	4	5	9	10	16	20	21	25	28	30	32	36	37	38	48	50	52	55	56	60	61	63	65	71	72	75	84	88	109
45 31
1	2	4	5	8	13	17	20	25	27	29	33	34	35	39	40	45	46	48	57	58	59	63	66	67	70	80	82	83	105	109
51 31
4	8	10	11	12	15	22	26	27	30	32	40	43	47	49	50	52	56	57	60	63	64	67	69	74	76	91	105	109	112	127
50 33
3	4	5	6	8	11	20	23	25	26	27	29	30	32	40	41	45	46	50	58	63	64	65	69	74	76	77	78	91	92	97	107	112
44 30
0	4	6	9	12	13	14	15	17	20	28	32	35	39	40	41	42	45	52	54	55	57	66	69	71	72	74	92	98	115
41 29
2	3	8	11	13	14	15	19	23	24	25	27	28	30	38	42	47	50	51	54	55	59	62	64	66	68	69	77	88
45 29
10	13	16	18	20	24	27	29	32	33	34	36	38	42	44	52	57	60	61	64	72	75	77	79	85	88	93	112	127
45 32
0	1	4	5	6	9	10	16	20	25	28	29	34	35	40	44	46	48	49	53	55	60	61	62	63	68	70	72	73	89	90	96
39 29
1	4	9	10	13	15	21	22	23	24	25	27	32	34	35	37	39	40	42	52	54	55	59	60	62	71	83	86	90
48 32
1	2	4	8	17	21	23	24	25	26	29	30	32	34	39	40	46	47	51	53	55	59	63	66	70	73	77	79	82	84	109	112
47 29
0	2	10	15	19	20	21	22	24	25	27	30	41	46	49	50	54	55	56	57	58	60	64	66	74	88	107	112	154
50 32
0	3	4	5	7	8	12	17	18	20	23	24	26	30	33	37	39	42	43	53	54	56	62	65	67	74	75	76	103	109	115	154
45 31
0	2	6	8	14	15	24	25	28	32	37	40	41	42	43	45	48	49	50	52	53	54	55	57	58	66	67	76	77	88	107
47 32
2	5	6	13	15	17	19	21	24	25	30	32	33	36	37	40	47	55	59	60	64	65	67	68	72	73	75	77	82	85	91	96
49 33
1	4	10	12	13	18	20	22	23	31	34	41	42	43	44	47	48	49	51	52	53	54	55	61	64	65	68	70	72	79	88	97	127
43 32
1	8	10	11	14	15	16	18	20	22	24	25	27	32	33	36	38	39	40	41	42	44	54	64	69	70	76	77	80	85	90	112
47 30
2	4	6	11	15	18	25	26	29	30	35	39	40	42	45	49	53	55	57	59	60	63	66	73	84	88	91	100	103	117
44 30
0	2	3	4	5	6	9	10	13	15	19	21	24	25	29	30	33	46	47	52	55	58	60	65	66	72	75	77	100	154
44 32
2	3	5	9	10	17	19	24	25	26	29	32	35	37	40	42	44	45	46	49	51	54	55	58	60	64	66	68	72	76	77	85
42 28
2	5	8	12	13	15	16	21	24	28	30	34	37	41	47	49	50	55	58	59	61	63	66	72	74	90	109	127
50 33
1	3	5	6	9	15	16	17	27	30	33	35	36	38	39	43	44	46	50	51	52	53	55	58	61	62	67	69	76	79	88	104	108
43 30
4	5	6	7	12	13	14	15	22	24	25	27	32	37	43	44	46	52	55	56	59	60	61	66	71	72	73	76	77	86
45 31
2	4	7	9	13	15	19	21	24	25	26	28	31	32	34	37	39	46	47	51	54	59	61	62	66	73	75	76	90	100	118
43 30
2	4	8	10	20	21	22	23	25	29	32	35	37	39	41	45	46	47	50	54	63	64	66	67	70	72	74	84	92	112
46 30
0	4	5	7	12	13	14	16	23	26	27	30	31	34	38	42	50	51	58	59	63	66	68	69	72	76	77	86	103	118
44 29
1	6	8	10	12	13	14	19	21	26	29	33	35	37	40	47	50	51	53	54	58	64	66	67	68	74	88	108	112
46 30
2	5	6	9	15	17	19	21	22	23	30	33	38	40	41	42	45	47	48	55	60	61	62	63	65	88	98	100	127	154
42 29
3	4	5	9	11	12	13	15	16	17	20	22	28	30	37	43	47	52	53	54	60	61	62	65	67	72	75	92	118
49 32
1	2	6	7	11	13	16	22	23	25	27	34	38	41	42	43	44	47	48	51	54	62	63	65	70	77	79	80	100	111	112	127
43 31
0	2	4	5	7	9	10	12	18	19	21	25	27	32	33	36	39	45	46	47	52	54	55	57	60	63	64	66	72	91	118
48 31
0	2	4	9	12	14	17	23	24	25	30	32	38	42	47	50	52	54	57	66	68	71	75	76	79	80	85	86	92	93	100
43 31
0	1	2	4	7	10	11	13	14	22	23	25	26	27	33	41	42	44	46	50	55	57	58	60	63	64	66	68	72	86	88
45 32
1	4	8	10	12	13	14	15	17	19	20	22	23	24	25	27	30	37	42	49	54	56	57	58	64	67	69	70	76	88	92	112
51 31
1	4	11	12	14	15	18	20	22	30	38	41	43	45	50	54	55	56	60	61	64	69	72	73	74	75	88	96	109	111	115
46 30
2	4	5	15	17	18	23	24	25	32	36	37	44	45	48	51	52	54	59	60	62	64	65	67	69	75	91	92	95	107
49 30
2	7	12	13	14	19	20	34	37	38	43	44	45	46	51	55	58	59	70	72	74	75	77	85	89	91	93	103	104	118
40 32
1	4	7	9	10	11	13	17	18	20	23	24	25	26	28	29	32	33	35	38	40	43	45	46	54	55	62	66	82	92	93	96
48 31
0	7	9	10	11	12	13	19	21	25	30	33	34	40	42	45	51	55	57	59	60	61	65	74	76	77	79	91	92	98	100
44 32
1	2	5	10	12	13	14	15	19	21	22	24	26	28	30	32	34	36	38	39	41	44	50	54	58	68	69	74	75	86	112	127
45 30
5	14	16	20	21	23	25	26	27	28	31	34	36	41	45	49	50	52	53	55	58	59	66	68	75	77	86	88	89	111
41 29
2	5	6	8	11	13	14	19	23	25	26	37	39	41	42	43	45	48	50	52	53	55	56	59	62	66	76	88	109
42 30
0	2	10	13	14	16	18	19	22	23	24	25	26	27	32	38	39	41	42	50	51	55	56	60	62	63	65	72	77	100
47 33
3	5	9	13	14	16	17	20	23	25	26	27	28	33	34	37	41	44	45	48	49	53	54	56	65	66	67	71	79	92	95	100	103
44 31
0	1	6	7	12	14	15	16	17	19	24	25	29	30	32	33	36	38	41	44	51	55	62	63	70	73	75	76	91	107	117
49 32
0	2	5	11	14	18	19	23	25	27	30	34	35	36	39	40	42	46	50	53	54	55	56	57	60	68	78	84	96	98	103	105
46 32
1	2	5	7	10	11	15	18	20	23	25	28	30	32	33	36	37	38	41	43	48	50	51	52	53	58	62	65	66	72	112	154
47 28
1	5	6	11	14	15	16	32	33	37	40	42	45	47	50	51	52	55	58	59	60	66	72	92	104	109	115	154
40 30
0	1	2	4	5	7	8	10	11	13	17	19	22	24	25	26	29	31	38	46	48	50	51	59	60	63	70	75	79	103
43 29
0	1	5	7	10	13	15	17	18	19	21	24	25	30	37	43	50	52	55	58	63	66	67	71	75	80	91	96	104
53 34
1	4	5	6	7	10	12	13	23	25	31	34	36	37	40	41	49	50	51	54	57	60	63	64	65	67	68	69	80	91	93	95	100	112
51 32
3	6	10	15	18	19	21	29	30	31	34	35	40	41	44	45	49	53	56	58	60	62	63	76	77	80	86	92	100	107	112	115
46 28
2	6	9	11	14	16	20	23	24	27	30	41	43	50	52	53	54	55	57	58	59	60	66	76	82	98	109	127
51 32
8	12	13	15	17	19	21	22	23	25	32	33	35	37	48	50	53	56	58	60	61	62	63	65	66	67	74	77	82	86	109	112
46 31
0	1	2	5	7	16	17	19	22	24	25	26	28	30	32	33	47	50	55	57	58	59	61	62	70	71	76	77	82	97	108
42 30
2	3	11	12	13	14	15	16	17	20	23	24	25	26	28	43	45	46	51	54	55	56	59	68	69	70	73	75	76	77
48 32
4	9	10	14	17	22	23	24	28	34	35	36	37	40	43	45	46	49	52	53	54	56	57	67	69	78	88	90	91	96	105	115
42 28
1	2	4	6	13	14	21	24	25	27	32	33	37	41	46	50	52	53	57	60	62	65	70	71	76	77	88	112
48 31
0	1	4	6	8	9	15	16	17	18	19	22	30	32	40	47	49	53	56	60	61	66	67	72	74	75	82	92	105	108	111
39 30
0	1	2	6	9	10	12	13	15	16	17	19	20	22	23	24	25	32	39	40	46	50	55	60	64	66	67	76	88	89
48 32
1	4	6	8	10	12	16	18	21	24	28	36	41	42	44	45	47	48	49	56	57	58	60	61	62	68	85	86	88	111	112	127
44 32
1	7	10	11	13	16	17	18	19	21	23	24	25	31	37	39	42	43	45	48	52	53	54	55	62	66	72	74	75	86	90	92
45 31
3	4	8	9	13	17	19	20	21	25	27	32	33	35	37	38	39	43	50	59	60	61	69	71	72	78	86	90	93	96	127
46 30
1	2	3	5	7	10	13	15	19	23	24	25	30	32	45	50	52	54	55	57	58	61	62	64	66	68	79	82	85	107
42 29
1	12	13	14	15	16	24	25	28	29	32	33	37	43	44	47	49	50	51	55	58	59	60	61	63	69	80	92	100
47 33
2	5	7	9	10	13	18	22	24	25	28	30	31	33	34	40	46	47	49	55	57	59	63	64	72	73	74	77	79	80	82	85	90
43 31
0	1	4	6	7	8	10	14	19	20	22	24	25	31	32	34	38	39	40	41	46	54	57	63	66	70	72	77	79	107	112
42 29
1	4	5	12	15	16	21	23	26	29	33	35	37	41	44	45	49	52	53	55	58	62	65	66	67	72	73	79	127
40 29
1	5	10	16	17	19	21	24	25	28	29	30	33	35	36	37	38	41	48	49	50	55	59	60	67	69	75	88	154
45 28
1	4	5	7	13	16	22	23	27	29	31	37	44	50	53	54	57	58	62	64	66	72	77	83	86	88	100	108
44 30
1	3	4	5	10	15	19	20	24	25	35	37	38	39	43	45	48	51	52	54	55	59	62	64	66	67	71	72	75	127
44 30
0	8	9	12	14	15	16	18	21	22	23	24	25	37	39	41	47	50	54	58	59	60	61	64	65	67	75	86	92	112
43 30
1	2	5	9	12	14	16	18	20	23	26	30	33	39	42	45	46	49	53	55	56	57	59	64	66	67	75	76	82	108
51 33
1	3	5	6	7	11	14	16	20	22	27	31	32	33	38	40	42	48	51	52	58	59	60	63	66	68	72	75	80	93	104	115	117
48 29
0	2	4	13	17	21	22	23	27	28	29	33	50	51	52	53	57	58	65	66	67	69	71	77	82	85	96	98	115
49 33
3	7	8	9	12	13	22	25	26	27	32	33	34	35	37	39	42	43	45	47	53	55	59	61	62	64	72	77	79	91	100	103	127
47 30
8	9	13	16	19	20	25	27	29	30	33	34	35	37	45	50	51	53	60	61	62	64	66	70	73	76	80	86	112	118
41 31
0	1	2	5	6	10	11	17	18	19	20	24	28	29	30	31	32	33	35	37	38	42	47	55	59	66	68	75	91	100	115
49 32
4	7	12	13	14	21	24	25	26	29	34	38	44	46	49	51	55	57	59	60	61	63	64	65	66	68	71	72	84	85	90	92
47 31
2	3	5	6	9	12	15	20	21	22	25	32	34	38	46	49	51	53	55	56	58	60	63	64	66	67	68	72	73	77	98
47 30
1	2	5	7	15	19	23	25	28	35	37	41	44	47	49	50	52	54	56	59	60	61	63	70	75	77	84	91	104	112
46 30
2	4	5	8	11	13	15	25	26	30	31	34	37	38	39	41	48	50	54	61	64	65	66	70	72	74	75	98	117	127
44 31
0	4	8	11	13	14	18	26	27	30	31	32	33	35	36	39	40	42	46	51	52	53	57	58	70	71	73	76	77	97	108
46 31
0	1	3	4	6	8	10	13	15	18	20	22	24	34	38	39	41	45	46	49	50	55	57	60	64	71	79	100	107	108	112
41 30
3	5	6	7	9	10	11	16	18	20	22	24	25	27	31	41	43	46	49	62	63	65	66	77	80	84	85	91	93	95
51 33
1	2	5	10	11	16	20	23	25	27	29	32	34	41	43	44	49	50	51	54	57	63	65	68	69	70	71	74	82	85	88	98	112
46 32
1	2	6	7	10	11	13	14	16	18	20	21	22	23	24	27	36	41	44	46	50	51	52	54	55	62	64	66	67	68	117	127
50 33
4	8	9	12	13	14	22	25	26	27	31	32	33	37	39	44	46	52	53	56	57	59	66	70	71	74	79	80	82	85	86	92	104
43 30
0	1	2	4	5	8	11	15	17	18	19	25	28	30	35	37	49	53	54	55	56	58	59	60	61	66	68	73	75	91
49 32
0	2	3	4	14	15	23	24	32	33	35	36	37	43	44	46	47	50	52	57	64	65	66	67	71	73	77	88	89	91	112	115
43 30
2	6	7	8	9	11	16	19	20	24	25	26	39	41	42	43	44	49	52	54	55	58	61	66	68	73	75	77	95	100
42 30
3	4	7	12	13	14	15	20	22	24	25	27	28	31	37	38	43	44	46	51	54	59	61	66	68	72	77	88	91	111
46 31
0	1	4	6	10	14	17	18	19	24	29	33	34	36	44	46	47	48	50	53	57	61	62	69	70	74	77	79	90	104	127
51 30
12	13	14	15	16	17	19	20	30	35	41	46	50	55	57	59	60	62	64	68	72	73	74	77	88	89	96	100	104	118
39 31
0	1	4	7	9	10	12	16	17	19	20	24	26	27	28	29	32	35	37	38	40	41	42	44	50	54	61	66	72	75	115
40 29
4	5	7	9	10	11	12	13	14	16	17	19	21	22	34	37	43	46	49	51	55	60	62	63	66	72	83	90	118
48 33
0	6	11	12	13	17	21	25	26	32	33	35	37	39	40	43	44	45	46	53	55	58	60	62	65	70	74	75	77	78	85	96	112
45 29
1	3	9	14	16	23	24	26	27	29	33	36	37	42	47	48	50	51	55	58	61	65	66	67	74	96	103	104	127
44 30
0	1	4	6	7	8	11	13	17	21	25	27	29	32	45	48	49	50	53	55	56	57	58	60	63	66	70	73	96	103
44 31
0	2	5	8	11	14	18	20	22	24	25	27	28	30	31	36	40	41	43	46	54	55	57	59	60	66	67	68	72	85	154
44 31
0	2	8	10	11	12	15	18	20	21	23	25	29	31	33	41	42	44	48	51	53	54	55	56	65	66	67	73	77	88	112
44 29
0	2	6	8	9	12	13	14	16	19	21	22	23	32	40	42	49	51	52	55	58	60	71	77	80	96	105	111	115
43 30
0	1	2	6	8	13	16	21	24	25	27	29	32	35	38	41	43	45	50	52	55	57	58	60	67	68	73	92	97	103
50 34
0	1	3	7	12	16	18	21	23	26	27	28	29	33	34	35	37	39	40	50	53	55	58	59	61	62	66	67	74	75	77	83	92	118
46 33
1	2	7	10	17	19	20	21	22	23	25	27	32	35	36	37	40	41	44	46	49	50	54	55	58	60	62	63	65	70	75	82	105
43 30
1	2	5	6	7	8	13	15	20	23	24	25	27	33	34	35	37	43	44	48	53	59	60	62	66	75	92	98	100	112
48 32
0	3	4	6	7	9	10	16	17	24	25	27	30	31	33	40	46	47	49	50	57	59	62	64	67	72	74	80	85	100	109	111
48 32
1	2	4	8	10	15	20	21	22	23	25	26	27	29	33	40	42	44	45	49	51	52	56	58	68	69	76	85	92	98	104	154
41 29
1	4	7	10	12	13	16	17	24	26	29	32	33	39	42	43	45	47	50	52	56	60	67	70	71	73	76	86	118
41 29
0	4	5	7	8	12	16	17	19	21	22	23	24	32	35	37	39	46	50	54	55	58	60	67	78	79	85	86	108
44 32
0	2	3	4	7	8	11	15	16	21	24	25	26	27	30	31	33	37	38	40	43	47	53	57	58	64	65	75	76	92	98	105
44 31
0	1	2	4	6	7	9	11	15	17	19	26	30	34	37	40	44	46	47	51	53	56	59	60	64	65	72	73	91	92	108
44 32
0	3	4	6	7	8	11	12	17	19	21	24	26	30	31	32	35	36	37	39	43	46	49	54	64	66	71	72	77	100	103	115
46 29
2	4	6	8	9	13	14	16	19	27	30	36	38	42	50	51	55	59	60	62	64	67	71	72	73	77	80	98	127
47 31
4	6	8	9	16	17	18	19	20	21	24	27	34	38	44	45	48	52	56	57	60	62	63	70	71	73	74	77	86	100	127
43 31
2	3	6	7	11	15	16	19	20	21	23	25	26	31	38	39	41	42	45	48	49	50	54	59	63	66	69	80	88	117	118
45 31
0	6	7	9	11	13	16	19	21	22	23	25	26	29	31	34	38	48	53	54	55	58	60	62	63	65	77	86	88	93	115
46 31
0	2	5	6	12	14	15	17	18	20	23	24	26	35	43	44	46	50	52	55	57	59	61	63	65	66	67	76	77	88	118
47 32
1	2	4	6	9	16	18	22	23	24	27	29	31	32	35	38	41	44	48	50	52	53	58	61	67	76	80	85	86	88	103	108
50 32
0	1	2	5	6	7	8	11	14	15	19	31	33	34	46	47	53	56	58	62	64	67	70	72	75	78	82	86	91	96	108	112
42 30
4	6	7	9	10	13	14	15	16	18	21	25	26	29	31	32	40	44	49	50	51	52	58	63	65	72	76	82	92	112
48 30
0	2	4	8	14	19	20	21	24	25	27	31	33	34	42	49	50	52	55	57	58	60	70	77	78	80	88	104	112	154
41 31
3	6	7	12	13	15	16	19	21	24	25	27	31	33	34	37	38	39	40	41	44	45	48	58	59	62	68	72	74	117	127
50 32
1	7	10	11	13	14	21	24	25	32	33	35	40	41	42	46	49	50	52	53	57	58	59	61	62	63	64	66	79	100	103	112
42 28
0	4	5	13	17	19	24	25	27	29	30	32	34	36	38	50	53	54	56	57	60	61	63	71	76	80	86	118
40 29
1	3	7	8	11	13	14	16	21	24	25	27	32	35	37	39	45	46	47	50	54	58	60	63	64	66	80	92	112
44 31
1	2	4	6	8	13	15	16	17	18	21	25	27	31	39	46	47	49	50	53	60	61	64	67	68	69	72	74	88	91	92
48 33
0	6	8	9	10	15	17	23	25	26	29	30	31	32	35	38	41	43	44	50	51	52	54	55	59	60	63	66	68	76	77	93	100
55 32
0	7	9	11	12	15	22	26	28	30	32	36	41	48	54	55	57	59	60	61	71	73	76	86	91	93	96	98	103	105	107	118
47 32
0	2	3	4	5	7	9	12	14	17	23	25	26	27	34	36	38	42	45	52	53	54	57	65	68	72	73	78	80	90	103	107
42 28
0	4	5	7	9	10	13	16	19	20	25	29	31	36	37	49	50	58	60	61	63	65	68	70	72	88	103	109
46 32
0	1	4	6	8	9	11	12	14	16	19	20	21	27	31	32	37	44	46	51	52	53	54	59	60	61	62	71	76	86	88	118
44 32
0	3	6	9	11	12	16	17	21	23	25	28	31	32	33	39	43	44	46	47	48	52	55	58	59	60	63	67	71	77	88	112
53 31
0	2	6	10	12	16	18	19	22	26	38	46	49	53	54	56	57	59	62	63	72	74	76	77	79	88	89	91	108	117	154
43 29
0	4	10	13	20	23	25	27	29	30	33	34	35	42	48	49	52	53	55	57	58	62	66	68	71	75	92	96	108
47 32
3	4	6	7	12	13	16	19	21	26	31	33	34	37	43	46	47	48	49	50	54	60	61	63	66	71	74	75	77	95	109	115
46 29
2	8	15	16	19	20	21	22	25	26	29	31	38	41	48	50	53	55	56	60	63	65	71	72	74	82	88	103	154
48 34
0	1	2	5	6	7	8	9	16	18	19	25	29	34	35	36	37	41	44	46	49	53	58	59	63	64	65	70	71	74	75	77	91	112
43 30
1	2	4	5	8	13	14	16	20	25	29	30	34	36	37	38	43	53	54	55	57	58	59	60	63	73	75	78	82	92
45 32
0	1	4	5	9	10	12	13	18	19	22	24	27	28	29	31	34	36	46	49	50	54	58	62	67	69	71	77	80	84	85	127
44 32
2	3	5	8	10	11	14	15	17	19	21	22	24	25	27	30	33	35	38	46	50	51	52	55	58	59	68	69	76	80	85	92
49 31
0	2	4	9	10	15	16	17	19	22	25	38	39	40	46	47	50	52	55	58	63	64	66	67	68	70	71	72	85	103	154
47 33
5	6	7	8	12	14	16	19	22	23	25	28	31	32	35	39	41	42	43	50	51	53	58	59	60	61	67	72	73	77	79	95	97
42 29
0	4	6	7	9	10	15	18	19	22	24	25	26	29	34	41	45	47	50	51	55	57	59	62	74	77	88	98	100
46 28
12	13	18	20	24	25	27	29	40	43	50	51	52	53	54	55	57	58	59	61	66	70	72	75	77	88	91	92
43 31
0	1	2	5	6	8	11	12	13	21	25	28	30	31	33	34	35	38	39	42	46	47	51	55	64	65	82	88	98	100	108
44 30
2	4	6	7	8	11	13	14	15	16	21	22	25	30	38	41	47	54	55	57	58	59	63	73	75	76	77	84	88	109
43 30
0	2	4	9	10	13	14	22	23	24	26	28	30	31	32	34	36	39	41	50	54	56	65	69	72	73	77	79	112	127
46 29
3	4	8	11	13	18	21	24	25	27	34	38	40	42	43	45	54	55	56	61	63	67	70	72	97	98	103	109	115
44 29
0	6	7	11	15	25	27	29	31	33	35	41	43	46	49	52	57	58	61	64	66	72	77	88	90	91	92	95	98
46 31
1	3	6	11	12	18	21	22	23	25	27	28	32	33	35	38	39	40	50	51	53	56	58	60	73	76	80	88	91	95	154
41 33
1	4	7	9	10	13	16	18	21	22	25	26	29	31	32	34	35	36	37	39	45	46	47	48	49	52	56	60	63	64	69	70	75
45 29
2	5	7	9	10	11	12	13	16	22	25	26	33	35	45	47	50	58	64	66	67	72	73	75	77	79	98	108	112
42 30
0	4	7	8	9	10	11	17	19	20	23	25	28	34	39	43	45	46	47	49	51	60	63	70	74	76	78	85	100	108
47 32
0	1	6	8	10	11	18	21	22	25	26	31	32	33	34	35	36	49	50	51	54	58	60	62	63	69	70	75	85	91	93	117
46 31
2	6	11	13	17	20	22	23	24	29	31	32	37	40	43	46	49	51	52	55	59	62	65	66	74	76	77	82	86	95	127
47 31
0	3	5	8	9	12	17	21	22	28	29	32	33	34	39	40	42	54	59	63	67	71	72	79	82	83	90	91	92	108	117
44 31
0	2	3	6	8	10	14	19	24	25	27	30	31	33	35	39	40	45	50	52	59	61	64	69	71	75	76	77	86	95	96
37 28
1	6	8	10	11	14	19	24	25	27	30	31	32	37	38	40	43	46	47	50	51	52	55	60	73	80	88	91
45 29
1	2	3	4	5	7	9	14	17	27	30	32	36	43	47	50	51	54	55	59	62	63	66	68	73	75	91	100	108
43 31
2	6	8	9	12	14	16	17	18	19	25	26	29	32	34	36	37	38	39	42	51	55	61	62	63	64	67	69	73	86	117
44 32
0	1	2	4	5	8	9	10	15	16	17	25	27	30	32	34	35	36	38	48	50	53	54	60	61	67	68	72	74	75	88	92
49 32
4	7	9	10	15	19	22	26	29	31	32	36	37	39	43	46	47	48	51	53	54	58	64	66	67	68	75	76	80	107	109	127
46 30
0	4	5	6	7	12	13	14	15	18	25	29	32	37	45	48	50	52	54	59	60	65	66	71	72	73	76	77	104	112
43 29
1	2	8	11	16	20	21	23	24	25	27	29	32	33	34	38	44	50	51	53	54	60	70	72	74	76	96	109	112
41 29
0	2	4	6	7	13	15	16	18	19	21	22	23	28	29	35	45	46	48	50	52	54	55	66	71	78	88	104	108
43 30
2	9	10	12	13	15	16	21	25	27	29	32	33	37	40	44	47	50	53	55	57	58	60	61	72	74	75	88	92	93
44 30
0	2	5	9	10	11	17	20	24	25	29	34	35	37	39	44	46	49	50	51	55	58	60	63	64	66	72	95	109	112
42 33
1	5	10	11	12	14	15	16	18	19	21	23	24	25	29	34	35	40	41	42	44	45	46	49	53	54	55	59	64	69	70	76	96
45 28
1	5	6	18	20	26	30	33	41	42	43	46	49	52	55	56	59	63	64	66	67	68	70	75	77	91	103	115
45 33
1	3	4	5	6	7	8	14	16	17	20	22	23	25	27	34	36	37	41	44	46	48	50	56	60	63	64	68	73	75	86	92	118
46 31
0	1	2	9	11	14	15	17	18	20	21	23	24	25	29	37	39	45	50	55	58	60	62	63	65	67	68	74	75	100	105
41 29
0	1	2	3	5	8	13	16	21	25	27	30	31	32	33	37	47	49	51	55	58	59	60	64	66	73	74	75	98
47 32
3	11	14	21	23	24	25	26	29	30	31	34	35	37	38	40	41	43	49	54	55	57	59	63	66	69	72	76	77	86	103	115
47 29
9	11	13	14	18	19	21	22	30	32	33	38	49	52	55	56	58	60	62	63	68	69	75	79	88	91	92	100	115
44 30
0	1	4	6	11	16	17	18	19	20	22	24	27	37	38	42	43	47	51	52	53	54	55	66	68	71	73	75	103	127
50 33
0	5	7	11	12	13	14	21	22	27	30	32	33	37	41	42	44	49	53	54	57	58	61	67	68	72	73	76	85	91	92	112	115
43 31
0	2	5	7	8	9	13	14	15	19	21	22	23	27	30	31	32	35	38	40	42	55	59	60	63	65	73	92	96	100	115
44 30
2	4	7	8	14	19	20	24	25	28	32	34	37	41	43	45	46	50	52	54	57	59	60	62	68	69	77	92	96	112
46 31
0	9	11	14	18	19	20	21	23	24	25	27	28	30	31	32	35	45	50	54	60	62	69	70	72	75	82	85	89	104	117
43 30
0	2	3	4	8	10	16	18	20	21	22	25	33	38	40	43	46	55	57	60	63	64	65	68	71	72	77	85	88	91
43 31
0	4	5	9	10	12	13	16	18	20	23	27	33	34	37	39	43	44	45	48	49	52	53	54	55	70	72	79	92	107	108
48 30
1	2	4	6	7	16	18	22	23	32	35	39	44	48	53	55	56	57	61	63	64	68	71	73	75	76	77	86	98	115
40 31
0	2	4	7	10	11	13	15	16	19	22	25	26	27	30	31	33	35	40	41	44	46	54	57	63	65	71	76	77	79	88
40 29
1	4	8	9	10	11	15	16	17	24	32	33	34	35	36	41	42	43	45	48	54	60	63	66	72	74	76	98	115
47 31
0	1	5	12	15	16	19	23	25	26	28	29	30	34	37	38	44	47	50	54	56	60	61	76	85	88	92	96	103	112	127
42 29
1	3	8	10	13	14	16	19	21	23	24	26	28	29	33	37	39	42	44	50	58	61	62	66	67	77	111	112	127
43 31
2	3	8	9	11	12	16	20	21	23	25	26	27	28	33	36	37	42	44	45	51	53	56	58	60	65	70	76	85	92	112
48 33
1	6	8	10	12	16	17	19	22	24	28	29	31	34	36	37	41	42	47	49	51	54	56	59	62	64	66	72	79	93	96	112	127
42 28
4	5	6	7	8	9	12	13	14	17	30	32	38	39	40	42	44	50	51	54	60	63	67	72	88	103	117	118
47 31
1	5	11	13	15	16	17	18	21	25	27	29	32	33	37	39	47	49	50	53	55	56	58	60	62	66	71	73	86	112	154
43 30
0	2	4	5	8	11	18	20	21	28	30	31	34	38	41	42	45	48	50	51	53	54	57	60	66	68	73	76	91	118
43 31
1	2	7	8	10	11	12	15	16	17	18	20	21	23	25	31	36	39	40	42	44	50	57	58	61	63	64	66	88	105	112
47 31
0	4	6	13	16	20	21	23	25	27	28	29	30	36	39	40	50	53	54	55	58	61	62	65	66	68	74	77	88	91	117
50 31
0	10	13	15	17	20	22	24	26	29	32	35	43	45	46	47	52	54	57	62	64	67	75	77	82	88	92	100	108	111	117
41 28
0	6	8	10	15	21	26	29	34	35	36	37	40	45	46	47	49	52	53	59	60	67	68	72	91	92	112	115
39 28
0	1	2	4	6	8	16	17	19	21	24	34	35	39	43	45	48	49	50	56	59	60	62	69	74	76	86	127
49 33
3	4	5	8	9	12	14	19	20	29	31	33	36	37	42	43	45	49	51	52	65	66	70	71	72	74	75	77	85	86	89	96	115
44 31
0	1	2	13	14	16	19	23	24	25	27	30	33	36	39	41	42	43	44	50	55	59	60	62	64	67	68	75	86	91	111
41 29
4	6	7	9	11	14	24	25	27	31	35	37	39	40	41	43	48	50	58	59	61	64	66	74	75	77	86	91	96
40 32
0	1	2	4	5	7	9	11	12	15	16	19	20	25	26	28	29	30	31	33	34	36	38	45	56	59	60	63	66	72	73	74
48 32
4	6	12	13	15	16	17	22	24	25	26	32	34	39	40	45	46	51	57	58	59	61	65	66	67	70	73	74	92	95	97	104
45 31
1	4	5	6	9	13	14	15	16	17	18	25	27	28	29	30	32	35	39	49	50	53	57	58	60	67	71	73	103	109	111
48 29
0	1	4	6	8	9	13	15	16	19	22	30	37	50	52	53	54	57	60	62	63	64	65	71	86	88	105	112	127
44 30
0	1	2	4	5	6	8	15	17	18	24	26	29	36	40	44	45	47	51	52	53	54	58	59	60	67	75	92	98	108
44 31
2	4	6	7	8	9	12	13	14	17	18	21	22	23	27	32	38	39	49	51	52	56	57	59	67	68	75	76	77	96	115
42 29
1	2	4	7	8	15	16	17	21	22	25	29	30	32	35	40	50	51	52	53	55	56	58	63	66	67	70	72	91
49 32
0	2	3	6	15	17	18	20	22	23	32	33	35	37	41	43	46	48	49	50	52	61	62	63	68	69	70	76	77	112	115	154
46 31
0	4	11	12	14	18	22	25	26	30	34	37	38	39	42	43	45	47	54	59	60	62	63	64	71	72	73	76	88	96	154
48 33
10	13	14	16	17	18	19	20	22	23	25	30	32	33	37	43	44	45	46	47	51	54	56	60	63	65	66	67	69	76	80	100	117
40 29
0	4	5	7	8	12	13	16	17	18	19	20	25	29	30	37	43	46	51	59	61	63	71	73	76	77	79	86	88
45 31
0	2	4	5	8	11	12	15	20	22	31	32	34	35	38	41	46	49	51	52	53	54	55	65	69	70	77	85	86	88	115
48 31
3	4	5	6	10	11	13	14	19	27	32	34	37	40	46	49	50	51	55	61	64	68	69	70	77	80	85	88	96	107	127
43 29
1	8	10	11	13	14	15	16	20	26	28	30	34	36	38	40	50	52	55	59	60	63	64	66	73	75	88	92	115
44 29
0	2	6	8	11	12	13	15	18	21	24	27	32	34	38	41	46	61	63	65	69	72	73	74	85	88	95	108	154
52 33
4	5	7	10	11	15	19	20	23	24	29	33	37	40	44	46	47	51	53	55	60	62	64	65	67	70	71	77	86	97	107	112	127
40 32
4	5	7	9	10	13	14	16	17	18	19	20	22	27	29	30	31	34	36	37	40	41	43	46	49	51	63	67	70	72	79	118
42 31
4	7	9	10	14	15	16	17	19	25	26	27	29	32	34	35	36	40	41	42	45	50	57	58	63	75	76	77	88	90	105
49 31
0	1	2	4	5	6	7	18	21	22	23	32	33	34	39	40	47	51	57	63	66	67	71	73	74	75	76	100	105	112	115
50 30
0	4	5	6	9	10	12	18	20	27	29	31	32	40	57	60	65	67	71	72	73	79	84	86	88	96	103	111	112	118
48 32
1	4	7	8	10	13	18	21	22	23	27	30	31	34	40	41	42	51	52	54	56	57	59	61	63	64	68	71	73	84	92	118
50 33
0	5	6	10	11	13	15	22	25	26	27	35	36	38	42	43	44	46	47	51	52	53	54	60	62	67	75	79	88	89	96	117	154
35 25
0	1	4	6	8	11	21	24	25	27	28	29	30	32	37	43	47	52	55	58	60	73	88	100	108
42 29
0	9	16	19	23	27	33	35	37	39	40	41	42	44	45	46	49	53	55	66	67	68	71	72	74	77	82	88	108
49 32
7	8	9	12	19	21	22	23	25	26	27	29	31	32	35	39	40	41	52	54	61	63	67	70	79	85	88	91	92	98	111	112
40 31
1	5	6	10	13	15	18	19	23	24	25	30	32	33	35	36	37	39	40	43	48	49	50	52	54	55	60	61	75	85	89
45 29
1	2	5	8	10	22	24	26	33	37	38	39	40	41	45	47	54	55	57	60	64	68	73	74	83	88	92	108	154
43 30
1	2	3	4	6	9	15	17	18	20	22	26	28	30	32	33	43	45	46	51	56	57	66	68	70	74	85	92	98	115
48 29
4	7	8	9	12	13	14	16	21	31	32	40	41	44	45	51	55	57	59	63	66	73	74	76	98	100	108	109	111
46 30
0	4	5	8	9	12	19	24	27	30	31	32	35	42	49	53	54	60	64	67	71	73	74	76	78	80	85	88	97	118
47 30
4	6	7	12	13	14	17	21	25	38	41	45	49	50	51	53	54	56	57	58	59	60	68	70	72	73	74	75	77	83
44 29
1	4	5	6	13	16	21	22	23	24	25	26	27	31	32	49	52	53	60	65	67	68	69	73	74	77	88	98	107
45 32
0	1	4	5	6	8	9	10	12	13	15	17	23	25	26	30	39	40	46	48	52	53	54	56	60	61	62	65	76	85	96	104
43 32
1	2	4	5	8	9	12	14	19	20	21	22	23	24	25	26	29	38	39	40	47	51	54	55	56	57	59	60	63	65	73	85
53 30
3	13	19	22	24	31	32	34	35	38	44	52	53	54	57	60	62	63	64	68	69	71	74	75	76	92	105	108	109	117
44 30
1	7	11	13	16	17	19	20	21	24	25	27	30	31	34	38	39	47	52	55	59	60	63	64	73	75	77	79	100	111
47 31
0	1	2	4	6	9	14	20	21	25	31	35	36	39	44	50	52	53	54	55	56	60	61	64	65	66	72	75	80	84	88
46 31
0	2	6	11	14	15	19	21	23	36	37	39	41	42	43	44	47	48	49	53	54	55	60	68	71	73	77	88	100	108	112
44 30
0	2	4	12	13	14	16	21	23	24	25	26	29	33	38	41	45	55	57	59	64	65	66	71	77	79	85	91	96	115
49 32
6	7	8	9	11	12	15	16	17	18	19	20	25	31	40	45	46	51	54	59	60	61	63	64	65	71	77	85	86	88	100	112
44 32
2	5	7	9	13	14	17	19	20	22	23	25	26	29	34	40	41	43	44	48	51	54	55	56	63	67	75	76	79	80	92	95
41 30
1	2	4	6	7	8	10	11	12	13	17	21	22	23	24	32	34	37	38	39	41	50	52	55	57	58	65	70	100	127
39 28
0	1	4	6	7	10	13	15	16	20	27	28	29	32	38	39	45	48	50	51	54	55	58	63	66	67	72	127
48 31
1	2	4	6	7	12	14	15	17	18	29	30	37	41	42	45	47	53	54	55	57	60	62	64	67	73	80	84	86	127	154
45 31
2	7	10	13	14	16	19	21	23	24	25	28	29	36	39	41	47	49	51	54	55	58	60	61	62	70	75	76	77	91	127
40 31
1	3	6	7	8	9	12	13	20	22	25	26	27	32	33	34	35	36	37	39	46	48	53	55	64	67	68	71	73	86	96
46 31
2	9	10	14	18	20	23	24	25	26	29	30	36	37	38	41	45	50	55	57	60	62	63	64	66	67	70	72	75	92	100
43 30
0	2	4	5	6	9	14	17	20	22	25	28	30	32	36	38	43	49	51	52	60	63	64	67	71	75	80	92	96	105
46 31
1	5	6	13	16	17	20	22	24	27	28	31	32	39	41	43	46	49	50	54	55	58	64	66	69	73	75	83	91	98	108
44 31
0	2	3	5	6	7	9	13	15	17	25	30	31	32	35	37	46	49	51	52	53	54	55	63	68	73	75	76	78	79	91
42 30
0	1	5	7	8	10	20	24	25	29	30	33	35	37	41	46	48	49	52	54	55	59	63	66	67	68	75	86	91	95
44 31
1	2	4	7	8	11	14	16	17	21	25	26	30	31	34	35	40	44	46	48	50	56	57	59	60	63	64	66	74	86	154
48 32
0	2	5	6	7	9	11	12	13	15	25	26	28	32	33	36	38	44	46	51	53	55	60	63	65	70	72	91	92	100	112	115
47 34
1	6	8	12	15	16	17	19	21	23	24	25	28	31	34	36	38	39	41	42	43	47	52	54	56	59	60	71	74	76	77	83	92	112
51 32
0	2	3	6	10	14	16	26	30	33	36	40	41	48	49	50	51	52	55	56	58	63	64	66	67	68	76	78	80	91	107	127
47 31
2	3	4	8	9	12	14	15	16	17	22	25	36	38	39	41	43	50	51	54	63	67	69	75	76	77	79	83	95	100	107
41 29
1	4	6	8	10	11	12	16	23	24	29	30	31	34	43	46	47	49	50	51	58	59	60	63	64	67	74	80	127
40 29
0	5	6	7	10	12	13	17	18	23	24	29	30	32	37	43	44	46	49	52	55	63	68	71	76	84	91	96	118
46 32
1	10	12	13	23	24	25	26	28	29	31	32	33	34	35	36	39	45	46	51	52	56	59	60	64	67	68	72	74	77	86	112
55 33
1	4	5	6	8	11	17	24	27	31	33	37	39	41	43	50	51	53	58	60	61	62	63	67	70	79	80	82	85	98	109	117	118
55 31
0	1	5	6	14	15	20	23	31	36	42	53	56	57	61	63	66	67	68	71	77	79	85	91	92	93	95	100	103	105	108
40 31
1	4	5	6	7	10	16	17	18	19	20	22	23	25	26	28	33	37	39	41	43	48	51	52	53	58	68	71	73	75	76
44 32
1	2	5	6	7	9	12	13	14	17	22	23	25	27	28	30	31	32	33	40	42	51	57	58	64	65	66	68	82	92	96	112
45 30
3	4	10	13	15	19	20	21	22	25	33	34	37	40	41	44	46	50	52	54	55	56	58	63	75	76	77	92	105	108
47 31
0	6	10	13	14	17	18	19	25	34	35	39	40	42	45	46	47	51	54	55	58	59	61	62	66	71	74	86	96	100	117
49 35
0	2	4	7	11	12	14	15	18	22	23	25	26	27	31	35	37	39	40	46	47	48	53	58	62	63	65	70	73	75	76	78	84	95	103
50 30
1	5	7	8	12	13	14	15	24	26	31	33	34	48	49	51	58	59	63	64	66	68	71	72	74	91	100	112	115	154
49 31
2	4	5	15	16	23	25	26	30	41	46	47	48	49	52	53	55	56	58	59	60	62	63	64	66	68	72	75	77	79	112
46 31
1	2	4	5	7	8	9	10	13	16	17	18	22	28	29	30	33	46	50	51	58	61	63	67	71	72	75	76	80	103	115
48 30
0	4	5	7	10	12	25	26	27	31	32	33	35	42	49	52	53	56	57	58	61	63	65	67	73	77	88	96	111	154
42 30
4	5	7	9	11	15	16	18	21	25	26	27	28	31	34	35	36	39	46	53	54	57	61	68	71	72	73	77	86	100
52 34
0	2	5	7	8	12	14	19	20	26	28	31	32	34	35	43	44	45	46	47	50	53	59	60	65	75	77	84	91	96	104	108	109	112
46 30
2	3	5	6	8	11	12	13	15	19	21	24	25	29	32	37	45	49	59	64	66	67	74	77	86	90	91	104	112	154
49 31
0	1	4	5	6	9	10	11	34	36	37	40	46	47	49	53	55	56	57	58	59	60	61	62	63	74	79	91	96	103	118
46 32
1	2	5	6	14	18	19	20	22	23	25	28	30	34	36	38	40	43	48	50	52	54	55	57	59	62	65	66	75	79	86	98
54 32
0	13	14	17	27	29	32	33	35	42	43	44	49	50	51	52	53	54	55	58	60	61	62	63	65	68	75	76	79	88	118	154
45 32
0	1	2	5	6	8	11	13	14	15	18	19	23	24	25	26	30	31	39	42	48	50	57	58	64	66	70	78	85	86	100	112
40 32
0	4	5	7	8	10	13	14	18	22	24	25	26	28	29	31	34	36	38	39	40	45	46	49	51	54	62	69	71	72	77	85
49 33
0	1	4	5	8	10	12	14	15	19	22	24	25	26	35	37	44	47	52	53	54	56	58	60	62	65	73	76	80	82	83	88	112
42 32
2	6	7	8	9	10	11	12	14	15	17	19	24	27	30	31	32	36	38	43	46	47	49	51	53	55	58	66	68	72	78	115
49 28
2	6	13	16	17	19	21	36	39	45	50	52	53	56	58	59	60	62	67	68	70	72	75	77	92	100	112	118
44 30
0	4	6	8	10	11	13	18	20	25	30	31	34	37	40	41	45	51	52	54	56	58	66	69	70	72	82	85	92	104
42 31
1	4	5	6	7	8	9	12	13	14	17	19	23	27	30	32	33	35	36	39	41	45	46	59	63	66	71	76	104	111	127
44 28
0	5	8	10	21	24	27	33	34	35	37	39	45	46	50	55	59	60	64	67	68	71	75	77	78	86	105	118
49 30
2	6	13	16	19	20	26	35	37	38	39	47	50	51	53	55	58	59	60	61	64	65	68	72	73	78	90	91	96	127
43 29
0	1	2	4	6	8	9	12	13	15	19	22	31	32	43	47	50	51	53	54	56	58	66	69	74	77	80	86	127
43 29
0	4	6	8	10	16	19	24	28	30	35	37	38	39	41	45	49	55	58	60	61	66	67	71	75	88	92	105	127
45 30
2	8	9	12	15	18	19	31	32	39	41	43	44	45	46	47	53	54	59	64	66	67	68	72	74	77	85	86	95	108
42 30
0	1	5	7	12	14	16	17	19	20	22	23	25	26	33	37	38	39	41	50	52	55	60	63	66	71	75	82	88	104
41 31
2	6	7	9	10	13	15	18	20	23	25	27	29	30	31	32	34	35	40	43	49	51	55	58	60	64	66	70	72	92	96
48 31
2	5	6	13	14	16	20	25	29	30	31	34	35	40	44	48	50	54	55	57	58	59	60	65	67	68	74	88	92	100	104
48 33
1	2	3	4	5	12	17	21	23	24	25	26	29	34	38	39	40	42	43	45	50	51	54	56	66	67	71	73	74	76	79	109	117
43 31
1	2	9	10	11	14	18	21	23	24	25	29	30	34	35	36	41	42	45	46	49	52	55	57	58	66	85	88	96	98	111
41 30
1	4	6	10	12	14	16	18	21	23	25	28	30	31	35	41	45	46	49	53	54	55	58	61	66	67	73	80	82	88
41 30
0	1	4	8	12	13	14	15	25	26	29	30	31	33	34	35	36	46	48	49	51	52	55	56	57	58	63	65	92	108
42 32
0	1	4	6	7	10	12	15	21	23	25	27	28	29	31	34	39	40	43	44	45	47	50	52	54	58	59	60	63	68	79	86
41 30
0	1	2	5	7	8	9	13	14	16	21	23	25	30	32	35	37	38	41	42	50	53	60	63	65	68	70	79	96	112
44 30
0	4	5	10	11	16	22	24	25	26	28	29	31	34	35	37	47	48	50	54	57	60	65	71	73	76	91	96	115	117
44 28
0	1	2	5	12	13	16	17	18	21	23	25	32	35	44	50	53	55	57	60	65	66	70	75	88	104	105	112
42 30
1	4	8	9	11	17	18	21	22	24	25	26	27	30	32	33	38	39	41	47	55	60	61	64	65	68	73	75	100	103
45 32
1	8	11	12	15	16	21	23	26	27	29	30	35	36	39	40	41	44	45	47	50	55	59	63	66	69	86	88	89	91	92	118
44 30
0	6	12	14	15	16	18	19	20	23	25	28	33	34	37	44	45	49	51	55	56	60	61	63	67	68	72	92	100	107
45 32
0	4	5	6	7	8	9	13	14	17	19	22	24	29	31	32	34	39	43	46	49	50	58	59	62	68	71	72	74	88	105	118
43 30
0	1	8	9	13	15	16	18	20	21	25	27	30	31	34	40	42	51	55	57	58	60	61	63	64	65	66	67	73	92
40 31
1	2	6	7	8	15	16	17	18	20	22	23	25	26	30	34	35	38	39	40	41	42	43	45	51	59	63	67	73	100	117
46 30
4	8	10	17	18	21	24	30	33	35	36	37	39	44	46	50	52	53	57	58	59	60	62	65	67	77	78	86	88	115
47 29
0	4	11	12	15	17	24	25	26	27	30	32	35	37	42	57	58	59	61	63	66	67	72	73	88	98	104	109	112
48 30
10	12	14	18	20	21	25	31	35	39	40	41	42	45	46	49	54	55	57	59	60	61	64	72	73	75	98	105	108	117
46 33
0	1	7	8	10	11	12	14	16	19	20	23	24	25	29	30	32	33	34	35	38	48	51	52	53	58	70	71	73	79	86	105	112
39 28
1	4	13	14	15	18	21	22	24	25	26	27	29	32	33	37	39	49	55	59	60	61	63	66	71	72	90	100
52 32
5	7	9	12	18	23	33	35	36	37	41	44	45	49	50	54	55	56	57	59	63	64	71	72	74	75	76	77	83	91	105	115
46 29
1	4	8	10	11	12	16	20	21	23	26	30	34	52	54	55	57	58	63	64	65	66	68	70	73	75	76	93	118
43 30
1	2	4	5	8	11	14	17	23	25	29	32	35	36	37	38	41	46	50	51	53	58	59	60	61	63	68	76	88	103
54 32
0	2	3	6	22	24	26	28	32	33	36	41	47	48	51	52	53	54	55	56	57	58	65	66	72	78	84	85	93	111	127	154
45 30
0	1	2	5	9	13	14	17	18	25	26	32	34	39	42	43	44	46	50	51	61	63	64	66	71	85	95	98	104	108
52 32
0	2	4	5	11	13	14	15	22	25	33	35	39	47	49	50	51	52	55	58	59	60	63	65	66	72	85	89	91	109	111	112
48 33
0	3	7	11	15	19	22	25	26	27	34	37	38	39	40	42	44	47	48	53	54	55	59	61	63	65	75	76	77	85	91	92	111
47 30
4	8	10	13	16	17	21	24	28	30	36	37	40	42	45	47	50	52	57	58	62	69	70	74	76	77	85	104	111	127
45 31
0	4	5	9	12	14	16	17	20	22	26	30	33	37	44	45	48	49	53	56	60	61	63	65	68	71	73	77	80	86	127
43 31
0	1	5	6	7	8	9	10	14	15	16	20	23	27	37	38	39	40	41	49	52	55	56	59	61	68	75	76	77	96	115
48 30
0	11	12	13	15	20	25	26	27	31	34	36	38	51	52	54	56	58	59	60	61	63	67	72	74	77	89	91	95	115
45 29
0	4	6	7	9	10	25	27	28	35	39	41	45	46	49	51	56	60	63	66	68	75	77	79	85	86	88	111	112
47 31
4	6	8	10	14	19	21	23	25	30	33	37	38	42	47	48	50	51	52	54	56	57	59	60	74	75	76	77	92	96	112
44 30
3	4	10	12	15	16	21	24	25	26	32	39	41	42	43	45	47	62	63	66	67	68	71	73	74	76	77	86	89	112
49 30
4	10	13	18	19	21	25	28	30	31	38	42	49	50	59	60	62	63	64	67	68	69	70	72	74	75	77	82	88	154
48 30
2	5	9	12	13	15	17	23	24	28	32	33	36	37	51	54	55	56	57	58	62	63	64	66	67	75	78	86	112	115
41 28
4	12	15	16	20	21	22	24	25	27	29	32	36	39	49	50	55	56	57	59	63	66	72	79	82	84	89	92
50 31
0	4	9	13	18	20	22	23	24	26	27	29	33	43	44	49	50	51	52	57	60	62	76	77	79	88	91	97	107	115	154
46 29
0	5	7	11	12	14	18	22	24	30	35	37	43	50	52	53	55	58	63	65	66	67	71	72	75	84	93	96	118
38 30
0	1	2	5	6	8	9	10	13	15	16	20	23	25	33	35	37	39	40	45	47	49	50	55	60	63	67	68	72	75
45 31
1	2	7	13	14	17	19	22	25	26	28	35	37	41	42	43	44	46	48	50	57	60	61	64	68	70	71	85	86	104	112
45 31
1	2	5	7	8	13	15	16	20	21	25	34	35	38	39	40	41	46	52	55	58	60	61	62	63	65	71	72	73	76	100
43 29
4	6	7	10	13	17	21	25	26	31	32	35	36	39	45	49	50	52	54	55	56	58	63	64	68	75	76	78	100
47 30
0	2	8	10	11	12	16	17	18	21	22	34	35	37	38	39	60	61	63	64	67	69	73	78	79	86	95	105	111	115
45 31
1	6	7	8	14	16	18	21	23	26	27	28	31	32	35	39	43	45	46	50	51	53	54	58	59	60	61	68	70	115	117
46 28
2	13	15	16	17	19	23	25	29	34	36	39	44	50	57	59	60	66	67	68	74	77	79	88	89	100	104	112
50 31
2	4	5	6	8	13	14	16	20	21	24	29	31	42	44	48	50	53	55	57	59	60	61	63	66	70	79	88	109	118	154
47 31
3	8	10	16	17	19	21	23	25	26	29	30	32	33	38	39	44	50	51	55	60	61	62	63	65	71	72	76	86	105	117
42 29
1	2	4	7	8	10	13	25	34	37	38	40	41	44	45	46	48	52	54	55	57	61	62	65	69	70	72	85	104
47 31
7	9	11	12	13	14	23	25	29	30	32	33	36	37	40	45	48	50	54	55	58	63	64	66	69	70	83	91	96	108	109
45 31
0	4	6	10	11	12	14	15	16	17	21	22	24	25	26	30	32	33	37	47	52	55	56	60	65	66	70	72	73	115	154
43 29
0	2	4	5	7	9	10	18	19	21	25	27	32	35	37	44	45	52	54	55	60	66	68	72	73	75	79	98	118
47 28
0	1	4	11	13	16	17	18	19	22	23	29	50	55	57	58	59	62	63	69	71	76	77	82	88	105	109	127
45 31
0	4	5	6	13	16	21	22	27	30	31	32	34	37	40	44	45	47	53	57	58	66	67	72	73	74	75	77	88	92	115
49 33
5	6	7	9	11	13	15	17	18	23	24	25	27	29	30	32	38	44	54	55	60	64	65	68	71	74	75	77	86	88	91	92	107
44 30
1	2	4	6	7	11	13	18	22	25	27	30	32	36	37	43	46	50	51	62	63	65	66	67	69	70	77	80	92	112
45 33
0	2	8	11	15	16	20	21	24	25	26	30	31	34	35	37	39	40	45	46	49	54	55	60	64	65	69	70	72	79	80	89	92
45 29
1	2	5	10	11	13	19	21	24	25	28	32	37	46	47	51	54	57	58	61	62	66	67	75	78	88	96	112	115
39 30
1	2	5	6	9	10	11	15	21	23	24	25	30	34	36	40	41	45	46	47	49	52	54	55	59	65	66	67	69	80
45 29
3	5	10	13	14	16	18	20	21	22	23	25	31	43	45	55	58	59	60	64	66	67	69	73	75	88	93	104	117
43 31
0	1	3	4	5	7	10	11	14	15	17	19	22	24	25	29	30	31	33	34	35	50	54	59	62	75	82	88	95	105	112
47 32
0	2	4	12	19	20	24	25	26	29	32	34	39	41	42	44	45	48	50	51	54	55	59	62	63	65	69	71	80	88	95	118
46 32
2	4	6	7	8	13	15	22	25	28	29	31	34	40	41	43	44	45	48	50	51	53	55	56	59	66	67	76	79	86	92	109
48 30
2	3	16	17	18	20	22	24	27	29	35	36	42	43	44	50	52	57	59	62	63	64	66	76	79	84	96	112	117	127
43 32
0	1	2	4	10	11	12	16	17	19	20	21	25	28	29	33	35	36	39	45	47	53	55	59	60	66	67	69	75	78	91	92
46 32
2	4	7	8	11	12	13	14	15	16	17	23	27	29	33	35	38	39	43	53	55	56	58	59	61	76	77	78	85	88	90	118
43 29
0	1	2	6	14	17	19	21	23	25	34	35	42	45	47	50	51	52	54	55	58	59	60	63	66	68	76	83	86
42 32
0	2	4	7	8	9	10	12	14	15	18	22	24	25	28	31	32	33	34	39	46	47	50	56	59	65	67	77	79	80	86	91
47 31
0	1	2	4	5	7	8	15	21	24	25	33	34	35	41	45	49	52	53	55	56	65	67	73	75	77	89	91	96	98	105
45 30
0	2	4	5	6	8	10	17	18	19	28	30	41	44	46	47	51	54	60	62	64	69	72	75	76	86	88	91	96	118
46 30
3	5	6	8	10	11	24	25	26	27	29	31	35	37	42	45	48	50	52	55	57	59	62	66	73	88	89	92	103	154
40 27
0	6	9	12	14	19	22	23	33	35	36	37	39	45	46	49	52	53	55	56	59	60	69	77	88	103	108
52 29
2	3	4	11	19	29	33	34	35	38	44	50	51	52	56	58	59	60	64	68	72	73	76	91	100	104	105	112	118
45 31
0	2	3	4	5	7	8	9	10	15	17	21	22	25	34	38	47	50	52	54	59	63	65	68	69	71	80	83	92	95	96
41 30
0	5	8	11	14	15	18	21	22	24	25	27	29	30	34	35	40	41	45	53	54	55	58	59	63	69	76	79	80	92
48 30
1	5	11	12	16	17	23	24	25	28	29	33	36	41	47	50	54	61	69	71	72	76	79	80	88	93	95	98	100	103
47 32
0	1	10	12	13	14	16	19	23	25	30	31	32	33	41	42	46	48	50	51	52	55	60	63	65	70	71	73	76	86	91	98
44 29
2	3	6	9	10	11	15	16	19	21	24	25	30	31	49	50	54	57	64	65	66	68	71	74	75	77	85	88	117
44 30
4	5	8	9	10	11	12	13	14	15	16	24	25	26	27	30	49	50	54	58	64	66	67	72	74	75	76	77	97	112
44 29
0	2	4	7	11	13	18	23	25	27	31	36	39	43	46	47	52	54	61	62	68	71	74	76	77	79	88	98	104
40 28
0	4	7	8	10	13	15	16	18	22	26	29	30	32	36	37	38	40	50	52	57	60	62	63	88	89	112	118
51 32
0	1	3	4	14	17	24	26	27	33	36	37	42	43	46	47	49	50	51	55	56	60	63	64	65	67	74	88	98	107	108	112
47 30
1	2	3	5	6	13	15	16	20	26	41	44	45	46	48	50	52	53	54	55	56	57	59	64	66	73	77	85	100	118
46 30
4	5	7	10	11	13	25	27	30	36	37	40	43	47	49	51	54	55	63	65	66	67	71	72	77	80	82	88	92	100
51 33
0	2	6	7	13	15	16	22	23	26	30	32	33	39	41	43	45	50	52	53	56	57	61	65	66	67	71	72	79	82	92	108	112
44 31
0	3	4	7	9	10	11	13	15	17	22	26	28	32	34	38	39	45	46	47	52	54	58	62	63	65	75	85	96	117	127
47 30
0	2	7	9	10	15	17	19	25	29	30	34	45	47	49	50	51	53	57	60	63	64	67	71	73	74	76	88	109	112
47 29
4	7	9	13	16	17	19	22	24	28	29	32	38	39	43	49	57	58	62	65	67	73	75	76	100	105	111	117	118
42 29
1	2	3	4	6	8	10	13	16	24	25	26	29	30	31	33	45	50	52	58	59	66	67	68	73	75	82	88	105
49 33
0	1	2	3	5	14	15	16	19	22	24	25	26	27	34	38	44	46	47	52	53	55	57	59	60	65	70	73	76	91	96	100	104
45 32
0	3	4	6	9	10	12	14	15	17	24	25	26	28	34	35	36	39	45	46	52	54	62	67	70	76	77	83	86	91	97	104
49 32
1	2	3	4	7	13	14	17	21	23	25	28	30	32	37	38	49	50	51	53	60	65	66	67	68	70	71	76	82	91	104	109
41 30
1	2	3	4	7	10	13	15	17	22	23	25	32	37	40	41	44	45	46	50	51	53	54	58	59	64	66	68	70	96
49 32
4	5	9	10	11	12	14	19	23	25	27	36	38	41	42	45	46	47	50	52	55	58	63	64	66	68	88	93	95	100	105	109
51 33
1	2	3	5	10	15	19	20	23	27	30	32	36	37	38	41	44	46	50	54	55	58	59	60	63	65	69	72	76	92	105	117	118
41 29
0	1	2	5	6	12	13	15	16	21	23	25	30	33	36	42	45	50	55	60	62	63	66	67	69	71	74	88	92
40 29
0	2	5	7	13	14	16	18	20	24	25	28	29	37	39	45	47	49	55	58	62	63	66	72	75	82	90	91	92
46 32
2	3	9	14	15	18	20	22	24	25	27	28	30	33	36	37	40	44	49	51	53	55	56	60	61	64	68	73	75	77	88	100
47 30
2	3	5	6	9	15	19	24	25	30	32	36	39	45	46	47	50	55	57	60	61	63	64	68	74	77	86	104	111	112
48 29
2	8	11	21	22	25	26	28	29	32	37	38	43	47	51	55	59	60	62	63	69	70	75	77	85	88	103	127	154
45 30
1	4	8	10	12	14	15	18	20	22	24	26	27	33	34	38	44	45	48	52	54	57	62	66	68	72	104	105	112	127
42 29
3	4	6	10	13	18	20	23	25	27	31	32	34	40	41	45	46	49	56	57	58	61	62	63	66	76	77	98	104
48 30
1	4	5	10	14	24	26	27	32	33	37	41	43	44	47	48	55	59	61	62	64	66	68	75	79	92	100	104	112	115
44 29
2	3	4	5	6	8	9	12	13	15	16	21	25	34	38	39	50	55	59	60	65	75	76	79	84	88	96	109	112
44 33
0	1	4	6	7	9	14	15	16	17	18	23	25	27	30	34	35	37	39	40	44	46	50	55	59	61	63	64	70	71	74	77	84
53 32
4	5	6	8	9	19	21	26	27	28	31	34	35	41	50	52	53	56	59	61	63	65	66	70	75	76	77	90	91	100	111	127
47 31
1	2	3	4	8	11	15	20	23	24	25	32	34	37	38	39	51	55	56	60	61	62	63	64	69	72	73	74	75	86	100
48 31
1	5	7	11	13	15	16	18	25	29	30	33	37	38	40	41	51	55	57	60	61	63	67	71	72	73	79	85	91	105	108
48 31
2	4	5	6	9	15	20	24	26	30	31	32	38	43	45	50	51	52	54	57	58	60	61	62	64	68	71	85	92	95	118
44 31
0	2	4	5	6	7	9	11	14	15	17	20	24	26	27	38	39	46	48	50	57	58	61	65	66	73	74	76	85	92	118
48 30
3	4	6	7	8	13	16	27	31	33	35	37	38	40	41	51	52	56	58	59	60	61	72	73	77	88	96	104	111	118
45 30
2	3	4	5	11	16	17	22	25	26	28	29	33	35	43	44	50	51	52	54	58	61	63	69	73	75	76	78	91	104
42 28
0	9	12	14	15	18	19	23	27	28	32	35	38	39	40	43	50	52	55	58	60	61	73	77	84	96	111	115
44 30
2	4	6	9	10	18	25	26	30	31	32	35	36	42	43	46	49	50	51	56	60	63	67	68	73	74	75	78	88	98
43 30
0	1	2	3	4	7	13	15	17	23	25	27	29	32	33	41	44	47	51	54	56	61	62	66	74	75	77	88	90	104
45 31
0	7	8	10	13	18	20	21	27	30	33	34	35	37	40	41	42	46	49	51	55	56	62	64	67	68	72	77	92	98	108
49 28
2	3	8	18	25	29	35	36	37	41	42	45	51	53	55	58	60	63	64	67	70	73	74	86	98	103	127	154
45 30
0	1	4	5	6	10	14	16	20	23	24	26	29	34	38	39	42	44	50	54	56	62	67	69	73	75	93	100	112	118
44 32
0	1	2	8	10	11	12	18	19	23	24	25	26	28	29	31	32	35	39	42	45	51	53	58	63	64	66	67	73	82	95	100
44 29
2	3	4	7	8	9	13	18	22	24	25	26	32	37	39	49	51	52	54	59	60	63	68	72	74	75	92	103	112
44 30
4	6	9	10	11	15	16	17	20	23	24	25	30	34	45	49	50	54	56	57	58	61	64	66	70	74	75	77	85	86
45 32
0	1	2	3	4	7	10	11	12	16	20	21	24	25	29	31	34	36	40	46	52	54	58	59	61	62	63	71	79	88	95	108
37 26
0	4	8	9	13	14	17	18	21	23	24	25	27	29	30	34	50	53	54	57	58	64	66	76	77	98
48 32
0	1	2	9	15	22	24	25	27	29	30	31	32	36	38	39	47	50	51	53	54	58	65	66	67	68	71	72	77	79	88	112
46 29
0	1	2	3	9	11	12	19	25	27	30	36	40	43	48	52	54	55	56	63	64	65	66	67	88	92	98	107	108
39 29
0	4	10	11	12	15	18	20	23	24	25	27	30	33	34	42	43	46	49	55	57	58	60	64	66	70	72	77	82
43 32
2	4	5	6	12	13	16	17	20	21	22	25	28	32	33	37	39	40	45	46	47	52	56	58	59	60	62	63	67	71	72	92
44 32
0	1	3	4	10	12	15	17	18	19	22	24	32	33	35	36	37	38	40	43	46	51	55	56	58	66	73	75	78	91	92	115
48 30
4	10	13	16	20	24	25	26	31	34	36	38	39	41	43	50	53	60	61	63	68	71	72	73	75	77	79	103	109	127
45 30
2	8	17	18	20	21	23	24	25	26	31	32	34	37	38	42	45	50	52	55	57	59	65	67	70	75	77	96	108	111
48 30
1	4	5	12	13	17	20	25	29	30	35	36	47	49	50	54	58	60	61	63	66	67	68	70	72	75	88	91	104	107
48 29
2	5	8	12	16	18	23	29	35	41	48	49	50	53	58	59	60	63	64	66	67	70	74	76	77	79	85	112	118
47 31
0	2	13	16	17	19	20	21	22	25	28	34	37	40	43	46	50	52	53	57	58	62	63	65	67	70	71	76	77	97	117
46 29
5	7	12	13	15	16	18	21	22	23	27	29	33	49	50	52	53	55	57	63	68	69	71	74	76	88	91	108	117
44 29
2	4	5	6	10	24	25	27	29	31	32	33	37	38	45	47	51	52	59	60	62	65	66	67	68	72	92	100	103
44 32
0	1	2	4	5	6	9	10	12	17	20	23	24	25	32	35	36	39	45	46	54	58	59	61	62	66	67	73	74	79	91	96
49 33
4	9	17	18	19	20	22	24	25	27	29	31	37	41	42	43	44	45	51	54	55	59	62	64	66	70	71	75	77	79	88	91	127
50 33
0	5	18	21	24	26	27	30	31	32	33	35	38	40	42	43	44	46	47	51	58	66	68	71	72	76	79	86	88	97	112	117	118
41 31
1	4	5	8	13	14	15	16	17	22	23	24	25	27	29	30	33	34	42	43	49	50	55	59	60	62	63	69	70	71	76
38 28
1	9	11	12	13	15	16	22	23	25	28	31	32	36	39	40	42	49	55	58	59	60	63	64	72	73	88	89
51 31
2	3	5	7	15	17	19	20	23	25	29	37	41	43	47	52	54	61	63	64	67	68	74	75	77	86	92	104	109	111	117
44 30
0	2	4	6	11	13	14	16	17	19	24	26	28	37	38	42	49	51	58	59	60	61	62	66	75	76	77	80	90	127
50 32
7	8	11	12	20	21	22	25	26	32	34	36	37	38	43	44	54	55	57	59	60	65	67	70	73	74	76	79	91	92	104	111
43 30
0	2	3	4	13	14	17	18	22	24	27	30	32	33	36	38	40	42	54	57	67	69	72	74	76	77	80	86	95	115
44 32
2	3	5	7	12	14	16	17	19	20	23	25	27	29	34	36	37	43	44	45	46	52	54	57	58	59	63	64	71	86	88	117
41 29
1	4	5	7	8	10	15	17	22	24	25	26	32	35	36	40	41	42	45	54	61	64	76	79	83	86	92	105	112
44 32
2	4	5	7	9	10	11	14	15	17	19	21	23	25	34	36	37	38	41	45	46	47	51	54	69	70	71	78	83	96	100	104
46 32
2	6	7	8	13	14	17	18	20	21	22	24	26	28	34	35	37	38	45	47	50	54	57	59	64	71	73	77	88	92	112	127
42 31
2	4	6	7	8	10	13	16	17	19	21	22	24	25	26	38	39	40	41	46	56	63	67	68	69	72	73	76	77	79	88
41 29
0	3	5	8	10	14	15	16	19	20	23	24	30	31	34	40	46	49	50	54	55	56	60	64	66	76	85	97	118
44 30
0	2	6	11	12	13	14	15	21	24	25	29	35	36	38	45	46	48	50	51	62	63	74	76	77	88	91	93	108	112
45 32
3	4	10	11	12	15	16	17	19	20	21	23	26	28	39	43	45	46	48	49	51	53	54	59	62	64	69	72	76	77	79	127
43 31
0	2	5	7	9	10	11	14	20	22	25	31	32	36	37	38	39	43	45	46	54	58	63	67	68	72	73	76	77	95	98
38 29
4	9	10	11	12	13	14	16	17	19	21	24	25	26	37	39	41	44	45	49	54	57	66	67	68	73	75	78	88
43 30
1	2	4	5	7	8	13	15	18	19	22	23	24	27	32	33	43	44	48	50	52	53	54	55	62	65	70	76	111	127
45 31
1	3	4	6	10	11	13	15	17	20	21	25	34	37	38	39	45	48	49	52	54	62	68	69	74	75	76	92	96	103	118
47 31
1	5	14	15	16	17	19	20	22	24	26	27	28	31	38	39	46	50	51	53	54	55	58	59	62	64	69	70	75	111	127
42 30
0	1	3	4	6	10	15	22	24	25	30	31	34	35	37	40	44	45	50	52	54	57	58	59	60	64	67	70	80	95
49 31
0	7	8	9	11	12	13	16	17	20	22	23	29	43	44	46	50	51	54	55	57	65	66	71	82	88	96	97	108	109	112
42 30
1	6	10	11	15	16	17	18	19	24	25	26	27	29	31	36	37	39	40	41	42	54	57	58	60	62	64	107	112	127
46 33
0	3	6	9	10	11	12	13	16	21	23	27	28	29	30	31	34	35	36	42	49	52	53	55	63	67	68	69	79	83	88	92	108
46 31
1	3	4	6	7	8	9	11	12	16	17	18	19	22	25	26	28	29	32	50	54	57	59	63	64	70	76	86	103	107	112
42 28
0	4	5	6	7	10	11	13	19	21	24	25	30	43	45	50	52	53	54	55	58	62	71	75	76	77	88	117
46 31
0	1	2	4	5	6	7	9	10	13	14	17	19	30	34	43	46	48	50	55	56	60	63	66	71	73	75	80	97	100	115
47 32
0	4	5	7	10	12	15	17	19	20	21	22	24	25	26	28	44	49	50	52	56	58	59	63	65	67	69	75	77	80	96	111
44 30
0	4	6	10	13	15	18	22	25	31	35	37	39	42	43	45	48	50	54	57	61	63	65	66	67	71	76	84	88	109
48 28
10	16	18	20	21	24	28	31	42	48	50	52	53	54	57	58	60	61	62	65	66	68	73	75	77	95	98	127
46 31
0	1	5	11	12	15	17	18	20	21	22	26	28	33	42	43	44	46	51	60	61	63	65	67	73	74	75	85	91	117	118
52 30
0	4	6	7	10	13	16	23	28	33	36	50	51	52	53	54	56	61	67	68	70	71	74	76	83	85	89	93	108	154
45 32
3	4	9	10	11	17	19	20	24	25	26	27	30	34	36	37	38	40	46	49	51	52	56	58	60	63	64	72	76	80	86	109
42 32
2	4	7	9	10	12	13	14	15	17	18	25	27	29	33	36	38	40	43	44	45	46	50	52	57	60	61	67	72	88	92	96
41 28
2	3	6	9	13	16	19	20	23	27	34	35	36	43	46	49	50	54	55	61	63	66	68	70	77	88	92	108
46 31
0	2	6	9	11	14	15	16	18	22	25	31	35	40	43	45	50	51	52	54	55	58	59	60	62	63	64	70	75	77	86
53 33
0	2	8	12	19	20	21	22	27	31	33	36	38	40	46	50	52	53	55	56	57	60	65	67	68	70	75	76	77	79	91	105	118
42 30
2	3	6	7	8	9	13	14	19	25	26	29	30	34	35	40	42	45	46	51	53	55	64	73	74	76	77	80	86	100
42 29
1	6	12	15	16	17	18	19	20	21	24	25	28	29	42	43	44	50	57	58	60	64	65	66	77	85	91	92	112
50 33
0	3	6	10	15	16	19	21	23	30	31	32	34	37	39	41	47	50	52	53	55	56	58	64	66	67	69	70	71	72	73	77	127
48 31
1	10	13	14	17	19	24	25	30	32	33	37	40	41	43	47	55	56	57	59	61	65	69	70	71	73	74	79	91	100	111
43 32
4	5	8	10	11	13	14	16	18	20	21	22	23	24	25	26	27	30	31	40	45	49	57	60	63	70	71	76	78	85	90	111
43 30
1	5	6	7	9	16	18	19	23	25	26	27	31	32	37	39	41	43	46	49	54	60	61	63	68	73	91	100	117	118
42 32
0	1	2	3	4	7	8	9	16	17	19	22	23	24	25	26	27	30	33	34	36	40	47	59	60	61	64	65	66	82	92	103
50 30
0	2	4	6	18	24	27	28	30	31	34	36	38	43	49	50	53	54	60	68	69	76	80	82	88	98	100	107	109	118
43 29
0	3	4	7	8	12	13	14	20	23	24	29	32	34	35	36	37	49	54	56	65	66	71	72	76	77	107	112	115
49 30
0	3	6	7	8	9	14	28	29	36	37	39	40	41	45	47	51	55	60	62	66	72	73	91	92	103	104	105	109	127
45 31
0	1	2	7	9	11	14	15	17	18	20	22	26	35	36	38	40	46	51	52	53	54	56	58	59	60	65	70	75	95	108
41 30
0	4	12	13	14	15	16	24	25	26	28	31	32	33	36	37	39	45	48	49	50	58	60	61	64	74	75	76	77	100
50 32
1	2	4	5	23	29	30	32	33	35	36	37	40	46	47	51	52	53	55	58	59	60	64	65	67	68	69	75	82	83	91	108
38 30
1	2	3	4	5	6	7	11	12	13	14	17	24	25	26	34	37	41	42	45	46	49	56	57	64	66	69	71	77	92
52 33
4	5	6	17	18	19	20	23	28	29	30	34	39	40	43	49	50	51	56	58	59	62	64	66	67	76	79	84	91	92	96	103	115
48 32
0	1	6	12	13	24	25	26	30	32	33	36	39	41	46	49	52	55	56	57	58	59	60	61	62	63	68	70	71	74	76	91
44 32
4	5	7	8	9	10	12	13	16	19	25	26	28	31	33	41	42	43	45	48	55	59	63	65	67	72	73	76	77	83	88	92
57 34
5	8	11	14	16	17	20	28	29	31	32	37	45	46	49	50	51	52	53	54	55	59	60	62	64	71	72	73	75	77	88	112	115	154
42 30
1	4	6	8	9	11	12	16	17	20	23	25	30	34	37	40	41	42	51	54	59	61	63	64	65	66	67	71	73	88
42 29
1	3	4	5	13	16	17	22	25	27	31	34	40	41	43	46	47	51	52	54	55	58	63	66	68	71	72	93	117
42 29
0	1	2	4	5	6	13	15	16	18	25	30	33	35	38	41	42	51	53	65	66	75	76	77	80	86	88	92	112
48 31
0	2	8	18	20	21	22	24	25	29	33	36	37	41	43	46	49	51	58	65	66	67	68	74	75	77	93	95	100	104	112
46 32
1	8	10	11	13	16	20	21	26	27	28	31	33	35	39	42	45	47	48	50	52	54	58	59	60	63	71	75	82	90	95	127
46 30
0	3	4	7	10	13	14	19	21	24	26	30	32	37	42	48	49	50	52	54	55	56	57	60	66	72	75	90	127	154
42 30
0	2	5	6	8	13	14	18	20	21	23	24	28	31	34	42	43	44	46	49	56	65	69	75	79	83	88	92	112	127
43 30
1	4	7	8	9	12	13	23	25	29	32	33	37	41	43	45	46	51	55	58	59	62	63	67	70	76	77	84	85	88
43 27
0	1	2	4	5	6	8	11	13	29	30	34	42	47	50	52	57	63	64	66	74	88	91	93	100	112	127
50 33
0	2	5	7	8	13	15	30	32	33	35	36	39	41	45	46	47	49	50	53	55	56	57	59	60	61	64	66	77	88	92	105	127
43 31
0	2	5	8	9	10	12	16	18	24	25	26	29	30	32	33	35	38	45	48	55	64	65	67	69	71	72	79	88	92	111
51 32
1	2	4	7	10	13	22	26	31	39	43	44	47	48	51	52	53	54	56	60	65	66	68	69	73	75	77	79	80	91	92	115
47 32
1	4	7	8	9	10	12	15	18	20	21	25	31	34	40	42	44	45	46	50	52	53	54	55	56	57	59	68	74	88	100	109
41 30
1	2	4	5	9	13	14	18	21	24	25	27	30	33	34	38	40	42	43	44	47	48	52	59	60	67	75	92	115	154
53 30
3	4	12	13	18	24	25	27	31	33	39	43	50	54	55	58	59	60	61	64	66	68	72	74	75	88	98	111	112	154
49 31
0	2	7	11	12	13	16	19	24	25	32	35	37	47	50	54	55	57	60	61	64	65	66	67	71	72	79	82	84	92	103
46 32
1	2	5	6	8	9	10	11	17	20	21	24	31	34	35	37	45	46	47	51	55	58	60	62	64	65	69	70	71	73	75	115
48 30
0	2	5	7	8	17	19	20	25	28	34	37	43	46	47	50	52	53	54	55	57	58	59	60	61	75	91	95	108	154
43 31
4	7	10	11	13	17	18	19	25	26	27	29	30	33	35	37	42	46	47	49	50	52	57	63	64	66	71	73	83	88	117
46 30
0	3	4	5	10	13	20	24	25	34	42	43	44	45	46	47	52	53	54	55	56	60	64	66	68	74	75	76	98	117
43 32
0	1	3	4	7	8	10	11	15	22	23	24	25	26	27	28	30	31	34	42	47	50	54	56	57	59	61	65	70	74	77	86
47 33
0	7	8	12	14	15	17	19	20	22	23	24	25	28	29	30	31	36	37	47	49	54	55	56	58	66	70	73	76	82	91	117	127
46 29
4	12	13	14	16	21	23	24	27	31	32	33	34	43	49	50	53	57	58	63	65	66	68	72	74	78	103	112	127
41 30
2	5	8	9	12	13	15	16	20	21	25	27	31	34	35	36	39	40	42	53	54	55	57	60	61	64	65	75	76	92
44 30
6	10	12	15	16	17	24	25	29	32	35	36	37	40	41	45	49	51	55	58	63	66	67	72	74	77	79	82	92	105
45 32
0	1	3	4	7	8	10	11	13	18	21	22	25	29	32	33	38	42	43	44	50	51	52	55	64	65	66	67	75	89	96	98
45 31
0	1	2	4	13	14	18	25	30	32	33	37	39	40	41	46	47	49	50	54	55	57	59	63	66	67	68	72	76	77	98
47 33
2	3	4	5	7	17	20	21	23	25	26	30	32	35	36	37	38	39	48	51	52	53	54	59	65	68	69	70	75	76	79	85	92
40 30
0	1	4	5	8	10	14	17	19	22	23	24	25	29	34	36	37	40	43	44	47	49	51	55	60	62	63	66	92	154
50 32
0	3	4	8	12	13	14	18	19	26	30	31	32	34	38	42	44	52	54	57	61	64	67	69	72	77	86	91	92	98	112	118
46 30
1	2	5	6	7	10	13	25	26	31	35	36	40	42	44	45	50	52	54	56	60	61	62	63	64	75	79	88	98	112
42 30
10	12	15	18	19	21	22	23	25	26	31	33	35	37	38	41	45	49	54	55	61	63	65	66	71	73	74	77	82	88
48 33
4	5	8	10	11	17	19	21	22	23	24	26	32	35	36	37	40	46	48	49	51	56	60	61	64	66	70	73	76	83	92	111	127
46 32
0	1	2	5	8	13	15	17	19	20	24	25	32	33	37	38	42	44	45	52	58	60	66	68	70	73	74	75	76	92	95	100
42 30
2	4	7	8	10	17	19	20	22	23	25	27	29	36	37	38	43	44	50	54	57	58	62	63	64	67	70	76	78	85
48 28
0	4	5	13	19	22	24	26	29	30	32	43	44	50	53	54	56	61	62	66	67	75	82	88	105	112	118	154
47 29
2	4	5	8	9	14	16	17	19	21	22	26	41	49	50	52	56	58	61	65	66	68	71	72	75	76	104	115	117
44 29
0	3	4	5	6	7	10	13	14	15	21	22	26	27	28	32	46	50	52	56	62	67	75	76	77	80	104	108	112
41 30
1	4	5	6	9	10	11	15	16	17	20	22	25	28	30	32	33	37	40	47	51	52	55	60	61	63	73	75	92	103
47 31
1	4	5	6	7	10	13	15	16	17	18	24	25	31	40	41	49	52	54	63	64	66	69	73	75	77	79	82	96	103	112
44 29
2	4	9	10	15	18	20	21	22	25	27	29	32	33	50	52	53	54	55	57	59	66	68	71	72	74	77	92	95
51 33
1	2	3	6	9	11	15	16	21	30	31	32	37	40	46	47	48	49	51	55	59	61	62	63	66	67	68	74	77	79	88	108	154
47 30
1	5	7	8	13	14	15	17	24	25	27	31	37	42	49	50	53	54	58	59	62	65	72	75	76	77	88	91	105	112
47 31
1	2	3	4	6	10	12	20	21	24	26	34	38	39	42	43	46	51	54	55	59	63	64	66	68	70	72	74	82	112	118
50 33
3	6	8	10	14	15	20	21	24	28	30	36	38	40	41	43	45	46	55	56	63	65	66	68	69	73	77	82	85	91	96	98	108
48 32
0	1	4	5	6	8	9	10	12	15	21	22	25	26	32	34	39	42	52	54	55	60	66	68	71	72	73	79	83	93	104	107
47 32
0	1	3	4	5	8	10	13	14	15	17	20	25	34	37	38	39	45	46	47	52	54	57	63	65	67	68	69	75	84	103	154
46 30
0	5	6	7	11	12	16	20	21	23	25	33	34	42	45	49	50	51	52	53	55	58	59	63	71	76	77	92	100	117
47 31
2	4	6	16	21	22	28	30	31	32	35	39	44	45	46	47	51	54	58	63	66	68	70	73	74	75	76	77	79	91	108
42 32
1	3	6	7	8	10	11	13	14	16	18	21	25	26	30	32	33	37	40	41	45	46	49	51	58	59	62	63	66	72	86	112
43 31
2	5	9	11	13	23	24	27	29	30	32	33	34	36	38	39	40	41	43	45	50	52	53	55	58	59	62	67	77	96	108
45 32
1	11	12	13	16	22	23	24	25	26	30	31	34	39	41	43	44	45	48	50	54	55	57	59	63	65	66	72	73	75	86	89
50 30
2	4	7	13	19	22	27	31	34	38	39	44	46	51	53	54	58	59	66	67	68	70	74	76	77	80	91	100	103	115
45 33
3	7	8	13	15	20	21	22	23	27	32	33	35	36	37	38	39	40	41	44	46	47	52	53	55	59	65	76	77	80	84	89	127
44 31
0	2	4	5	6	9	11	14	17	18	20	28	31	35	37	39	41	44	45	46	50	52	55	57	60	72	76	78	85	104	115
49 30
0	2	3	4	6	20	24	27	29	31	38	42	44	45	50	52	57	60	65	68	69	71	72	76	79	88	90	100	109	127
46 32
0	5	6	9	10	17	18	19	25	27	28	32	35	42	44	45	48	49	51	52	55	56	58	59	66	69	71	75	79	80	92	96
44 32
2	4	6	7	9	15	19	20	25	27	28	29	31	32	33	35	37	38	40	41	44	48	53	57	61	66	73	92	93	95	100	103
46 30
0	2	4	5	7	8	13	19	21	22	26	30	32	35	36	41	44	55	63	66	67	73	74	77	79	80	88	100	107	115
44 29
2	4	13	16	24	25	27	28	29	31	32	33	34	39	43	44	45	50	58	59	60	67	68	74	75	79	95	100	154
43 30
0	2	4	7	10	15	18	21	22	24	25	26	32	38	40	42	45	46	47	54	57	67	70	73	75	76	83	90	112	118
47 31
0	1	5	6	9	16	22	24	25	26	27	29	30	31	35	38	50	55	58	59	60	61	65	68	70	74	75	86	89	97	107
52 31
2	3	5	23	25	29	31	32	34	35	36	40	41	45	51	53	54	59	64	66	68	74	75	76	77	79	88	92	98	112	154
47 32
2	5	10	11	15	21	24	25	27	28	31	32	39	40	43	44	45	49	52	54	55	57	58	59	60	62	73	77	86	95	97	107
48 31
0	1	4	6	10	24	25	30	33	35	37	40	41	42	44	45	46	52	53	54	57	59	60	64	68	80	83	96	104	112	127
42 31
0	2	3	4	5	6	8	9	15	16	17	19	22	25	26	30	33	40	43	47	51	52	53	66	67	69	72	74	75	80	92
49 32
1	2	6	7	8	14	15	17	23	24	25	26	28	32	33	36	38	41	50	51	54	55	59	60	63	68	76	83	88	105	107	112
46 31
2	4	5	13	14	15	18	20	21	26	27	30	34	37	39	42	47	49	53	54	62	66	67	68	72	75	79	86	92	112	127
41 29
1	2	3	6	13	14	16	17	18	21	28	29	34	37	40	41	43	45	53	54	55	58	62	71	72	74	80	92	108
43 31
1	4	6	10	11	14	18	20	21	24	25	27	29	32	37	38	39	40	45	46	51	52	54	59	64	66	67	69	70	80	112
45 30
3	4	5	6	8	16	17	18	19	20	23	25	28	29	31	37	39	50	52	56	57	58	60	61	63	76	78	85	104	105
47 31
1	3	4	5	7	12	13	15	17	19	22	26	31	32	39	40	44	51	54	55	58	63	64	68	71	72	76	88	92	100	127
46 31
0	3	4	8	9	11	12	19	22	24	25	30	32	35	37	42	43	47	50	51	52	54	55	58	62	76	77	85	88	100	108
43 29
2	4	6	7	8	16	17	20	21	29	31	34	37	39	40	45	50	51	60	62	63	65	67	72	76	82	86	92	115
42 30
0	7	8	9	10	11	14	15	16	18	25	26	31	32	33	35	36	37	39	42	60	61	62	63	64	68	72	73	98	117
42 31
1	5	7	11	12	14	16	17	18	21	23	24	25	32	36	39	40	42	43	44	45	51	52	54	55	56	65	66	79	92	107
49 29
0	3	4	6	11	18	20	26	27	28	35	44	50	51	52	54	57	58	60	71	75	77	85	91	95	96	100	112	118
45 31
3	9	10	13	14	16	19	20	24	25	26	31	36	39	42	43	45	46	50	54	58	59	60	62	64	75	76	78	92	96	112
45 30
6	8	11	12	13	14	16	18	20	25	27	30	31	43	49	50	53	55	57	58	59	60	61	68	70	75	78	80	82	88
44 32
0	2	4	5	8	11	12	14	17	20	24	29	31	32	35	36	40	42	44	45	46	49	56	57	59	60	63	74	76	91	98	118
51 31
7	8	9	10	11	14	16	19	21	25	31	34	35	46	48	50	57	58	60	66	67	71	72	75	77	88	93	98	104	109	112
43 30
3	4	7	11	13	15	16	17	19	20	21	22	23	25	27	35	37	39	49	52	60	63	68	70	73	77	79	88	100	111
45 33
1	4	8	9	12	13	15	16	18	19	20	23	28	30	31	32	33	34	39	42	43	48	56	61	63	67	68	76	79	86	89	90	108
44 31
0	2	3	5	6	12	13	15	17	22	24	25	30	32	34	40	42	45	51	54	55	57	58	59	60	61	66	69	74	76	92
44 32
0	1	4	5	6	9	12	14	18	20	24	25	29	30	34	37	40	45	46	47	48	53	55	68	69	70	71	72	73	78	79	100
39 29
2	4	5	6	10	11	20	21	22	24	26	27	30	33	40	41	43	44	46	47	52	55	59	65	66	67	72	75	118
43 27
2	3	4	9	11	16	18	20	21	23	33	45	52	53	55	57	58	60	62	71	73	75	77	88	89	90	127
45 29
0	1	6	8	12	21	22	23	24	31	34	35	39	40	42	44	51	52	54	55	58	60	63	67	85	93	103	112	115
50 31
0	5	8	10	11	13	17	26	30	33	35	40	41	42	45	48	49	54	57	61	62	65	69	71	76	88	90	104	112	118	154
42 28
0	2	5	8	13	16	18	21	22	23	25	31	38	40	43	48	51	53	55	58	60	63	65	73	77	78	88	154
45 31
4	7	9	10	11	17	20	21	23	25	27	28	32	35	37	40	41	45	54	60	63	66	68	71	72	73	77	82	86	97	108
44 30
4	5	7	9	11	14	15	16	20	25	26	27	28	32	40	42	48	50	51	53	55	58	59	61	62	66	72	74	77	104
46 33
1	3	4	8	10	11	14	18	20	21	22	24	31	33	35	36	38	40	46	48	49	57	60	64	65	67	69	76	77	80	85	91	127
47 30
0	5	13	14	18	21	25	29	30	34	35	36	38	44	47	50	54	58	59	60	63	66	70	72	74	76	82	92	105	112
39 27
0	1	2	3	6	11	16	17	21	24	25	27	33	38	39	43	46	52	59	60	64	67	74	75	88	107	112
44 30
0	1	4	5	7	9	10	13	14	16	18	21	25	30	31	37	43	48	51	54	55	61	63	65	66	73	75	91	112	127
42 31
4	5	7	8	9	11	13	15	17	18	19	23	25	27	29	30	32	34	37	43	46	48	50	52	64	79	80	86	88	104	118
53 33
2	8	10	12	13	17	25	33	34	39	40	41	43	46	48	50	55	56	58	59	61	64	65	67	69	71	75	80	85	86	91	98	118
45 31
5	9	12	14	16	17	19	20	25	27	30	31	34	36	37	41	43	46	50	51	53	54	55	58	64	65	66	67	68	72	109
44 29
0	2	3	4	8	9	10	13	22	25	27	34	35	38	50	54	55	57	60	62	64	69	70	71	75	77	80	85	96
49 31
1	2	4	9	13	15	22	24	28	29	31	32	33	43	45	50	54	55	57	59	60	61	64	68	70	73	74	85	96	108	112
53 33
1	2	4	8	13	17	18	20	23	29	40	41	42	43	46	47	49	51	52	55	61	64	66	67	78	79	86	88	92	93	104	127	154
45 31
0	4	6	7	8	12	17	21	25	31	32	35	36	37	39	41	44	45	46	49	56	60	63	68	71	72	77	88	96	100	154
43 29
4	9	10	17	18	23	25	26	27	28	29	34	35	43	44	45	46	50	51	60	68	71	74	75	76	88	92	104	111
50 32
0	2	4	10	12	17	18	23	24	27	28	31	33	37	38	43	44	47	50	52	53	60	61	70	76	79	88	92	100	105	108	111
46 30
1	2	16	18	21	23	24	28	30	33	35	40	41	45	46	52	53	55	56	57	58	62	64	66	67	71	72	74	86	127
43 30
0	2	3	6	7	8	9	13	14	19	22	24	25	27	34	36	42	43	50	51	53	54	55	58	60	63	66	72	77	98
44 31
0	3	4	5	11	17	18	24	25	27	28	30	31	34	35	41	45	46	47	54	57	59	64	66	67	68	71	88	91	92	100
43 31
1	2	6	11	13	15	16	19	22	25	26	30	31	32	33	34	38	42	43	48	51	55	58	59	63	66	72	74	86	92	100
40 31
1	4	7	8	10	11	15	18	21	23	24	29	34	37	39	40	41	44	45	46	47	48	49	50	55	63	66	72	79	88	118
48 29
1	2	3	4	8	9	13	19	25	43	44	47	50	51	54	64	66	68	70	74	77	83	86	88	91	92	96	112	127
44 31
0	1	4	5	6	9	14	18	20	21	22	25	27	29	31	40	42	46	50	52	56	57	59	62	63	66	67	71	77	79	85
44 31
0	1	2	3	7	8	11	12	17	18	25	27	29	31	33	34	35	36	39	40	54	57	63	67	78	82	85	91	92	100	112
46 31
6	9	10	11	12	13	15	18	19	22	25	26	27	31	35	36	43	49	50	54	55	57	59	60	63	64	77	88	92	105	111
39 29
1	2	3	4	7	15	17	19	21	22	24	25	29	32	36	37	39	41	47	50	54	55	59	60	68	72	74	86	93
44 29
1	2	3	5	7	8	11	13	15	21	22	24	30	40	46	49	50	52	54	55	58	61	62	63	85	86	91	111	115
50 31
2	6	8	16	17	18	19	21	25	28	34	41	43	47	49	50	54	55	56	57	61	63	66	69	74	77	88	91	92	112	154
48 32
7	8	10	12	13	15	18	19	20	21	22	25	31	35	42	48	49	51	52	53	54	56	59	67	68	76	77	80	88	91	92	112
48 33
0	1	2	9	13	15	17	18	20	21	22	26	31	35	36	37	39	42	48	49	55	57	60	61	63	64	71	82	88	92	93	100	118
45 31
0	1	2	4	6	11	14	16	20	26	27	29	31	33	40	42	44	45	48	50	55	56	59	60	62	63	75	82	91	100	108
48 31
3	5	14	17	19	25	33	34	35	37	39	40	41	45	46	47	50	51	53	55	58	59	60	64	68	73	77	79	86	100	115
39 29
0	1	2	3	4	7	10	12	13	16	18	19	20	21	24	25	30	39	40	50	55	58	63	65	66	75	77	86	91
40 30
0	2	4	6	7	8	12	14	16	18	19	21	25	26	29	31	34	39	42	45	47	49	53	74	80	88	92	96	104	105
44 32
3	4	5	8	10	11	12	14	16	20	21	22	23	24	25	26	29	30	32	42	45	46	51	53	54	60	62	63	70	76	79	154
47 29
0	2	4	13	15	17	22	24	25	28	32	33	39	43	50	51	52	54	56	60	65	67	72	74	77	95	98	104	112
38 28
0	1	4	5	7	10	12	13	14	16	19	20	24	25	31	37	41	44	50	52	54	60	61	62	66	68	75	90
44 31
1	2	4	5	6	9	13	14	18	25	28	29	31	39	40	41	43	45	49	52	54	58	59	60	62	63	67	74	75	76	127
48 34
6	11	13	14	15	16	20	22	23	25	26	27	28	33	38	41	43	46	48	49	52	53	54	55	57	59	66	70	71	73	75	77	86	97
44 31
4	5	6	8	11	12	17	18	20	21	23	25	28	33	34	39	40	45	46	50	51	56	59	67	69	71	77	79	85	86	98
46 29
0	2	4	6	8	15	17	20	22	26	27	28	29	34	37	43	50	51	57	58	60	66	69	76	91	98	105	108	109
45 30
2	6	7	11	13	14	15	18	19	20	22	23	27	33	37	44	46	47	55	63	67	70	71	76	77	86	88	100	104	108
48 31
0	1	2	7	10	15	20	23	26	27	30	38	39	41	43	46	55	56	58	60	61	62	63	66	68	72	75	77	88	103	118
48 31
0	1	2	6	7	8	13	14	19	21	23	28	29	32	35	43	44	48	50	53	55	58	60	61	65	67	82	92	105	118	154
43 31
0	1	4	5	7	12	15	17	18	22	23	25	26	28	32	33	39	47	48	50	53	54	64	65	68	69	71	72	73	75	76
38 30
1	4	5	7	8	10	11	12	13	16	17	20	21	24	25	26	27	28	29	31	44	46	54	60	61	63	71	74	75	88
43 29
1	2	4	6	14	16	24	25	31	33	35	42	44	45	46	49	50	52	57	59	60	64	68	70	72	75	76	79	103
41 29
0	2	4	5	6	12	13	15	17	24	25	27	31	32	40	44	46	61	66	67	70	71	73	74	75	85	88	90	92
50 34
1	3	4	6	7	12	13	15	17	20	25	29	31	32	34	38	40	48	50	51	54	56	57	58	61	62	64	65	70	74	83	92	95	96
50 33
1	2	8	9	14	17	20	21	26	29	31	35	37	42	44	45	47	50	52	54	55	57	58	60	63	67	68	72	75	76	86	92	118
40 29
3	5	8	9	11	12	16	18	20	23	24	26	28	31	41	43	44	45	48	49	54	57	58	66	68	76	85	117	127
49 32
0	7	8	10	19	25	26	34	35	36	39	42	43	44	45	49	51	52	54	55	56	58	62	66	69	72	73	91	92	93	96	104
41 31
8	10	12	13	15	16	20	25	29	33	34	35	36	38	39	42	43	44	45	46	49	53	55	57	58	60	63	69	77	88	89
45 32
1	4	5	9	11	14	15	17	23	24	25	27	28	32	34	37	38	39	40	45	51	52	54	58	59	62	64	67	69	71	92	107
43 31
2	3	5	7	8	17	18	20	22	24	25	26	28	32	39	40	41	43	45	46	52	54	56	59	64	65	67	75	76	77	112
52 33
1	2	3	4	5	6	10	12	13	21	22	31	33	39	42	49	50	51	52	53	55	57	59	65	66	67	68	76	85	92	96	98	118
47 32
0	2	14	18	21	24	25	27	29	31	34	37	38	40	43	44	45	47	50	51	53	54	60	63	64	66	68	69	72	76	92	117
46 31
0	1	2	8	10	12	14	18	21	23	30	34	35	36	37	42	49	50	53	54	55	57	63	64	68	73	76	79	88	97	118
45 29
0	2	4	6	7	12	13	14	16	17	34	36	38	41	48	50	54	57	61	63	66	68	74	75	76	77	79	100	118
49 33
9	10	13	14	15	16	19	20	22	25	26	28	31	32	38	44	45	46	48	49	51	53	61	64	66	67	68	79	86	90	100	111	117
54 31
0	1	3	5	9	12	15	27	33	38	39	42	47	50	52	53	55	56	61	65	67	68	75	77	79	91	98	100	105	108	111
44 29
1	2	3	4	5	7	8	11	13	14	19	22	23	25	30	34	37	48	50	52	57	62	70	77	79	80	100	104	154
48 32
2	13	14	16	20	21	22	23	24	25	27	28	32	36	40	41	46	47	52	57	58	59	62	63	64	66	72	73	74	77	112	127
44 31
2	4	5	6	7	20	25	26	27	28	29	30	31	39	40	41	43	44	51	56	58	59	60	65	68	73	75	77	91	95	96
46 28
0	4	6	12	22	24	28	29	32	35	38	39	43	50	51	52	55	57	58	64	65	66	74	77	86	100	105	127
51 32
0	1	8	11	13	14	15	18	19	26	30	33	40	45	48	49	52	53	54	55	59	66	67	68	74	75	91	95	97	111	112	115
44 31
1	2	6	8	11	15	16	17	22	23	25	26	30	32	34	36	43	45	47	51	55	56	58	59	61	63	66	73	75	92	117
46 33
0	1	5	7	9	11	14	15	21	25	26	27	30	32	34	35	36	41	42	49	50	52	53	55	58	61	63	64	76	80	83	85	96
45 31
1	2	3	4	6	8	9	11	13	14	17	18	21	26	29	30	31	32	40	50	51	53	57	60	63	64	70	74	85	100	115
42 30
0	1	2	4	6	7	8	11	15	20	23	27	31	32	37	38	39	46	48	50	52	56	58	59	61	63	72	76	86	127
45 32
1	3	5	11	16	22	23	24	25	26	27	29	30	32	33	35	36	38	42	44	50	51	54	55	58	59	60	62	74	75	91	103
42 30
3	4	5	12	14	15	17	20	22	25	26	29	33	37	43	44	46	47	51	62	63	66	67	68	72	75	84	89	91	92
48 33
1	5	12	14	15	20	23	24	25	26	28	31	32	33	34	41	45	46	50	52	54	55	57	63	64	68	69	71	73	77	85	91	92
47 31
1	2	3	4	5	8	14	15	19	21	23	31	37	41	44	46	47	50	51	61	62	63	66	67	76	77	79	85	86	107	115
35 29
0	1	4	5	6	7	10	14	15	16	17	18	19	20	22	23	24	25	26	28	33	44	48	56	72	73	75	76	80
44 30
0	3	4	5	6	8	11	12	19	20	21	24	26	30	32	40	45	46	48	54	59	66	67	77	86	88	96	103	112	118
46 31
2	6	12	15	17	18	19	21	25	29	31	32	35	40	41	42	45	49	51	54	55	56	57	59	63	66	73	77	88	89	154
44 31
0	1	6	7	9	11	12	14	16	17	25	29	31	34	35	36	39	45	49	57	58	59	61	62	63	70	74	76	79	90	112
44 30
0	1	3	4	6	9	10	13	15	17	18	20	25	29	32	41	42	47	51	53	54	55	65	66	67	75	92	93	107	112
43 30
2	4	5	7	9	10	16	19	22	24	27	32	35	39	41	43	46	48	52	54	55	57	64	66	69	75	76	80	85	118
47 32
2	6	9	11	14	15	16	17	20	25	28	29	31	37	39	43	45	50	51	52	55	57	59	63	64	66	69	70	72	75	90	92
43 30
2	4	7	12	17	19	20	23	24	26	27	30	32	33	38	41	43	46	51	52	56	58	59	66	68	75	82	88	92	108
41 27
1	2	4	6	7	11	15	17	23	24	26	30	35	37	46	51	54	59	60	62	64	65	71	75	91	100	115
47 32
1	3	8	11	13	14	15	16	18	19	22	23	25	30	33	35	39	41	46	56	60	62	63	64	67	71	76	88	92	93	105	112
41 30
0	6	8	12	13	16	18	22	25	26	27	28	31	32	35	36	39	42	48	49	51	53	58	66	73	76	78	80	88	117
48 32
0	2	4	6	7	11	13	26	31	34	35	36	39	40	41	45	46	47	49	51	52	55	61	68	71	72	77	84	92	98	103	127
42 28
0	1	4	6	8	10	13	21	23	25	29	30	34	39	41	49	50	63	69	71	74	76	77	88	92	96	112	117
41 31
0	2	4	7	9	10	11	17	19	20	25	27	29	30	35	37	39	43	44	46	47	49	58	63	64	67	70	75	76	85	118
46 31
0	2	6	10	17	18	19	24	25	27	28	30	31	33	34	41	45	46	50	51	54	55	58	64	66	68	69	70	72	100	117
45 31
0	8	9	10	16	17	21	25	26	33	37	38	39	42	43	47	48	50	54	55	59	60	61	63	64	67	70	72	75	77	79
42 32
0	3	4	5	8	10	11	14	17	23	25	26	29	32	35	37	40	43	45	46	48	49	51	52	53	54	62	66	69	72	76	77
44 31
1	4	6	7	9	10	16	17	21	24	30	32	34	35	38	39	40	41	42	50	52	57	60	63	65	68	70	71	73	74	108
49 34
1	3	5	6	9	11	12	18	20	22	27	28	29	31	34	35	39	40	41	43	47	52	53	55	58	60	64	65	67	70	73	80	109	118
47 31
0	4	5	8	10	17	19	20	22	24	25	29	35	40	42	45	52	54	59	60	63	64	67	68	70	74	75	76	80	92	103
46 29
0	2	4	6	8	13	18	24	25	33	35	37	39	44	45	48	50	53	54	57	66	67	70	74	88	91	98	105	154
47 31
7	12	13	16	17	18	22	23	24	26	27	28	29	32	33	35	39	43	60	62	66	67	69	70	71	76	77	91	100	112	127
45 30
0	1	5	6	8	10	17	20	23	25	26	29	30	35	38	45	50	53	57	60	64	67	71	72	75	82	86	88	96	117
46 30
1	5	11	13	18	21	24	25	27	28	31	34	39	40	42	43	46	54	55	57	61	66	70	71	72	75	91	100	103	104
44 31
3	5	6	12	13	14	18	19	20	22	23	25	26	29	31	35	43	46	49	53	55	57	58	63	66	67	70	75	77	88	111
50 32
1	4	7	13	15	19	25	26	27	29	30	37	38	41	46	49	51	54	55	56	63	64	66	69	70	74	75	86	88	93	111	117
47 30
5	7	10	17	19	21	23	28	30	34	35	37	43	45	46	50	52	54	55	57	58	59	66	67	68	69	77	96	104	115
39 28
0	1	4	6	7	13	16	21	24	25	26	27	29	30	31	32	49	50	57	58	59	60	63	65	66	68	88	90
47 34
1	3	5	6	17	19	20	21	24	25	27	29	30	32	33	35	36	37	40	46	49	51	52	54	58	59	60	61	63	67	68	69	80	95
46 29
1	4	5	12	16	18	19	20	30	31	33	37	44	48	50	51	53	58	59	63	66	67	69	70	75	88	93	105	108
46 31
1	2	3	6	9	10	13	15	16	17	19	20	22	23	26	29	31	37	50	53	55	58	62	64	67	72	75	76	88	100	108
43 30
2	3	4	5	11	12	17	22	23	24	27	30	32	33	35	37	43	46	50	54	56	57	63	66	71	74	78	85	96	108
48 33
1	4	7	12	13	16	18	19	20	22	24	26	29	34	35	38	39	40	46	53	54	55	56	57	59	62	63	64	69	71	77	79	127
46 31
1	2	3	6	10	12	15	17	21	22	23	25	26	27	32	38	44	46	54	57	58	59	60	63	65	68	70	74	85	112	117
50 32
2	7	9	13	19	22	24	26	29	32	35	36	37	39	44	47	48	53	54	62	64	67	68	70	74	75	76	85	93	109	112	127
47 30
0	2	5	6	12	16	20	21	22	24	27	28	29	34	49	52	53	55	56	59	62	67	71	74	76	90	91	96	108	109
49 31
4	5	6	7	9	13	18	24	27	29	31	34	35	36	37	41	44	48	49	51	55	71	75	76	85	91	100	105	112	115	154
45 32
4	7	8	10	11	12	13	14	17	20	22	25	28	33	34	35	37	39	46	52	53	55	57	58	60	63	64	69	72	77	80	92
45 29
2	8	10	14	17	19	20	21	25	27	31	32	37	39	43	45	47	50	51	52	60	62	63	68	76	86	98	117	154
45 31
0	4	6	9	11	12	13	18	22	26	31	32	33	34	44	46	47	48	49	53	55	56	65	67	69	74	80	88	89	109	115
46 32
0	10	11	12	13	20	21	22	25	29	33	34	35	37	40	44	46	47	49	52	55	58	59	60	64	65	70	75	77	82	96	103
53 35
7	11	12	14	16	17	18	19	23	29	32	33	38	39	42	44	45	46	47	51	53	55	58	59	60	64	70	72	74	76	77	84	91	109	115
43 29
0	2	4	6	9	16	17	20	21	24	25	28	32	33	36	40	45	50	54	64	66	68	77	79	82	85	88	105	108
44 31
0	2	4	5	6	7	8	10	12	15	19	24	31	36	38	43	44	46	47	51	52	54	56	60	61	67	72	74	83	88	118
41 28
0	4	6	8	11	16	21	22	24	28	33	34	39	40	45	47	55	60	62	65	69	71	72	74	76	77	82	115
42 29
1	2	4	6	8	15	16	17	20	25	30	31	40	42	44	45	50	51	53	56	60	61	64	68	72	74	76	88	91
48 31
5	6	8	13	14	20	25	27	28	30	31	34	43	45	46	50	53	54	55	56	58	60	63	65	68	72	75	77	91	96	112
38 28
2	3	4	7	8	9	14	22	25	27	29	31	32	33	34	35	36	38	40	50	54	57	63	67	77	86	92	104
41 31
0	1	4	6	7	12	13	14	21	22	24	25	26	27	31	32	33	37	38	39	46	52	53	58	71	73	74	75	76	83	88
47 31
4	5	6	7	10	15	17	20	21	22	23	31	34	35	38	44	45	47	49	51	52	53	68	71	77	83	88	90	100	127	154
43 30
1	2	5	7	13	14	17	20	21	22	24	25	34	35	37	39	43	47	50	53	54	57	60	62	64	65	74	75	86	112
45 33
4	8	11	13	14	16	17	18	23	27	29	30	32	36	37	38	39	40	43	44	48	49	50	51	57	61	63	65	71	76	77	86	108
43 30
2	4	7	8	13	14	17	18	20	22	23	24	27	28	33	37	40	46	50	52	53	57	59	64	66	69	79	88	92	108
47 31
4	6	8	13	14	15	17	22	25	28	30	32	37	38	40	42	43	53	55	57	58	59	65	69	73	76	83	88	91	105	109
49 31
0	2	4	12	13	16	17	21	27	28	30	33	36	42	46	47	50	52	55	57	59	60	63	64	74	75	78	82	88	118	154
49 30
1	13	16	21	23	24	27	32	33	34	39	40	41	46	51	54	55	57	58	60	61	62	65	66	70	72	80	98	108	112
48 32
5	6	7	10	14	15	17	18	19	20	22	23	24	26	31	34	35	38	43	44	50	55	57	61	68	76	86	92	100	104	112	127
51 36
4	6	7	9	10	14	16	19	21	23	25	27	29	31	34	35	36	39	41	44	46	49	53	59	61	66	68	69	70	72	74	75	76	77	86	109
39 28
3	4	5	8	11	12	13	16	17	21	25	26	29	30	31	40	44	50	54	63	66	71	72	74	76	82	88	92
43 31
0	2	5	7	10	11	12	13	15	17	25	26	30	33	34	38	42	45	46	47	51	52	59	63	64	70	71	79	82	86	117
39 31
1	5	7	8	10	11	12	14	16	17	18	20	24	25	27	28	33	34	38	39	45	46	48	51	52	55	58	64	71	73	80
43 29
0	2	4	5	6	8	12	13	22	24	25	26	29	31	34	51	52	53	54	57	58	65	66	68	76	77	79	90	91
45 29
1	2	3	13	16	18	22	25	27	33	36	39	44	47	48	52	54	55	58	59	60	66	72	74	75	77	90	98	105
46 30
1	2	3	5	6	11	15	16	18	20	21	23	24	30	31	32	42	50	56	57	65	66	67	69	73	74	77	109	117	118
44 30
4	5	6	13	14	18	23	25	27	29	31	33	34	37	43	44	45	49	50	53	57	63	71	76	82	86	88	92	100	108
47 29
0	4	6	8	13	14	19	23	30	34	38	41	47	50	54	55	58	63	64	65	69	70	72	75	77	79	83	105	108
47 30
0	3	4	7	12	14	19	20	22	26	29	33	37	40	43	46	50	53	54	55	57	63	66	67	70	77	88	98	107	115
47 32
4	8	11	13	14	18	19	24	25	27	31	34	37	40	41	43	46	49	51	55	58	59	60	63	68	69	70	77	80	83	95	112
48 32
0	2	7	10	11	18	20	22	23	24	26	27	28	29	30	31	41	43	45	50	51	54	60	65	69	74	92	95	97	103	107	127
43 28
0	2	4	5	16	17	21	23	26	27	33	34	35	49	50	52	53	56	58	61	66	68	72	75	76	82	83	118
43 31
0	1	2	3	4	5	6	8	13	14	16	19	20	24	25	32	36	38	41	42	50	52	53	57	60	67	68	70	74	93	112
46 31
0	1	2	4	5	13	16	17	19	23	25	29	31	34	39	44	47	50	51	58	59	61	62	63	65	67	69	74	84	91	107
46 35
1	3	5	10	13	17	19	22	24	25	28	29	30	32	33	34	35	37	43	44	46	47	48	49	51	53	55	57	58	62	69	75	79	80	92
48 30
1	2	3	4	5	6	13	18	24	33	35	37	43	47	48	50	52	55	59	61	63	65	66	71	75	95	96	107	109	115
46 31
3	4	6	7	9	10	11	15	19	20	23	24	34	36	37	42	43	49	50	54	57	61	65	70	71	72	74	77	83	112	115
48 30
2	6	7	23	24	32	33	34	35	36	37	42	43	49	50	51	52	56	58	59	63	67	74	75	77	79	80	96	112	127
44 28
0	2	8	9	11	15	18	21	23	32	35	39	45	46	47	54	55	60	62	67	68	74	76	77	85	100	104	108
46 32
0	2	4	5	7	8	12	14	19	20	25	30	34	35	38	39	41	43	48	51	54	55	57	63	65	67	75	76	80	85	92	105
43 30
0	2	4	5	10	12	13	17	21	25	26	27	36	40	43	46	47	50	54	60	61	63	70	72	74	76	88	90	92	93
44 30
0	2	4	6	12	13	16	17	18	19	24	26	32	33	41	45	47	49	52	58	73	75	76	77	79	82	91	97	100	118
52 33
12	13	16	18	25	26	27	29	33	34	35	38	41	42	43	44	45	51	53	55	57	58	60	61	62	63	65	72	73	86	91	111	154
40 28
0	7	8	12	13	14	16	17	19	22	23	24	30	34	39	41	45	52	54	62	65	67	70	76	86	92	95	118
42 28
0	5	10	13	17	18	27	31	33	34	35	36	40	42	49	50	52	55	56	61	64	70	71	76	88	92	96	108
51 33
0	1	3	4	8	14	15	18	20	24	25	27	28	33	34	38	39	46	51	53	54	58	61	65	67	68	71	75	77	80	97	115	154
48 33
0	1	4	5	6	10	13	15	16	17	19	20	22	26	30	34	36	39	40	42	50	53	54	57	58	59	64	69	85	91	97	103	118
49 30
9	13	16	18	21	23	24	25	27	28	29	30	32	34	47	54	57	61	69	71	73	75	76	77	83	92	103	111	112	118
40 30
4	5	6	7	8	10	13	15	16	18	21	22	24	25	29	32	34	35	39	40	46	48	54	55	57	59	63	76	109	112
42 31
4	6	7	8	9	10	12	13	16	23	25	27	29	32	34	35	36	37	39	40	48	55	60	61	64	65	70	73	92	95	104
51 32
1	3	4	5	6	11	12	15	19	20	22	25	31	33	35	50	57	62	63	64	65	67	68	69	74	76	80	85	91	93	100	107
44 31
2	4	8	11	15	16	21	23	25	32	35	36	37	40	41	45	46	48	49	55	57	58	60	63	65	72	76	77	88	95	100
49 33
0	4	6	9	10	14	19	20	25	30	31	32	35	36	41	43	44	46	50	51	52	53	68	69	72	73	76	77	84	86	90	92	100
44 32
2	7	8	9	11	12	13	14	17	22	23	25	27	32	37	38	39	42	43	44	47	50	51	53	54	60	64	77	85	88	95	103
47 29
2	5	8	12	13	16	22	31	36	38	43	48	50	52	53	54	56	57	60	63	64	68	74	76	88	92	95	96	115
43 29
1	6	9	11	12	16	21	23	26	31	34	35	37	41	43	45	51	55	57	58	60	61	62	63	65	70	73	95	115
48 33
0	3	4	5	9	10	11	14	18	22	23	25	26	28	29	31	33	35	39	46	56	60	62	66	67	71	77	79	80	88	93	104	108
45 32
9	10	14	16	17	20	21	23	24	25	26	30	31	36	37	43	46	48	49	50	51	52	54	55	60	63	64	67	72	85	86	92
42 28
2	4	6	8	12	16	17	18	19	21	24	32	36	38	40	44	47	50	51	52	59	60	67	70	86	111	112	118
55 31
2	4	7	8	12	13	22	25	26	36	44	49	50	51	54	56	60	63	64	65	66	67	68	69	75	76	79	98	107	117	154
47 31
1	5	6	8	10	18	24	25	28	29	30	32	35	36	38	45	51	53	56	59	60	64	67	68	71	73	74	75	88	96	112
42 32
2	3	5	13	15	17	18	21	23	24	25	26	30	31	32	33	37	38	40	44	46	49	52	55	60	63	68	70	72	74	88	92
49 32
1	2	4	6	8	11	14	17	21	23	25	28	34	39	40	41	42	47	54	57	58	59	63	70	71	74	76	88	92	108	112	117
41 31
0	2	5	12	15	16	19	20	23	25	29	31	32	33	36	37	39	41	45	46	49	52	53	55	56	57	58	60	69	72	77
48 32
1	2	8	11	14	20	21	22	24	25	26	28	31	32	38	40	42	48	49	50	51	52	54	55	59	60	65	86	91	100	103	111
47 32
2	4	7	8	9	14	20	21	22	26	27	28	31	34	41	43	45	46	47	49	56	60	62	67	68	70	80	86	92	100	104	108
44 30
0	1	2	4	6	7	8	9	10	12	15	18	19	25	31	35	46	50	51	57	58	60	63	66	68	73	77	88	97	112
48 31
7	14	16	19	25	26	27	30	33	40	41	45	46	47	48	51	53	55	56	58	60	61	62	63	66	68	72	77	86	88	105
45 29
0	4	8	10	12	14	15	19	23	24	25	32	35	37	39	44	50	51	52	54	55	60	64	66	86	95	105	109	112
43 30
2	5	7	8	9	12	13	15	16	17	20	21	23	25	28	29	38	46	53	54	55	56	60	61	65	68	71	88	92	103
43 30
4	5	6	7	10	13	15	18	21	24	25	35	36	40	45	46	48	49	51	52	56	57	59	66	74	76	77	88	90	112
46 30
2	4	5	13	14	17	21	25	29	30	34	41	47	49	51	52	54	57	58	59	62	63	66	67	68	72	73	74	75	78
43 29
7	9	10	11	12	15	16	17	23	25	26	29	30	33	39	40	43	51	52	60	65	68	75	76	82	85	90	98	117
41 30
0	1	5	7	10	14	15	16	20	22	23	24	27	28	30	31	32	40	47	49	54	55	56	60	62	66	68	72	76	127
46 32
4	8	9	12	13	14	17	22	24	25	28	31	33	34	36	39	40	41	52	54	55	58	61	64	65	68	75	79	83	86	92	97
53 32
3	8	12	23	26	30	32	34	35	36	41	45	48	49	53	54	55	58	61	64	66	68	69	74	75	82	83	88	92	103	105	127
42 29
1	2	4	5	6	8	13	14	16	21	22	24	25	34	36	37	49	50	53	54	60	65	67	69	77	80	82	89	112
47 30
0	4	11	13	18	26	27	29	35	37	42	45	46	48	49	50	54	55	56	57	61	63	65	66	71	73	88	93	100	118
46 29
3	4	7	11	12	16	19	20	21	25	31	32	36	38	45	54	57	63	65	66	72	76	82	84	86	89	105	109	115
46 30
0	1	4	7	13	16	18	21	22	26	28	31	39	44	45	46	48	53	54	56	58	60	61	71	72	75	91	100	105	115
43 31
0	2	3	7	8	9	11	12	13	14	15	21	23	27	30	32	36	39	46	49	52	55	56	57	63	64	67	69	76	92	108
45 32
5	8	9	10	14	16	19	20	25	26	28	29	30	32	33	37	43	48	49	50	53	54	55	57	58	59	62	66	68	71	72	77
40 28
0	4	5	10	17	18	21	24	25	27	28	30	33	34	35	39	50	54	56	60	61	65	68	71	73	75	76	77
55 33
6	7	8	11	12	14	17	18	19	20	28	29	31	34	35	37	45	50	51	52	53	56	59	62	64	69	75	88	100	107	108	117	154
44 29
1	2	4	6	7	9	20	23	24	25	26	27	29	32	34	37	44	50	51	57	60	61	62	65	80	92	100	105	112
48 31
0	2	3	4	11	12	14	18	24	27	30	34	35	38	44	45	47	48	53	54	59	60	66	76	77	80	82	107	111	112	115
41 31
4	5	7	8	9	10	13	16	18	20	22	23	24	25	26	28	29	30	34	38	43	48	50	54	55	62	65	70	76	79	109
43 31
0	1	2	5	10	12	13	15	17	18	23	24	25	30	34	42	43	45	47	54	55	57	64	66	67	69	72	79	80	86	92
45 32
0	2	6	8	9	10	12	13	15	16	21	22	23	29	31	34	40	45	47	49	50	52	53	55	56	59	60	73	76	79	92	115
46 34
2	3	4	5	8	9	15	25	26	28	29	31	32	37	38	40	42	43	44	45	47	48	51	53	54	60	67	72	73	74	77	84	85	92
42 29
1	2	5	11	16	17	23	24	25	27	30	32	37	39	40	41	46	47	50	58	60	62	64	65	67	75	95	100	104
50 33
0	3	5	6	11	13	16	18	19	24	27	31	34	35	36	39	40	45	46	51	55	57	58	60	67	70	72	78	90	93	100	103	118
41 31
1	5	6	7	10	15	16	17	19	21	23	24	29	30	31	32	35	36	37	38	41	43	50	52	54	55	58	59	62	66	118
47 30
0	1	5	11	14	16	18	21	24	26	27	29	30	31	36	42	47	54	62	63	64	66	75	78	85	92	98	107	112	118
43 31
0	1	8	12	14	16	18	19	23	24	25	26	29	33	34	35	36	37	39	49	51	52	55	56	59	60	61	70	72	73	103
43 30
2	4	5	6	14	15	17	18	20	22	23	24	27	30	38	40	41	43	54	57	59	61	64	66	67	70	77	80	88	127
43 29
2	4	16	21	22	25	26	27	28	29	30	33	40	41	45	47	55	57	58	59	62	63	65	66	72	88	91	92	105
42 30
0	1	2	5	8	10	13	15	16	19	21	23	25	31	34	35	41	42	49	50	54	55	68	69	71	77	80	84	96	112
44 31
1	2	3	5	6	9	10	18	19	20	22	23	24	33	36	40	41	43	45	46	55	58	59	60	61	77	78	86	88	108	111
44 30
0	4	5	6	17	18	19	23	24	26	27	28	30	33	35	39	41	44	49	52	57	66	71	73	75	76	86	98	100	118
45 32
1	5	7	10	13	16	17	18	19	22	25	26	29	34	35	36	37	44	48	49	50	51	52	53	54	60	64	69	71	75	92	117
48 29
3	4	6	11	17	18	20	24	34	40	41	45	46	48	54	56	57	60	61	62	63	66	73	85	88	98	103	109	115
46 30
0	2	5	8	10	15	19	21	24	25	28	30	34	36	38	46	49	54	55	64	66	67	71	75	83	86	90	105	107	118
41 29
2	5	11	12	15	16	18	20	22	23	25	26	29	31	34	43	49	51	53	55	59	63	67	69	73	75	77	79	88
48 30
0	2	4	5	7	11	14	16	19	20	22	25	37	38	42	46	50	58	59	63	65	66	73	75	77	85	88	98	118	154
44 31
4	7	9	10	12	13	15	17	18	19	20	24	26	30	33	35	39	42	43	49	50	60	66	68	69	75	77	78	88	100	115
45 32
0	2	4	8	9	15	16	17	18	20	25	27	30	32	35	42	45	46	47	50	55	57	59	62	63	66	68	78	79	80	84	88
44 30
1	2	5	6	7	9	10	11	14	15	20	22	25	26	31	32	35	40	44	45	57	61	62	66	68	73	82	104	112	154
46 32
4	5	7	9	10	13	14	15	16	17	18	19	21	22	29	39	43	48	49	50	51	52	53	54	56	57	66	67	69	92	96	127
56 32
4	18	20	24	26	27	30	32	33	34	39	41	46	51	57	59	60	61	62	64	68	69	70	74	75	77	85	96	109	111	118	154
44 32
3	4	6	9	11	14	16	17	19	23	24	25	27	29	32	37	42	43	45	46	47	50	52	57	59	62	69	70	71	76	77	98
49 32
2	5	6	8	10	12	13	15	17	19	22	25	32	39	40	41	46	49	51	54	55	58	60	62	63	66	68	71	72	89	104	154
50 33
1	2	4	5	7	12	18	19	20	22	24	26	29	37	41	45	46	49	50	52	54	55	61	71	73	76	79	80	88	92	93	103	118
49 33
3	6	9	11	13	15	19	22	25	27	30	31	33	39	40	43	46	49	50	52	53	55	56	58	63	66	71	72	75	77	91	92	111
40 32
3	4	5	6	7	8	10	12	13	15	24	25	27	30	31	33	34	35	36	37	41	43	44	48	50	54	62	63	76	86	92	95
49 30
1	2	7	11	17	20	23	25	26	32	33	36	46	52	55	57	60	61	62	65	66	68	72	75	76	88	91	92	98	103
42 27
0	2	4	9	12	15	16	19	21	25	29	31	44	45	50	53	57	58	63	65	66	67	71	77	88	107	118
46 31
0	2	5	8	12	13	14	17	20	29	33	34	41	42	44	45	47	51	54	55	63	64	65	67	69	72	82	86	90	92	127
42 30
0	1	4	7	8	10	12	13	16	17	18	22	23	25	32	37	38	39	41	45	51	52	54	64	67	71	73	79	98	111
39 28
0	1	4	6	7	8	9	10	12	20	22	25	28	29	31	34	37	51	53	54	57	60	65	68	70	73	77	93
55 33
1	6	8	10	11	15	18	19	25	26	33	34	35	36	49	50	53	54	55	57	58	60	61	64	65	68	69	76	80	93	100	117	154
43 30
0	1	2	5	6	8	12	14	16	18	22	23	26	29	30	31	35	36	49	54	57	60	61	63	66	67	69	72	117	127
46 32
0	1	2	4	7	13	16	17	19	21	25	33	34	35	41	42	44	45	50	51	53	56	57	59	60	66	67	70	71	77	78	90
45 29
1	4	5	8	10	12	13	16	22	24	27	29	31	34	43	48	50	51	54	60	66	68	74	75	76	83	92	115	154
51 33
0	2	4	16	19	20	21	23	24	25	27	30	34	39	41	47	48	49	52	54	56	62	65	66	68	70	73	75	77	85	86	104	154
45 31
1	2	5	6	10	12	15	19	20	22	25	29	32	37	40	42	44	49	50	51	54	56	59	60	63	64	67	79	80	91	112
45 30
0	1	2	3	6	9	13	15	16	23	25	30	33	34	36	39	40	41	45	50	53	55	58	60	64	67	76	100	103	154
50 30
1	2	3	6	20	21	24	28	32	33	39	41	45	50	51	52	55	63	65	66	68	69	74	76	77	82	85	86	108	154
44 31
5	7	8	13	21	23	25	26	27	31	33	34	35	37	40	41	42	44	48	49	50	52	54	56	61	63	71	86	91	107	117
47 32
1	9	10	13	17	20	21	22	23	26	31	33	34	35	37	40	44	45	46	55	60	68	69	70	74	77	82	85	92	96	109	127
45 29
1	3	4	7	12	13	15	16	17	23	25	30	33	39	40	41	55	56	58	63	67	68	70	73	75	76	98	100	103
43 29
1	2	4	8	13	16	17	19	20	31	34	36	38	39	41	42	43	51	54	61	64	66	67	68	73	86	92	98	118
42 30
1	4	7	8	9	10	13	21	23	24	25	26	29	30	32	34	35	37	39	40	49	53	55	57	58	63	71	86	127	154
45 31
0	1	2	5	6	7	10	15	16	20	23	25	26	28	33	39	42	49	50	55	58	60	61	63	66	68	76	78	85	97	112
46 33
1	8	9	10	11	14	15	19	20	21	25	26	27	30	32	33	35	37	40	46	49	51	52	56	58	59	60	67	68	70	80	96	112
47 31
1	2	3	11	12	13	23	24	25	30	32	36	40	41	44	45	52	54	55	56	59	60	62	63	64	72	76	82	86	92	103
42 30
0	1	2	3	4	6	7	13	20	24	25	28	30	32	33	37	41	43	44	46	50	52	57	60	65	67	70	77	92	154
45 29
1	7	8	10	12	13	17	19	22	28	29	31	35	40	46	50	55	59	60	63	64	67	74	75	80	86	92	115	117
42 30
5	11	13	14	17	19	20	25	27	29	30	32	35	36	37	38	40	46	48	51	54	57	58	59	60	64	85	92	96	112
46 29
1	4	5	10	11	13	14	16	18	19	22	30	42	48	49	50	52	55	56	60	73	75	76	89	91	92	98	104	118
47 30
5	6	10	15	17	19	23	29	30	33	35	36	40	41	42	52	55	63	64	66	67	68	74	75	77	85	88	89	100	127
45 32
3	4	11	12	13	15	17	18	21	24	25	28	31	32	33	34	36	37	39	46	54	61	63	66	68	71	72	75	79	91	92	127
49 32
6	7	8	10	14	16	20	21	22	26	28	29	33	34	38	39	42	43	49	50	51	58	59	63	67	69	75	82	88	108	112	154
46 30
4	6	7	9	12	15	16	20	21	31	33	41	42	44	45	48	50	53	58	59	60	64	67	72	74	77	86	88	100	108
40 28
0	1	4	6	7	8	10	14	16	20	22	24	31	32	35	37	41	51	56	57	62	66	68	73	76	78	93	127
49 30
1	3	5	8	11	12	22	24	25	27	31	35	44	49	50	51	53	54	55	58	60	64	68	76	79	80	88	98	105	111
42 31
1	3	5	6	7	10	14	15	16	19	20	25	31	37	39	40	44	45	46	47	48	49	51	60	62	72	78	85	91	104	112
42 30
0	2	4	7	10	13	14	18	24	25	26	31	32	34	40	41	44	45	46	51	57	63	68	72	73	77	79	84	92	111
47 30
2	7	11	14	15	17	20	23	37	39	41	43	45	48	49	52	53	54	56	64	67	72	76	77	92	93	95	96	98	127
45 31
0	2	4	9	13	15	16	19	21	22	24	30	32	33	38	40	47	49	50	52	55	57	59	60	66	68	75	77	79	88	118
45 30
0	1	4	5	10	16	19	22	24	25	27	28	30	32	34	35	46	48	50	51	53	55	61	62	68	90	92	100	104	108
44 29
0	1	4	5	6	11	12	13	17	21	25	30	32	45	46	50	53	54	55	58	59	60	64	66	69	79	80	83	100
44 29
0	1	2	5	7	8	14	18	19	20	21	22	24	26	33	34	36	38	41	50	58	65	66	71	100	107	108	109	112
40 28
4	7	8	10	11	12	16	17	20	22	23	25	26	29	37	45	49	51	53	54	58	63	71	76	77	85	92	104
44 30
0	1	2	4	8	11	12	15	16	23	26	30	35	37	39	43	48	49	50	53	56	57	60	61	63	68	82	85	112	127
38 28
1	4	5	8	10	11	14	16	18	19	23	24	25	32	33	37	43	46	47	49	50	55	57	60	72	80	108	112
47 31
0	2	6	7	12	13	15	17	20	21	29	38	41	43	44	48	50	54	56	57	59	60	61	63	74	82	88	91	92	95	115
44 29
2	3	4	5	12	13	16	17	18	19	21	22	23	27	32	50	56	57	58	59	60	62	63	68	75	76	84	92	115
39 28
6	8	10	17	18	19	20	22	24	28	29	30	32	35	39	40	46	49	51	61	64	66	73	74	80	92	95	127
44 32
1	2	3	4	9	13	15	17	18	20	21	25	26	29	30	33	36	37	45	47	49	50	51	53	54	69	74	75	76	85	91	127
48 30
2	8	10	11	12	14	16	19	24	26	35	37	46	49	50	51	55	58	59	61	63	66	68	73	77	78	80	88	104	118
41 28
0	1	2	4	6	7	10	19	20	22	23	24	26	29	35	38	44	54	55	60	61	65	69	70	73	75	108	112
37 30
3	4	7	9	12	16	17	18	19	20	22	23	24	25	26	27	29	30	32	33	34	38	43	52	57	58	71	73	76	92
47 32
2	7	9	10	12	14	18	21	22	24	25	30	32	37	43	45	46	47	54	55	57	64	65	72	73	74	76	84	86	88	92	100
45 31
0	1	3	4	7	9	11	16	17	21	23	24	25	26	29	31	35	45	46	53	54	59	60	62	71	74	75	82	92	105	115
53 33
0	12	14	18	19	20	22	23	24	25	26	27	28	34	35	44	51	52	53	54	56	60	63	67	68	77	78	79	92	96	105	111	112
44 30
0	3	7	9	10	13	15	16	19	21	25	30	32	34	44	48	50	52	54	55	56	57	58	63	65	66	71	80	92	95
39 28
0	2	4	6	8	9	11	12	13	15	16	25	32	35	39	42	45	47	51	52	53	55	58	60	66	73	86	118
49 32
2	4	8	10	11	13	15	16	17	18	25	30	31	34	37	46	50	51	52	57	59	62	64	65	67	69	70	71	72	79	92	104
40 30
0	1	4	5	6	9	10	12	13	14	17	19	22	25	26	34	36	37	38	44	46	49	55	56	57	58	66	69	98	112
44 32
0	2	4	6	7	12	13	14	16	17	18	22	24	25	26	32	33	36	38	41	45	51	61	64	70	75	76	77	85	88	92	100
50 32
2	3	5	10	16	17	18	19	21	30	33	38	43	44	45	46	50	51	52	53	55	58	59	69	70	71	75	76	92	97	107	115
47 34
1	3	7	9	11	12	14	15	20	22	24	25	32	33	35	37	39	43	44	45	46	48	51	54	58	59	61	62	65	66	72	88	96	112
46 30
0	2	4	6	10	13	14	18	21	25	28	29	33	34	36	37	39	50	57	61	63	64	66	68	76	77	88	91	115	154
45 32
1	2	4	11	14	15	18	19	24	25	30	31	34	35	37	38	42	48	49	50	51	52	54	59	63	64	67	69	72	73	74	88
43 29
0	1	4	6	8	9	15	17	18	20	26	29	31	32	34	39	45	54	59	60	61	62	63	65	71	75	76	105	127
42 31
0	2	4	15	17	18	19	21	24	25	26	29	30	32	34	35	36	42	48	49	50	52	54	56	57	60	70	72	75	76	92
49 31
0	1	4	7	13	17	18	22	24	25	29	33	34	35	39	44	47	49	50	54	57	64	65	71	72	91	98	100	103	104	115
48 32
1	2	4	6	10	13	14	16	20	23	29	30	32	33	37	38	43	46	50	51	53	55	59	60	63	71	73	74	86	91	117	118
43 29
0	2	4	9	10	11	12	15	25	26	35	39	45	47	48	50	51	52	53	54	55	65	66	74	75	82	85	88	92
47 34
0	2	3	5	6	8	10	12	14	15	16	17	19	22	23	26	34	35	36	40	42	44	50	52	53	55	56	57	58	65	69	72	92	118
47 31
0	2	6	8	9	14	21	22	24	25	31	33	35	37	39	40	42	45	52	55	64	65	66	69	71	80	88	90	100	105	118
45 33
2	5	9	11	12	13	16	19	21	22	24	25	26	27	29	32	33	36	38	42	44	49	51	60	66	72	74	76	84	88	91	92	112
49 32
3	4	8	11	13	14	25	26	27	32	35	39	40	46	48	49	52	53	56	57	59	62	63	64	66	71	79	80	85	86	92	112
44 28
1	4	5	6	7	8	10	17	23	25	35	37	39	50	52	54	57	58	60	61	63	68	70	73	75	86	96	103
41 29
0	2	4	12	14	15	17	19	20	21	22	24	25	27	30	34	43	46	47	54	59	60	66	70	85	92	96	108	112
50 32
8	10	13	18	19	20	25	26	29	30	31	35	39	42	47	49	50	51	53	55	59	62	63	64	66	68	80	83	88	93	109	115
46 30
0	2	4	8	12	14	15	24	25	32	35	38	39	42	45	46	50	51	57	59	63	68	76	77	79	83	93	97	100	112
52 33
2	6	9	10	11	13	14	25	27	31	32	36	40	43	47	50	51	52	54	55	58	60	61	63	67	68	69	72	75	80	84	92	115
44 29
1	3	4	5	6	8	11	14	16	18	20	25	27	37	41	43	44	53	58	60	61	62	63	67	73	75	80	111	154
44 28
5	13	14	16	17	20	21	26	31	32	36	37	40	50	55	58	59	61	62	63	64	66	67	75	77	82	88	115
40 29
0	1	2	6	7	11	12	13	15	18	20	23	24	32	33	36	37	44	45	46	51	53	55	63	66	86	93	100	118
42 31
2	3	6	7	14	16	18	20	23	25	27	28	34	37	40	41	43	46	48	49	51	55	61	62	63	66	67	69	72	77	92
44 31
2	4	5	6	8	9	10	12	17	19	20	23	25	30	33	37	43	49	54	55	57	59	60	67	74	75	76	78	79	92	96
39 29
1	4	5	6	7	11	13	16	17	18	19	20	21	25	26	27	30	34	38	46	50	54	58	62	63	70	72	91	100
43 31
2	4	6	9	10	13	16	17	20	22	25	27	29	33	34	35	36	43	44	50	55	57	60	62	63	64	66	70	72	74	78
46 29
0	2	9	13	14	19	21	22	25	26	29	33	38	52	54	55	57	58	60	63	64	66	67	68	71	72	75	92	108
47 33
2	3	4	7	9	11	17	21	22	25	27	28	29	32	33	34	36	37	43	47	50	51	54	59	68	69	70	75	77	79	84	96	100
49 34
6	9	10	11	22	23	24	25	26	31	32	37	41	42	43	46	47	48	49	50	52	53	56	57	61	65	66	67	72	73	77	86	91	95
44 32
4	6	7	10	12	13	16	18	20	23	24	25	27	30	32	33	39	41	42	43	44	48	50	54	56	66	74	75	78	86	112	127
49 32
7	10	15	16	18	21	23	24	25	28	29	32	34	47	48	52	54	55	57	58	61	63	66	68	71	72	74	75	77	83	85	92
48 31
0	6	8	9	11	12	13	16	20	22	31	34	37	38	42	43	48	50	51	52	60	63	65	76	77	86	89	91	108	109	112
47 29
1	4	5	6	12	13	26	29	34	40	44	45	46	49	50	52	54	55	57	58	59	60	63	64	71	80	109	112	118
43 29
0	2	5	8	10	13	16	19	27	34	35	39	41	45	46	49	50	51	55	58	59	63	67	68	76	78	84	93	108
40 28
0	1	2	4	12	19	20	22	24	25	29	32	35	37	38	41	50	51	52	54	55	59	66	70	75	77	88	92
47 33
0	2	5	7	10	15	21	24	26	27	28	29	31	34	35	36	39	40	41	44	48	54	57	59	61	67	71	74	76	85	91	115	117
51 33
1	2	5	7	10	13	15	17	18	23	28	32	33	37	42	44	45	46	48	52	53	54	56	57	59	69	76	90	92	100	103	112	118
43 30
11	13	15	16	17	18	19	20	23	27	31	37	39	40	42	43	44	49	50	51	58	61	63	72	75	76	77	92	95	108
43 33
1	6	9	11	12	13	14	15	17	20	22	23	24	25	26	29	34	35	36	37	38	43	46	49	52	55	58	63	86	91	95	96	108
45 30
0	4	5	6	10	12	23	25	27	29	30	31	35	37	43	50	54	57	60	62	63	65	67	68	70	73	77	79	88	89
43 28
0	1	2	4	6	8	11	17	18	20	27	30	46	47	50	51	60	62	63	65	66	67	69	72	75	86	91	108
43 29
3	4	8	14	17	18	19	20	21	22	26	34	39	40	43	46	48	53	54	57	63	64	66	71	72	76	92	105	118
47 32
0	3	9	19	20	24	25	27	28	30	31	32	33	34	35	40	48	54	55	56	57	58	61	62	65	69	72	73	75	79	80	92
44 29
2	4	7	12	13	16	17	21	22	35	38	39	40	43	47	50	53	58	60	62	63	65	73	75	77	82	83	86	115
39 31
0	1	3	4	5	6	10	11	12	15	16	18	21	23	25	26	30	31	33	34	35	37	42	50	58	63	66	73	74	76	79
42 29
1	4	9	11	12	13	15	16	22	25	26	29	30	32	39	43	49	50	55	59	60	63	66	72	75	84	88	89	100
44 31
1	2	4	5	9	11	12	16	17	21	22	25	29	31	32	40	44	47	50	51	53	55	60	63	65	72	74	76	88	91	92
44 30
0	1	2	4	5	6	12	13	16	17	18	20	24	29	30	32	42	44	52	62	65	67	68	72	73	76	80	84	105	108
36 27
0	1	5	6	9	10	12	13	14	16	23	25	26	33	36	39	42	45	46	49	52	55	60	72	88	98	127
46 30
0	1	9	12	16	18	23	24	25	31	37	41	43	44	45	47	51	52	57	58	59	60	62	64	67	73	75	88	111	112
48 32
6	7	8	10	11	14	15	18	23	24	26	30	34	35	41	43	45	48	50	52	54	55	57	58	68	72	84	86	90	92	109	127
43 30
5	8	10	12	13	18	22	23	25	27	29	34	37	40	43	45	47	50	51	55	58	61	63	66	71	78	88	91	93	96
44 33
3	4	5	6	7	9	10	12	13	15	21	22	24	25	27	31	37	41	42	44	46	49	52	53	54	58	60	67	70	75	77	89	96
39 28
1	2	4	5	6	7	13	14	23	24	25	29	30	34	37	43	46	50	52	55	58	60	62	65	76	77	86	92
45 32
3	4	5	6	8	10	13	15	17	19	21	25	30	32	35	39	40	45	46	53	59	66	67	70	71	72	73	74	76	77	80	86
41 31
0	1	3	5	8	9	11	13	16	18	20	21	22	23	25	27	28	32	33	38	40	44	46	52	54	55	66	76	89	104	111
44 27
0	5	9	18	21	24	25	27	31	35	42	54	61	62	64	66	67	68	71	75	76	77	85	88	91	92	112
49 31
1	4	10	11	13	17	21	25	33	34	35	40	43	46	50	54	57	58	61	62	63	64	69	71	75	76	79	80	86	93	100
40 30
0	2	4	6	8	9	11	12	13	14	18	23	25	27	29	30	34	35	37	44	47	50	55	62	63	66	82	92	95	100
40 28
0	1	5	6	7	10	13	17	18	23	24	25	26	27	28	29	35	52	54	55	61	66	67	75	79	83	92	98
49 29
0	2	6	7	10	12	14	16	18	28	38	43	45	50	52	54	58	60	64	68	75	79	91	92	96	103	107	112	115
48 32
1	2	8	11	13	14	15	18	20	21	25	26	34	39	45	46	47	50	51	52	53	54	58	64	65	66	68	73	76	80	88	112
42 28
5	7	8	9	10	11	13	16	19	20	23	25	28	29	37	39	50	51	58	60	62	67	70	88	92	96	104	112
45 30
0	1	4	6	9	11	12	16	17	21	25	28	37	45	47	49	53	55	56	58	60	61	66	70	75	82	83	85	90	109
45 31
0	1	5	6	8	10	12	15	20	25	26	27	30	31	35	37	38	46	50	53	54	55	56	58	60	61	72	76	78	88	105
41 29
0	1	4	7	8	10	13	18	21	24	25	31	33	34	35	40	42	46	53	55	57	65	72	75	77	79	86	88	112
51 31
1	4	7	10	19	25	28	31	32	36	39	40	41	50	51	55	60	61	62	63	64	70	74	75	76	77	88	91	92	107	109
