1000
55 32
8	9	10	14	15	16	17	19	23	26	33	34	35	55	56	57	58	59	60	61	63	66	68	72	75	77	88	91	100	105	109	115
49 31
4	8	9	10	13	18	24	31	34	38	40	43	45	48	50	54	55	57	58	59	61	63	66	68	73	74	75	77	88	92	108
49 31
1	2	9	20	22	25	28	29	36	39	40	42	43	48	50	52	54	55	57	58	59	61	63	64	66	71	73	75	88	91	105
46 31
0	1	10	13	16	20	24	25	28	30	33	36	38	39	41	42	52	54	55	58	62	65	66	67	68	74	75	82	84	88	92
47 32
0	5	6	8	11	14	16	20	22	24	25	26	27	29	31	37	39	40	46	50	53	55	60	61	63	64	73	75	86	92	98	111
45 31
0	2	3	4	10	12	15	16	17	19	21	24	25	26	29	34	35	38	50	54	57	62	68	69	70	72	74	76	77	86	112
43 30
3	4	6	9	10	11	12	13	19	21	25	31	37	44	45	46	48	49	50	55	59	60	63	69	71	74	77	80	88	115
48 30
5	13	14	19	22	24	27	29	33	34	38	40	41	44	53	54	55	57	59	60	62	64	70	71	76	78	88	91	100	115
45 31
0	2	5	7	8	10	14	15	18	20	23	25	33	36	37	40	45	48	50	52	53	54	55	57	65	71	75	76	77	88	105
47 32
2	3	5	8	9	11	15	18	20	23	25	26	31	34	37	39	45	46	48	49	53	57	59	60	63	64	65	66	76	93	112	154
47 32
1	4	5	7	8	10	13	14	15	16	20	21	22	27	33	37	40	42	51	53	55	56	59	60	67	70	73	77	78	85	95	108
48 31
2	4	5	6	7	10	13	14	16	24	28	29	31	38	40	45	49	50	55	56	58	60	61	66	75	76	90	91	103	117	127
48 30
0	1	2	4	8	10	12	21	22	27	29	31	43	47	52	54	55	58	60	62	63	64	65	68	73	80	83	88	105	115
51 34
2	4	7	9	15	17	19	20	25	27	29	31	34	35	40	43	45	51	52	53	54	56	57	60	64	66	68	70	71	73	76	77	79	91
51 30
1	4	20	23	24	34	37	39	41	43	45	48	49	50	54	58	59	60	61	62	66	68	73	74	76	95	100	109	112	115
46 31
0	4	5	6	7	10	13	15	16	17	20	25	28	34	38	39	42	50	51	52	54	57	61	62	67	72	77	79	93	96	103
54 31
0	2	3	7	12	18	23	32	33	35	36	39	45	50	51	54	55	56	60	66	67	68	70	74	75	76	96	100	112	118	154
52 32
2	4	5	11	16	17	18	20	24	25	26	29	39	41	51	54	59	61	62	64	65	66	67	70	71	72	73	75	80	92	104	127
45 30
1	3	5	7	8	11	13	15	24	25	26	27	30	31	34	36	40	43	50	51	54	57	59	60	63	74	91	107	112	118
49 31
0	4	5	7	9	15	24	27	30	31	32	40	41	42	47	49	52	54	60	62	65	68	70	73	75	76	88	96	107	117	118
44 30
0	1	4	5	7	8	13	14	17	22	34	35	37	39	41	45	46	50	54	57	59	62	63	65	68	69	71	72	84	115
45 32
1	2	3	6	7	9	12	13	14	16	22	23	25	27	28	29	30	32	33	36	51	53	55	58	60	61	64	66	67	73	76	127
40 30
1	2	4	6	7	10	20	24	25	31	33	37	38	39	40	41	42	43	45	48	54	65	66	68	73	75	76	78	82	88
48 31
1	3	4	5	8	14	16	19	20	21	29	35	37	38	40	42	45	51	53	54	55	64	66	67	68	71	72	77	105	109	127
44 29
2	4	5	11	15	22	24	25	29	32	35	37	39	41	47	48	51	52	54	55	59	62	63	69	76	80	92	100	104
46 30
0	1	3	4	9	10	16	17	19	21	22	30	32	46	47	52	53	54	55	56	58	60	62	65	66	71	72	75	76	115
45 31
1	2	3	4	8	14	18	19	20	21	24	25	26	30	32	37	41	49	57	58	59	61	63	64	66	70	75	76	92	96	112
49 30
2	9	14	15	16	20	21	23	28	29	30	32	36	39	41	49	50	53	54	55	56	65	66	69	72	80	100	105	127	154
38 30
2	4	5	6	8	9	12	14	18	21	22	23	25	28	29	34	35	37	41	44	45	47	53	55	65	66	67	73	77	96
52 31
5	10	11	13	16	20	21	23	28	36	37	44	47	50	52	54	57	60	61	62	63	67	72	75	77	79	91	92	107	112	127
44 31
0	4	5	6	8	9	10	20	21	23	25	28	34	35	38	40	45	48	49	52	55	67	70	71	74	77	90	95	96	97	104
43 30
1	3	5	6	8	10	11	16	17	18	24	25	26	29	31	35	39	40	45	53	55	57	60	61	64	71	73	85	104	115
43 30
3	4	12	13	18	19	20	21	22	24	25	26	28	32	34	39	41	50	54	55	57	58	63	66	68	70	72	73	75	92
44 30
0	4	9	11	16	18	21	22	25	27	28	31	33	34	40	44	47	52	62	63	65	71	72	75	77	80	85	88	92	108
45 30
0	1	4	5	15	16	17	20	24	26	28	30	34	39	46	47	50	51	54	58	59	60	63	65	66	67	69	72	96	115
40 32
1	3	6	8	10	12	15	16	18	19	21	23	24	25	29	31	36	38	39	41	45	46	47	49	55	59	62	66	68	74	76	88
46 32
0	6	8	20	21	23	28	30	33	34	35	37	39	40	41	42	43	45	47	49	53	55	61	62	67	68	69	71	72	86	109	115
45 30
0	2	10	12	19	20	22	24	25	29	33	36	38	39	41	42	43	45	51	54	60	70	74	75	76	79	88	90	112	154
53 33
10	12	14	19	20	23	24	29	30	31	37	41	42	43	46	49	55	57	58	59	61	64	66	68	70	71	72	75	91	93	104	112	118
49 32
1	4	5	11	12	13	14	18	20	27	32	33	38	39	42	43	50	53	54	55	57	58	61	64	65	66	68	71	72	77	96	118
43 29
1	2	5	8	13	16	17	20	25	26	30	31	35	38	39	46	55	58	59	60	62	63	64	71	75	85	95	96	103
49 30
5	9	12	15	20	23	28	29	32	33	34	38	40	45	51	54	55	58	63	66	67	68	73	76	82	91	92	104	107	108
50 31
2	9	10	14	22	25	26	27	33	35	36	40	45	49	50	55	57	58	61	63	64	68	69	74	75	76	77	79	88	96	154
51 35
0	2	3	4	6	7	12	13	14	19	23	25	30	31	34	36	39	40	46	50	51	57	59	62	63	67	68	70	74	75	80	82	84	86	92
42 31
0	1	7	12	13	16	17	19	20	24	25	26	28	29	31	32	34	41	43	44	46	50	53	54	55	57	58	61	63	92	100
47 31
2	4	5	8	19	21	22	23	25	26	28	32	34	40	42	43	47	51	53	54	59	60	65	73	74	76	77	83	88	108	112
43 29
1	8	10	11	12	13	19	21	22	23	25	32	33	35	37	44	46	52	53	55	57	59	60	66	70	73	88	107	112
49 34
0	2	4	5	12	14	17	18	19	22	24	25	33	34	38	39	43	44	45	46	47	51	55	56	59	63	65	67	69	71	79	80	86	154
41 28
0	1	2	5	14	15	18	20	21	23	25	31	34	39	40	48	53	54	55	57	61	63	64	66	73	75	85	105
47 31
1	2	4	7	12	14	15	16	18	20	24	27	29	31	34	40	41	47	52	57	58	59	62	63	68	71	77	91	103	112	127
40 28
0	1	2	4	5	9	10	13	15	17	18	25	30	37	46	47	51	55	58	63	66	68	71	73	75	79	80	88
42 31
0	2	5	6	7	10	12	13	14	16	17	19	24	25	26	30	32	33	41	44	49	52	55	67	70	72	76	88	91	92	127
48 29
10	15	16	17	19	21	22	23	24	33	40	45	46	47	50	53	57	59	60	61	65	72	75	76	92	98	104	108	112
50 33
0	6	8	10	11	13	14	16	17	19	21	25	32	38	39	42	43	48	54	58	61	63	66	68	71	72	77	79	85	92	93	107	117
44 31
0	2	5	6	7	9	15	16	18	19	21	25	29	31	32	33	35	36	44	50	57	61	63	64	65	66	68	72	74	77	117
38 29
2	3	4	10	11	13	14	16	17	20	21	25	26	27	30	32	37	39	40	47	54	61	63	66	67	68	72	75	92
47 31
0	2	4	6	12	16	27	28	30	31	32	33	35	37	38	41	48	49	56	58	59	63	65	66	67	70	76	80	111	115	117
43 30
0	5	6	9	11	13	14	20	22	24	27	28	30	31	35	37	41	43	52	58	59	60	66	67	68	73	75	95	96	118
44 29
0	2	4	5	7	12	13	14	18	22	27	28	32	39	43	44	47	51	52	56	63	67	73	75	76	77	92	108	154
45 31
0	8	11	12	16	17	19	21	22	26	27	29	32	35	36	37	40	45	46	49	50	55	60	63	67	70	71	79	96	108	154
39 30
0	1	2	4	5	6	8	10	13	20	21	23	25	38	39	40	41	42	43	45	47	54	55	62	63	65	66	70	73	88
44 29
1	4	6	15	16	18	24	25	27	28	30	41	43	46	47	51	54	55	56	57	58	60	66	68	72	75	86	88	108
44 31
1	2	8	9	12	13	14	16	19	21	23	24	25	29	32	38	43	44	50	51	55	59	60	61	63	64	65	69	73	85	88
46 30
4	6	13	16	17	22	23	25	26	27	32	35	39	40	42	45	47	53	59	63	64	66	76	78	79	88	90	103	104	127
42 29
0	1	3	4	5	6	9	10	13	15	20	26	30	38	39	41	44	52	54	55	56	58	60	63	64	67	71	75	127
41 31
0	2	4	5	6	7	13	14	18	19	22	26	29	30	31	33	35	41	44	46	47	49	52	59	60	63	64	75	77	88	127
46 31
0	4	5	6	8	9	10	19	20	25	29	30	31	34	45	48	50	51	54	55	57	60	63	65	66	68	70	72	77	85	97
42 31
0	3	4	9	10	11	13	17	19	20	24	25	33	34	35	37	38	40	41	42	45	54	57	62	67	69	71	78	86	92	115
38 27
0	2	6	12	13	14	18	19	21	22	24	25	26	31	35	38	42	54	55	64	65	66	70	86	88	92	108
51 34
1	4	6	7	11	14	20	25	27	28	30	34	35	37	38	39	44	46	47	51	53	54	55	58	64	65	67	75	78	82	88	96	100	105
45 30
0	2	5	6	7	13	18	22	24	27	29	32	35	41	44	48	49	54	63	64	66	69	72	74	75	77	92	95	108	112
45 28
4	8	22	23	25	27	29	30	31	32	34	36	40	47	50	57	58	63	64	67	69	72	77	86	88	100	104	115
42 30
1	2	7	8	9	10	13	18	19	22	23	27	30	33	34	35	43	44	45	46	50	54	55	56	60	63	66	68	98	115
47 32
3	4	6	7	8	9	12	14	16	18	25	27	28	29	30	31	35	36	40	41	51	54	60	67	70	73	75	80	96	103	104	117
48 28
0	1	2	4	6	14	20	22	27	34	38	41	50	54	60	61	63	64	65	66	68	69	72	74	76	115	117	154
46 31
5	8	9	10	11	21	22	26	27	31	33	34	35	37	40	42	44	52	53	54	55	57	58	59	60	70	76	77	85	90	118
39 27
0	2	4	6	7	12	14	17	24	25	35	41	42	45	46	51	52	54	59	63	66	68	77	79	86	88	96
53 32
0	6	7	9	11	12	16	17	26	33	36	37	40	45	47	50	51	52	55	58	61	67	68	69	72	75	77	80	98	108	109	111
43 31
0	1	4	5	7	8	9	10	13	15	18	19	22	26	29	32	42	43	45	47	53	54	55	62	64	65	70	75	76	77	127
40 31
1	4	7	8	10	13	17	18	19	20	21	24	26	30	32	34	36	39	40	41	45	46	49	54	59	67	69	74	76	86	115
43 33
2	3	4	6	7	9	13	14	17	19	22	23	24	25	26	28	31	34	35	39	40	44	46	48	50	59	61	70	71	77	85	96	105
49 30
3	6	7	12	13	18	19	21	29	32	34	35	37	50	51	55	58	62	67	71	72	74	75	77	82	88	92	96	112	127
45 31
0	1	2	6	9	13	16	18	21	22	24	26	28	30	32	33	44	46	49	55	56	57	59	63	64	66	69	70	75	111	118
43 30
0	2	4	6	7	8	9	11	12	15	21	24	27	28	32	35	37	38	40	54	56	61	62	66	72	80	82	92	112	115
45 29
6	7	10	17	21	23	24	25	31	35	37	40	41	45	49	50	51	53	55	58	62	63	67	74	76	77	78	88	154
44 31
1	5	10	16	19	20	24	25	28	29	30	33	34	35	40	41	45	46	49	58	60	64	67	70	71	73	76	79	82	86	112
44 30
0	2	4	5	6	7	9	10	11	15	18	20	22	24	27	30	31	36	48	50	51	53	57	64	74	76	86	88	115	154
44 30
4	6	7	8	11	12	13	15	16	17	24	32	36	44	45	46	49	56	57	58	60	63	64	66	68	72	74	78	91	115
44 29
1	4	5	8	10	15	16	17	20	26	31	34	35	41	43	50	52	59	61	62	63	67	69	70	75	76	79	93	115
45 31
1	5	6	10	11	14	16	17	18	22	23	26	30	31	34	43	45	46	47	51	52	53	55	59	62	66	73	77	88	100	108
43 29
0	4	6	7	10	20	23	25	27	29	30	34	37	41	43	44	47	50	51	53	54	58	66	70	76	77	82	105	112
44 28
1	2	5	6	7	13	14	16	17	18	24	32	37	43	44	51	55	56	59	63	66	73	75	77	91	98	112	118
40 30
0	1	2	5	7	8	12	18	21	24	25	29	31	33	35	36	39	40	42	46	54	55	59	61	63	67	76	86	88	91
49 31
3	5	8	13	23	25	27	28	32	35	38	39	40	42	46	50	53	55	59	61	62	70	71	76	77	80	88	92	96	104	108
41 29
1	2	4	11	13	17	20	21	23	24	25	26	30	32	34	38	40	43	54	59	60	62	65	70	73	75	76	82	112
49 35
0	2	4	5	6	10	11	15	17	18	19	23	25	26	30	32	33	35	36	38	43	50	52	53	54	56	58	60	62	72	75	85	88	92	95
43 29
3	4	5	8	9	10	13	16	19	21	22	24	29	32	34	39	49	50	54	55	57	58	60	62	67	76	77	108	112
47 31
2	4	5	6	8	9	10	21	22	25	31	34	40	41	42	47	48	51	52	59	60	65	66	67	71	72	73	74	77	104	109
40 29
0	1	3	4	7	8	9	12	13	14	23	25	26	27	32	35	37	39	41	42	49	58	63	66	77	90	109	112	115
47 31
0	1	2	4	6	11	13	14	15	18	22	23	24	34	35	37	40	48	51	53	54	55	56	58	59	63	66	71	77	127	154
44 31
2	3	5	8	9	15	17	18	23	24	28	30	32	36	37	38	40	41	43	45	47	54	61	65	66	67	77	96	107	115	117
48 31
6	7	9	10	13	15	21	23	28	29	31	35	41	42	45	48	49	53	55	56	57	61	62	68	70	76	80	83	100	117	127
52 33
4	14	16	20	23	25	26	27	30	31	33	40	41	49	50	51	52	53	55	58	59	62	63	64	67	69	70	75	76	78	85	91	93
47 30
4	7	8	10	12	13	16	17	21	22	25	31	33	39	40	46	60	63	64	65	67	68	72	74	76	78	85	89	100	154
45 31
2	3	5	10	11	17	18	20	21	23	24	25	32	33	37	39	48	52	53	54	55	56	57	59	61	65	66	69	75	76	92
45 29
0	3	6	8	10	11	16	20	21	25	28	31	32	34	35	38	45	50	57	58	60	72	76	77	80	82	98	112	154
41 29
1	2	3	4	8	11	14	17	21	22	24	26	30	34	36	37	38	44	47	50	51	54	55	63	65	69	88	107	108
44 31
0	1	3	5	8	10	19	21	22	27	28	29	31	35	36	39	40	41	49	54	55	56	59	60	63	64	80	84	88	91	115
46 32
0	3	5	6	7	11	14	15	17	21	25	27	30	36	38	42	46	47	48	51	54	55	58	59	60	63	72	75	86	91	92	100
39 29
0	1	4	7	9	10	15	20	24	25	26	30	31	33	34	37	38	44	46	50	52	54	61	65	67	71	72	82	88
51 31
0	2	3	4	9	11	16	17	21	25	35	38	39	40	44	50	54	58	61	64	65	67	69	70	72	76	92	100	104	105	127
42 32
0	1	2	5	7	9	10	12	13	15	22	23	24	25	30	33	36	37	38	40	46	48	52	53	55	58	65	67	71	75	76	80
47 30
3	4	5	10	13	14	15	17	20	25	26	35	37	45	46	47	52	54	57	63	64	66	69	75	77	85	88	98	105	109
44 29
1	7	10	11	13	15	24	25	31	37	42	43	45	46	49	50	51	54	55	59	60	61	62	63	65	73	75	91	115
47 30
0	4	5	7	12	19	23	24	29	30	32	35	37	45	46	50	54	55	57	62	64	66	71	72	78	79	82	88	100	127
44 29
4	9	10	13	22	25	27	31	32	33	34	40	43	46	47	52	53	55	56	57	58	60	61	62	71	77	80	86	107
42 30
1	2	3	5	9	11	14	19	20	21	22	25	27	30	37	41	43	46	47	51	52	53	58	63	66	67	68	73	75	112
44 31
0	3	4	9	10	18	24	25	27	29	31	33	34	35	37	42	45	48	51	53	60	62	64	67	71	73	75	77	84	88	96
52 31
1	5	15	17	18	20	27	29	31	35	45	46	51	52	54	55	56	58	59	60	61	62	63	64	68	75	77	92	93	100	115
47 30
1	2	11	13	17	18	24	29	30	31	33	36	37	38	42	47	53	61	63	64	66	75	82	88	89	90	92	109	112	127
46 30
3	4	5	11	16	17	23	25	26	28	29	30	31	34	39	45	50	51	53	54	56	58	59	62	66	74	76	78	105	107
39 27
0	4	6	9	10	11	13	17	20	21	25	27	28	32	44	46	51	52	55	58	60	61	69	72	73	92	98
47 32
2	4	5	6	7	9	11	12	14	16	25	28	31	41	43	45	46	47	53	54	58	63	68	71	73	74	76	77	80	88	91	111
47 33
1	2	3	6	8	11	21	22	23	25	26	27	33	39	40	41	42	45	46	47	48	53	54	55	56	57	58	60	67	73	75	98	112
47 31
0	4	6	10	13	14	16	19	20	21	22	23	29	34	36	39	40	51	55	57	58	63	65	66	68	71	77	88	95	103	127
46 30
1	9	11	13	16	17	21	25	27	28	29	31	32	34	35	50	53	55	58	61	63	64	67	68	72	73	74	91	92	108
40 28
0	1	2	4	5	6	9	13	16	17	19	20	23	24	27	29	32	39	50	52	55	60	61	62	65	79	100	118
47 31
0	1	2	4	7	8	9	13	15	16	22	30	34	36	38	39	41	46	51	53	54	55	63	68	71	74	75	77	86	118	154
43 31
0	1	3	6	8	10	21	23	24	25	31	33	34	35	39	42	45	48	49	50	54	59	61	63	67	69	70	71	76	79	95
46 30
0	4	8	12	13	17	20	24	26	29	31	37	39	44	45	46	50	51	52	57	58	59	63	66	73	88	90	92	98	127
43 31
0	3	4	8	13	16	17	18	19	21	23	24	27	30	32	33	34	39	44	47	49	60	64	65	66	67	75	76	92	107	115
45 30
3	7	9	10	16	17	21	23	26	32	35	41	42	43	44	45	49	55	56	63	67	68	70	73	75	76	96	97	108	109
38 30
0	1	5	8	10	14	18	21	22	24	25	26	30	31	32	35	38	40	42	43	45	46	54	57	64	66	67	71	72	95
46 32
0	1	4	5	7	10	15	17	18	20	23	24	25	34	38	42	43	45	48	50	51	52	54	56	60	62	63	65	68	77	91	107
43 31
0	1	2	3	5	7	13	14	15	17	20	22	24	25	27	29	31	34	44	45	50	54	55	57	59	61	66	67	71	91	112
45 33
0	2	4	6	9	10	11	17	19	20	21	22	23	24	25	27	28	29	34	39	43	44	50	58	65	67	68	69	76	77	88	96	105
42 29
1	5	7	9	11	12	13	14	15	21	23	25	29	30	34	40	41	45	52	54	55	61	63	73	74	91	92	100	111
47 31
1	6	8	11	12	14	16	20	23	32	33	34	37	43	46	48	49	51	52	55	58	63	67	70	72	75	85	86	97	108	112
45 30
0	4	8	9	16	17	21	22	27	29	32	35	38	39	40	41	42	48	50	54	60	63	68	71	72	77	93	104	109	127
45 31
4	5	11	12	13	14	16	17	19	20	22	26	28	29	32	34	44	46	48	50	51	55	58	63	66	69	72	73	96	104	118
45 31
0	2	8	11	12	14	15	16	21	22	23	25	26	27	30	34	37	43	46	54	57	60	62	63	68	70	72	76	77	112	117
51 32
0	5	8	9	10	14	15	21	23	26	28	35	37	41	44	45	52	53	54	56	60	64	66	68	69	72	75	85	92	100	108	112
42 30
0	1	2	4	6	9	14	18	19	20	21	25	28	30	32	43	46	49	50	51	55	57	61	66	72	73	74	91	92	96
41 28
0	4	5	6	8	10	11	13	17	22	26	30	39	41	43	49	50	51	56	63	65	66	71	72	77	88	96	127
50 31
1	7	10	14	16	18	19	31	34	35	36	45	46	47	48	51	53	54	57	59	61	64	66	74	76	79	80	91	100	108	112
48 32
0	3	9	10	11	12	14	16	21	26	27	29	33	36	37	39	42	43	47	53	55	57	64	65	66	73	79	88	92	100	112	118
49 33
1	7	11	12	14	16	19	22	23	25	26	28	29	35	37	41	48	49	54	55	56	57	59	60	69	70	72	73	75	85	86	96	103
48 32
2	7	8	10	17	18	21	22	25	26	31	33	35	39	40	42	43	48	50	51	54	63	64	65	67	70	74	76	80	88	95	154
50 31
0	1	4	6	9	12	19	20	22	28	32	35	37	44	51	52	53	54	55	56	58	65	70	72	76	77	80	89	97	100	127
41 30
0	2	4	5	7	9	16	17	19	20	23	24	26	28	33	34	36	40	45	46	50	54	58	59	76	79	88	92	96	108
49 30
4	8	11	12	13	20	21	22	25	26	27	35	40	45	52	53	54	55	56	57	61	66	67	70	72	86	93	107	109	127
48 30
1	3	6	10	12	13	15	19	24	27	37	41	43	45	46	49	50	54	55	60	66	67	74	75	91	92	104	108	112	117
47 29
0	2	4	6	9	10	16	25	30	38	40	41	43	45	48	55	56	59	61	63	67	73	77	82	88	103	107	108	111
43 30
1	2	4	5	7	8	12	14	19	20	24	25	31	35	36	40	41	48	52	54	56	61	70	71	73	75	76	77	86	104
47 29
0	2	3	6	11	13	23	25	27	28	29	32	34	43	50	52	54	55	58	60	61	64	65	70	76	77	98	103	115
49 31
0	2	5	6	14	15	16	19	24	30	32	33	37	47	50	55	59	60	64	65	66	67	69	70	72	75	76	86	88	93	118
53 32
2	3	7	11	18	23	29	30	32	33	35	36	37	50	53	54	55	57	61	63	64	65	66	72	74	77	78	88	91	97	115	117
46 31
7	10	12	13	17	18	19	21	24	25	28	29	30	33	42	44	46	50	57	60	63	65	68	72	75	76	77	79	91	95	98
39 30
1	4	7	8	13	18	21	22	24	25	26	27	31	32	34	36	37	38	39	40	43	52	54	65	66	68	70	71	75	92
49 32
0	1	2	13	15	18	19	24	30	31	32	37	38	39	41	42	43	47	54	55	58	60	62	63	68	72	75	92	97	107	109	118
47 29
0	4	6	7	11	13	17	18	27	29	40	43	48	54	56	57	61	63	66	68	71	73	74	77	85	86	91	105	108
38 29
0	1	2	4	5	6	10	11	13	14	25	33	35	40	41	44	45	46	48	49	55	57	66	70	71	74	85	88	96
42 31
3	4	9	11	12	14	21	22	23	24	25	29	32	33	34	35	37	45	46	47	50	51	52	55	58	59	62	66	70	72	77
49 31
0	3	8	10	13	16	24	25	28	30	31	33	38	41	43	44	50	52	53	60	62	65	76	77	82	85	86	88	92	112	154
49 32
3	4	6	7	8	9	12	20	24	29	35	37	38	39	41	43	45	49	56	59	61	66	68	72	73	77	85	91	92	100	112	118
40 29
0	4	5	13	14	16	21	25	26	27	30	31	33	35	40	41	47	49	52	58	59	63	64	66	74	75	76	92	97
46 32
2	4	9	11	12	15	16	18	21	25	29	30	31	32	33	36	40	42	46	47	54	57	59	60	63	65	73	75	76	92	98	117
41 29
1	2	8	17	19	25	26	31	34	35	40	41	42	44	45	46	48	49	52	53	54	55	57	59	64	66	70	91	109
44 29
0	5	6	11	13	15	19	22	25	26	27	31	46	47	49	50	53	55	58	60	61	62	63	75	77	79	88	91	127
38 29
0	1	4	5	6	7	10	12	16	21	24	25	27	31	36	37	39	42	47	49	50	60	61	68	73	74	75	77	91
43 30
4	5	8	10	11	13	15	21	26	29	34	38	39	40	41	44	45	49	52	54	55	57	58	59	63	68	72	73	77	108
43 31
2	4	5	7	9	10	12	16	19	20	23	24	25	26	32	33	40	41	42	45	54	55	65	70	71	73	74	76	77	82	105
52 34
1	6	7	11	12	14	15	20	21	28	31	33	36	40	43	45	46	50	51	52	53	54	56	59	62	71	75	76	88	90	91	93	95	127
47 30
6	8	13	14	21	22	26	27	28	29	32	35	36	39	45	49	53	55	58	59	60	61	65	68	76	86	92	100	112	127
47 29
1	2	8	12	13	16	21	22	24	26	30	34	38	40	41	43	50	51	54	61	63	65	74	85	88	100	108	112	154
48 32
2	4	8	11	12	22	23	25	28	29	31	32	33	35	37	46	50	51	52	53	56	58	63	64	65	67	70	73	76	77	79	97
46 30
0	3	8	11	12	13	15	16	17	20	22	28	33	39	43	45	46	51	54	58	65	66	69	72	76	88	97	104	108	117
45 29
3	9	10	11	18	21	25	26	28	30	31	32	35	40	45	55	57	58	61	62	63	65	66	73	75	88	92	100	111
44 30
4	6	13	17	18	24	25	26	27	29	32	33	35	37	39	43	44	49	50	59	61	63	69	71	75	76	77	85	100	104
46 31
0	1	2	6	7	9	11	12	13	18	19	22	23	35	42	44	45	46	50	51	55	56	60	63	73	75	76	86	91	105	108
46 31
1	2	7	8	10	12	13	15	16	17	19	23	30	37	38	41	42	48	50	54	55	58	59	61	63	71	76	77	88	104	115
46 31
2	4	16	21	23	24	25	28	31	32	33	34	35	38	39	45	48	51	52	54	57	58	63	65	67	73	75	77	88	96	108
48 32
0	4	7	11	12	19	22	23	25	26	32	33	35	37	38	44	45	50	52	54	55	57	58	59	63	67	68	75	77	88	96	111
41 29
0	1	2	4	5	13	16	18	21	22	24	31	33	34	36	40	44	47	51	52	53	58	67	68	71	75	92	93	108
44 31
0	4	6	8	10	14	16	17	19	23	25	26	34	35	37	40	41	46	48	50	51	52	53	56	59	66	69	76	77	86	112
42 30
1	4	5	6	7	8	14	15	17	21	23	25	27	32	35	37	39	41	45	50	52	53	54	59	63	66	67	68	82	118
41 31
1	4	5	7	10	11	12	13	15	17	18	19	21	24	25	30	35	41	43	48	49	51	52	54	55	57	68	70	73	75	76
45 30
1	3	4	8	9	10	13	16	20	24	31	34	35	37	41	42	49	54	56	61	62	64	66	73	76	84	86	93	103	108
45 30
0	1	2	3	5	6	10	13	14	18	20	25	26	30	36	47	48	49	53	54	55	62	63	66	69	73	75	80	118	154
54 31
0	7	9	10	11	18	21	22	28	30	35	45	47	48	52	53	55	57	60	73	74	75	79	80	88	92	98	104	105	115	154
48 32
0	2	7	8	13	18	20	23	24	25	29	30	32	36	37	46	50	52	53	54	55	57	60	61	62	65	69	72	75	77	92	93
46 33
2	3	4	5	8	9	10	12	13	19	21	25	28	29	31	33	34	35	39	40	41	47	59	60	62	70	72	75	76	92	96	107	112
49 33
0	2	3	8	10	12	13	14	18	19	21	23	25	26	33	34	39	42	44	53	55	59	60	61	64	66	67	69	73	74	92	95	154
47 30
2	4	9	13	14	22	30	33	37	38	43	46	47	49	50	51	53	54	55	63	65	67	69	71	73	76	88	92	93	108
47 31
0	4	9	13	14	15	17	19	22	24	27	30	31	34	38	40	42	51	52	54	59	62	63	66	71	74	85	86	90	103	118
45 31
0	4	6	9	12	16	17	21	22	25	29	33	35	37	40	44	45	52	53	58	59	60	65	67	71	72	75	77	79	82	92
45 32
0	4	5	9	12	15	16	17	20	25	26	28	29	30	32	33	35	38	39	45	49	50	59	60	61	63	66	67	68	72	112	118
48 33
1	3	4	9	12	14	16	17	19	22	23	24	25	26	27	32	44	46	47	52	53	54	57	59	60	62	65	71	76	80	88	96	105
39 28
0	4	6	10	13	17	18	23	25	26	28	29	30	32	39	45	46	50	51	52	58	63	66	76	77	79	83	88
43 30
0	4	8	9	10	18	19	23	24	25	29	30	32	33	37	40	45	47	50	54	55	57	58	62	66	72	74	77	88	111
39 30
1	4	5	6	7	9	10	14	15	17	18	22	25	26	27	29	32	40	44	45	47	51	54	57	60	64	66	68	73	96
48 30
3	8	11	15	16	20	21	23	26	27	28	31	37	45	50	51	54	57	58	59	63	68	75	76	77	84	91	97	112	127
45 31
0	7	8	10	18	19	20	21	22	23	24	25	30	32	33	39	46	50	51	52	53	55	57	60	61	65	66	77	85	88	91
40 29
1	3	4	7	9	10	16	17	19	22	24	25	28	30	32	35	37	40	46	55	57	60	62	63	64	73	88	96	104
48 32
0	9	10	13	15	16	20	21	22	25	26	27	33	35	38	39	42	48	50	51	60	64	70	72	73	75	76	83	91	95	96	154
44 30
0	7	14	15	25	26	27	32	33	35	37	39	40	42	43	46	50	55	58	59	61	62	63	66	67	75	77	88	90	91
51 30
1	5	8	10	12	14	16	20	22	23	26	31	34	43	50	51	54	65	66	67	68	70	79	82	83	96	108	111	112	154
46 32
2	3	5	6	7	12	13	17	18	19	21	23	24	25	28	32	33	36	40	44	46	50	54	57	58	59	60	61	66	86	112	154
44 30
0	1	2	4	8	14	17	22	24	25	26	28	29	32	33	38	39	43	46	51	58	63	67	69	71	80	90	100	107	111
49 32
0	1	4	5	6	8	12	16	17	21	24	25	33	34	35	39	49	53	55	56	57	59	62	63	66	67	71	72	73	82	112	117
44 31
2	5	6	9	10	11	12	13	17	22	24	25	28	37	41	43	44	46	51	55	57	63	64	65	66	68	73	74	85	88	92
40 29
1	2	3	4	5	6	8	11	12	17	19	20	24	26	27	30	32	33	37	46	49	57	65	74	76	92	100	105	108
49 32
0	3	5	6	7	11	12	14	20	21	22	25	27	30	32	40	43	52	53	54	55	58	63	65	66	72	77	91	96	97	98	127
51 33
2	8	9	12	15	16	19	20	22	25	28	31	34	35	40	43	44	49	50	51	53	54	56	59	60	66	68	76	82	86	95	100	154
45 29
6	8	9	11	14	17	19	24	28	35	37	39	45	47	49	50	51	54	60	64	67	69	71	88	92	95	97	105	108
46 32
1	2	6	7	15	20	23	24	25	27	28	31	32	33	38	41	42	43	44	50	52	59	61	62	65	68	76	82	91	95	96	98
42 30
1	4	7	10	11	12	17	18	19	21	23	24	25	26	37	39	41	43	44	47	54	55	58	61	64	66	70	75	92	154
45 30
2	3	4	6	8	10	13	20	21	22	23	24	25	26	34	38	40	45	51	52	55	59	62	71	73	76	92	97	103	154
41 30
0	2	5	6	9	10	12	15	17	22	24	25	28	31	32	33	35	45	48	54	60	68	70	73	74	76	77	86	91	95
42 30
0	2	4	5	7	9	16	18	19	20	22	24	26	31	34	38	39	40	44	46	50	53	54	60	69	72	73	74	108	117
43 30
1	2	5	6	9	13	16	17	18	19	24	26	29	34	40	41	42	44	49	52	54	59	62	64	66	67	73	79	108	112
48 31
2	4	8	11	15	18	23	25	29	35	36	37	44	48	50	53	54	55	57	58	59	61	62	64	65	69	75	76	86	91	92
44 32
1	3	4	5	6	9	11	14	17	20	25	29	34	36	37	39	42	45	46	47	49	51	52	53	56	58	67	68	69	72	75	105
45 29
1	2	5	6	10	11	15	19	21	23	32	37	40	46	47	50	51	54	55	58	61	62	66	67	73	74	92	98	115
46 30
0	4	7	13	22	24	25	27	35	39	40	42	44	46	49	52	55	56	59	60	63	65	71	72	76	84	85	91	92	103
42 31
2	4	7	9	13	19	20	21	22	24	25	26	31	32	33	35	36	39	41	42	46	54	61	65	66	68	73	74	75	88	117
42 29
1	2	5	7	13	14	16	23	24	26	32	33	38	39	41	42	45	48	52	55	57	62	64	65	67	76	79	100	115
45 30
4	5	6	7	9	12	15	16	17	18	19	20	24	29	30	38	44	51	58	60	64	65	67	73	77	85	86	91	100	108
43 27
0	6	7	9	11	12	15	17	21	22	25	31	35	40	50	54	57	63	64	69	74	77	88	93	104	111	117
51 35
6	7	10	11	16	17	22	25	27	31	34	35	36	37	41	43	45	46	48	49	50	51	52	53	54	57	59	65	70	74	77	79	91	95	112
45 33
1	2	5	9	14	16	17	18	20	23	24	25	29	30	34	35	39	43	44	46	49	51	53	55	59	60	63	64	67	68	74	75	76
50 31
2	3	5	6	10	12	14	21	23	25	26	32	35	40	44	45	46	50	51	54	55	59	69	74	88	96	100	105	111	117	127
42 33
1	3	5	6	7	9	10	11	15	16	19	21	23	25	28	30	31	32	35	36	39	41	46	49	50	53	55	59	62	71	76	91	92
47 30
1	2	6	8	13	14	15	21	26	31	34	35	40	42	43	49	57	58	59	61	63	70	74	77	83	96	97	100	112	127
45 29
0	2	9	12	13	16	19	21	22	24	27	30	36	37	40	50	53	55	57	58	60	61	62	64	68	75	88	111	118
42 30
1	3	4	5	6	8	10	14	15	16	17	18	19	23	29	30	34	35	41	43	55	63	66	73	75	86	88	91	111	118
46 31
0	7	8	10	14	16	19	22	23	24	29	31	33	35	37	42	45	51	52	53	55	57	58	62	66	70	73	76	88	93	118
44 29
1	3	4	7	8	9	10	12	13	15	24	31	34	37	42	43	50	54	55	57	61	63	65	74	77	86	91	98	127
38 31
1	2	5	11	13	14	18	21	22	23	24	25	26	30	32	33	36	37	38	39	41	42	43	46	50	53	55	60	65	71	74
38 31
1	5	10	11	14	15	18	23	24	25	29	31	34	35	37	39	40	41	42	43	45	46	48	49	52	54	55	57	69	72	73
45 29
1	2	3	6	7	15	21	24	25	26	28	32	37	38	43	47	50	51	57	62	63	68	74	76	77	79	92	112	154
44 32
0	1	4	5	8	11	12	14	16	20	23	24	25	29	31	32	33	35	36	37	50	58	59	61	65	66	74	76	77	79	80	86
46 33
0	2	3	4	5	8	9	12	13	15	16	17	26	30	33	34	37	38	42	44	48	51	52	53	57	61	65	66	76	83	84	92	115
50 33
0	6	7	8	12	15	19	20	21	27	30	32	34	35	36	38	46	49	51	53	55	56	58	61	63	65	80	85	88	91	92	98	127
40 29
0	1	4	7	9	10	12	13	14	22	23	24	28	32	37	39	41	47	48	52	54	55	57	62	65	66	68	75	127
41 29
1	8	11	13	14	17	20	21	23	24	26	33	34	35	36	37	41	45	46	50	55	58	59	64	65	66	69	104	115
43 30
1	2	5	7	8	10	12	20	23	24	25	26	35	36	41	46	48	49	54	55	61	64	65	68	69	76	77	86	88	104
42 29
7	9	10	11	13	19	20	21	22	25	26	32	34	35	37	39	49	55	58	60	61	63	65	68	70	73	75	96	118
46 31
0	1	3	4	5	6	8	16	17	19	24	27	28	29	30	34	40	44	47	51	54	55	67	69	70	71	72	79	98	112	115
44 29
0	4	6	9	12	15	18	19	25	29	34	35	37	39	45	48	49	55	56	60	61	69	71	73	80	88	104	109	112
40 30
0	2	8	10	11	12	13	14	16	20	21	25	28	32	38	40	42	43	45	48	50	51	55	58	60	63	65	70	77	86
45 32
0	1	3	4	5	8	9	12	13	16	18	22	24	27	30	31	33	40	48	49	50	52	53	56	58	66	67	68	70	80	88	127
51 33
6	8	10	15	16	19	22	24	25	27	29	30	34	41	44	47	48	50	53	56	57	62	63	64	65	69	73	74	76	92	96	112	118
49 30
1	2	4	6	8	10	13	15	18	22	24	25	28	41	47	51	57	58	60	62	64	65	71	76	88	90	100	103	111	112
46 31
0	3	4	5	11	12	17	19	22	24	25	27	29	32	37	38	43	44	51	52	54	58	60	66	67	75	76	90	92	107	127
47 29
0	2	4	16	22	23	24	28	29	31	32	34	41	46	50	52	54	57	61	63	68	69	70	76	77	79	107	108	117
48 30
0	2	4	5	22	24	25	26	27	34	35	41	45	47	52	62	63	66	68	70	71	72	73	76	77	82	89	93	100	112
46 32
0	1	2	7	12	14	15	16	19	20	21	22	23	32	33	35	36	38	39	42	43	52	53	55	58	59	60	62	80	107	112	127
48 29
4	8	10	13	18	22	25	27	30	34	37	46	49	50	51	52	57	59	60	63	65	67	69	70	72	92	104	108	112
45 29
1	5	8	17	18	22	28	29	30	36	37	43	44	47	50	51	53	54	55	57	58	59	65	66	68	75	91	96	115
40 26
1	2	4	13	14	16	20	23	32	33	37	38	43	44	50	51	53	60	62	65	66	67	75	80	112	127
45 32
0	2	5	8	9	12	13	14	17	18	23	24	25	29	32	39	41	43	44	45	46	50	60	64	66	67	71	74	77	95	104	112
48 30
1	6	7	10	15	20	21	24	25	26	29	31	34	35	40	44	54	55	57	58	59	65	68	82	86	92	100	104	109	112
47 32
1	5	7	8	12	13	15	16	20	23	31	34	35	39	43	44	45	48	49	50	52	53	58	62	63	64	65	67	74	76	117	127
44 31
0	1	4	7	8	14	16	17	20	24	25	27	29	30	32	36	42	48	49	50	57	58	62	63	64	66	68	91	92	93	104
54 35
2	5	8	14	25	28	31	32	33	38	40	41	43	45	46	47	48	50	51	54	55	63	70	71	72	74	76	77	78	79	84	91	96	97	104
44 31
0	2	4	8	9	11	12	13	16	25	26	29	34	38	41	42	43	44	46	51	53	54	55	56	63	66	71	77	86	89	112
48 31
1	3	6	9	11	12	16	17	18	20	25	30	33	40	43	48	52	55	56	57	61	64	65	66	74	77	85	92	96	111	112
43 31
2	3	4	6	11	16	17	20	26	27	28	32	33	35	36	39	41	42	43	48	53	61	64	66	72	74	75	80	91	92	127
45 31
1	2	8	11	12	16	18	22	24	25	26	31	32	33	36	42	44	46	49	51	53	54	58	59	60	63	64	76	80	100	117
45 32
0	1	3	4	7	9	11	12	13	15	18	21	26	31	32	38	39	43	45	46	51	52	58	59	62	63	64	73	75	76	95	127
47 33
0	3	6	7	8	11	12	14	16	17	19	20	23	25	32	36	41	44	45	55	57	61	62	63	66	68	69	71	73	75	88	92	97
46 31
1	2	4	5	7	14	19	20	22	23	29	34	35	41	43	44	45	46	48	53	55	56	65	66	73	74	75	77	108	111	112
48 31
4	5	6	7	11	17	24	25	26	28	29	30	32	37	41	42	43	50	51	57	60	62	63	73	76	77	91	96	103	107	115
43 32
1	4	5	7	8	10	12	14	16	18	19	23	25	27	29	31	33	34	39	40	41	47	48	51	60	61	73	74	82	96	103	108
51 31
0	1	16	17	19	22	23	27	33	34	35	38	39	42	50	55	58	60	61	63	66	68	72	74	76	79	86	93	103	108	111
45 32
0	5	6	17	18	19	20	24	25	27	28	29	30	31	32	34	35	42	45	50	51	53	54	55	57	58	59	65	66	69	76	92
42 32
0	1	2	6	7	9	13	14	15	17	23	24	25	26	30	32	36	37	38	40	41	44	45	51	52	53	54	59	66	73	95	100
48 32
2	6	11	12	13	17	19	20	27	38	41	43	44	45	46	47	49	51	52	55	56	59	60	63	65	68	72	77	84	88	91	115
49 31
0	2	9	11	18	20	28	32	37	39	40	41	42	43	45	47	48	51	54	55	58	62	65	66	75	85	88	104	109	115	117
49 32
1	4	5	7	17	20	21	23	24	27	28	30	32	37	39	47	51	53	54	55	60	61	64	66	68	69	70	73	75	82	95	118
43 29
1	4	10	13	16	18	21	23	25	27	31	34	39	44	46	49	50	54	58	61	63	65	67	73	75	78	86	89	108
44 29
1	2	8	11	13	14	16	21	23	25	30	33	34	38	42	50	52	55	60	63	68	72	74	75	76	82	86	88	100
46 30
0	2	4	5	6	7	9	16	17	23	25	33	34	35	49	50	53	56	61	63	65	66	68	71	72	73	74	77	82	103
45 29
1	2	5	6	8	9	13	19	24	25	32	37	42	45	49	50	54	59	60	61	62	64	66	67	77	79	80	109	112
49 31
4	6	10	11	15	22	23	29	34	35	37	38	40	45	47	50	51	52	54	55	58	59	60	62	64	77	79	80	86	98	108
48 30
0	5	14	16	21	23	25	26	27	29	30	35	36	42	50	55	57	58	59	62	64	66	68	72	75	77	80	92	103	104
49 32
0	11	12	14	18	19	23	28	29	33	38	39	40	43	44	47	51	53	54	55	56	58	61	66	72	73	74	77	88	89	91	108
42 29
4	6	8	14	15	16	17	19	22	24	26	28	33	34	35	37	39	51	56	58	59	60	61	62	64	75	76	77	115
39 28
0	4	6	7	8	10	12	13	16	21	22	23	25	28	29	31	34	51	53	58	60	64	65	68	73	83	92	96
42 29
0	4	5	7	10	11	16	18	22	23	24	25	28	29	39	45	48	50	54	55	67	71	72	74	76	79	85	89	117
45 31
1	4	5	10	11	12	15	18	23	24	33	34	37	38	39	43	46	47	48	50	55	57	61	65	69	73	74	75	76	98	108
42 31
1	4	5	7	8	10	11	15	17	18	20	22	24	25	29	31	33	39	40	42	46	51	60	63	65	67	72	76	85	97	104
52 33
9	11	12	13	14	18	20	25	27	33	37	38	40	41	43	45	51	53	54	55	56	61	66	67	68	71	72	78	88	90	91	93	154
42 29
0	4	5	7	8	12	13	15	18	25	30	31	37	39	44	49	51	52	57	58	60	63	65	67	72	75	91	92	96
48 32
0	1	2	5	7	9	17	19	21	25	26	29	30	41	47	48	49	51	53	54	55	61	62	64	66	69	70	72	74	75	92	109
46 31
1	4	5	6	10	11	13	14	18	19	21	27	31	36	39	45	49	50	54	56	57	58	60	61	63	65	68	71	75	76	108
47 33
1	2	8	16	18	20	21	23	25	28	29	34	37	39	40	41	42	43	45	48	50	51	54	55	59	63	66	67	71	73	89	92	100
49 30
0	4	6	11	18	24	25	26	30	35	42	43	45	49	53	55	58	59	60	61	62	63	70	75	88	90	96	100	109	115
41 30
2	4	5	6	8	12	13	21	22	24	27	30	31	32	33	36	37	39	44	49	54	60	61	65	69	71	78	86	92	127
42 30
0	1	2	7	9	10	16	17	18	22	24	25	26	29	30	32	35	36	50	52	55	57	58	59	61	63	66	67	75	88
43 30
0	1	2	5	6	7	10	12	22	23	24	25	27	29	43	44	47	49	50	51	58	59	60	65	66	68	77	88	96	112
52 32
1	4	8	9	17	19	23	24	25	27	29	30	33	35	49	50	51	53	54	55	59	60	62	63	64	66	68	80	91	103	112	127
47 31
0	1	2	3	4	11	15	16	20	25	26	31	36	39	45	50	53	54	59	60	61	62	63	67	68	71	74	75	76	91	92
46 32
1	3	6	10	14	16	19	21	23	24	25	30	31	32	38	40	41	47	49	52	54	55	62	65	66	68	72	76	82	85	86	115
50 34
1	3	4	5	6	12	15	17	18	22	23	25	29	31	32	36	40	41	44	45	47	50	58	64	69	72	73	76	79	84	86	92	98	154
45 30
1	4	6	7	9	11	13	15	17	27	29	30	32	38	39	43	45	46	53	54	55	60	62	65	68	80	84	100	112	118
44 32
1	2	3	4	8	16	17	18	21	22	24	25	29	33	37	40	42	44	45	47	50	51	52	55	58	60	69	70	80	84	85	92
50 34
0	2	3	4	9	14	15	24	26	27	30	31	34	36	38	40	41	46	47	52	54	56	59	60	61	64	66	68	72	74	77	85	86	108
44 30
2	3	6	8	12	13	16	19	21	22	23	24	25	34	40	49	50	55	57	58	59	60	62	67	70	74	75	76	77	80
43 28
0	3	4	5	6	10	11	26	29	30	31	35	37	47	48	53	54	56	57	63	64	66	71	75	88	92	105	127
45 31
3	5	8	10	13	17	21	23	24	25	26	31	34	35	36	37	39	40	42	45	50	52	54	55	59	64	69	76	79	112	154
43 31
0	1	2	4	7	8	9	11	13	19	20	25	26	30	31	34	38	39	43	46	48	50	54	58	59	64	72	74	88	98	104
41 30
3	4	6	7	9	10	11	13	14	17	22	25	27	29	31	32	36	37	38	39	45	50	52	67	75	76	84	88	104	109
46 30
1	2	3	8	10	11	12	16	21	23	26	30	35	39	48	50	52	54	55	57	61	64	65	66	70	73	79	93	96	127
44 31
0	4	5	7	10	13	17	21	22	25	27	29	32	37	40	43	44	46	47	54	60	62	65	66	67	68	71	74	77	86	104
42 30
0	4	7	12	14	15	16	20	21	23	24	25	29	31	32	38	39	42	45	50	59	60	63	68	70	73	77	93	96	111
49 32
0	2	5	6	7	10	14	15	18	22	32	33	37	40	46	47	50	52	55	56	57	59	60	61	62	63	67	68	91	92	95	115
43 29
0	1	3	4	5	6	10	13	14	15	24	29	34	37	38	45	50	52	53	54	55	62	65	67	71	76	77	91	108
48 32
0	2	7	14	17	19	22	24	26	28	31	41	43	44	45	46	47	51	54	56	59	63	64	68	71	75	76	78	83	88	95	118
46 31
5	7	9	11	14	16	23	25	26	33	34	35	36	37	40	41	42	45	53	55	58	59	61	64	65	68	73	77	88	105	107
52 32
0	1	2	9	11	16	17	23	32	37	38	42	43	47	52	53	54	55	57	61	65	69	70	71	73	74	76	88	93	96	112	118
43 31
1	3	4	6	8	11	12	14	16	18	20	23	25	31	32	37	42	43	44	45	53	56	57	58	60	63	66	73	76	80	98
50 31
1	4	7	12	13	14	17	21	23	28	32	39	41	46	48	55	56	60	61	63	66	68	69	72	75	76	77	92	103	105	118
47 34
1	9	11	12	14	15	16	18	19	21	24	25	29	30	32	33	36	37	38	39	43	47	50	51	58	59	62	64	66	70	72	77	85	112
44 30
1	4	6	7	8	9	10	12	16	21	28	32	35	36	38	39	40	49	50	51	56	60	61	63	68	72	74	91	112	127
40 28
0	1	5	6	7	8	9	12	14	16	25	27	28	30	31	35	46	53	55	58	60	68	72	73	75	77	88	98
44 31
2	4	7	8	9	11	16	18	21	25	31	32	33	36	40	41	45	46	47	59	60	63	65	68	70	74	77	82	86	97	111
45 30
0	1	2	5	6	7	9	11	14	16	20	24	28	30	40	42	43	49	50	55	56	58	66	72	85	90	93	104	107	108
48 32
1	2	7	8	13	14	16	17	20	26	28	29	33	34	35	36	37	43	44	52	53	57	58	59	63	66	68	89	92	98	108	112
46 32
0	1	4	6	7	9	10	14	15	17	19	20	22	24	26	33	36	38	40	42	56	68	75	76	77	78	85	86	88	90	100	115
46 34
1	6	7	8	9	12	16	18	19	20	21	22	23	24	25	30	31	34	40	42	45	48	53	57	61	62	63	65	69	71	73	80	86	95
43 27
2	4	5	9	10	13	16	23	25	32	46	47	52	53	54	55	58	61	62	65	66	67	75	77	88	91	103
41 31
0	2	3	4	6	7	8	10	12	13	15	16	18	22	23	25	27	31	32	35	49	50	56	57	63	64	67	75	76	92	93
46 31
0	4	8	9	12	20	23	24	25	26	27	29	30	31	34	40	50	52	54	56	57	58	67	72	76	77	79	84	91	92	97
45 31
1	2	3	8	11	12	21	22	23	25	27	30	32	33	34	38	40	42	43	46	57	60	65	72	74	78	85	88	104	112	117
41 29
1	4	5	6	7	10	12	13	16	17	18	21	25	28	33	43	47	50	51	56	57	58	61	63	66	68	73	75	83
48 30
1	2	4	7	14	19	23	24	25	27	30	34	35	41	46	48	51	52	54	60	64	66	68	71	74	75	86	100	111	154
45 30
0	4	6	18	23	27	31	32	33	39	40	41	42	43	45	46	49	52	60	63	64	68	71	72	74	76	79	88	117	118
39 28
0	2	3	4	5	6	9	13	15	16	19	20	25	26	30	46	47	49	53	55	56	58	60	63	66	75	76	109
42 31
6	9	10	11	12	13	18	21	22	25	28	31	34	35	37	39	40	43	44	45	49	55	56	58	60	75	78	85	92	96	100
45 30
1	4	5	6	11	16	18	19	20	22	23	24	26	28	29	30	32	46	50	51	53	55	59	60	73	88	90	100	105	118
49 33
2	4	6	8	9	12	13	14	16	18	19	20	21	32	33	34	42	47	51	52	55	57	61	62	69	71	72	74	77	80	92	96	118
48 31
9	13	14	17	18	20	22	24	27	35	40	42	43	45	47	50	54	56	58	60	65	66	67	69	74	75	76	88	92	95	108
44 30
2	4	5	6	7	8	10	11	16	17	18	21	23	24	25	34	47	50	56	57	61	63	65	66	68	72	75	77	82	98
53 32
3	6	9	13	16	22	23	24	25	31	34	35	36	39	40	45	52	53	54	59	60	61	62	63	76	77	79	103	105	111	112	115
47 31
0	2	3	4	6	7	10	17	21	25	27	30	33	34	35	36	43	46	48	52	53	55	56	60	64	66	67	72	98	108	154
45 31
0	4	5	6	7	10	13	17	20	21	24	25	26	29	35	44	45	49	54	57	59	60	62	70	72	73	75	77	79	90	112
47 32
1	3	6	11	14	15	16	17	24	25	26	27	30	32	36	38	46	47	50	51	52	55	59	61	63	64	65	66	72	89	92	104
49 33
0	1	6	7	10	13	15	16	22	25	26	28	29	33	34	35	36	37	53	56	57	59	61	62	63	64	70	74	75	88	92	93	112
49 31
5	6	7	9	10	14	17	18	25	27	34	35	40	41	48	50	54	56	57	60	61	64	66	69	72	76	77	95	96	105	107
50 33
0	2	4	5	7	9	10	12	14	20	23	26	27	32	33	37	40	45	52	53	54	55	62	67	68	70	72	75	76	78	82	103	115
41 30
3	4	5	7	10	15	19	22	24	25	27	28	30	31	34	35	37	39	40	43	50	51	54	57	59	61	71	77	95	107
44 32
0	1	4	7	8	9	10	11	15	17	18	21	23	25	26	31	34	39	45	47	48	49	50	53	54	57	61	63	65	72	88	154
45 30
0	4	6	11	12	13	14	15	17	21	25	27	30	34	42	49	51	53	54	58	65	69	70	72	73	74	76	77	83	98
47 32
3	5	6	8	10	12	17	21	25	27	28	31	35	37	39	41	45	46	47	53	54	55	57	59	62	66	68	78	88	91	92	154
46 30
1	2	16	18	21	25	27	32	34	35	36	38	39	40	41	42	53	54	58	61	63	65	66	76	78	80	92	96	105	112
52 33
1	3	4	7	11	13	14	17	18	19	23	27	29	30	34	37	39	43	46	51	54	56	62	63	71	75	96	97	103	104	107	115	117
44 30
0	1	4	5	6	14	15	17	18	19	20	23	26	28	29	32	33	47	48	50	51	53	54	61	66	68	85	100	111	115
49 31
2	4	6	8	9	13	14	16	17	29	30	32	34	38	40	45	50	53	57	59	65	66	72	75	76	78	82	88	105	112	127
44 31
0	6	9	10	12	15	18	19	22	24	26	29	35	36	40	42	44	48	49	51	53	55	64	69	76	77	80	85	91	96	115
47 32
1	6	7	10	14	15	17	18	19	22	25	26	28	30	33	39	43	45	46	48	52	53	54	56	57	71	72	75	91	100	111	117
44 30
1	2	3	4	7	8	10	14	21	23	25	32	34	35	44	45	46	50	51	53	54	58	59	60	66	68	70	74	82	112
43 29
0	6	9	15	16	21	26	28	30	31	36	37	38	40	41	43	45	49	51	53	56	58	66	72	76	85	105	117	127
38 27
1	5	10	13	16	18	21	24	25	29	32	33	37	44	45	48	49	50	55	58	60	61	66	74	75	88	112
43 28
0	1	2	4	6	12	13	19	22	24	29	32	38	39	43	50	52	54	55	56	58	60	64	66	74	75	100	118
43 28
1	2	3	16	21	25	27	28	29	32	35	40	41	47	53	54	55	58	60	61	62	66	67	72	76	82	86	115
44 31
1	4	5	6	8	10	11	14	18	24	25	26	32	35	37	40	41	43	46	49	52	57	60	66	76	82	89	91	93	105	112
44 29
5	8	10	11	12	16	21	23	25	26	29	30	33	37	47	50	53	54	57	58	61	63	64	66	74	78	85	88	112
51 32
0	8	10	17	20	22	24	25	33	34	36	37	39	41	52	57	59	60	61	62	64	65	68	71	72	73	85	86	91	93	95	109
39 28
0	1	4	5	10	13	18	21	23	24	25	26	29	30	31	35	36	46	50	54	61	63	64	66	68	71	77	127
46 31
0	4	5	9	13	14	21	24	25	27	29	31	34	35	37	41	44	50	53	54	60	61	62	63	68	72	73	76	79	80	118
43 30
0	4	8	10	12	13	15	18	21	22	25	27	29	30	31	33	34	35	39	49	53	57	60	64	72	85	92	100	112	117
41 31
0	1	6	7	10	11	12	15	16	17	18	20	21	22	23	24	25	27	32	34	38	42	52	57	67	70	73	74	77	92	117
47 31
0	4	5	8	14	17	18	21	22	25	29	33	43	44	46	47	49	50	51	53	57	58	60	63	67	72	75	77	91	98	115
48 30
0	2	4	7	10	18	25	30	33	34	39	40	44	47	50	58	60	65	66	68	69	70	72	73	74	76	77	86	96	154
45 31
1	4	6	7	8	10	13	21	23	24	25	26	34	35	36	37	39	40	43	51	54	59	65	68	69	73	82	86	88	100	112
43 29
3	6	9	11	12	17	21	23	27	32	33	34	35	37	39	41	43	46	50	58	62	66	67	70	72	77	98	112	115
47 31
0	1	4	5	6	7	8	9	14	16	17	20	22	27	32	39	50	54	57	60	63	65	66	68	69	71	72	73	82	86	108
40 27
0	1	2	3	4	6	13	16	20	23	24	25	26	29	34	39	50	54	61	65	66	70	76	77	85	104	112
45 31
0	1	2	4	6	10	12	15	16	17	19	22	23	25	30	31	32	47	52	53	54	55	57	58	66	70	71	72	89	92	111
44 31
4	6	7	8	11	12	15	16	17	19	25	26	32	35	38	44	45	46	48	50	57	60	63	64	70	71	73	78	91	96	100
47 32
0	2	5	7	9	13	18	21	23	25	31	32	33	35	38	39	44	50	52	53	54	55	56	60	61	62	63	68	77	78	82	96
49 33
2	5	6	8	10	11	16	18	22	23	24	25	29	34	38	39	40	41	42	47	51	53	55	60	61	62	63	65	73	76	85	105	154
43 30
0	2	9	11	14	17	19	22	26	27	30	33	36	37	38	42	43	47	52	54	55	58	59	62	63	75	76	79	92	108
46 33
2	6	7	9	10	15	18	20	21	23	25	26	27	29	30	32	37	39	40	41	43	49	55	60	64	67	70	71	73	74	79	96	154
42 31
0	2	3	5	6	8	9	13	16	18	23	24	27	29	34	37	40	41	43	44	49	50	52	55	61	66	71	72	74	77	108
42 29
0	4	5	10	12	15	21	22	25	26	29	31	33	36	37	39	47	49	54	60	63	67	74	75	76	88	92	104	105
49 33
0	4	6	7	14	16	23	25	26	27	28	29	34	35	36	39	41	46	48	52	55	59	63	65	68	71	73	75	77	85	86	98	112
47 32
3	5	11	13	14	17	23	25	26	27	31	32	35	37	41	45	46	47	50	53	58	59	63	64	66	71	74	76	77	84	91	112
48 32
2	3	6	14	16	19	20	21	24	25	28	30	34	35	40	45	49	51	54	55	56	58	61	62	66	69	73	74	75	76	92	127
41 28
1	4	5	6	7	10	13	23	24	25	29	31	34	37	39	48	50	51	54	60	61	62	64	65	68	69	80	100
47 32
1	2	4	6	7	9	11	14	15	19	23	27	30	31	34	40	42	43	46	50	51	53	56	59	60	64	66	68	73	79	107	115
44 31
1	2	3	4	6	11	16	17	18	20	21	24	28	29	36	38	40	45	46	48	54	57	58	60	67	72	75	80	83	100	127
49 32
1	3	4	6	8	10	12	13	15	23	30	31	32	33	34	37	44	50	52	54	63	64	67	70	74	75	82	86	89	97	100	127
46 31
2	5	8	12	14	19	21	28	30	33	37	38	43	44	46	47	49	53	55	57	59	62	66	70	73	77	88	89	90	91	115
47 32
1	4	5	7	8	12	21	25	26	28	29	31	33	34	35	41	44	45	51	52	54	56	58	59	68	71	73	75	91	96	97	107
45 32
3	4	5	6	7	10	11	13	14	15	21	25	26	30	31	33	34	37	38	42	44	50	51	53	62	63	66	71	72	74	100	117
44 28
0	4	5	6	7	11	13	14	17	29	37	38	44	47	50	51	54	58	61	63	65	66	69	70	88	92	105	108
45 31
7	8	9	11	12	18	20	24	25	28	33	34	37	41	42	43	45	48	54	55	57	58	59	61	63	64	73	77	88	91	100
51 35
2	3	5	6	7	13	14	19	21	23	25	29	34	36	38	40	41	43	44	46	52	54	55	59	61	62	63	67	70	73	74	77	86	95	105
47 31
0	4	6	7	9	10	13	15	18	20	25	28	33	39	40	45	49	50	55	56	59	62	63	65	77	85	86	91	95	100	111
44 32
1	5	7	9	17	19	20	22	24	25	26	27	29	32	35	36	37	38	39	41	43	50	51	53	54	58	65	67	72	76	96	112
42 32
0	2	6	7	8	11	12	14	15	16	22	24	25	27	29	33	35	36	37	39	43	45	47	60	62	64	69	72	75	91	92	112
41 30
2	4	7	8	9	10	15	17	18	19	20	22	23	25	33	35	38	40	46	47	51	52	53	60	68	70	77	85	88	105
46 32
0	2	3	4	8	10	11	12	13	14	16	19	21	24	26	29	31	37	44	54	56	57	59	61	64	66	67	68	72	73	92	127
48 32
0	2	10	11	12	14	15	18	20	21	23	24	26	30	32	33	38	41	45	50	51	55	59	60	65	66	70	74	76	100	111	118
48 33
1	3	4	6	8	9	10	11	12	17	20	21	27	30	34	40	42	43	45	46	49	55	56	57	58	59	62	67	69	80	98	112	115
51 36
1	2	7	11	13	14	18	20	22	23	24	25	28	29	31	32	34	40	43	44	45	46	48	50	56	57	59	63	65	74	80	83	84	88	107	112
41 29
1	2	5	13	14	16	20	25	27	35	37	39	41	42	43	47	49	50	52	53	54	55	58	60	61	62	65	69	75
42 30
0	1	3	5	8	12	16	17	19	21	22	23	31	35	36	39	46	47	49	53	55	63	67	69	71	74	76	79	85	108
42 32
1	2	4	6	7	8	11	13	15	17	20	22	23	24	27	31	32	33	34	35	40	46	48	55	56	58	64	65	75	77	92	115
47 32
1	2	7	9	11	12	13	16	17	24	26	30	31	34	39	43	44	45	52	54	55	58	59	61	63	67	75	80	82	86	88	115
43 31
0	3	4	8	9	11	12	14	19	20	21	24	25	30	37	39	40	44	45	49	52	54	55	65	66	72	73	74	75	92	103
45 32
1	3	6	7	9	10	12	13	15	16	17	19	21	23	25	29	31	39	45	49	50	54	55	60	63	78	79	83	85	92	93	117
47 32
1	4	6	10	11	14	19	20	25	27	29	33	37	39	43	44	45	48	49	50	52	56	57	60	62	63	78	85	86	96	105	112
47 30
7	10	12	22	24	26	27	29	35	37	40	43	46	49	50	51	55	58	59	60	61	63	66	71	73	84	88	92	97	108
46 32
4	9	10	13	14	19	20	21	25	26	32	33	35	36	37	39	41	46	49	50	52	55	61	66	67	68	72	75	83	84	92	104
45 30
0	4	6	10	11	16	21	24	25	30	35	36	38	42	45	49	52	57	59	60	68	70	75	76	77	79	86	88	92	112
48 31
1	2	5	7	10	15	22	25	28	31	32	33	35	40	47	51	53	54	55	65	66	67	73	74	75	76	77	79	90	91	103
42 30
0	2	7	8	9	18	19	22	23	25	27	29	30	31	34	35	45	46	47	54	55	61	63	66	71	72	77	82	93	100
46 29
0	4	5	11	12	16	17	22	24	26	35	42	43	49	53	60	61	62	63	64	66	71	73	75	77	85	96	103	118
41 30
0	2	8	12	14	16	20	22	24	25	26	34	37	38	39	43	45	46	48	50	54	55	58	60	64	76	80	84	85	92
43 31
0	2	5	6	7	8	10	18	20	21	22	24	25	27	29	31	32	35	36	38	50	51	55	57	62	64	66	68	77	96	104
43 30
0	1	3	4	5	6	10	11	12	13	18	20	23	25	34	43	45	46	51	53	55	57	58	64	65	66	71	77	82	103
44 30
0	1	3	4	9	17	19	24	25	26	27	28	30	34	36	46	47	48	51	54	55	56	59	65	69	75	79	80	98	103
43 28
0	4	5	7	9	12	13	14	16	17	22	25	29	31	50	54	59	61	63	66	67	71	75	76	77	84	90	107
52 32
3	9	10	11	13	14	15	16	17	24	25	28	31	32	33	36	39	44	55	60	61	63	65	70	73	75	88	98	105	109	127	154
43 29
0	1	4	8	12	13	14	15	22	23	24	27	34	37	38	39	46	49	50	54	57	58	61	66	67	77	100	108	112
44 31
0	7	8	11	13	14	15	16	18	21	24	25	27	28	30	31	32	40	45	51	54	55	56	62	64	65	72	74	76	92	111
47 31
0	2	4	5	9	10	18	21	25	27	31	35	40	42	43	50	52	54	55	57	60	61	62	63	68	72	76	83	86	88	92
47 32
0	4	9	11	15	20	21	23	24	25	27	29	32	33	34	37	38	43	44	50	53	54	59	60	67	68	71	74	82	88	109	112
44 31
2	6	7	11	13	16	18	21	22	23	24	31	34	40	41	42	44	45	46	49	62	63	65	66	70	77	85	86	95	111	115
44 30
0	2	4	7	11	16	19	21	23	27	31	35	36	37	40	45	49	53	58	59	63	64	68	71	76	77	82	88	92	118
39 29
1	2	5	6	7	13	16	20	21	23	25	30	33	37	40	42	43	44	45	46	50	55	60	62	69	74	88	91	104
39 29
0	1	4	5	6	7	10	11	17	24	25	29	30	32	35	37	42	46	49	50	52	53	57	61	63	66	67	73	90
48 30
4	13	15	23	25	27	29	32	34	37	43	45	46	49	52	53	55	56	57	58	63	66	67	70	75	77	78	86	98	117
43 30
1	2	4	5	8	10	11	12	17	20	21	22	24	26	29	30	34	40	51	54	55	58	60	63	67	69	72	76	88	115
48 32
0	2	4	6	10	14	19	21	22	23	24	25	30	39	40	41	43	47	50	51	52	55	59	62	64	66	70	75	76	90	98	109
50 34
0	5	9	10	15	17	22	27	29	32	34	36	37	42	43	44	46	47	49	52	53	54	55	58	68	69	73	75	76	79	84	91	92	115
46 31
0	8	10	12	16	19	21	22	24	25	28	34	38	39	42	45	47	53	54	58	59	60	61	62	67	68	73	74	86	92	112
44 31
1	4	5	8	9	10	12	13	16	19	20	23	25	31	32	34	41	46	49	54	58	61	63	64	66	67	68	71	77	82	105
45 30
3	10	12	13	19	21	24	25	31	33	34	40	44	45	46	48	53	54	62	63	65	69	74	82	85	86	91	92	95	100
44 28
10	11	13	14	17	23	25	28	29	30	33	37	43	45	49	50	52	56	57	60	62	63	67	75	88	91	112	154
43 29
0	1	2	5	9	13	19	23	25	33	42	43	44	45	46	47	53	55	60	62	64	65	70	71	72	83	88	97	98
43 29
0	1	2	6	7	10	11	13	15	24	36	38	40	41	42	45	46	48	52	54	61	64	74	75	86	88	108	111	112
39 31
0	2	4	5	6	7	8	11	14	18	19	20	21	24	25	28	30	31	40	43	44	46	49	58	59	66	67	75	76	80	92
44 32
4	7	13	17	18	20	22	24	27	29	30	31	33	37	38	39	42	43	44	46	47	53	60	63	64	65	66	75	77	86	91	118
45 32
0	1	3	7	8	9	14	16	21	22	26	27	30	32	33	35	37	39	45	46	49	53	62	68	72	75	76	79	86	91	112	118
42 31
0	1	4	7	9	12	16	17	19	21	24	25	27	29	30	32	35	37	38	41	45	51	53	60	63	65	70	73	86	96	118
40 30
0	1	4	6	7	9	14	17	20	22	24	25	27	33	37	39	43	47	48	49	52	53	60	67	71	73	75	77	92	96
45 30
2	8	9	13	15	20	21	22	25	27	33	35	37	44	46	49	53	55	60	62	66	69	74	75	76	77	82	90	91	100
44 30
0	1	5	7	10	12	16	18	20	23	24	25	33	37	39	42	48	50	55	57	61	65	66	68	74	76	79	88	96	104
51 32
0	1	3	11	13	18	19	20	23	25	29	30	40	45	46	52	53	54	55	57	58	60	61	62	66	72	79	85	91	92	100	105
42 30
0	2	4	5	6	10	13	16	24	25	30	33	35	36	39	41	42	49	50	51	55	57	66	71	74	75	76	83	92	93
47 31
1	2	8	11	12	16	17	18	19	22	29	35	36	39	45	46	49	50	54	55	57	61	63	69	71	74	76	88	91	104	127
49 32
3	8	16	17	24	25	27	29	31	32	34	36	39	40	42	43	44	50	52	53	57	58	60	61	63	67	77	79	88	91	107	112
46 33
4	6	9	10	15	16	19	21	22	24	25	26	28	29	32	34	35	40	42	44	48	49	51	53	55	61	73	76	80	82	86	97	154
54 36
2	3	8	9	10	12	21	23	25	26	27	28	30	31	32	33	38	39	41	43	50	51	52	54	61	66	68	71	72	75	76	79	80	96	100	117
46 30
1	2	6	7	11	12	14	23	29	35	36	41	44	45	49	53	54	55	56	59	60	64	66	67	68	73	76	86	88	108
44 31
0	2	4	7	9	13	19	20	21	22	30	32	33	35	40	43	44	45	49	55	56	65	71	74	75	76	82	89	92	96	127
49 33
4	6	7	8	9	10	12	13	16	25	27	33	34	39	42	43	45	46	50	52	54	62	63	71	74	75	76	80	82	86	92	95	112
40 29
4	5	7	8	9	10	12	14	17	18	20	22	23	24	25	29	34	37	38	39	43	51	52	54	63	67	76	127	154
41 31
0	1	2	5	6	14	15	16	21	22	23	24	25	26	30	33	39	41	46	47	49	53	55	56	59	62	63	66	68	75	80
42 31
0	1	2	4	5	7	8	9	14	17	19	20	22	25	27	31	39	41	42	43	50	52	53	54	56	60	62	68	72	79	88
52 33
5	6	7	9	10	12	16	17	25	29	31	34	35	39	49	50	51	53	55	56	57	61	63	64	65	66	68	71	72	73	74	82	109
41 31
1	5	7	10	11	16	17	18	20	23	24	25	27	30	33	34	38	39	41	43	44	46	54	57	59	60	68	69	74	75	112
42 31
1	10	11	13	16	17	18	20	23	24	25	26	31	32	34	41	43	44	46	48	54	55	57	61	63	65	66	73	75	88	97
44 32
1	2	3	4	5	6	7	8	10	12	16	20	21	24	28	30	31	37	43	45	46	52	54	57	61	66	68	71	72	74	75	118
49 30
10	13	14	16	20	22	27	30	31	34	35	36	47	48	50	51	52	53	54	57	58	62	63	64	66	75	76	98	117	118
45 30
2	4	7	12	16	17	19	20	23	24	27	28	32	36	41	45	46	48	54	57	63	64	69	75	76	77	92	104	111	118
46 30
5	7	9	10	15	17	20	24	25	28	31	32	37	41	45	46	51	54	61	64	65	66	68	72	83	85	88	91	98	117
42 28
0	1	2	4	5	6	11	13	21	24	25	32	33	39	40	46	50	51	59	60	65	66	69	76	80	96	105	112
42 27
0	2	4	8	10	12	18	23	25	27	35	40	41	46	50	51	55	56	58	63	65	66	77	88	91	105	112
41 29
1	4	5	7	10	13	25	26	27	28	30	31	32	34	39	40	42	44	46	54	57	59	60	65	72	74	84	98	105
40 28
4	5	6	7	10	13	14	16	18	19	21	22	23	24	28	29	34	40	41	50	62	67	69	70	76	77	127	154
47 32
1	4	6	9	11	25	27	29	30	32	39	40	42	43	45	46	47	48	49	51	53	61	66	67	71	74	77	86	88	93	104	112
42 31
0	1	6	8	11	13	16	18	20	21	22	25	27	28	31	33	34	39	40	45	49	55	58	66	68	70	72	88	92	96	107
40 30
0	1	2	5	10	13	14	15	18	19	24	25	33	36	37	40	45	46	48	49	51	52	53	55	59	60	64	66	75	77
47 29
1	2	4	6	8	12	16	22	26	27	32	35	37	48	53	54	56	57	58	59	64	66	68	72	76	83	92	108	154
46 31
0	1	7	8	9	12	16	19	21	25	26	33	34	35	39	40	42	51	55	57	58	60	61	63	65	69	70	73	76	77	100
42 29
1	2	3	10	11	13	16	21	23	27	29	31	32	33	35	36	40	53	55	58	61	62	66	67	71	74	76	95	115
44 30
1	2	5	8	11	13	14	15	22	25	27	30	32	34	37	46	49	50	51	52	55	56	58	59	68	69	70	72	82	104
47 32
0	4	6	7	8	13	14	20	21	26	27	28	31	35	39	40	41	43	45	51	53	58	66	69	71	73	74	75	86	90	109	118
45 30
1	4	7	8	11	12	14	15	17	21	24	25	28	29	34	37	41	43	50	56	58	61	63	69	70	77	95	107	108	109
41 29
0	1	2	4	6	8	13	14	16	17	21	25	29	31	39	44	45	50	51	53	60	64	66	67	68	71	72	74	88
47 30
0	4	10	13	16	19	21	22	23	24	25	31	33	37	38	49	51	52	54	55	63	66	72	75	77	88	90	100	103	127
47 32
4	6	9	10	13	20	22	25	26	27	30	32	36	38	40	41	43	51	53	54	55	56	59	60	69	70	74	76	82	86	88	92
52 32
2	3	9	14	17	18	19	22	28	29	35	36	40	45	46	50	51	52	53	55	56	58	60	62	63	72	75	79	92	103	105	118
46 30
1	4	9	11	14	16	21	26	27	28	30	31	37	42	47	50	51	53	58	60	61	62	63	65	66	67	73	75	82	127
49 34
1	2	4	5	6	7	10	11	12	20	27	28	31	33	36	39	41	42	43	45	48	51	52	53	54	56	60	66	72	75	79	86	111	115
46 31
1	3	4	5	9	12	19	21	22	24	25	29	32	35	37	41	46	47	54	55	66	67	70	73	74	77	80	91	92	100	107
46 31
2	4	6	7	15	19	22	23	25	29	31	33	35	37	43	44	48	50	54	56	57	60	63	71	74	77	85	86	91	97	100
42 29
0	1	4	5	7	10	13	16	17	18	22	26	28	31	35	40	46	52	54	59	61	63	64	66	71	75	84	96	115
43 28
2	4	6	8	11	13	17	20	21	24	25	35	36	40	49	51	55	56	59	60	63	66	73	75	77	88	109	112
51 33
7	9	12	18	19	21	22	25	31	33	35	36	38	39	40	44	46	55	57	58	61	62	66	67	70	76	77	78	85	91	96	100	108
44 30
0	2	3	8	13	18	19	21	25	30	31	32	34	35	40	46	54	55	63	64	66	67	75	76	82	86	89	91	92	96
49 32
4	13	16	19	21	22	24	25	26	27	31	36	37	38	39	40	41	49	54	58	59	63	64	68	69	71	72	76	88	92	103	154
49 31
2	4	8	10	11	13	14	15	17	21	25	30	37	49	50	51	52	54	56	58	59	63	65	66	67	71	75	77	86	89	105
46 31
4	7	10	11	12	13	17	19	25	26	28	29	33	37	42	43	45	50	53	54	57	58	70	71	72	73	76	77	80	88	127
40 31
0	1	2	4	5	8	11	14	21	22	23	26	27	28	29	32	38	39	40	43	46	47	48	49	55	56	58	61	66	104	118
43 30
0	4	5	6	10	11	12	13	15	20	25	26	33	39	41	42	45	48	49	55	56	63	65	66	72	76	77	85	100	127
45 32
1	3	5	7	8	9	12	20	25	26	33	34	37	39	41	43	45	46	48	53	55	56	58	62	63	67	68	73	77	80	85	91
49 31
2	8	9	15	21	22	25	27	31	32	34	35	37	42	50	53	56	57	61	63	66	68	70	73	76	77	79	82	91	96	112
41 31
1	2	3	5	9	13	14	15	16	20	22	23	24	25	26	28	30	31	36	43	46	47	54	55	57	60	65	74	75	88	104
43 30
1	2	6	7	9	15	16	19	23	25	26	29	30	35	36	37	41	43	48	51	53	61	65	66	73	75	76	82	98	112
49 32
0	6	7	10	14	15	16	19	20	25	27	28	29	33	40	41	45	46	48	52	55	57	59	62	70	72	76	77	85	98	100	154
48 29
2	4	5	6	12	13	17	24	25	32	46	51	55	56	58	59	60	61	64	65	66	67	68	69	75	76	77	86	103
44 30
0	2	9	13	16	18	21	23	24	25	28	30	31	36	40	41	49	52	54	57	62	64	65	69	75	76	79	80	92	112
47 32
1	6	7	10	12	17	18	19	29	33	34	35	37	41	42	43	45	46	49	50	51	53	55	61	64	74	79	80	85	88	98	115
48 31
3	4	8	14	17	20	23	24	26	28	31	34	38	40	41	43	45	52	54	57	62	63	64	66	68	73	76	79	111	115	117
46 31
0	1	2	3	7	11	13	16	19	20	22	25	26	29	31	39	49	50	59	62	63	64	70	72	73	76	77	79	82	88	117
46 31
1	3	4	7	9	17	19	22	24	26	27	29	32	37	39	46	47	48	49	51	59	61	71	73	74	75	79	97	103	111	127
50 32
2	3	4	7	11	17	23	27	29	30	32	33	37	38	42	43	50	55	57	58	59	62	70	73	76	77	78	92	96	97	107	127
48 31
1	2	5	7	9	13	21	22	24	28	33	36	42	46	47	50	55	58	65	67	68	69	74	75	76	77	80	86	91	92	127
47 33
1	2	3	7	13	14	15	18	20	22	23	25	27	33	35	36	39	41	47	48	49	52	53	54	58	59	63	64	65	75	92	111	112
44 32
0	1	4	5	10	15	17	20	24	25	26	29	30	32	33	35	38	40	47	49	52	55	57	60	62	65	67	71	73	80	82	96
46 32
2	4	7	9	10	13	15	18	19	25	26	28	29	31	33	34	36	38	40	45	48	53	56	57	58	66	71	73	76	100	103	118
43 30
1	3	6	7	10	11	12	13	16	18	22	23	25	30	33	34	41	43	55	56	57	60	63	64	65	66	67	70	73	107
46 32
3	5	8	10	12	13	15	16	24	25	26	27	28	33	34	44	45	46	49	53	55	58	59	60	66	74	76	77	79	86	90	105
52 32
0	5	6	9	10	19	20	21	26	28	29	33	37	47	48	53	55	60	61	62	65	67	71	72	75	83	88	90	91	109	117	127
42 30
0	4	7	8	10	11	13	16	17	19	21	24	25	32	34	38	40	46	50	54	57	58	61	64	68	72	77	79	83	88
47 30
0	2	4	6	9	11	18	19	25	26	28	33	42	43	47	50	53	54	55	57	59	60	61	75	77	86	88	89	98	107
48 32
2	5	10	11	13	16	18	19	22	23	24	25	26	28	33	42	43	49	50	56	59	60	65	66	67	71	72	75	77	91	108	112
49 31
0	4	5	7	8	10	13	16	20	28	30	31	33	37	42	44	50	52	56	67	68	72	76	79	88	91	92	93	103	104	115
44 30
7	9	11	13	16	19	21	22	25	26	27	31	32	38	39	42	43	50	53	54	55	58	62	64	67	70	72	76	88	109
47 30
0	4	5	6	17	18	19	20	23	27	32	35	39	42	45	49	51	52	54	63	66	68	70	73	75	77	88	103	117	127
47 31
1	2	4	5	10	11	15	22	25	26	34	38	42	43	47	50	51	52	54	55	58	60	63	66	68	69	70	72	73	83	91
42 28
0	7	11	12	13	15	18	21	24	25	31	34	37	45	46	51	54	55	61	63	65	66	70	71	72	78	91	108
45 30
0	4	6	9	10	11	22	24	25	27	30	34	41	43	45	46	50	51	52	54	55	60	62	65	71	75	76	78	88	107
46 32
0	5	6	10	14	15	19	22	24	25	26	28	31	34	35	37	40	44	46	49	53	55	57	60	62	70	72	86	91	92	104	105
45 31
4	5	8	17	18	22	24	25	26	27	29	30	32	40	42	43	46	47	51	52	54	57	58	59	60	66	67	68	72	79	109
43 31
0	2	4	5	8	9	10	12	13	15	17	21	22	25	29	30	32	46	49	50	53	55	57	59	60	63	76	77	79	91	97
42 31
0	1	3	8	11	13	15	18	19	22	23	25	26	27	28	32	33	44	46	49	50	51	53	55	58	60	68	76	84	88	91
42 30
8	9	10	13	15	16	17	18	19	21	23	24	25	29	30	31	34	38	39	50	54	58	69	71	73	76	77	83	92	112
39 29
1	2	3	5	7	8	9	11	12	14	15	17	22	25	26	34	35	38	39	40	42	57	63	64	70	73	79	100	117
41 29
0	1	2	4	6	7	9	11	12	13	15	18	25	32	35	36	39	46	49	52	53	55	58	60	63	64	86	112	118
53 33
2	6	11	14	17	20	23	29	30	31	34	35	36	37	45	49	51	52	53	54	56	60	64	65	67	69	79	92	95	97	100	105	127
45 28
0	1	2	10	13	14	15	20	23	25	26	34	36	38	50	51	56	58	60	62	65	66	70	77	96	111	112	127
41 30
1	2	7	8	10	11	12	13	14	25	29	31	32	36	38	39	40	43	45	50	51	54	58	63	67	74	76	77	86	95
41 28
0	2	4	8	11	13	16	26	29	31	33	36	39	45	48	49	50	56	57	59	60	63	68	74	76	83	92	127
43 31
1	4	5	6	13	18	24	25	26	27	30	31	32	33	34	39	42	43	49	50	52	54	55	57	59	65	66	68	71	77	80
50 31
2	4	10	13	23	25	32	34	37	39	41	43	48	50	51	52	55	60	61	62	63	68	69	71	72	74	75	84	88	92	100
49 31
2	4	6	7	8	11	13	15	16	22	23	26	28	32	43	44	50	55	58	59	62	63	69	70	76	79	82	88	98	109	127
43 30
1	2	3	7	8	13	16	19	21	22	25	30	32	35	38	45	47	52	55	57	58	59	60	61	63	65	71	73	75	88
47 31
0	2	4	5	12	13	14	18	19	25	26	27	29	31	33	41	45	50	53	57	65	66	70	77	78	79	85	88	96	103	118
45 30
2	3	4	6	7	9	12	13	14	16	17	19	22	23	29	32	49	50	51	52	53	56	68	73	76	77	79	91	105	115
40 30
0	2	3	4	6	8	14	16	17	21	24	25	34	36	39	40	41	46	47	48	60	61	63	67	73	76	77	79	86	92
52 33
1	4	5	9	10	12	17	21	23	26	27	29	30	33	38	42	49	52	54	57	58	67	68	69	71	72	75	86	92	96	107	111	115
45 30
2	4	5	9	13	14	19	24	25	28	32	33	35	36	37	41	44	49	50	59	60	66	67	72	74	75	77	100	104	112
45 31
0	2	3	8	12	13	16	17	20	21	22	25	32	35	37	39	40	42	45	53	54	64	66	67	68	71	80	86	92	103	112
43 31
0	2	3	6	7	9	14	18	19	20	21	22	25	28	30	32	34	35	38	41	45	49	51	53	75	79	80	86	92	117	154
46 32
0	1	2	9	10	12	13	20	24	25	26	27	34	41	42	43	45	46	47	50	52	54	55	56	58	61	65	66	72	82	88	103
45 30
1	4	6	8	10	11	13	17	21	23	25	34	35	37	41	44	45	49	52	53	55	57	58	60	61	67	70	98	100	127
48 31
0	3	4	5	8	9	12	14	21	22	26	29	31	35	47	48	49	51	52	61	63	66	67	77	79	80	96	97	107	117	127
49 30
0	2	9	11	12	15	18	21	22	25	30	37	40	45	49	51	53	55	56	60	61	63	72	73	88	89	96	107	109	154
45 30
4	5	8	9	11	16	20	21	22	25	27	28	31	32	43	47	51	57	60	61	63	65	71	73	75	77	85	91	96	108
42 31
0	2	8	10	12	15	16	17	18	19	20	23	24	25	26	32	33	38	43	44	45	46	50	51	55	60	64	74	76	88	154
44 30
0	4	6	7	8	12	13	14	15	21	22	24	29	32	34	37	38	39	43	50	65	71	75	76	77	91	93	100	112	115
50 31
2	5	10	15	19	21	23	25	32	35	40	45	48	50	54	55	57	58	61	62	63	64	66	69	72	74	76	79	82	93	118
45 31
1	6	7	9	10	11	19	20	21	24	28	32	34	35	40	46	48	49	50	51	55	58	61	62	65	71	72	76	80	92	108
42 29
4	7	9	10	12	13	17	20	22	24	25	29	31	34	43	46	49	52	55	61	63	66	68	77	79	82	86	91	107
51 32
3	4	5	6	8	17	18	20	21	29	30	41	42	43	44	48	50	54	57	59	63	66	68	70	78	80	91	95	97	103	105	127
39 31
0	1	2	5	6	9	12	13	16	17	19	20	23	25	26	29	30	32	35	36	38	47	49	55	56	58	60	61	78	92	96
51 33
1	4	7	8	10	11	21	24	26	31	33	35	37	42	43	44	49	50	54	57	58	61	64	65	66	67	68	71	75	91	92	107	118
40 30
0	1	2	3	4	8	9	10	11	12	14	15	16	17	20	25	29	32	36	38	39	50	51	55	59	63	66	79	86	112
49 32
0	1	4	8	11	12	14	16	22	26	29	30	37	41	43	45	47	48	53	62	64	71	72	73	76	79	80	85	97	111	112	115
49 30
0	2	4	16	17	21	23	27	30	32	36	37	38	39	43	48	50	52	56	58	60	67	72	75	82	104	107	109	111	115
45 31
1	3	4	6	8	10	11	13	14	17	18	19	21	26	31	32	38	40	48	51	52	57	60	61	70	77	80	85	96	103	127
45 30
0	1	2	11	13	21	23	25	31	34	35	37	38	39	41	45	47	49	52	55	63	66	75	79	80	88	92	98	100	104
44 31
1	2	5	6	7	8	14	20	21	24	25	26	35	36	38	44	45	46	53	55	57	58	59	60	68	73	74	75	80	85	92
45 30
1	4	6	7	8	10	13	15	17	19	22	25	37	39	41	47	50	53	54	59	60	62	64	67	70	72	75	79	95	111
36 28
0	1	2	7	10	12	13	15	18	20	21	22	23	24	25	27	37	38	40	44	54	55	71	74	76	82	88	90
42 29
1	2	4	6	7	18	22	24	25	26	29	30	31	32	33	47	48	50	51	56	64	65	66	68	72	74	80	83	100
46 31
1	2	3	6	12	15	18	25	28	37	39	40	42	43	46	47	50	51	53	55	61	62	63	66	67	73	77	79	86	88	91
44 28
1	5	10	11	13	20	21	23	29	30	31	34	35	36	40	54	55	58	60	63	66	67	74	75	85	103	105	115
47 32
0	10	12	15	19	20	23	24	25	27	32	37	38	39	40	41	42	48	50	51	52	54	55	60	61	65	66	73	86	91	92	100
39 28
0	4	7	8	9	11	12	13	21	25	26	34	38	39	41	42	45	46	53	54	55	57	61	63	65	71	88	109
48 33
1	2	3	5	7	8	9	12	13	20	21	25	32	33	35	40	42	44	45	48	53	54	58	60	64	71	73	74	76	80	83	103	112
47 30
3	4	5	6	10	12	15	17	20	22	29	33	34	37	38	43	51	53	54	55	63	65	66	73	74	80	88	105	108	117
45 31
0	2	6	12	15	17	18	19	20	22	24	25	32	35	37	38	40	44	46	51	54	55	56	59	64	72	76	86	91	97	154
45 30
0	1	2	4	6	9	12	13	15	21	23	25	26	29	32	34	38	39	45	52	54	58	65	66	68	76	104	105	112	115
51 31
0	7	8	11	14	16	25	27	35	36	37	39	41	42	45	49	52	54	59	63	68	75	76	77	88	92	95	100	103	109	154
51 31
1	2	3	4	11	15	16	17	20	21	23	29	36	48	54	55	56	57	61	64	66	68	73	75	79	88	93	95	98	100	127
40 27
0	1	4	5	8	10	11	12	17	18	24	26	27	29	35	42	44	51	54	55	59	63	66	80	98	112	127
48 32
3	5	8	9	11	15	16	17	23	25	26	27	33	39	42	43	49	50	51	52	53	55	60	61	62	65	71	75	76	77	83	107
46 31
0	1	2	5	6	14	16	17	19	23	33	35	36	38	42	43	45	46	48	53	55	58	59	64	66	69	75	91	100	103	118
43 30
1	4	5	6	12	13	18	21	22	23	24	25	26	32	34	37	38	42	54	55	56	59	60	61	65	70	71	73	83	112
49 32
1	5	9	12	14	19	22	23	24	25	29	33	36	42	43	47	50	51	54	55	57	58	59	60	62	65	66	68	74	75	91	108
40 32
1	5	6	7	8	9	11	12	14	15	16	17	19	23	25	28	29	30	31	32	35	36	37	41	49	55	59	71	76	92	96	105
51 31
2	4	11	13	16	21	22	27	30	33	38	40	41	49	55	56	57	58	59	61	66	67	68	70	74	75	77	96	109	115	117
46 30
0	4	8	17	20	24	25	27	30	37	38	39	43	48	50	51	52	60	63	64	67	70	72	79	88	89	91	92	95	96
42 29
1	4	7	10	11	12	13	14	15	16	17	19	23	27	38	41	43	54	55	57	61	62	63	66	72	73	82	88	108
43 31
0	3	4	5	6	8	12	13	14	16	17	21	25	26	31	37	42	45	49	50	52	59	63	69	70	71	76	77	78	80	88
43 31
0	2	6	7	9	10	13	14	15	16	18	19	25	26	30	32	34	36	38	48	51	52	53	55	69	73	75	88	91	95	109
48 32
0	1	4	11	14	19	21	24	25	27	28	29	30	31	33	35	44	46	50	53	55	60	63	69	71	73	80	82	85	88	97	154
46 31
4	6	8	9	10	16	17	18	21	22	25	28	29	38	44	45	46	49	51	53	64	66	67	68	71	72	74	78	85	100	107
53 32
2	5	8	17	18	23	26	32	33	35	36	37	41	44	50	51	52	55	59	60	61	63	64	66	67	70	71	76	91	104	109	127
46 30
2	4	5	6	7	16	19	23	26	32	35	40	44	46	48	49	51	54	55	59	60	61	73	74	76	91	95	96	104	118
43 29
0	1	2	5	10	15	17	23	24	25	26	29	30	36	37	41	47	50	54	57	60	65	66	68	69	78	85	100	117
52 33
0	5	10	15	17	18	20	22	23	25	27	33	37	38	41	46	48	52	56	59	60	63	64	68	74	76	88	91	92	93	100	109	117
47 31
1	4	5	6	8	10	12	17	19	20	24	26	27	31	32	37	38	43	50	57	60	61	64	65	68	70	76	77	80	118	154
43 31
1	2	3	4	6	7	9	11	13	14	16	20	22	26	31	33	34	38	40	44	46	51	52	54	63	64	68	82	88	100	108
42 30
0	1	4	5	8	9	11	12	13	22	26	32	33	34	35	36	46	48	49	52	53	55	57	58	60	62	63	66	78	108
48 30
0	2	6	9	10	17	20	25	28	37	41	43	50	52	54	55	57	59	61	63	64	66	68	70	75	76	77	79	90	92
45 31
0	2	4	8	11	14	15	16	17	20	23	26	35	39	44	45	46	48	49	50	52	53	61	63	66	76	82	89	92	104	127
41 29
1	2	5	6	8	13	14	16	19	20	21	23	28	29	30	32	39	49	50	53	55	58	59	62	66	68	76	97	108
50 32
0	1	2	3	5	11	12	16	18	21	24	35	36	40	42	45	49	55	59	60	61	63	64	66	75	77	85	88	92	96	118	154
50 31
0	1	6	9	10	13	21	23	28	33	35	38	39	41	44	51	52	55	58	60	61	63	65	68	71	74	75	89	100	103	115
40 30
0	1	2	4	5	7	8	9	12	13	14	17	20	24	25	27	30	33	37	44	48	52	54	60	66	69	73	75	77	108
37 29
3	4	7	8	12	14	16	17	20	22	24	25	27	29	32	37	38	39	40	41	43	54	60	63	68	71	72	76	92
43 32
0	4	5	8	10	13	16	17	20	21	24	25	26	27	33	37	38	39	40	42	49	52	54	59	61	69	72	76	77	79	85	90
45 28
0	2	4	5	13	17	18	19	22	25	29	30	36	50	52	56	59	62	63	66	71	76	79	86	88	90	109	115
46 30
0	8	9	11	21	22	24	27	28	31	32	35	38	39	41	45	48	52	54	55	58	60	62	64	66	72	77	100	112	127
37 30
3	4	7	8	9	12	13	16	17	18	23	24	25	27	28	29	30	32	33	38	41	43	49	51	58	60	61	68	88	92
47 33
0	2	5	6	9	13	14	20	25	31	34	36	37	39	40	41	45	46	47	48	49	57	58	62	63	64	66	67	68	71	88	115	117
39 30
0	1	2	3	4	5	8	12	13	16	20	24	25	26	27	29	33	36	39	41	45	55	59	60	63	65	66	75	80	92
43 29
7	8	10	12	15	16	17	20	21	24	25	30	31	37	41	46	49	57	58	60	61	63	64	67	68	71	88	105	117
43 32
3	5	7	10	12	13	20	23	24	25	30	31	32	33	35	37	38	41	42	46	48	52	54	55	60	63	64	73	75	78	82	88
48 32
0	2	4	5	6	8	10	16	24	25	26	30	32	33	37	39	41	43	46	49	53	56	57	58	60	63	67	68	95	100	107	154
44 32
0	1	3	4	6	7	10	13	15	17	19	25	28	34	35	36	37	42	44	45	50	51	53	54	56	57	67	70	71	77	79	84
51 33
2	9	12	14	19	21	22	28	30	32	33	34	35	38	44	45	46	54	57	58	63	68	69	71	72	74	77	83	84	86	92	112	127
43 30
0	2	4	5	6	8	9	16	17	25	26	29	33	34	47	48	49	50	56	59	61	63	66	67	71	72	74	76	78	93
44 28
0	3	4	6	8	12	16	22	24	25	26	27	40	50	53	55	56	57	60	63	65	68	76	77	88	89	96	107
38 29
0	4	5	6	8	9	10	11	12	14	16	22	25	27	28	35	40	41	42	49	51	52	55	63	66	72	73	77	85
47 31
0	1	7	8	10	13	19	21	23	24	30	37	39	42	43	45	46	50	55	58	60	61	66	71	73	74	75	91	92	111	115
46 32
2	5	6	7	15	17	18	19	22	23	25	30	32	37	43	44	46	47	48	51	55	57	63	64	66	68	73	77	79	88	95	100
49 31
2	4	5	16	20	22	24	25	28	30	31	32	37	38	41	47	52	54	55	59	62	65	66	75	77	84	85	88	98	103	127
44 33
0	3	4	8	9	12	13	15	16	18	20	22	25	26	31	33	34	35	42	44	45	48	53	57	60	65	66	72	74	76	85	89	92
52 33
4	6	8	9	11	12	13	14	16	17	30	32	33	34	43	44	50	51	53	62	64	65	67	69	71	79	80	82	86	89	92	111	115
50 32
6	10	21	23	24	25	27	28	31	35	36	37	46	49	50	52	53	56	57	59	60	61	67	68	70	71	72	75	77	88	93	95
42 31
0	1	4	8	11	13	16	17	23	25	26	27	34	36	37	41	45	46	48	49	50	51	54	60	61	63	65	67	71	92	93
46 31
4	6	7	15	18	22	24	25	26	27	28	32	34	38	39	43	44	46	47	49	51	59	66	68	72	74	75	77	100	107	154
43 29
4	8	11	15	16	17	19	20	23	25	26	27	30	36	37	38	48	50	51	55	60	61	63	64	65	68	88	107	117
37 29
1	4	9	10	11	16	17	20	21	22	23	24	25	27	32	37	38	39	40	41	46	49	52	58	66	67	70	96	104
49 32
0	4	6	14	19	22	24	25	26	27	32	34	36	42	43	47	48	52	53	54	55	56	58	63	66	75	77	80	88	92	107	115
47 30
0	2	5	8	10	15	16	21	23	31	32	35	37	38	45	46	50	52	55	60	63	65	67	72	76	77	91	103	112	118
49 30
0	1	14	21	23	28	31	35	37	41	45	46	47	49	53	54	55	57	58	60	61	66	68	69	70	88	91	100	105	108
47 33
0	1	2	5	7	9	12	14	19	23	25	28	34	35	37	39	41	42	49	53	54	55	57	61	62	65	66	70	75	79	85	92	93
46 31
1	2	3	5	8	9	12	14	15	17	25	26	31	39	40	41	49	54	61	63	64	66	67	70	74	75	76	77	85	92	117
43 29
1	2	5	8	9	13	23	25	27	39	40	42	43	44	45	46	47	50	52	55	59	60	61	63	65	75	97	98	109
45 30
0	4	8	9	10	13	20	25	27	32	34	35	37	40	43	46	47	54	56	60	61	71	72	76	77	82	92	96	107	112
47 32
2	8	9	13	16	17	21	22	25	26	31	32	33	39	40	42	45	47	53	55	56	57	59	64	66	67	68	78	79	88	90	105
47 31
0	2	5	6	9	10	11	14	15	17	19	20	22	25	29	37	49	54	55	56	57	58	59	60	63	70	77	88	92	98	118
44 30
0	2	4	5	8	9	12	14	17	20	25	26	28	29	37	44	47	51	53	54	55	56	61	66	68	72	85	90	93	109
46 32
1	6	9	11	12	17	19	20	22	25	27	29	32	34	35	37	44	49	50	52	56	57	58	59	64	67	69	70	72	75	95	96
49 32
0	3	4	7	9	10	12	15	24	25	27	31	32	34	35	40	49	50	54	58	59	61	64	66	68	73	82	86	91	93	96	154
47 30
0	6	9	10	11	13	21	23	26	28	30	31	35	37	45	47	50	52	53	55	57	58	60	64	65	71	73	88	118	154
45 30
0	1	3	4	5	6	10	11	18	20	21	23	25	30	33	35	47	50	55	63	64	65	66	76	77	85	88	91	100	107
42 29
0	2	3	4	8	9	10	12	13	14	16	20	25	34	41	42	44	45	51	54	60	63	66	76	77	86	90	107	112
51 33
6	9	10	12	13	16	17	21	27	30	31	34	38	39	40	41	49	50	53	55	58	60	62	64	66	72	73	75	88	90	91	103	118
44 29
0	4	10	13	14	15	18	19	21	22	30	31	33	40	46	50	53	55	57	60	61	64	67	73	74	75	77	88	118
44 31
0	1	2	4	6	8	10	14	17	19	22	25	28	32	33	35	36	37	41	44	50	52	55	57	70	71	84	96	97	105	111
49 32
0	1	3	6	11	12	17	18	32	33	35	36	39	40	41	46	49	50	52	53	57	60	61	62	63	73	74	85	88	91	112	118
53 33
2	3	4	5	7	13	22	23	27	28	29	30	33	35	40	42	48	50	52	54	55	56	63	64	65	68	70	76	91	100	112	117	127
43 30
0	2	4	5	8	9	10	11	12	16	22	26	29	31	35	36	38	41	56	60	61	63	65	67	69	73	80	83	88	118
43 29
5	8	10	13	15	18	22	24	25	31	33	35	40	41	42	48	54	55	57	59	60	64	65	73	74	77	86	88	111
43 32
0	1	2	5	7	8	9	10	15	19	25	26	29	31	32	33	35	38	39	40	43	52	53	54	55	58	59	60	61	62	86	90
47 32
4	5	6	7	10	15	17	18	19	24	25	26	29	30	32	35	40	42	44	46	51	54	56	63	75	76	77	85	88	100	103	115
46 33
3	6	10	12	13	14	17	20	22	23	24	26	29	33	35	37	42	43	44	46	49	52	55	57	60	62	63	64	65	76	86	92	127
43 31
1	4	6	7	12	13	14	18	19	22	24	25	27	28	30	32	34	39	43	46	49	51	53	54	60	66	74	80	86	111	112
43 31
1	2	3	6	8	10	12	13	20	22	23	24	26	35	36	37	39	42	43	45	52	54	55	57	61	66	77	84	88	92	108
42 30
0	1	2	4	7	9	12	15	16	17	18	19	26	32	35	41	42	44	45	48	51	52	63	66	70	73	80	89	100	115
41 30
0	1	2	3	4	12	15	16	19	20	22	23	29	31	33	36	38	39	45	49	51	52	53	60	62	67	72	74	97	127
53 32
2	5	7	12	15	16	18	19	22	26	29	31	32	44	45	46	51	57	60	63	64	69	73	74	80	85	86	104	107	109	115	117
44 31
1	6	7	8	10	11	12	14	16	18	19	21	24	25	27	29	37	39	41	49	57	60	62	68	71	77	88	91	92	107	112
52 32
3	6	9	15	16	17	18	25	30	33	34	35	43	44	45	46	49	51	53	58	59	60	67	69	70	74	75	76	100	105	112	154
51 31
3	5	9	12	13	19	20	21	22	28	33	37	44	48	51	55	57	58	60	68	71	73	75	78	85	91	93	96	100	105	127
51 34
0	3	4	5	9	10	15	20	26	27	31	34	35	37	39	42	46	49	51	53	54	56	61	62	64	68	69	72	73	75	77	85	97	108
42 31
0	2	4	7	8	9	12	13	14	16	17	19	22	26	27	29	34	37	41	44	48	53	54	59	63	67	76	77	80	86	115
46 33
1	3	4	5	6	9	12	13	14	18	25	29	30	31	36	37	38	40	43	44	50	51	54	57	58	59	60	62	63	65	67	74	88
39 29
0	6	8	10	11	12	13	14	16	19	21	25	31	35	36	39	40	46	49	55	60	61	63	74	76	77	80	88	91
47 31
1	2	4	5	6	9	10	16	17	18	22	28	33	34	41	43	48	54	58	63	66	67	70	73	74	75	77	79	85	117	127
39 31
0	1	6	10	14	15	17	18	19	20	22	23	24	25	26	28	30	32	39	40	42	43	45	54	59	66	69	76	91	92	95
43 30
0	2	5	6	10	13	15	18	19	20	22	24	29	33	34	38	39	40	54	55	56	61	64	65	72	73	75	77	89	108
47 28
4	5	12	13	19	24	26	31	32	38	42	44	50	54	55	59	60	61	64	70	71	75	76	83	89	108	109	111
45 32
0	2	4	6	7	9	13	14	18	21	29	30	31	32	33	36	38	41	43	45	51	53	69	70	74	75	76	77	79	86	96	127
43 28
0	4	12	13	14	25	29	31	35	38	39	40	45	46	50	52	55	58	61	66	71	73	74	75	78	86	93	104
45 32
0	3	4	5	6	7	14	19	22	24	25	26	27	29	34	37	40	42	43	44	46	47	53	58	59	65	76	77	80	100	103	112
45 31
0	1	3	4	5	6	8	10	15	18	19	21	23	24	25	31	44	47	49	50	52	58	60	62	64	70	71	72	96	112	127
47 28
2	4	5	12	16	22	24	32	37	47	50	51	54	55	57	58	59	60	61	64	68	69	73	75	80	86	93	118
48 30
5	6	10	13	15	16	21	25	28	29	46	47	49	50	52	53	54	57	58	59	60	61	63	66	67	75	77	89	96	112
43 29
0	2	7	13	14	15	16	19	20	21	22	24	30	31	32	33	38	39	41	50	58	68	74	75	76	88	117	118	154
54 34
2	4	6	7	9	11	13	14	16	22	25	26	34	35	38	44	49	50	51	55	56	60	63	64	65	67	69	70	73	76	80	92	112	154
42 29
0	2	5	6	7	9	13	14	15	16	19	25	36	37	39	47	50	52	53	55	57	58	60	61	68	82	86	88	92
46 29
1	3	9	11	14	15	16	18	20	24	26	33	43	48	53	54	55	57	59	61	62	64	65	66	73	75	80	111	115
46 32
0	4	6	8	9	11	12	15	18	20	22	25	29	30	32	34	39	42	53	54	55	60	63	65	71	73	76	77	80	84	86	93
41 29
4	7	10	13	15	17	20	21	25	27	29	34	39	40	44	45	46	49	54	56	57	59	60	61	67	72	74	92	98
42 31
0	1	2	5	6	7	8	11	12	14	15	18	19	20	21	25	26	30	34	37	40	45	47	52	53	55	72	73	91	117	154
44 29
0	2	4	5	6	12	14	20	23	26	30	32	39	41	42	45	50	55	56	57	62	63	66	67	72	77	92	100	108
46 30
0	1	10	15	16	18	19	21	22	23	29	30	34	40	42	43	47	52	54	55	56	57	58	73	76	80	86	96	108	154
47 33
0	2	5	8	10	12	15	18	19	25	26	27	30	32	33	35	36	38	46	47	50	52	53	55	56	57	60	65	67	76	77	91	104
50 33
0	1	4	11	12	14	18	19	20	24	25	26	31	32	36	38	41	50	51	53	54	58	60	61	63	65	72	76	77	79	82	92	109
42 30
0	1	4	8	9	10	11	12	14	20	22	25	26	28	29	31	37	44	49	50	52	57	58	63	66	76	82	88	96	107
44 33
0	1	4	5	9	11	12	14	15	16	17	20	23	24	25	26	28	34	39	40	45	46	49	58	59	62	63	68	69	72	74	76	112
47 32
2	4	6	11	12	15	16	24	26	30	31	33	34	36	43	44	47	48	50	54	57	58	61	65	69	73	74	82	86	91	92	127
44 30
0	6	7	8	9	12	15	16	17	25	28	32	33	35	36	39	41	42	44	48	57	61	63	76	91	92	98	105	117	118
48 30
1	4	8	10	13	15	16	17	21	22	30	32	34	38	39	47	50	53	54	57	58	63	67	68	69	73	79	115	117	154
50 33
3	4	8	10	11	13	23	25	26	27	32	35	37	41	43	45	46	52	53	54	55	59	64	66	68	70	71	76	77	82	88	93	111
38 27
0	1	2	4	11	17	20	24	25	26	27	35	36	37	38	42	44	46	52	54	60	61	75	85	91	98	108
57 33
4	11	18	19	22	24	27	28	32	34	35	43	44	46	50	53	57	61	63	65	67	68	76	77	79	90	92	97	100	103	105	112	115
42 31
1	2	3	5	8	10	11	12	13	22	27	30	31	32	33	35	36	38	41	43	46	52	53	55	57	58	60	65	68	91	118
46 32
0	4	5	6	7	13	17	27	29	31	32	33	35	40	41	44	45	46	48	49	50	52	54	56	68	71	76	77	86	88	104	108
41 28
1	3	4	6	9	11	14	21	24	25	27	28	32	37	41	46	47	51	55	59	62	66	68	70	73	75	103	112
42 31
1	4	5	10	11	15	17	18	20	22	23	24	27	28	32	36	40	41	44	46	49	51	54	55	58	64	66	72	73	90	127
51 31
0	1	3	4	6	12	18	20	21	24	34	37	39	42	43	46	54	55	58	60	62	63	72	73	77	93	104	105	107	112	127
48 32
0	2	4	5	7	8	10	12	16	18	24	25	30	33	37	42	47	49	51	52	59	60	61	65	68	72	73	74	80	85	109	112
43 32
0	2	3	6	9	16	19	20	22	24	25	29	32	33	35	36	37	40	42	44	48	54	55	56	57	58	59	60	65	72	74	92
43 33
0	2	4	10	11	13	16	18	19	20	22	24	25	27	28	31	35	36	38	41	42	44	48	54	57	60	64	67	70	75	76	85	92
41 31
0	4	6	7	10	13	18	22	25	27	28	29	33	34	38	43	44	46	47	48	49	50	51	52	53	55	58	70	71	72	77
41 29
1	4	8	11	12	14	15	17	18	20	21	24	25	36	39	41	45	46	49	52	57	60	65	66	67	79	85	111	115
48 30
1	5	7	8	10	15	19	30	31	35	37	40	41	43	48	52	54	55	59	64	66	67	74	75	88	92	96	100	105	108
45 30
1	7	8	10	16	20	24	25	26	31	33	36	39	41	42	45	53	55	59	60	64	65	66	68	72	73	76	88	97	98
43 30
1	4	5	10	13	21	22	23	25	27	33	34	35	38	42	44	49	50	52	53	55	56	58	60	68	71	76	80	96	97
51 33
0	2	5	9	14	16	21	24	25	30	31	33	35	38	40	41	43	57	58	59	62	65	66	68	74	75	76	84	91	92	95	105	107
39 29
0	1	2	4	6	7	9	11	13	15	16	17	22	23	25	27	28	30	32	50	51	58	61	65	66	67	75	92	96
39 28
0	4	7	9	10	13	15	18	19	22	25	29	34	36	40	44	48	50	54	55	57	61	69	74	76	77	88	96
47 33
1	2	7	9	11	13	14	16	18	19	24	26	27	29	30	31	33	34	43	45	48	53	57	58	59	62	63	68	76	80	95	100	127
41 29
5	9	10	12	13	17	18	20	23	24	25	27	29	31	34	35	43	49	50	51	54	61	66	68	71	74	76	77	117
49 31
1	7	11	12	17	21	24	25	28	31	37	38	39	41	42	45	47	50	52	53	54	62	65	72	88	91	95	105	107	109	111
48 31
0	1	11	14	22	26	27	28	30	32	33	35	36	38	41	43	48	55	56	58	59	61	63	64	66	73	75	80	109	112	115
43 31
1	4	6	7	8	9	10	12	15	16	19	28	29	31	36	37	38	40	44	47	50	57	60	61	63	64	65	67	73	88	127
48 32
0	1	2	7	14	15	17	19	24	25	27	30	33	34	35	37	40	41	46	54	57	59	62	64	66	68	70	71	80	107	111	112
43 30
5	10	14	16	18	19	20	22	23	25	27	28	29	30	33	34	43	44	50	51	54	55	63	67	69	72	76	91	93	109
45 32
0	1	5	7	8	10	19	20	21	22	25	26	29	35	36	37	40	44	46	48	51	54	57	58	67	69	76	85	91	95	96	112
48 31
4	14	17	18	19	21	22	24	25	31	33	34	40	41	44	46	47	54	55	63	69	71	72	75	82	85	86	92	100	104	115
45 29
2	5	12	13	15	20	21	22	23	25	31	36	45	47	48	49	53	54	55	59	60	71	74	85	88	92	98	108	111
38 29
0	1	5	6	9	10	13	14	16	19	21	24	25	26	28	30	31	36	41	43	49	50	52	55	64	66	75	86	100
42 31
0	4	6	8	9	10	12	14	18	19	22	23	24	25	27	28	29	34	35	41	45	49	55	59	60	66	71	84	95	109	115
42 28
0	5	10	11	13	16	17	18	19	22	23	24	30	33	34	36	38	52	58	59	69	75	76	79	92	105	108	117
40 30
4	5	6	8	11	12	15	24	27	28	30	32	35	37	39	42	43	44	46	47	49	51	54	55	57	59	60	72	88	118
39 30
1	2	3	5	11	12	16	22	23	25	26	30	31	32	41	43	45	46	47	48	49	51	53	54	55	58	64	66	71	73
41 32
8	9	10	11	16	17	18	21	22	23	24	25	28	29	31	32	33	36	40	44	47	48	49	53	55	57	58	60	65	76	85	92
42 30
8	9	10	16	18	19	20	21	23	24	28	30	31	33	34	37	38	40	45	51	52	58	59	65	66	73	77	95	96	127
41 31
0	1	4	5	7	8	13	16	20	21	22	25	26	27	28	29	31	35	39	41	42	48	53	56	60	63	73	74	75	91	111
51 31
0	5	12	14	15	19	22	23	25	26	31	35	42	44	47	50	53	55	56	62	64	66	67	75	77	79	82	88	111	117	154
48 33
2	11	16	20	21	24	25	32	33	35	37	38	41	43	44	45	46	47	50	51	53	55	58	60	63	64	65	68	70	73	77	86	96
44 30
2	5	6	7	9	13	19	20	21	24	27	29	31	32	35	40	45	46	52	55	57	58	66	79	82	86	90	92	103	118
48 30
0	6	7	12	16	25	26	29	34	35	36	37	44	45	46	50	51	58	60	62	63	64	77	80	83	86	92	100	105	112
46 31
0	4	10	12	14	18	19	22	23	24	25	27	31	34	35	45	46	47	53	54	59	62	65	66	71	76	77	78	82	98	111
43 30
0	1	2	5	9	11	12	13	15	16	23	25	26	29	30	36	37	49	51	53	54	58	60	62	65	66	67	73	75	112
42 29
2	4	5	7	8	13	16	20	21	22	23	25	26	37	39	47	49	50	58	60	62	63	65	71	75	86	92	97	112
48 33
2	4	5	8	11	14	18	24	27	29	30	33	34	36	40	41	42	43	44	47	53	54	55	57	63	66	77	79	82	85	86	112	127
43 31
5	7	9	12	13	16	17	19	20	22	23	27	29	32	33	36	39	43	46	49	51	53	55	57	58	60	64	67	71	86	118
45 31
0	2	3	6	7	8	9	14	20	22	25	26	31	33	42	43	45	47	50	51	53	54	55	62	64	67	72	76	77	88	103
47 29
0	4	6	10	11	21	23	25	30	31	34	35	38	52	54	55	57	58	60	62	63	64	71	75	77	85	88	112	127
54 32
4	7	8	9	11	12	20	23	24	33	37	38	41	44	45	50	59	60	61	62	64	66	68	73	82	86	88	90	105	109	118	154
51 33
0	2	7	8	16	17	18	19	22	26	29	31	32	34	35	38	39	51	53	54	55	56	65	67	68	69	71	72	73	74	91	100	118
50 31
1	2	3	4	6	7	8	16	22	23	24	25	27	41	50	51	53	55	58	59	60	61	62	64	68	75	77	80	91	98	117
39 28
1	4	5	6	7	12	13	17	22	25	27	28	29	32	40	43	46	51	53	56	58	60	66	73	77	83	86	96
52 35
1	4	6	7	8	9	10	14	25	32	33	34	38	43	44	46	47	48	49	50	51	56	57	58	62	63	67	68	72	74	75	80	88	92	112
43 32
0	2	5	6	7	13	14	16	18	19	20	23	25	28	29	34	36	37	39	43	48	50	51	53	54	55	57	61	65	79	86	92
42 31
1	4	7	8	10	11	13	14	15	16	18	22	23	25	29	31	32	37	43	48	49	50	51	53	56	65	74	83	92	95	111
45 30
0	3	4	7	8	11	19	20	22	24	25	26	27	37	38	41	46	50	55	57	59	60	62	63	68	77	86	88	103	109
45 31
4	5	6	7	12	16	18	19	23	24	25	26	27	29	32	34	36	45	50	52	53	55	56	57	63	64	65	66	76	77	107
46 30
1	4	9	14	18	20	21	23	27	28	29	30	37	38	41	43	44	50	51	53	54	56	59	66	67	71	79	88	108	154
48 30
3	4	9	10	15	22	24	25	26	30	32	34	35	38	51	54	56	57	61	62	63	64	66	68	75	76	77	92	104	112
50 33
0	4	9	10	16	19	20	22	25	26	27	30	36	37	39	40	42	47	51	53	54	55	60	66	69	74	75	76	86	91	92	103	107
41 29
1	4	5	10	11	12	13	17	20	21	22	29	34	37	40	41	45	49	52	54	57	61	63	65	66	67	71	73	115
48 31
0	5	7	10	12	17	26	27	30	33	34	35	37	39	41	42	47	48	50	52	54	55	57	63	68	72	83	86	107	108	154
43 31
0	1	4	5	6	8	12	13	14	18	21	25	26	29	31	36	44	45	46	48	53	54	57	62	66	71	72	75	76	79	112
46 28
0	8	9	13	19	21	22	23	29	30	31	32	38	52	54	55	60	62	63	64	68	71	74	91	96	100	109	115
47 30
1	4	5	6	10	12	15	17	19	20	23	34	37	39	42	51	56	58	59	60	61	64	67	72	73	77	86	96	100	108
38 28
0	3	5	7	8	10	13	15	20	25	27	30	31	35	36	37	40	42	53	54	55	57	60	61	64	77	88	92
45 30
0	2	6	13	14	15	16	17	19	20	24	30	34	37	38	47	51	54	55	58	59	63	64	66	68	75	77	91	95	127
46 30
2	3	5	8	14	15	16	17	19	22	23	25	26	33	35	39	46	48	57	59	60	68	71	76	86	88	100	104	109	112
44 29
2	4	5	6	9	14	18	20	29	30	32	37	39	40	46	51	55	57	60	63	64	68	73	75	77	79	84	86	108
46 31
2	5	6	7	11	16	17	18	19	24	26	31	33	34	42	43	45	47	50	55	57	59	61	66	70	71	74	76	91	108	109
48 31
0	2	3	12	15	19	22	23	24	25	26	38	42	44	48	52	53	54	55	57	59	64	66	67	70	73	74	75	76	91	117
45 31
1	4	5	7	12	18	19	23	25	26	29	32	33	35	37	41	46	48	51	53	55	60	61	62	70	71	73	74	86	89	103
49 30
4	7	11	14	25	26	27	28	29	32	34	38	45	46	47	54	55	57	58	59	63	66	68	72	75	77	88	104	112	154
50 30
1	4	5	6	8	9	10	13	15	16	17	20	25	35	52	53	54	55	57	58	63	66	73	75	77	86	104	109	112	117
44 30
0	1	2	7	9	11	12	13	14	16	18	23	25	32	36	41	49	51	55	60	61	63	65	70	74	75	77	82	92	111
53 33
0	4	7	8	10	13	14	18	22	27	28	31	39	44	46	49	51	53	60	64	67	72	74	76	79	85	86	92	93	96	104	109	115
39 28
0	1	2	5	9	14	19	24	25	27	30	34	35	36	40	41	48	49	52	55	63	64	66	71	73	75	79	100
51 34
5	10	11	14	15	16	17	18	19	22	23	24	25	32	35	38	39	43	49	55	56	57	63	68	69	71	73	74	76	77	79	92	100	111
47 34
1	4	6	7	9	10	13	14	15	16	20	22	25	26	28	30	31	34	42	44	49	50	52	53	54	55	57	59	60	62	64	65	69	70
41 29
1	3	5	10	11	14	18	19	20	22	23	28	29	33	37	40	43	45	52	53	54	55	57	60	73	75	84	91	115
46 32
0	1	4	7	8	9	10	12	13	14	19	23	28	31	32	36	37	41	45	52	53	54	55	57	59	60	70	73	74	76	95	108
42 32
1	2	4	7	8	13	14	20	22	23	24	25	27	28	31	37	38	39	40	41	46	48	51	52	54	59	64	66	67	69	84	88
41 28
1	2	5	6	13	16	17	19	25	28	30	34	37	41	43	49	50	54	55	58	61	66	69	75	76	91	96	100
41 31
0	1	2	3	4	5	6	8	9	12	13	15	17	19	23	24	27	28	30	32	45	46	61	68	69	71	73	76	88	92	118
47 31
0	6	9	13	16	20	23	25	26	27	31	32	35	36	38	46	50	54	55	57	58	61	63	64	69	76	77	80	84	91	100
53 32
6	15	21	25	31	34	35	37	40	41	43	45	47	48	53	54	55	58	59	60	66	67	69	72	76	82	85	86	91	109	112	115
42 31
1	2	5	6	9	10	13	14	16	18	23	28	29	30	31	34	35	36	43	46	48	49	50	53	58	63	66	74	76	112	127
47 31
0	3	4	7	10	12	16	21	29	32	34	36	37	38	43	47	50	54	55	59	60	61	63	67	69	70	74	75	77	96	115
43 31
2	6	8	10	13	16	18	20	21	24	26	27	29	31	34	35	38	41	45	49	50	52	53	58	59	67	70	78	95	96	108
42 32
0	1	2	5	7	11	14	18	19	20	21	22	24	25	28	29	30	37	41	43	44	49	50	54	55	56	58	59	60	75	80	88
47 31
0	4	5	9	10	12	13	21	22	23	25	26	27	29	32	54	55	57	58	62	64	66	67	68	71	73	76	77	88	89	96
42 30
0	2	7	8	10	13	14	21	23	27	32	33	35	37	38	39	42	43	44	46	50	58	62	63	66	68	76	92	112	127
46 32
4	10	12	17	20	21	22	24	25	29	30	32	34	35	36	37	40	46	51	52	54	55	58	60	63	65	68	70	72	75	78	95
47 31
1	8	16	17	18	19	21	22	26	28	29	34	39	42	43	44	45	47	49	50	54	55	57	58	69	71	96	100	105	112	118
44 29
0	2	6	8	13	16	17	18	25	27	30	40	41	43	49	52	55	56	59	63	64	66	67	73	75	76	77	79	115
42 33
1	5	10	11	12	14	15	16	17	18	20	23	25	26	27	29	33	34	37	39	42	43	46	48	49	51	53	55	56	60	71	73	112
43 31
1	6	7	8	13	16	17	18	22	23	25	27	28	29	30	31	32	33	36	38	40	51	52	55	59	60	71	74	88	104	127
37 29
1	4	5	7	13	16	18	21	23	24	25	26	27	30	31	32	33	34	40	43	44	52	54	57	58	60	65	75	92
43 30
4	6	7	8	13	14	17	22	26	27	28	29	30	32	35	37	40	43	51	52	53	54	58	59	60	64	66	72	92	118
43 29
2	3	8	15	16	17	19	23	26	27	33	35	36	38	39	42	43	45	50	51	55	59	60	63	65	76	84	127	154
51 33
0	2	11	12	16	19	23	25	26	32	34	40	43	44	45	46	51	54	55	56	58	59	63	66	71	72	74	80	82	84	90	92	117
46 31
2	3	6	9	12	15	17	18	19	24	29	34	39	41	44	45	48	49	54	57	59	64	66	68	73	74	77	91	95	107	127
41 30
0	1	7	8	10	11	13	14	15	21	24	25	30	31	39	42	43	45	46	49	50	52	54	55	60	64	83	86	91	127
47 31
1	2	7	10	12	19	20	21	22	23	25	34	44	45	46	49	52	53	55	57	58	60	62	64	70	71	72	77	88	93	111
41 28
0	4	6	7	10	16	17	18	19	20	21	22	35	37	38	43	49	52	60	62	63	64	75	84	86	92	105	115
47 33
1	3	4	6	7	8	9	12	15	16	18	19	25	27	31	32	35	43	45	46	50	54	56	57	58	59	64	66	68	70	77	91	104
48 33
0	4	6	8	12	17	18	20	22	23	25	26	28	30	32	39	43	46	49	51	59	62	63	65	66	67	68	70	72	77	80	95	111
44 30
4	8	10	15	17	19	22	24	25	26	32	35	37	39	42	45	49	50	52	54	57	58	62	63	64	66	67	70	72	118
45 31
4	6	11	16	21	22	24	26	27	29	30	31	33	34	36	37	38	43	45	47	51	58	61	65	66	72	74	77	100	103	127
47 30
1	2	13	16	22	24	25	26	37	41	43	44	46	49	50	55	58	59	60	63	65	68	69	73	74	75	82	84	92	105
45 31
4	5	6	7	10	12	13	15	16	19	21	24	25	26	28	34	35	37	39	41	50	54	59	61	62	67	70	72	96	98	154
47 30
2	5	8	12	13	14	17	19	22	29	30	31	32	38	53	54	55	62	64	68	69	70	71	72	76	78	84	86	93	127
46 29
1	7	8	10	11	13	17	20	33	35	39	40	42	43	50	52	54	58	59	63	64	67	74	76	80	91	95	112	127
45 31
0	1	2	10	13	14	18	19	28	32	37	40	41	42	45	46	47	48	53	54	55	58	62	63	65	67	69	70	72	76	108
47 30
0	2	6	9	12	18	19	20	21	31	32	36	41	44	46	54	55	57	60	61	62	63	65	69	70	72	74	91	108	117
43 32
0	6	7	9	10	11	15	17	19	23	25	27	28	31	32	35	41	42	45	48	49	51	57	61	62	66	75	77	85	92	95	96
41 29
2	4	5	6	9	13	17	20	23	24	25	26	29	32	36	37	44	45	50	56	57	58	62	64	65	66	76	92	100
50 32
0	1	5	7	8	12	13	22	26	29	30	32	35	40	41	47	50	52	54	57	58	61	63	66	70	71	75	77	88	96	108	112
48 31
1	2	13	14	22	24	25	28	29	33	36	40	41	42	45	46	52	53	55	57	58	61	63	65	66	71	73	75	77	98	103
49 32
2	8	10	11	15	17	18	19	25	26	28	30	32	33	34	40	41	46	49	50	51	59	63	64	66	73	75	76	89	100	117	154
49 33
7	8	10	11	12	15	17	20	21	22	24	26	27	30	32	39	40	41	44	52	54	57	59	64	66	70	79	82	86	91	92	108	112
38 28
0	2	5	6	12	14	15	23	24	25	32	35	36	39	41	45	46	49	51	55	57	59	67	69	74	76	77	79
42 30
0	4	5	13	14	16	17	19	22	25	27	29	32	34	37	40	44	46	50	52	53	54	56	58	60	67	68	72	76	92
46 29
2	4	16	17	21	22	24	30	32	33	37	38	47	50	52	54	57	59	60	61	65	68	71	73	77	85	88	92	127
45 31
0	1	3	5	6	7	10	14	17	20	24	25	33	37	39	41	46	49	50	52	63	66	68	69	75	78	79	85	91	92	112
46 31
4	5	7	9	10	13	16	17	23	24	27	29	30	32	34	36	46	47	57	60	61	62	63	67	74	75	76	77	80	103	108
44 29
0	1	5	6	7	10	13	25	33	34	35	37	40	41	45	48	53	55	56	66	70	72	74	76	77	85	86	92	154
50 31
4	5	13	25	27	28	29	33	34	38	40	41	43	46	51	53	55	56	58	61	63	64	66	67	70	71	72	77	86	108	109
52 34
1	2	5	6	7	9	12	13	14	17	20	22	27	28	34	39	40	45	49	52	56	58	62	63	64	65	73	75	77	79	90	108	109	112
48 32
2	3	4	6	8	10	11	13	14	25	27	28	30	34	35	40	41	55	56	59	61	65	67	69	73	76	80	82	84	92	96	105
47 31
4	9	14	15	16	17	22	24	27	31	32	33	36	38	39	41	46	47	50	51	52	68	69	71	73	76	79	86	103	108	109
43 34
1	2	3	5	6	7	8	12	13	15	17	19	21	23	24	25	27	32	40	41	42	43	44	45	46	47	50	52	55	58	62	76	92	103
46 31
0	3	4	6	9	21	22	24	27	28	31	32	33	34	35	44	46	48	52	53	65	67	71	72	75	77	82	92	97	117	127
46 31
1	2	5	6	8	19	20	24	25	28	30	34	37	41	43	47	49	54	60	61	64	65	70	73	76	79	80	82	92	93	112
40 29
0	2	6	13	15	16	18	19	20	21	22	23	25	30	31	40	45	46	47	51	54	58	60	63	65	67	85	88	117
48 31
0	2	5	9	13	15	18	20	23	27	28	32	34	36	39	40	42	51	54	55	57	61	66	72	79	82	90	92	104	108	111
44 30
4	8	10	11	12	15	18	21	23	27	30	31	32	34	38	40	43	47	50	51	54	58	60	63	68	76	85	92	111	115
42 30
0	4	6	7	10	11	13	18	20	21	23	24	25	29	30	35	36	39	46	49	52	61	65	66	70	75	77	86	112	127
44 30
2	6	8	9	10	13	17	18	19	21	23	25	27	28	34	38	43	45	50	53	55	57	58	60	65	68	70	77	86	154
48 31
1	4	5	7	10	13	16	17	20	21	30	33	38	39	48	49	52	54	59	61	68	71	73	75	76	85	93	96	97	103	118
50 32
2	4	8	9	11	12	15	18	20	21	24	25	32	33	36	40	43	45	52	53	57	60	65	67	74	79	80	88	90	111	115	154
42 31
1	2	3	9	12	13	14	16	17	19	21	22	23	24	25	32	33	34	38	39	44	55	58	66	68	76	78	86	91	92	107
42 31
1	5	7	8	11	12	13	14	16	18	19	20	21	25	34	35	37	39	46	49	51	53	55	58	61	63	67	68	72	86	96
46 31
0	3	4	8	14	15	23	24	25	26	27	28	36	37	39	46	47	50	54	55	56	58	59	60	65	68	76	77	88	90	112
46 29
4	6	9	10	11	12	13	15	16	17	21	30	37	40	49	50	52	55	60	63	68	73	74	75	88	96	104	108	117
44 30
4	8	10	16	19	22	23	25	26	29	34	35	43	46	48	49	50	51	52	53	55	57	59	60	63	71	76	77	92	93
44 31
0	4	6	11	12	15	16	17	19	23	25	26	27	30	31	35	36	37	49	56	57	58	59	60	61	63	69	70	77	88	127
47 31
0	2	9	11	12	15	19	20	21	25	34	37	39	47	49	52	54	55	60	61	62	63	64	65	68	70	72	75	86	91	92
43 30
2	5	9	10	11	12	13	20	22	23	25	27	29	31	38	43	46	47	53	54	55	58	63	64	66	68	70	77	88	107
43 29
3	9	11	14	15	21	22	24	25	27	28	30	32	36	37	43	46	51	52	54	55	69	75	76	91	92	95	98	107
46 31
2	3	9	11	12	13	14	15	17	24	25	27	29	34	36	37	40	50	51	52	54	55	60	61	64	67	72	74	77	91	100
38 29
0	1	2	4	5	10	12	13	17	23	24	25	26	29	30	32	33	36	41	46	55	57	58	63	66	71	75	88	92
42 30
2	4	11	12	18	19	24	25	26	27	31	35	40	42	44	45	46	49	50	53	57	59	60	63	64	76	77	88	93	96
45 32
0	1	12	15	16	19	22	23	24	25	29	31	33	34	35	36	40	44	46	52	53	54	55	56	57	59	60	71	79	80	82	86
48 31
0	1	2	8	17	20	23	26	31	34	35	39	43	45	46	47	50	58	60	63	65	66	68	72	76	80	89	91	92	112	118
53 32
1	5	6	8	12	15	16	17	23	28	35	36	38	50	51	52	53	54	56	58	59	61	63	64	66	68	74	75	76	96	108	112
45 33
0	1	2	4	6	9	11	16	17	20	21	23	25	34	35	36	37	40	42	44	45	52	57	58	59	62	63	65	67	73	86	91	97
47 31
1	2	5	12	13	14	15	21	22	23	33	41	43	44	46	49	53	54	55	60	68	69	70	72	74	88	89	90	91	93	115
46 31
4	8	16	22	25	26	27	28	29	31	32	33	34	35	36	44	49	50	51	53	55	56	57	58	59	60	62	71	72	92	105
41 30
1	4	6	9	10	13	16	21	23	24	25	26	32	35	37	39	45	48	49	50	52	55	61	64	66	67	68	76	82	88
45 29
1	5	8	12	13	15	18	21	23	24	26	31	34	37	41	49	50	54	55	60	61	63	70	71	79	82	91	108	154
43 31
0	1	4	9	10	11	15	21	22	23	24	25	26	27	29	31	32	34	39	40	48	50	54	60	67	69	74	83	88	100	107
41 29
1	4	5	6	7	9	10	18	20	24	27	28	29	32	33	41	43	46	51	55	61	65	66	68	72	75	77	85	127
43 32
0	4	8	9	12	14	16	17	19	20	24	25	28	29	32	33	35	37	39	44	47	50	60	61	67	69	71	73	75	78	92	95
51 31
1	3	6	8	13	14	23	25	27	33	35	36	37	39	41	45	50	62	65	69	73	74	75	76	77	88	100	103	104	107	112
46 32
0	3	4	9	10	13	15	22	24	27	29	31	33	34	36	38	45	47	48	49	50	51	52	54	66	67	71	79	86	92	100	115
43 31
1	2	6	7	9	13	15	16	17	18	19	22	25	30	32	35	38	43	44	51	52	53	55	56	58	59	60	73	75	86	91
48 34
2	6	8	9	12	16	19	22	25	26	34	35	38	40	41	42	44	45	47	48	51	52	53	55	61	64	65	66	68	72	73	79	91	92
47 30
0	1	12	16	20	21	24	26	33	36	39	41	42	46	47	50	53	54	55	58	63	64	66	67	69	72	79	88	112	127
48 31
1	6	8	10	11	13	18	23	24	27	30	33	34	35	41	42	43	50	51	52	54	55	58	66	67	69	77	84	100	108	111
46 30
1	2	4	12	16	19	20	24	27	28	30	31	33	34	40	49	50	57	58	59	60	66	67	68	71	74	75	92	105	108
50 33
0	2	4	6	11	12	16	22	24	25	27	29	31	32	33	36	39	48	51	52	53	55	64	65	66	69	70	72	77	92	93	111	117
45 32
1	4	5	6	7	11	13	16	18	24	25	26	27	30	31	41	42	43	48	49	54	57	59	60	61	63	65	71	73	88	92	100
45 31
0	5	12	13	14	17	20	23	25	28	29	31	33	35	37	41	44	45	47	50	53	55	58	64	66	68	71	73	75	88	154
42 30
0	4	6	7	10	14	15	16	19	24	25	28	29	34	38	41	43	47	48	50	51	62	63	66	69	77	85	86	96	112
46 32
1	2	5	8	9	11	13	16	17	18	19	21	22	24	30	40	41	42	44	49	54	55	56	57	58	60	62	68	88	92	112	118
47 30
3	6	11	13	16	17	21	24	26	28	30	31	33	35	45	46	52	58	59	60	62	67	71	74	75	76	88	105	115	117
42 28
0	1	2	6	9	11	14	20	21	29	34	35	37	40	41	45	52	55	61	63	64	65	73	74	79	80	100	108
52 31
3	6	16	18	21	22	27	29	33	34	35	42	45	49	50	51	52	53	58	62	65	67	69	72	74	83	90	91	112	127	154
51 29
0	4	6	7	11	12	17	30	34	49	51	53	54	58	59	63	66	67	69	72	73	74	75	90	91	92	103	117	118
44 31
0	1	2	5	6	10	11	17	18	20	23	24	26	30	33	35	42	45	46	52	55	56	59	61	62	69	71	75	76	80	127
44 31
3	8	10	11	12	17	23	24	25	26	29	30	32	33	35	38	43	46	54	55	56	57	59	63	67	68	69	75	76	77	88
45 33
0	1	4	10	11	13	14	15	18	21	23	25	26	27	28	29	30	31	32	33	36	39	51	53	60	62	66	70	73	75	76	88	100
44 32
0	4	6	7	9	10	15	19	20	22	24	26	28	29	34	36	41	43	44	47	49	51	55	62	67	72	75	77	88	90	96	118
47 33
0	1	4	5	6	8	14	15	18	19	21	22	23	24	25	26	27	28	32	41	46	48	49	52	55	56	70	71	97	100	103	107	111
45 30
1	2	4	7	10	11	19	20	23	25	32	33	35	37	40	46	48	57	58	62	63	65	66	71	72	73	75	92	103	112
43 33
3	5	7	9	10	11	13	18	19	22	23	24	25	26	28	32	34	35	36	37	38	42	44	50	54	55	62	64	65	70	71	77	96
44 30
3	4	5	6	7	8	9	12	14	15	16	17	26	30	33	43	44	47	52	57	62	63	66	71	75	77	82	88	105	115
47 33
0	2	3	5	8	15	19	21	23	24	25	28	31	32	35	37	38	40	42	44	46	47	53	54	57	61	62	66	76	85	104	111	117
47 31
2	6	8	11	16	19	20	25	28	29	30	35	36	38	40	43	45	51	53	54	55	56	59	60	67	73	83	85	86	91	154
47 32
1	3	8	9	11	12	13	15	25	27	28	30	32	33	40	42	43	49	51	52	55	59	60	62	67	71	72	74	76	91	96	115
43 29
0	2	8	13	16	19	21	22	25	26	31	34	39	43	46	50	53	54	55	58	60	62	63	64	65	67	71	77	86
41 31
2	3	5	9	11	13	15	19	20	22	23	25	26	29	32	33	36	38	40	43	44	50	52	53	54	55	58	62	66	72	77
45 31
0	5	8	10	12	14	15	19	22	24	25	26	28	31	34	35	48	50	51	54	60	61	62	67	68	73	75	77	79	91	95
45 28
0	2	3	12	13	15	21	22	23	24	37	40	45	46	49	52	64	67	71	77	79	88	91	97	98	111	112	115
49 32
0	7	9	11	15	18	21	22	24	26	27	29	30	31	32	34	35	46	50	52	53	57	58	61	62	63	65	69	88	107	115	117
45 32
2	7	9	10	12	13	14	15	17	23	25	27	28	30	32	33	34	36	39	43	49	53	55	60	68	85	90	92	95	97	100	111
48 31
1	4	6	8	12	13	17	18	27	29	30	32	39	40	41	44	48	51	56	57	58	60	64	65	67	68	73	74	98	100	108
44 33
0	1	2	3	6	7	9	19	22	23	24	25	27	29	31	32	33	34	35	39	40	42	45	53	54	55	63	73	75	77	79	84	127
45 30
0	4	6	7	8	11	12	14	18	21	22	23	25	34	46	47	49	50	53	54	57	63	66	72	75	77	88	89	95	154
44 30
0	1	6	7	8	11	12	18	21	26	27	30	31	32	35	41	45	46	51	53	55	63	71	73	76	86	88	91	111	118
48 33
2	3	5	6	7	8	13	14	16	23	27	29	31	32	35	37	44	45	49	52	53	55	64	65	66	67	68	74	75	77	86	97	127
48 32
2	4	10	12	16	19	20	23	28	29	31	32	33	39	41	42	45	49	54	59	60	64	67	70	72	73	76	79	92	96	107	115
49 33
1	2	8	10	13	14	15	16	17	19	20	21	22	34	38	45	46	47	48	52	54	55	58	64	66	69	75	77	79	86	90	104	108
53 33
0	2	3	4	5	6	8	10	11	24	27	29	32	34	38	43	47	53	55	61	62	64	66	73	75	76	79	85	88	93	117	127	154
48 31
1	2	6	9	10	14	15	19	20	22	23	34	38	41	43	45	52	54	56	57	60	62	63	68	73	80	89	90	93	112	127
45 32
4	7	9	12	14	18	19	20	24	25	28	29	30	34	35	37	40	43	45	46	54	55	57	60	62	68	72	75	80	85	92	118
45 31
0	2	3	4	8	10	14	15	19	24	25	31	37	38	41	44	46	47	50	51	52	54	59	61	66	68	72	77	85	88	105
42 28
10	13	14	19	22	25	31	35	39	40	43	45	46	49	50	52	55	58	59	63	66	71	74	76	77	80	88	90
48 32
4	8	10	13	17	20	26	27	28	34	35	36	37	39	41	44	45	50	54	57	59	63	64	65	67	69	70	80	82	88	92	108
40 29
0	2	5	6	10	13	14	15	16	18	19	25	27	29	32	35	36	42	45	50	52	55	57	58	60	66	77	86	98
39 29
2	3	6	7	8	9	12	13	14	15	19	21	23	24	25	27	34	37	44	45	52	54	55	60	66	72	77	82	115
42 30
0	5	6	8	10	15	18	21	22	24	25	27	30	32	35	37	40	43	46	54	56	58	60	67	69	72	77	88	92	112
47 32
1	4	8	11	14	15	17	19	21	24	27	29	30	36	40	41	43	46	47	52	54	55	57	59	61	62	69	70	75	76	103	118
45 30
2	7	9	14	20	22	25	27	32	33	34	35	38	43	46	48	51	58	61	65	68	69	71	72	73	75	77	92	96	112
45 31
1	2	3	5	6	7	8	9	12	13	15	18	20	22	25	26	28	32	38	45	53	55	64	68	73	76	77	79	80	100	154
47 32
0	2	4	6	9	10	13	15	16	18	21	24	25	28	30	32	33	34	37	44	46	51	55	58	69	72	80	88	93	100	108	154
49 31
4	5	6	9	14	21	23	26	33	37	39	40	41	45	47	54	55	57	58	59	61	66	71	74	75	82	84	92	96	105	127
49 31
1	4	6	8	11	13	19	23	24	27	28	32	35	36	39	40	54	55	56	59	60	61	64	72	73	76	77	86	103	112	127
45 32
0	3	10	17	22	24	25	26	29	30	33	35	37	39	43	46	47	48	49	52	55	56	58	59	64	65	66	67	75	76	91	92
44 32
0	1	7	8	12	13	14	15	22	25	26	30	33	34	35	37	38	39	43	44	48	52	54	55	56	64	65	71	75	86	90	104
45 31
0	1	2	4	5	6	15	17	19	24	33	34	39	40	45	46	47	48	52	54	56	57	58	59	60	66	82	86	91	96	127
44 31
0	6	8	10	13	20	22	25	26	27	29	31	35	36	40	45	46	49	51	52	53	55	56	57	60	62	64	74	83	88	92
42 30
0	2	3	4	6	7	8	12	14	28	31	37	39	40	41	44	45	46	47	57	60	63	65	68	71	73	74	88	92	115
42 29
0	4	6	12	14	16	17	18	19	21	24	25	28	32	38	44	47	48	50	51	55	56	59	61	71	77	88	108	111
49 30
2	13	16	17	21	26	31	33	34	36	42	43	45	50	51	52	53	57	58	60	62	63	65	66	67	71	74	95	109	115
42 32
0	1	2	5	7	10	12	13	14	15	18	22	23	24	25	28	29	31	32	36	42	49	50	54	55	56	71	73	76	86	92	93
51 32
1	3	4	5	13	19	22	26	27	32	40	43	45	46	49	50	51	52	54	55	57	58	62	66	72	73	77	80	89	90	104	115
49 30
0	1	4	10	11	13	21	34	37	38	39	45	46	51	52	53	54	55	56	58	59	61	62	69	73	74	76	80	100	115
48 32
0	7	8	10	13	14	16	22	26	28	29	33	37	43	45	46	48	50	51	53	54	55	56	57	58	67	75	76	78	83	88	118
49 32
2	3	10	13	17	18	19	21	24	25	28	32	34	35	37	46	52	54	56	59	60	62	64	66	67	70	74	75	76	77	82	112
46 31
0	1	4	5	8	12	13	15	17	28	33	35	36	37	39	46	49	53	55	57	59	61	65	67	69	71	76	79	85	93	118
40 31
1	2	4	5	7	8	9	10	11	13	18	20	22	24	25	30	31	32	40	46	48	49	58	59	63	64	66	69	72	80	86
42 30
0	2	5	9	12	13	14	15	17	19	22	24	25	26	30	31	48	49	54	55	60	62	63	64	65	68	71	75	88	92
48 30
0	1	4	5	6	12	13	14	20	22	23	29	31	34	41	51	54	55	57	58	63	66	67	68	75	82	86	100	103	127
49 31
4	5	7	16	20	23	24	27	28	32	41	43	46	49	50	52	54	55	56	58	59	61	62	67	70	72	76	77	80	91	115
41 29
0	1	4	7	8	10	14	21	24	25	32	34	36	39	40	43	46	47	54	57	60	62	65	66	68	70	72	74	112
46 30
2	8	12	13	15	19	21	23	26	31	32	33	35	38	39	40	50	58	64	65	66	68	72	74	75	85	92	96	112	127
42 30
0	1	2	6	7	8	9	12	14	15	19	22	23	25	28	32	35	37	44	50	52	54	55	57	60	63	75	85	92	100
51 33
0	3	4	7	8	9	13	19	21	23	27	28	30	32	35	36	39	40	41	48	50	54	63	66	70	76	82	83	100	107	109	112	127
41 28
0	4	5	10	11	13	19	23	25	29	30	32	37	43	44	50	53	54	55	58	64	66	71	76	77	82	88	91
49 31
3	4	11	13	14	20	21	24	27	30	31	35	39	40	46	52	53	54	59	60	61	62	63	67	71	77	79	85	86	100	115
43 32
2	7	8	11	15	16	20	23	25	26	27	32	37	39	40	41	42	43	44	48	49	50	55	56	58	59	61	62	63	68	76	92
38 29
0	1	2	4	5	8	9	11	12	14	16	17	25	26	28	30	34	46	47	49	51	58	59	63	64	66	74	80	85
47 29
0	2	5	6	13	19	29	31	32	41	44	46	47	48	51	54	55	57	59	61	64	66	68	76	79	89	98	111	118
41 30
5	8	13	14	16	19	20	24	25	27	29	30	33	34	35	36	40	44	46	49	55	57	59	60	64	66	72	89	97	109
46 30
2	3	8	9	10	12	16	23	32	35	36	39	40	41	43	46	48	50	55	60	61	63	67	68	73	76	79	98	103	118
45 29
2	4	6	8	14	15	17	19	22	24	26	31	34	35	39	40	43	52	54	56	57	60	64	65	86	90	100	127	154
47 32
1	3	5	7	9	11	12	13	15	16	23	30	33	34	37	43	44	46	49	50	53	54	55	57	63	68	72	74	77	91	103	118
41 28
0	1	6	12	13	14	18	21	22	25	26	28	31	35	36	49	50	55	58	60	63	65	72	74	77	82	88	100
47 32
0	1	2	4	9	10	16	17	21	22	25	29	31	32	38	44	45	47	50	51	52	57	60	61	63	68	69	70	72	76	79	98
44 31
0	1	2	3	4	6	7	12	18	26	29	32	33	34	35	36	45	46	49	53	55	63	67	69	73	75	76	77	85	92	115
45 31
2	5	6	9	10	12	18	19	20	23	25	31	32	36	37	39	43	45	48	49	50	51	55	58	59	60	64	76	98	107	109
43 30
0	1	4	5	10	12	13	15	17	22	25	28	30	33	36	37	46	50	51	52	53	54	56	58	60	61	65	67	72	88
41 29
1	7	8	13	14	16	17	22	24	25	27	29	32	33	39	43	47	49	50	56	57	58	59	60	63	66	74	88	112
47 31
3	4	10	11	16	18	19	24	25	30	31	32	37	40	47	48	55	57	58	63	64	71	72	73	76	77	88	95	96	97	112
42 29
2	8	10	12	13	14	21	22	29	30	34	35	36	40	45	47	49	50	53	54	55	57	58	59	67	69	74	88	118
48 31
1	6	8	12	14	15	17	19	20	23	28	29	35	37	41	42	45	50	53	54	56	57	59	61	65	66	67	96	103	112	127
45 31
0	2	6	7	8	9	13	14	16	19	21	24	25	30	37	38	41	52	55	58	59	60	62	70	71	72	73	75	78	82	97
43 30
1	4	6	10	14	16	18	20	21	24	26	29	30	31	37	41	42	49	50	58	60	65	68	73	77	78	80	85	88	108
47 32
1	2	4	5	11	13	18	20	21	25	26	30	32	33	37	39	43	47	50	53	55	56	65	66	67	71	72	74	75	79	80	100
39 30
1	2	5	6	7	8	11	12	13	14	15	18	21	22	23	25	32	37	42	44	49	50	54	55	58	59	60	63	70	85
45 31
0	7	8	10	13	14	20	21	23	25	27	31	35	37	39	41	45	50	53	54	55	56	61	64	66	68	70	77	88	95	97
41 30
0	2	3	4	7	8	12	13	18	20	21	23	25	29	32	37	41	44	46	49	53	54	57	65	67	70	72	76	92	112
48 31
0	1	2	5	6	7	8	13	14	20	29	32	38	39	41	45	47	53	54	55	58	60	62	65	72	74	75	82	100	103	115
52 31
1	3	4	5	8	9	19	20	21	24	29	33	35	42	44	57	60	61	62	64	67	69	71	75	77	91	96	107	111	115	154
44 30
1	2	8	10	12	13	20	23	24	27	28	29	32	39	43	44	46	49	50	51	54	57	58	60	68	76	82	83	112	127
43 29
0	2	3	4	5	12	13	15	19	24	25	32	36	39	45	48	50	51	53	54	55	64	66	70	71	72	77	89	107
43 30
1	2	5	7	10	11	15	17	18	20	23	25	35	37	39	43	48	51	52	54	55	57	61	62	63	65	73	75	76	92
45 30
3	4	11	13	14	15	18	22	24	25	27	29	34	36	38	43	50	51	54	57	59	61	66	68	70	71	76	77	80	112
41 30
1	6	7	8	9	14	15	16	18	19	21	23	25	27	30	32	40	41	44	49	51	55	56	59	61	66	74	92	96	107
46 29
1	2	4	10	24	25	30	33	35	37	41	45	46	49	54	55	57	59	62	63	65	66	69	82	85	88	95	100	105
47 30
2	3	4	6	7	13	14	15	24	32	36	39	40	41	46	48	49	50	55	62	63	66	71	75	79	86	98	104	112	118
52 32
5	6	10	13	16	17	19	20	25	26	31	32	40	44	48	50	51	54	57	59	60	63	64	72	75	79	80	82	85	111	112	118
47 32
2	7	16	17	19	21	25	28	29	30	31	32	34	35	39	40	41	45	50	51	53	55	57	63	66	76	77	79	88	91	92	107
47 30
4	9	17	19	24	25	27	33	34	39	40	43	45	47	50	52	53	54	57	59	62	63	65	66	71	72	76	77	82	98
43 30
0	1	3	4	5	6	10	16	24	25	27	28	32	33	36	39	41	47	50	55	60	65	68	73	74	76	82	86	91	112
49 30
3	8	13	16	21	25	26	27	28	31	33	36	46	50	51	58	59	60	62	65	68	69	70	74	77	80	85	88	98	112
45 29
1	4	7	10	11	13	17	20	22	26	27	35	37	43	48	50	51	53	54	57	58	64	66	72	75	84	91	103	115
39 28
0	1	2	6	13	15	21	23	24	25	29	30	31	32	35	36	38	40	41	51	54	55	63	66	77	92	109	112
48 34
0	2	5	6	9	10	13	16	18	19	25	28	39	40	41	43	44	45	48	49	51	53	55	57	58	59	60	76	77	82	83	85	89	92
46 31
0	1	3	4	5	9	13	17	21	23	24	25	27	28	33	38	39	54	59	60	62	65	69	71	73	75	82	85	91	96	112
48 33
1	6	7	8	11	13	15	19	21	23	24	25	27	32	35	36	38	40	44	45	50	57	60	63	65	72	74	75	80	89	92	100	112
49 32
0	1	4	5	8	10	12	14	17	18	23	31	34	35	40	41	42	45	50	53	54	58	66	68	72	74	76	77	86	100	109	118
50 34
0	3	6	16	17	18	19	23	26	27	29	30	33	34	35	36	40	44	49	50	52	53	58	63	65	66	69	70	73	76	77	82	95	118
46 31
1	3	4	9	12	16	17	19	22	24	25	29	33	35	42	43	52	54	55	57	59	63	66	71	73	75	77	79	80	86	90
47 30
0	2	4	5	8	12	13	15	17	22	25	32	37	41	48	50	51	53	54	62	63	65	66	69	70	72	77	95	109	127
45 30
1	5	6	9	11	12	14	18	19	20	24	34	35	40	43	48	50	51	55	57	61	63	64	66	73	80	89	95	96	108
50 31
1	4	7	8	20	21	22	25	26	27	31	32	43	46	50	51	53	54	60	62	64	68	69	72	75	79	83	88	95	105	107
48 32
0	1	3	10	18	19	20	24	26	32	33	41	42	43	46	47	48	49	52	53	54	55	56	61	62	73	74	76	80	91	100	108
51 34
10	18	19	20	21	23	25	26	29	32	33	37	40	41	43	44	45	48	51	53	55	58	59	64	65	69	70	71	73	76	88	91	96	118
44 33
1	2	4	6	7	8	12	16	19	21	23	24	26	27	29	31	34	35	37	39	40	44	45	48	51	56	60	64	65	84	85	103	115
44 28
0	4	12	13	14	21	23	24	26	31	33	39	49	50	53	60	61	62	64	65	69	70	74	75	76	83	96	118
37 29
1	4	10	11	18	22	24	25	29	30	32	33	34	37	38	40	43	45	46	47	48	54	55	56	57	66	72	74	92
48 32
1	8	9	10	18	19	20	21	25	26	30	33	35	37	40	46	49	50	51	53	55	56	58	66	68	71	72	74	82	86	88	117
41 29
0	1	2	5	9	10	11	12	13	26	27	36	41	42	43	46	48	49	55	57	58	60	61	63	66	70	75	88	108
47 33
1	2	3	8	12	14	16	17	20	23	27	28	29	32	33	36	38	40	41	43	44	50	53	55	60	67	76	79	85	88	90	112	115
49 30
0	2	4	6	9	13	15	18	19	20	23	29	32	41	45	48	50	51	55	67	73	77	78	79	80	86	104	108	111	154
41 28
2	4	12	16	19	23	24	25	32	33	41	43	44	45	46	47	49	50	55	58	59	63	69	70	76	82	107	109
46 30
0	3	5	6	11	20	26	27	28	29	30	31	33	36	38	46	48	50	51	57	62	63	66	72	79	83	91	107	117	127
43 32
1	4	5	7	10	12	13	15	16	19	22	25	27	30	33	34	38	42	43	44	48	50	51	54	55	56	57	58	63	64	72	80
49 29
1	2	3	8	12	13	17	19	22	32	39	44	51	54	57	60	61	63	64	67	69	74	76	80	86	95	107	111	115
