1000
43 28
0	4	8	13	17	21	24	25	27	29	33	34	39	43	45	49	50	52	54	55	57	60	65	76	92	98	103	107
52 30
0	1	6	11	16	21	24	29	31	38	40	45	52	54	55	58	60	62	63	64	66	67	71	72	76	88	104	107	112	115
50 33
1	2	4	8	12	14	19	20	21	25	29	31	34	39	40	42	44	45	52	57	59	63	64	66	67	74	88	89	91	92	93	100	103
51 32
0	1	2	5	7	9	16	19	28	30	35	37	38	41	44	50	51	52	55	58	59	62	63	68	70	71	72	77	78	88	111	127
46 30
1	7	8	9	13	15	16	25	27	34	35	36	38	39	40	42	50	55	59	60	61	63	64	65	67	69	75	92	104	111
46 33
2	5	6	7	9	12	13	15	17	21	22	23	25	26	29	34	37	44	45	47	49	50	53	54	55	60	65	66	73	77	93	96	112
49 31
0	3	9	16	20	22	23	25	26	27	31	34	36	37	49	50	51	52	53	54	62	66	68	70	76	77	79	95	96	105	111
44 32
4	6	10	12	16	17	19	20	23	25	28	29	30	33	34	36	38	45	46	48	49	55	56	57	58	63	71	73	88	92	97	105
41 30
2	4	8	9	11	12	17	18	19	21	22	25	26	31	32	33	40	46	47	51	53	57	58	59	60	64	77	78	85	88
44 30
0	6	10	11	15	18	20	21	23	27	31	33	35	40	42	47	48	51	55	58	60	61	64	65	66	67	77	85	96	127
47 30
0	3	4	6	7	10	11	20	23	27	33	36	40	42	43	50	53	54	57	58	63	64	66	73	77	79	88	91	108	112
44 29
1	4	8	10	16	17	19	20	21	24	25	30	37	40	42	50	55	57	58	59	64	67	69	70	72	76	80	88	104
42 29
1	9	14	15	19	23	24	30	32	33	35	37	39	40	41	42	43	49	52	55	59	60	62	66	71	84	96	115	117
44 29
0	1	2	3	4	5	6	9	11	12	14	20	21	29	35	42	46	53	55	57	65	66	67	77	84	85	103	112	127
49 31
1	2	3	9	10	17	21	22	23	25	33	35	36	37	40	45	46	53	55	57	58	60	68	77	78	88	92	95	100	112	154
41 30
0	2	4	5	6	8	12	14	15	17	19	23	24	25	28	29	35	37	41	45	51	54	60	67	72	75	76	83	92	104
45 30
8	10	18	21	24	29	30	31	34	40	41	43	45	47	48	49	52	54	55	57	58	59	66	68	71	73	74	88	91	118
45 30
1	2	6	8	12	17	21	24	26	31	32	34	35	37	39	45	46	52	54	55	57	58	60	65	66	76	77	88	105	115
40 31
0	4	7	8	14	16	17	19	20	21	22	24	25	27	29	30	34	39	40	43	47	49	57	63	67	71	73	76	82	89	92
45 30
4	5	7	9	10	13	21	25	28	29	30	34	40	43	45	47	52	54	55	58	60	61	62	63	69	70	75	90	95	109
47 29
2	3	11	13	17	25	29	32	38	40	43	44	51	54	58	60	62	63	66	72	75	76	79	83	84	89	92	97	112
49 29
0	5	8	11	12	16	20	23	27	28	31	32	43	49	51	60	61	63	66	68	70	72	74	85	88	103	112	115	154
45 31
0	1	2	4	6	8	13	15	16	25	27	34	35	36	39	40	43	49	51	53	55	56	58	60	61	62	63	64	76	80	127
39 31
2	4	6	9	14	15	17	18	20	23	24	25	29	31	32	33	36	39	40	41	42	44	45	59	64	66	68	74	76	92	96
45 30
1	2	4	6	13	14	16	19	21	22	23	28	29	30	36	42	43	49	50	53	58	60	65	67	72	77	82	88	118	154
46 32
5	6	7	8	12	13	18	20	21	24	27	31	32	33	34	35	40	41	43	44	49	50	58	59	64	71	72	78	88	100	112	127
48 33
1	3	4	6	7	11	12	17	21	24	26	27	28	32	33	34	35	38	39	46	51	53	58	61	62	64	67	68	73	74	86	100	115
46 31
0	4	6	10	12	13	16	17	21	24	28	30	31	32	34	37	38	42	48	51	52	55	60	62	65	70	72	77	103	105	127
42 31
1	2	4	5	7	9	13	15	16	17	18	19	20	22	23	24	26	30	36	38	43	49	60	63	64	65	68	75	92	108	111
43 28
0	8	13	14	16	18	21	22	24	31	32	39	40	43	44	51	55	57	60	62	63	64	72	73	77	89	111	115
40 31
0	1	4	5	7	9	10	13	16	20	24	25	26	29	30	31	36	37	38	44	46	47	50	52	54	60	63	80	85	89	96
51 32
0	4	5	8	11	12	17	20	25	26	28	35	39	41	47	54	55	58	61	65	66	68	73	74	76	85	86	92	93	96	107	115
48 33
0	1	4	5	10	12	18	19	21	22	29	31	33	34	36	37	41	46	47	50	51	52	53	58	66	69	72	73	74	76	92	95	115
42 30
0	2	4	5	12	13	14	23	25	26	28	31	33	35	36	41	44	45	46	51	53	54	56	60	70	74	85	88	92	107
42 29
2	4	6	8	11	19	20	23	25	27	29	30	31	32	37	43	50	51	52	53	54	58	59	60	65	67	70	86	92
51 33
1	4	5	10	11	16	21	22	23	25	26	27	29	32	35	37	41	44	49	55	56	59	64	66	70	75	79	86	88	92	98	104	154
48 32
4	5	8	12	17	18	22	23	24	34	35	36	37	38	41	43	44	46	47	51	54	58	63	66	69	71	76	84	92	98	104	118
41 30
2	4	6	8	13	15	16	17	20	25	27	28	30	34	35	40	43	46	49	53	55	56	57	59	69	74	76	82	84	92
44 32
0	2	5	8	10	11	12	16	17	18	20	25	28	29	32	37	38	43	44	45	51	55	57	58	60	63	68	73	76	78	82	91
51 33
2	8	11	14	15	17	19	21	22	23	33	37	41	42	47	48	49	50	52	53	54	57	59	60	65	70	72	76	77	85	97	112	118
47 33
1	7	10	11	14	18	19	20	21	22	24	25	28	32	33	34	35	38	40	41	50	52	54	55	61	62	64	66	67	73	75	82	115
46 30
0	2	4	6	18	22	24	25	29	32	33	34	40	46	47	50	53	55	57	65	66	68	69	70	73	74	76	77	85	105
41 30
0	1	4	6	7	9	14	15	16	18	19	25	26	27	28	30	31	32	35	46	50	51	55	58	60	63	72	80	86	117
56 33
2	7	11	18	20	25	26	27	29	42	43	45	48	49	53	56	57	58	59	61	62	63	68	73	75	76	80	84	92	98	100	112	115
44 32
3	6	7	10	12	13	15	16	18	20	22	23	25	27	31	34	35	39	42	43	49	53	57	60	63	66	67	68	77	88	92	117
46 31
2	4	5	7	8	13	14	16	18	19	25	31	34	42	43	44	49	50	54	57	59	61	63	64	68	69	77	79	88	91	103
38 28
0	2	4	5	7	13	17	18	22	23	24	25	27	28	33	35	39	42	46	51	58	59	64	66	71	88	92	98
46 31
1	2	4	6	9	15	19	20	21	24	25	40	41	42	44	45	46	50	51	52	53	55	59	60	62	72	75	76	79	88	98
42 31
1	2	3	4	5	6	13	14	15	16	17	18	20	25	26	28	31	39	45	49	52	54	56	63	64	66	67	68	73	75	92
41 29
0	9	11	12	13	14	15	16	25	26	28	31	34	36	38	40	42	51	53	55	58	61	63	66	68	73	75	77	88
42 27
0	2	4	6	16	20	22	23	27	31	34	37	39	40	50	52	57	58	61	63	67	73	77	85	88	108	111
48 31
2	3	4	5	6	8	9	13	14	17	20	22	34	37	44	46	50	51	52	53	56	62	64	65	67	69	71	72	92	103	108
45 30
3	4	10	13	16	17	18	23	24	28	32	33	39	41	43	45	48	52	54	62	63	68	69	74	76	77	92	95	100	127
43 30
0	4	8	13	14	19	22	25	26	27	28	29	30	31	32	34	47	50	52	54	55	57	58	60	63	65	69	74	88	92
44 31
2	4	9	10	13	14	15	16	17	21	23	25	29	33	39	41	43	45	47	50	53	55	62	64	66	68	71	76	83	88	117
45 29
0	2	7	9	19	20	22	25	29	30	35	40	44	45	51	53	54	55	58	66	68	73	74	75	77	80	86	91	100
44 30
0	2	3	7	8	18	22	24	25	27	32	33	39	40	41	43	46	52	54	55	57	58	59	60	68	69	76	77	86	117
49 33
4	6	10	12	15	17	20	24	25	28	31	34	35	44	45	46	48	49	52	56	57	59	60	61	63	65	66	68	74	76	77	92	103
42 32
2	4	7	8	10	11	12	15	17	18	23	27	28	29	34	35	36	37	39	41	43	46	47	50	58	61	63	73	75	77	86	127
41 30
1	2	3	4	8	13	22	24	25	29	30	31	32	33	38	40	44	46	47	52	53	56	57	60	64	65	67	71	74	88
44 31
9	10	13	16	18	22	24	25	28	29	33	38	39	41	43	44	45	49	52	55	58	60	68	70	71	73	74	75	78	89	95
44 29
1	2	4	7	9	13	16	21	25	27	31	32	35	37	40	46	50	52	59	60	61	63	65	68	69	70	72	98	115
41 30
4	5	7	9	10	13	15	18	20	21	23	25	31	34	38	40	45	46	49	53	54	57	58	64	66	68	72	75	77	85
44 30
2	4	9	12	13	16	19	20	24	25	26	31	33	41	42	43	49	56	60	61	62	65	70	75	77	82	85	92	96	112
49 33
0	4	5	6	7	11	12	15	17	18	20	24	25	27	32	37	42	43	44	49	52	61	63	65	67	73	75	76	77	91	100	107	109
47 32
3	4	6	9	10	12	19	20	21	24	25	28	39	40	41	45	46	49	52	55	58	60	62	65	69	71	72	75	76	85	88	118
46 31
2	6	7	9	10	12	13	19	21	23	25	31	32	34	35	36	38	46	51	53	54	60	64	68	73	75	79	88	92	112	115
45 29
0	4	8	13	14	22	23	24	25	29	33	34	38	39	44	45	52	55	57	60	62	71	72	79	89	92	100	105	115
47 32
0	8	13	17	19	22	24	27	28	29	31	34	35	36	37	38	39	42	48	54	58	59	60	64	67	75	76	88	91	92	112	127
42 30
1	3	4	5	8	10	11	13	14	16	20	21	22	25	31	35	44	45	48	50	55	57	60	62	66	70	75	78	83	104
45 31
2	3	7	9	13	16	17	21	22	23	25	31	35	41	42	46	49	51	52	53	54	55	60	62	65	70	71	75	77	79	86
40 29
3	7	9	11	12	14	17	20	23	28	29	32	33	35	37	40	41	43	45	55	58	61	66	73	78	80	88	96	108
45 33
5	10	12	13	16	17	20	22	24	25	28	29	33	36	37	41	43	44	45	48	49	52	58	59	62	69	70	71	76	85	86	92	95
44 29
2	4	8	9	11	16	20	21	25	26	30	31	37	45	47	49	51	53	57	59	60	64	72	75	76	80	92	103	111
38 29
0	1	2	3	5	6	7	8	14	19	22	23	25	28	29	31	34	35	38	44	48	53	55	71	73	74	76	88	100
44 30
0	1	2	4	6	7	11	13	19	22	31	32	36	37	38	46	48	50	51	54	57	58	62	63	65	67	76	80	91	115
45 32
1	2	7	13	15	16	18	22	23	24	27	29	33	34	35	39	41	43	45	46	48	52	53	62	66	67	74	75	79	88	112	118
45 30
2	7	9	10	11	12	14	16	17	19	21	23	32	34	43	44	45	54	55	57	60	62	63	66	70	73	76	79	107	118
41 29
1	2	5	10	13	15	17	19	21	25	27	29	31	32	37	45	47	50	52	53	54	55	58	60	62	68	72	77	92
47 32
0	1	5	6	7	8	10	14	21	24	25	31	33	34	35	40	42	46	52	53	57	59	62	63	64	68	71	77	82	88	96	112
44 30
0	1	2	3	10	15	17	19	23	24	29	30	31	34	37	39	47	49	50	54	62	65	68	69	72	76	77	89	112	127
48 30
3	4	5	6	8	10	19	24	25	29	34	37	43	45	49	50	52	53	55	57	59	65	66	68	71	72	82	100	115	117
45 31
0	4	5	6	9	10	11	13	17	20	27	28	29	30	31	33	35	43	50	54	56	62	63	66	70	78	85	86	88	90	115
45 31
1	2	4	5	8	16	20	25	26	27	31	38	42	44	45	46	47	48	51	56	60	62	67	73	74	75	80	84	91	92	104
42 29
1	4	6	7	8	10	11	14	17	20	25	27	32	34	37	39	40	46	50	53	57	60	70	72	73	80	88	105	112
43 31
0	1	2	8	9	13	14	18	19	24	25	28	30	31	34	35	41	45	47	54	55	57	64	67	69	72	85	86	92	93	95
46 35
2	4	5	7	9	10	12	15	19	22	23	24	26	28	31	34	36	37	39	41	42	43	45	47	48	53	54	61	65	71	72	74	78	97	115
51 33
0	2	4	11	18	22	23	28	29	31	33	34	35	36	37	41	42	49	54	57	58	65	69	70	72	73	75	77	85	92	98	104	118
44 32
2	4	6	8	11	15	20	21	22	24	30	31	32	33	34	38	40	41	42	46	48	51	54	59	64	65	69	70	77	85	96	108
44 30
0	4	6	9	10	15	17	19	20	22	25	27	32	38	39	42	45	50	54	60	62	63	64	68	70	72	76	78	79	112
46 32
3	4	11	12	13	19	20	21	24	25	27	30	31	32	33	34	40	43	46	52	57	58	59	60	65	68	70	75	76	79	97	117
49 31
0	2	3	4	7	9	11	21	26	27	31	37	39	40	44	47	49	52	53	54	56	59	66	68	75	88	92	98	103	112	118
47 31
0	1	2	6	9	15	16	17	21	22	24	25	28	30	34	35	38	45	55	56	57	60	64	68	73	75	80	85	98	112	117
40 28
0	7	10	11	16	18	20	21	23	24	25	28	29	31	34	38	39	43	45	52	55	58	73	76	77	100	104	127
42 30
0	1	2	3	6	10	16	21	24	30	31	35	39	40	41	42	45	46	47	49	55	57	64	66	67	74	77	88	105	118
44 29
3	4	7	10	13	14	15	17	23	24	25	28	34	37	39	43	45	50	55	59	60	63	71	76	77	91	100	107	112
42 30
1	3	4	5	6	7	8	10	17	19	23	26	28	32	35	39	40	43	45	57	61	62	66	71	72	73	80	88	96	127
49 31
1	3	5	10	15	17	19	20	25	26	28	33	37	39	40	46	47	51	54	55	60	61	67	72	85	91	93	100	103	104	107
38 27
0	4	6	7	10	13	15	16	25	31	34	39	43	44	45	46	50	51	52	58	60	63	77	79	84	86	93
48 30
0	1	2	4	5	7	15	19	22	23	26	35	39	44	48	50	53	54	55	56	58	59	62	68	72	76	85	109	112	127
39 28
0	3	4	8	9	11	12	13	15	18	21	23	27	30	32	34	37	47	49	54	55	65	66	78	91	96	107	115
47 31
2	3	5	7	8	11	16	19	22	24	26	31	35	40	41	42	44	51	54	55	57	58	62	63	66	68	76	77	80	104	127
46 29
1	2	3	8	13	16	20	22	25	26	28	41	43	44	53	55	56	57	59	60	63	64	71	73	74	82	88	98	111
49 29
5	12	14	16	17	20	22	26	27	33	40	46	50	53	54	57	58	59	62	64	66	72	76	79	85	95	105	108	109
47 33
0	2	4	9	11	13	14	16	18	19	20	21	22	27	32	36	37	38	40	44	46	48	51	52	54	66	67	80	92	96	112	115	117
47 31
0	2	8	11	17	18	19	20	22	24	27	30	36	38	41	43	52	54	55	56	59	60	61	65	69	70	75	76	91	92	108
51 30
1	3	4	5	7	8	13	17	25	27	29	32	38	50	53	54	57	60	62	63	68	70	71	79	82	92	104	108	112	117
43 30
0	1	2	4	8	11	18	22	24	25	26	28	29	31	32	35	36	39	50	51	52	59	60	62	63	66	67	80	88	109
51 33
1	3	8	10	14	19	23	25	26	33	38	40	41	42	43	44	46	47	51	52	60	61	62	64	67	68	71	88	91	97	104	105	112
40 29
0	1	3	4	8	9	10	14	21	22	25	26	29	30	33	34	37	40	46	47	57	58	63	67	69	77	86	88	154
42 30
2	4	9	11	12	13	15	16	24	25	27	30	31	32	36	38	39	48	50	52	53	54	55	60	61	64	65	75	77	88
46 30
4	7	9	10	12	13	17	24	25	28	29	37	39	43	45	50	52	56	60	61	63	65	68	73	74	80	85	92	96	107
51 32
0	3	10	15	17	18	19	20	25	26	30	33	36	37	46	50	53	55	56	57	58	60	62	66	68	74	75	77	91	92	95	154
45 31
3	4	8	9	12	13	14	17	20	21	22	33	34	35	36	37	38	40	45	46	54	55	57	63	66	69	72	93	98	104	118
47 33
0	2	4	6	7	8	13	16	18	22	25	26	28	29	31	32	34	38	39	45	48	50	51	52	58	62	63	70	74	86	88	107	117
49 31
0	4	7	9	13	16	17	22	23	27	32	35	37	39	48	50	51	56	58	63	67	69	74	76	77	80	86	91	92	107	118
51 32
0	1	5	6	10	12	15	20	21	23	28	33	39	46	52	54	55	56	58	61	62	63	64	67	69	72	75	76	84	91	95	118
50 32
4	12	15	16	17	18	22	24	25	31	32	35	36	42	44	47	50	51	54	56	57	63	64	66	67	69	71	73	74	76	100	109
40 28
0	4	5	7	8	11	16	18	21	24	25	27	29	30	37	45	49	50	52	55	61	63	66	71	72	79	88	117
43 31
0	4	7	8	10	11	15	17	19	20	23	25	33	34	35	38	39	41	45	46	50	54	57	62	63	72	74	77	88	93	108
39 29
0	2	5	8	10	11	12	13	17	21	23	24	25	34	42	43	44	45	47	50	54	55	56	58	64	66	69	92	96
44 30
2	4	6	7	9	12	13	17	21	22	24	26	32	34	37	38	45	52	53	54	56	57	58	60	65	70	73	77	96	127
41 29
0	2	7	9	11	13	14	16	18	21	23	30	32	34	36	39	43	49	52	54	55	56	63	68	75	76	79	92	118
45 31
1	4	7	8	12	13	14	17	18	24	32	34	35	36	37	38	39	45	51	54	55	58	59	64	69	70	71	73	82	83	108
41 28
0	2	7	8	11	12	13	21	23	25	27	32	36	38	43	50	51	54	55	60	61	63	65	75	80	83	88	92
49 34
1	3	4	7	10	11	15	18	21	23	25	31	32	34	37	38	42	47	48	49	50	53	54	57	61	63	65	66	69	72	86	91	92	115
48 31
13	16	17	18	25	27	29	33	36	37	40	41	44	45	47	48	50	53	54	55	57	58	60	63	66	70	72	76	88	105	118
46 31
0	1	2	5	9	11	16	19	25	28	29	30	34	37	40	43	44	50	52	55	58	63	65	67	69	70	72	74	77	88	117
46 32
0	1	2	6	12	17	18	24	25	33	34	36	37	39	42	45	46	47	49	52	53	54	55	67	69	72	76	83	91	92	96	118
45 30
2	8	16	18	21	24	25	28	30	32	37	39	41	43	45	47	49	55	57	58	59	61	63	68	69	75	76	90	100	118
55 33
0	7	8	12	15	20	21	22	24	25	28	29	32	35	38	49	50	51	54	56	58	60	67	72	73	82	84	92	93	98	112	127	154
48 30
4	5	10	12	14	18	19	22	29	31	33	35	37	44	49	50	52	55	57	60	63	68	72	76	77	80	88	104	109	115
43 30
0	1	4	7	10	12	18	20	21	23	24	25	26	30	32	34	42	50	52	54	55	56	57	63	64	65	66	68	72	88
45 29
0	2	5	13	23	24	27	30	31	32	34	37	46	49	50	52	54	55	57	58	62	64	68	72	76	79	92	93	108
45 32
2	5	7	10	11	12	13	14	15	16	17	20	23	25	36	37	43	46	48	49	52	54	60	62	63	68	72	73	75	92	93	112
44 29
0	8	9	10	13	14	16	18	21	24	25	31	32	37	38	44	50	53	60	64	65	71	73	75	76	82	92	111	112
44 31
0	1	4	6	16	18	21	25	26	30	32	33	34	36	37	39	43	47	49	50	52	53	55	56	63	69	71	75	88	89	105
43 30
4	8	10	11	13	16	21	25	27	34	35	38	40	41	45	46	47	50	55	57	59	60	63	65	71	72	77	84	85	88
45 32
0	2	3	4	6	9	11	12	13	15	18	20	25	29	31	32	33	37	45	46	51	53	56	65	66	68	74	76	77	79	80	115
49 31
0	1	2	3	6	18	20	23	25	27	31	43	44	45	50	51	54	57	58	59	60	61	62	64	67	70	73	75	83	95	98
47 33
0	1	2	5	6	7	13	17	21	23	26	34	38	39	40	41	42	43	44	45	48	52	54	56	59	63	65	71	72	79	91	112	115
39 29
1	2	3	4	5	6	11	13	14	16	17	19	20	27	30	31	33	35	37	40	43	53	63	66	67	71	75	98	127
49 29
2	7	8	13	14	18	22	29	31	35	36	40	41	57	58	59	60	63	65	67	70	74	88	92	95	98	103	109	115
48 31
0	2	6	10	12	13	17	23	26	31	36	39	41	45	46	48	51	52	53	54	55	56	57	71	77	78	79	86	88	108	111
44 31
1	4	5	7	12	13	15	16	17	18	25	27	29	30	32	33	43	44	48	53	54	58	60	61	63	73	74	76	80	86	100
40 28
1	3	4	5	6	10	11	16	17	18	19	20	25	28	30	35	46	47	51	52	54	61	66	67	75	83	98	105
55 31
2	4	6	9	11	13	17	21	27	38	39	40	47	52	55	57	60	61	65	70	71	72	73	75	77	78	98	100	112	115	154
44 31
6	8	9	10	15	16	17	19	22	24	25	26	31	40	41	42	46	47	54	55	57	58	59	60	63	64	72	77	85	90	92
49 33
4	11	12	14	22	23	26	28	31	33	36	37	40	41	43	46	47	49	51	56	58	59	63	66	68	69	72	73	75	82	85	92	108
45 31
0	1	3	6	10	12	16	19	23	24	25	27	28	30	33	37	38	41	47	49	51	55	60	61	65	66	82	88	105	112	127
46 32
2	5	6	7	11	13	14	15	22	23	24	27	35	37	39	40	41	42	46	49	51	52	55	62	64	70	77	83	86	92	111	127
42 30
0	4	5	9	10	11	12	13	15	19	20	24	25	27	32	37	40	41	46	49	61	63	66	67	68	71	72	77	89	154
42 30
0	1	4	9	10	11	16	17	20	24	25	26	27	35	37	38	39	40	41	50	52	54	61	62	67	70	72	75	76	108
50 31
4	6	7	9	20	22	25	29	31	33	34	38	46	50	52	54	57	59	61	62	63	65	68	70	71	72	77	82	91	95	105
41 28
0	1	4	8	10	11	15	18	20	21	22	23	25	26	30	46	49	57	58	60	61	63	64	73	76	88	100	112
48 31
0	1	5	6	9	10	11	18	21	27	28	33	35	36	40	41	45	46	54	55	58	60	61	74	80	88	95	103	104	111	118
43 30
1	4	7	11	12	15	17	23	24	25	26	29	30	32	36	37	46	47	52	54	57	59	60	63	70	75	82	86	89	103
48 32
1	2	5	6	16	18	19	21	23	24	25	26	33	41	42	45	47	48	57	59	61	64	65	66	73	76	80	82	88	93	105	112
40 29
0	4	5	10	13	14	18	22	25	29	30	31	32	35	36	39	44	46	47	50	52	58	60	63	76	77	86	96	109
44 31
0	1	2	4	5	6	9	11	14	21	25	26	27	36	37	39	42	46	47	50	52	53	56	57	58	63	66	71	85	86	112
51 31
0	2	8	10	13	19	20	22	27	28	35	39	40	46	51	53	54	57	58	59	60	61	64	68	74	77	85	86	108	111	112
46 31
0	1	3	4	5	8	9	13	14	15	19	22	25	27	30	31	32	46	49	50	53	60	63	67	70	86	88	90	98	103	112
43 29
0	2	5	6	7	12	14	20	21	24	25	31	33	42	45	46	51	54	55	57	59	64	66	68	78	82	83	88	98
39 29
1	2	4	10	14	16	17	21	22	24	25	29	30	32	33	36	37	43	47	51	56	60	63	66	67	72	75	79	92
44 33
0	2	3	4	7	8	13	14	17	19	20	24	25	28	29	30	34	36	37	38	41	44	49	51	52	54	57	67	72	73	77	80	100
41 32
1	4	5	7	8	10	11	13	14	16	17	19	20	25	30	32	36	37	38	40	43	48	49	51	57	60	63	68	72	80	82	90
46 29
0	4	5	6	7	8	10	11	19	22	25	35	37	39	50	53	55	56	66	69	70	73	76	80	82	88	91	109	112
44 31
2	5	9	10	11	15	16	17	19	21	23	25	26	28	31	32	33	39	45	50	51	53	54	55	58	60	62	76	77	84	107
46 31
4	6	9	14	16	19	22	24	25	30	32	35	38	39	40	43	49	50	52	55	57	58	59	64	66	70	75	77	86	96	115
44 29
0	4	5	8	13	15	25	27	29	33	34	38	40	41	46	51	52	53	55	57	58	61	63	69	70	72	92	93	108
48 33
4	6	8	9	10	14	18	20	23	24	25	31	34	37	40	41	42	43	45	49	52	54	55	57	58	60	67	70	76	77	84	90	154
45 30
1	2	4	6	7	8	10	23	24	25	26	30	35	37	41	48	54	57	58	61	64	65	66	68	70	71	73	75	88	112
48 31
1	2	5	8	9	12	14	21	22	25	32	39	47	49	51	52	53	54	55	58	59	60	62	65	68	69	74	80	88	90	95
46 29
2	5	6	8	11	13	14	15	16	20	29	35	38	42	46	50	53	57	60	63	67	73	74	78	88	91	103	112	127
43 29
0	4	5	11	12	13	14	15	19	23	24	26	27	30	31	49	51	53	54	58	62	63	66	68	70	72	77	79	127
44 32
1	2	3	5	8	11	12	13	15	16	18	21	23	24	26	28	29	36	41	44	49	52	55	59	61	63	66	71	74	79	97	127
48 29
0	4	10	11	12	13	14	15	23	25	34	38	44	45	50	52	56	57	58	60	62	67	68	74	76	80	100	104	154
46 32
1	2	4	5	10	11	13	18	19	22	24	25	26	29	30	36	40	45	48	50	51	52	53	54	55	69	71	74	75	76	80	105
45 31
0	2	4	8	9	11	12	15	18	22	25	27	30	33	34	35	36	45	46	50	53	57	60	63	65	66	73	76	78	98	112
42 32
1	3	4	8	9	10	11	13	14	18	21	25	26	28	33	35	37	38	39	40	43	45	47	53	55	60	65	71	73	75	90	100
42 31
0	2	4	6	7	8	12	21	22	24	25	26	30	31	32	36	43	46	47	49	53	57	63	64	65	66	68	73	76	82	92
49 32
2	3	6	8	11	16	23	30	37	40	41	43	45	46	47	48	50	52	54	55	56	60	61	63	67	71	72	75	77	79	92	108
45 30
1	3	12	15	16	17	19	21	24	25	28	29	30	39	41	44	46	53	54	55	60	64	72	74	75	76	83	96	98	107
44 30
4	6	7	8	9	10	11	13	14	15	16	18	24	28	42	43	46	48	50	52	57	60	65	69	70	74	77	88	112	118
39 28
0	2	4	6	10	11	12	21	24	25	26	28	31	35	44	45	46	51	52	54	58	66	70	72	78	79	80	85
51 32
0	6	10	11	13	14	19	23	24	33	35	37	40	44	46	52	53	55	56	57	59	60	61	64	65	66	70	76	80	88	104	118
39 29
0	2	4	5	6	13	14	15	16	18	20	22	25	26	29	33	34	38	39	48	50	51	55	61	63	69	73	86	117
51 29
2	7	13	17	18	19	20	24	26	33	35	38	50	51	52	59	60	62	66	67	68	75	86	91	92	105	108	112	154
40 30
1	3	4	6	7	9	10	11	12	14	17	23	24	25	28	32	35	39	40	45	46	57	66	71	73	77	86	88	96	103
47 30
2	4	5	12	13	15	16	21	22	26	28	38	43	47	48	50	55	56	58	59	63	66	67	75	77	79	86	95	105	108
42 32
2	5	6	7	8	9	10	11	12	15	19	20	22	23	25	32	35	36	37	41	43	46	49	59	61	63	66	77	86	92	97	112
42 28
0	1	5	6	13	14	16	21	23	25	26	30	31	34	36	38	43	52	55	58	59	63	66	73	75	77	105	154
48 32
1	4	5	8	11	15	19	20	21	27	28	31	37	38	42	46	49	51	52	53	54	58	61	67	68	72	74	75	76	84	91	108
44 31
0	10	15	19	20	24	25	26	28	29	31	33	34	35	36	39	41	44	46	50	51	55	58	60	63	67	71	77	85	86	112
43 30
0	1	2	11	19	23	25	26	32	33	35	37	38	41	44	45	46	50	51	53	54	55	60	63	68	69	70	72	88	91
46 30
2	9	10	13	16	18	20	25	26	27	41	43	46	47	50	52	53	54	55	57	58	61	62	66	68	71	72	75	77	92
43 29
1	2	7	8	10	13	14	16	18	21	23	25	26	27	42	44	50	54	55	56	57	61	62	63	64	66	75	86	117
45 31
0	2	5	6	10	18	21	23	24	25	30	31	32	33	42	43	44	46	49	55	58	60	63	68	69	70	72	73	80	98	117
42 32
0	1	4	9	10	12	13	14	18	21	24	25	31	33	34	38	39	41	44	45	46	47	52	54	55	57	59	60	65	70	91	96
48 30
2	5	8	10	13	15	22	26	31	34	40	45	46	48	50	52	53	54	55	57	59	60	64	66	71	74	79	96	109	115
43 29
0	1	3	4	10	13	16	18	21	22	25	26	31	33	34	35	47	54	56	58	59	63	64	66	67	68	75	100	115
45 29
4	10	15	19	21	22	23	24	25	35	39	40	42	46	50	51	52	54	55	56	58	60	62	63	64	72	76	77	127
46 30
0	1	4	11	12	15	17	18	20	21	22	24	29	35	40	47	54	57	58	60	63	64	66	74	75	80	88	93	104	127
50 31
2	5	8	11	13	14	17	21	23	26	29	30	37	45	46	48	50	53	55	57	59	62	63	66	72	75	79	82	100	118	154
40 30
3	4	5	6	9	12	13	14	18	20	21	22	31	32	35	38	39	40	42	46	49	51	52	54	58	63	66	76	78	108
43 30
0	5	6	7	10	13	17	20	23	24	27	28	29	31	39	40	45	46	50	51	54	55	58	62	66	69	77	88	91	115
49 33
0	1	2	7	8	11	15	23	24	25	27	30	32	35	36	37	46	54	55	56	57	59	60	61	62	64	67	70	71	72	75	84	85
44 30
2	6	11	12	17	20	21	23	24	25	27	32	33	34	40	44	46	50	52	55	56	57	59	61	66	73	74	82	86	117
50 32
1	2	7	11	18	21	23	37	38	39	41	42	43	44	46	47	48	50	51	53	54	59	64	70	73	76	79	88	93	100	112	127
49 32
1	2	7	8	11	14	15	16	18	23	24	32	38	39	41	43	45	47	51	52	54	55	56	58	60	62	69	92	97	100	107	118
45 31
1	4	6	7	10	11	17	24	31	32	37	38	40	41	43	45	46	47	53	54	62	65	66	70	73	76	78	83	89	96	108
43 29
0	3	4	5	8	14	19	20	24	25	27	28	31	37	45	46	50	57	60	70	71	75	76	85	91	92	93	96	104
43 30
0	3	4	5	6	9	12	15	16	19	22	24	34	35	37	39	40	45	46	50	51	57	59	60	65	73	74	76	112	118
46 31
0	4	6	9	14	16	22	24	27	28	36	38	39	44	46	47	49	50	51	55	60	62	66	68	71	76	78	85	86	91	108
44 30
0	7	8	10	11	19	24	25	27	29	31	33	35	39	40	41	45	49	55	57	58	60	61	62	71	73	77	88	100	112
45 30
0	2	4	8	13	14	15	18	25	27	30	31	32	34	42	48	50	51	54	55	59	63	64	66	70	72	77	84	91	105
42 29
1	2	5	8	14	16	17	19	24	25	26	29	34	35	42	48	49	50	52	55	57	58	59	61	63	66	73	74	103
50 32
0	4	9	10	14	16	19	20	21	24	28	30	31	34	39	44	47	54	58	59	60	61	62	64	66	73	75	85	88	100	112	118
53 31
4	5	10	16	17	18	20	22	23	28	31	46	50	51	52	53	55	56	59	63	64	66	67	76	84	88	89	96	98	108	109
46 30
0	1	4	7	8	11	16	18	21	23	27	29	30	34	40	43	51	55	58	61	62	63	67	69	70	72	73	76	108	117
48 35
3	4	6	7	10	13	15	17	21	25	26	27	29	31	32	34	38	40	44	45	46	48	49	51	52	60	63	65	66	75	77	86	91	93	104
47 31
3	8	9	11	15	16	20	25	27	29	32	34	38	40	41	43	44	54	55	57	58	60	62	63	76	85	86	92	95	109	112
44 32
1	2	7	9	10	12	14	15	16	17	19	22	25	26	28	29	30	32	43	47	51	54	55	56	57	58	66	69	70	72	73	96
49 32
5	6	8	9	12	14	16	20	23	28	31	34	37	41	45	47	50	52	53	54	55	58	62	63	64	65	66	68	73	76	77	127
44 30
0	1	2	3	6	7	8	9	19	21	24	27	28	30	31	32	40	43	50	54	55	58	62	67	71	76	80	88	107	115
48 30
1	4	8	9	10	11	13	15	17	18	22	32	36	37	43	51	60	61	62	63	64	70	73	77	85	86	91	100	111	118
47 31
4	8	10	14	18	20	21	22	24	25	30	31	32	34	41	45	51	54	56	58	59	61	62	68	69	71	75	78	80	86	127
45 30
2	4	5	6	9	10	13	16	18	19	23	25	30	31	35	47	50	53	55	58	60	62	64	71	75	76	77	80	88	105
44 28
0	1	2	9	15	16	19	20	22	23	26	27	33	44	45	50	51	53	55	60	68	71	74	76	86	88	127	154
46 33
3	5	8	11	12	13	15	16	17	21	22	24	25	26	27	28	29	30	41	42	44	51	54	57	58	63	66	69	74	85	86	92	112
47 31
0	1	2	4	5	10	15	18	19	23	24	30	36	40	47	48	50	52	54	55	57	62	65	70	75	76	85	86	89	97	127
41 29
0	1	2	4	11	12	14	19	20	21	23	24	33	35	36	38	45	46	53	55	60	66	69	72	74	75	86	91	108
46 29
2	5	9	18	19	20	22	25	26	33	43	44	48	52	53	54	55	57	64	65	66	68	69	74	75	76	85	92	98
47 32
0	5	8	9	11	12	13	20	22	25	26	33	35	36	39	42	47	48	49	53	54	55	58	65	67	69	74	75	76	77	98	127
47 31
0	1	5	6	9	11	16	17	20	21	22	27	28	29	31	40	43	46	50	55	57	60	62	63	66	71	75	77	79	108	154
45 29
0	2	3	4	5	8	10	15	17	19	24	25	30	40	45	50	54	55	62	64	69	71	76	79	80	85	91	107	109
48 31
3	6	12	16	19	23	24	26	28	31	35	36	38	41	42	45	55	59	60	62	64	66	71	73	74	76	77	86	88	100	115
47 31
4	7	13	16	19	24	26	27	30	31	33	34	38	42	43	49	50	52	53	56	57	60	62	63	65	66	71	77	79	96	115
48 31
2	4	5	6	10	12	13	15	18	20	23	34	40	43	48	49	50	54	55	56	61	63	66	69	75	77	85	86	89	112	127
44 29
0	2	3	4	6	10	11	14	15	16	32	35	39	40	45	46	50	55	57	58	62	63	66	70	72	77	91	107	118
42 30
6	7	9	10	11	12	13	18	19	25	29	31	34	35	39	45	46	48	49	50	53	55	57	60	64	72	73	86	92	111
46 29
0	1	6	10	11	13	17	19	23	28	30	33	44	45	46	47	51	54	55	60	63	65	69	88	91	100	103	111	115
45 31
0	3	4	5	7	10	11	14	17	19	22	27	32	35	37	38	43	46	51	54	56	58	59	60	64	66	68	75	77	96	115
42 30
1	2	3	4	6	8	16	17	19	21	24	25	28	36	39	41	45	47	50	52	59	60	68	70	71	73	75	79	85	90
45 32
1	4	8	12	14	16	19	20	21	22	23	24	28	31	33	35	36	37	40	42	51	52	58	60	64	68	71	73	85	91	93	115
44 30
0	1	4	5	9	11	12	15	16	18	23	25	26	35	37	39	48	51	55	59	61	63	65	69	72	73	79	86	88	111
43 30
0	4	7	12	15	17	18	20	24	25	27	28	32	38	40	41	45	46	51	52	54	55	56	58	66	67	72	92	95	108
43 32
0	2	4	5	6	9	10	12	15	17	18	19	21	24	31	34	38	39	45	46	47	48	50	55	60	63	66	69	72	75	92	118
46 32
2	5	7	9	13	14	17	18	20	23	29	30	31	34	36	40	42	43	46	49	53	55	56	58	63	65	66	71	75	88	105	118
46 31
0	1	4	10	11	14	16	18	20	24	25	30	33	36	38	41	45	50	51	55	58	60	61	62	65	73	74	75	76	91	115
45 30
0	2	3	5	8	11	12	15	26	30	35	36	38	42	44	48	50	54	55	56	59	63	64	66	69	75	91	92	96	108
47 30
2	4	13	16	19	20	21	25	26	28	35	36	41	44	45	49	54	57	58	62	63	64	69	71	72	75	76	92	118	154
41 31
1	2	3	5	12	13	15	17	21	22	23	24	25	27	29	31	32	33	37	38	44	46	54	55	59	60	66	72	79	88	112
46 32
0	1	5	10	12	14	15	18	21	23	24	25	29	32	33	35	37	42	45	50	54	55	62	64	68	70	71	73	77	79	97	111
43 32
3	4	5	10	12	14	16	19	21	24	26	27	29	30	31	32	33	36	38	42	45	47	54	57	60	63	65	72	76	92	96	115
45 31
4	9	10	11	13	14	17	18	19	21	25	30	32	35	36	37	40	51	52	53	54	58	60	63	67	68	69	75	80	92	96
40 29
2	3	4	6	7	8	9	16	17	18	19	22	24	25	26	29	32	38	39	47	50	51	52	65	66	86	92	104	105
43 30
1	4	14	19	20	21	22	24	27	28	30	31	33	37	38	40	45	46	52	53	57	58	65	66	68	72	76	77	83	127
43 30
0	1	3	7	8	10	11	12	14	22	24	29	32	33	34	35	39	43	53	54	55	56	57	58	60	63	66	73	97	127
48 31
2	3	7	9	18	19	25	27	29	30	32	34	35	36	37	38	55	56	57	58	61	62	63	65	66	70	73	77	95	100	104
38 30
2	4	6	9	10	11	13	14	17	20	23	24	25	27	29	30	37	39	43	45	46	47	50	52	55	58	63	66	77	88
41 29
0	1	4	6	10	13	16	17	19	24	26	30	32	33	36	37	41	47	49	52	56	58	60	68	70	75	76	105	115
43 31
1	5	6	9	11	12	13	15	16	18	19	20	23	28	29	31	32	37	38	43	50	53	55	60	61	69	73	77	91	97	118
49 30
1	6	7	11	19	20	26	27	28	30	37	48	50	51	55	57	58	59	60	61	62	64	67	69	75	77	88	91	96	127
47 31
2	9	11	15	17	21	22	26	30	32	36	37	44	45	46	47	52	53	54	55	56	57	58	65	66	71	72	74	75	77	127
47 30
0	3	4	6	7	12	14	15	25	26	34	35	38	39	40	44	50	57	58	61	63	68	74	77	78	82	86	91	115	154
51 31
0	2	4	5	13	16	21	23	27	30	35	40	41	42	49	52	53	54	55	56	62	68	70	71	77	84	88	90	108	111	154
51 33
5	6	7	9	10	12	25	26	29	33	34	35	36	37	39	44	45	47	50	51	53	54	58	61	62	63	65	72	78	82	100	105	112
44 30
0	4	5	7	8	13	14	17	23	24	27	29	33	36	43	44	46	50	52	57	58	59	61	62	66	70	77	79	88	108
47 32
6	7	9	12	13	16	20	27	30	33	34	35	36	38	39	43	44	46	49	52	53	55	59	60	69	71	77	88	91	97	100	108
49 32
4	5	6	10	11	15	16	17	20	24	27	34	38	42	43	46	48	51	57	61	62	65	67	70	73	74	76	77	82	97	100	127
57 33
2	6	8	13	14	15	21	28	33	38	41	49	51	52	54	57	59	60	61	65	67	68	69	73	75	78	86	91	96	97	103	108	112
44 30
1	2	3	4	8	13	15	22	24	30	31	32	33	39	40	41	42	45	47	51	52	59	60	64	68	74	75	83	127	154
51 33
0	1	2	3	5	8	12	14	17	25	27	28	30	32	35	37	39	46	49	50	51	53	58	60	68	71	86	89	95	103	105	111	127
50 32
1	3	6	18	19	20	23	25	27	32	33	34	35	42	43	45	50	51	55	56	58	60	61	63	68	72	76	80	83	86	100	117
51 32
6	7	11	13	15	17	18	27	35	37	38	39	41	43	44	50	51	52	57	60	63	64	71	75	77	88	92	93	95	96	112	115
44 32
3	5	6	7	12	14	15	16	19	21	25	29	31	32	33	34	35	36	38	41	44	45	53	58	59	64	74	86	91	92	103	117
39 29
0	1	4	5	6	8	10	12	19	20	24	25	28	30	31	37	38	40	41	48	54	57	61	65	66	67	73	96	127
44 30
2	4	5	8	9	11	12	17	19	23	25	28	29	36	37	43	44	45	53	54	55	57	58	62	66	73	88	91	100	117
47 30
6	8	14	16	19	21	24	26	28	30	31	36	39	43	47	50	51	52	55	57	59	60	63	64	73	77	82	88	103	115
48 31
4	7	11	14	15	16	20	22	26	27	28	36	39	44	45	47	48	49	51	52	59	60	68	71	73	75	76	86	104	108	154
50 32
4	9	12	13	14	20	21	23	24	32	35	37	38	41	44	49	50	51	53	54	56	65	66	67	68	70	75	78	79	95	112	118
43 29
1	6	7	9	10	16	18	19	20	24	26	27	29	30	38	43	48	50	55	57	64	65	71	72	76	85	92	117	127
46 30
1	5	7	8	10	19	20	26	29	31	37	43	44	48	49	50	52	53	54	55	57	58	59	61	70	71	73	76	91	127
42 32
0	1	4	7	8	11	14	17	22	24	25	27	28	30	32	35	37	40	41	44	46	49	52	57	58	59	60	63	68	74	75	88
43 30
0	1	4	8	9	12	14	19	20	23	24	25	26	29	38	39	45	50	52	53	54	55	57	60	62	67	71	85	90	92
48 30
0	4	5	8	9	12	19	20	22	30	37	38	39	40	45	50	56	63	65	66	68	71	72	77	82	85	88	108	109	112
44 30
0	1	5	6	13	15	17	18	27	29	31	33	35	43	45	46	49	52	53	55	56	58	60	63	66	68	71	75	93	118
41 29
0	1	2	6	7	8	13	16	21	23	24	25	26	30	33	38	41	48	54	55	58	64	65	66	67	69	71	75	115
45 31
10	12	14	16	17	19	22	24	32	33	35	36	37	38	39	41	42	43	46	50	58	59	64	66	69	75	77	88	95	105	127
40 30
6	7	8	9	10	12	13	15	16	17	22	25	26	29	31	36	39	40	45	49	50	57	60	63	64	76	78	79	88	95
46 31
0	1	2	3	4	7	8	13	17	18	22	24	26	29	38	39	40	50	54	60	63	70	71	75	79	83	84	86	88	91	108
48 29
0	4	5	9	13	16	18	22	28	32	33	41	45	46	48	55	58	61	64	66	71	75	79	88	96	105	115	117	154
47 30
1	2	8	11	13	22	25	26	30	37	41	43	44	46	50	53	55	57	58	60	63	65	66	69	70	77	80	88	93	109
49 31
1	5	10	13	17	18	19	21	27	28	30	31	33	34	35	39	49	54	55	57	58	59	67	69	73	76	86	100	104	111	118
48 31
0	4	5	6	9	10	13	17	20	28	30	32	34	35	42	44	45	48	53	60	61	66	71	73	76	77	86	100	104	108	109
47 33
3	6	7	10	11	13	14	15	18	19	20	21	22	25	26	31	35	39	46	49	51	52	53	54	59	61	64	68	74	75	76	92	117
45 30
2	6	11	12	14	16	20	24	27	28	34	36	39	43	45	46	50	51	54	55	58	59	62	66	68	69	80	82	86	118
45 31
3	5	6	9	13	14	16	20	23	24	26	27	33	40	41	42	44	45	47	48	52	54	55	60	63	67	78	88	104	111	127
47 32
4	7	9	15	16	20	21	22	23	24	27	31	32	34	36	39	42	44	47	54	57	59	61	63	68	69	71	86	90	93	100	118
42 29
1	4	5	10	15	17	19	21	24	25	30	31	33	34	35	37	40	43	50	57	60	61	64	68	71	73	85	88	154
48 32
1	3	7	9	10	12	16	19	21	23	24	34	37	40	42	43	44	45	50	51	52	54	55	56	59	65	71	74	88	92	107	118
50 32
7	9	10	11	14	17	18	19	21	26	31	32	36	42	43	47	53	54	57	60	61	62	66	68	70	72	73	75	77	91	112	127
49 35
1	3	4	5	7	8	9	13	19	21	22	25	27	28	30	31	33	40	41	46	48	53	55	57	58	62	65	67	76	77	79	86	88	91	95
44 30
1	3	4	5	17	19	21	24	25	26	27	32	37	39	46	47	50	53	54	55	57	61	62	64	66	71	73	79	80	86
45 30
0	2	4	5	7	10	15	18	20	21	23	24	27	34	40	44	46	54	58	59	67	68	72	74	76	84	85	91	112	118
45 29
2	4	11	15	17	18	21	25	37	44	45	47	49	50	51	52	53	54	56	57	59	65	68	69	75	76	78	88	91
40 30
0	1	2	4	5	8	12	17	19	22	24	25	29	32	33	34	35	37	44	49	50	54	57	59	60	63	68	74	76	88
43 33
0	1	2	4	5	6	7	8	10	11	14	18	20	23	25	26	30	31	32	36	40	43	46	50	53	59	63	71	76	77	80	88	93
47 32
0	1	3	6	7	9	10	17	25	31	32	34	35	37	38	43	45	46	50	51	62	64	67	68	71	73	78	83	86	88	96	112
41 29
5	6	9	15	18	19	20	26	27	29	32	33	34	37	38	39	40	45	51	52	55	58	61	64	73	77	91	96	108
43 29
1	4	8	9	12	13	14	15	18	22	35	36	37	39	41	45	47	53	54	55	60	61	62	64	69	86	91	111	127
47 31
0	1	2	5	7	9	16	21	22	26	27	31	33	34	35	36	44	55	57	58	61	62	63	64	67	74	75	85	91	100	127
43 31
4	6	7	10	11	14	15	18	19	21	24	25	28	37	38	43	45	47	48	50	51	54	55	59	62	69	75	76	77	88	91
40 31
1	2	3	4	5	7	8	12	13	16	20	24	25	26	27	28	29	30	35	41	43	49	51	54	55	57	59	60	66	73	85
46 30
1	2	5	6	9	10	14	17	31	34	39	41	43	45	46	47	55	56	57	59	66	68	70	73	78	86	91	97	98	118
47 31
0	5	10	14	15	19	20	24	31	35	36	38	40	42	43	45	46	48	54	60	61	64	66	75	82	85	95	97	103	108	109
47 32
0	2	8	9	13	14	19	20	24	25	26	28	33	34	40	45	46	47	53	55	56	57	58	61	65	66	70	73	76	77	80	112
43 31
3	5	6	8	9	14	19	23	24	25	27	32	35	37	39	40	42	46	49	51	53	55	59	61	62	64	66	71	77	86	96
47 30
0	2	4	8	9	10	11	13	25	30	35	39	47	49	51	55	60	62	63	69	70	72	75	76	82	83	92	96	97	115
41 30
0	2	4	5	6	11	12	13	14	19	22	24	25	26	28	34	41	44	47	54	55	57	59	66	70	71	73	76	77	82
49 30
1	2	4	8	18	20	29	30	31	34	37	39	41	44	50	56	59	60	61	62	63	66	70	76	77	86	88	105	109	118
41 30
1	2	4	7	8	12	14	18	20	23	25	29	37	38	41	44	45	46	48	52	53	54	55	57	64	66	67	73	86	88
49 30
4	5	8	12	17	19	21	25	28	30	31	35	39	44	49	52	57	59	63	66	70	79	85	88	90	91	98	109	111	127
48 32
0	2	4	6	10	13	16	17	24	25	27	29	33	35	39	41	42	47	49	52	56	61	62	69	75	76	82	86	90	100	111	117
51 32
4	5	6	14	16	18	19	21	26	27	30	32	34	35	38	41	43	46	50	54	55	56	58	59	63	66	72	88	100	111	118	154
47 28
3	10	11	13	19	21	23	33	35	42	45	50	51	53	54	56	58	62	67	68	69	71	76	77	82	88	112	127
48 32
0	1	2	4	6	11	13	16	18	31	33	36	37	39	40	41	42	43	45	53	55	58	62	63	65	66	75	88	93	109	111	127
43 29
2	4	5	7	8	9	10	12	13	17	20	24	25	26	30	33	46	50	55	60	62	65	66	68	72	75	77	103	112
43 30
1	7	8	10	14	16	19	20	22	24	25	27	30	31	33	38	41	55	57	60	61	62	64	67	68	73	75	80	82	86
42 31
1	2	6	14	18	20	21	24	25	26	27	30	31	32	39	40	41	42	43	44	49	54	64	65	66	67	70	73	77	80	117
44 31
0	2	4	5	6	7	12	13	17	20	23	24	29	32	34	38	43	44	45	46	51	52	54	58	60	65	79	88	97	104	118
45 29
1	2	4	5	6	14	21	22	25	27	34	43	46	47	50	51	52	53	54	57	58	59	66	67	68	77	79	91	112
43 29
2	3	5	11	14	17	18	19	20	23	25	29	32	37	43	45	46	51	52	54	55	59	66	69	73	77	88	98	100
43 30
4	7	8	11	12	14	17	18	21	24	25	26	30	33	40	41	43	46	51	58	60	63	64	65	72	75	76	80	92	117
43 30
0	1	4	8	10	11	13	19	21	22	24	25	29	30	32	38	40	54	55	57	59	60	61	63	69	70	82	83	89	92
45 29
0	3	10	14	17	19	20	22	24	26	31	35	36	40	41	46	54	55	56	57	61	63	64	66	72	88	112	115	117
47 32
1	2	5	7	8	10	12	16	17	19	21	22	25	28	29	35	36	44	50	51	54	55	58	66	68	69	71	72	85	91	96	98
42 33
0	2	4	5	6	7	8	10	15	18	24	25	26	30	31	32	33	36	38	39	43	46	47	49	57	63	67	71	72	75	76	77	79
49 32
2	3	4	5	6	13	16	18	20	22	23	28	36	37	41	43	44	50	55	56	60	62	63	74	75	77	85	86	91	92	117	127
55 34
3	4	5	10	16	18	19	23	25	26	32	33	35	39	42	48	51	53	58	59	61	62	65	69	71	73	74	75	76	80	89	104	112	118
50 31
2	4	9	12	15	16	19	20	23	41	42	43	48	49	50	51	53	54	58	61	64	66	67	72	83	85	86	89	96	112	118
42 31
0	1	2	5	6	8	22	23	24	25	29	31	32	33	36	37	40	46	47	49	51	53	55	56	58	59	60	63	66	68	83
37 28
0	1	4	7	8	10	12	14	15	19	21	23	24	29	32	35	37	38	39	45	50	54	55	64	66	85	93	127
44 33
0	2	4	6	8	12	17	21	24	25	26	28	30	32	33	34	35	38	43	45	46	48	49	52	56	67	69	76	79	80	82	92	105
45 31
2	3	8	9	10	15	19	23	25	30	31	33	37	40	41	45	46	47	53	54	55	62	65	66	69	74	77	82	88	92	105
43 30
0	2	4	10	11	13	24	25	28	30	31	33	35	39	41	46	47	50	52	58	60	62	65	68	71	74	75	76	77	88
37 28
4	7	10	11	13	18	19	25	27	28	29	30	31	34	35	40	43	44	46	50	51	58	63	71	74	77	80	86
40 29
1	5	6	9	10	15	16	19	20	21	24	25	28	29	34	36	37	44	49	50	57	58	60	72	73	76	80	96	112
41 30
0	1	4	5	6	8	9	13	14	19	24	25	26	27	28	29	44	45	49	50	53	55	59	60	62	66	69	71	75	96
48 33
1	3	7	9	11	14	17	22	23	25	26	27	29	31	35	36	37	44	48	51	53	55	57	58	59	60	63	64	65	66	73	85	100
37 28
0	4	7	8	10	12	13	15	21	24	25	26	27	28	34	39	41	42	45	49	50	54	55	65	72	77	86	98
46 31
0	2	6	9	10	15	16	17	18	20	21	22	23	36	43	44	46	49	51	60	62	63	65	66	67	69	72	75	88	108	117
52 33
1	2	7	8	11	12	14	17	19	20	22	23	29	33	35	46	49	51	53	58	65	67	68	72	74	75	76	77	80	95	100	105	118
49 29
2	4	14	17	18	20	23	24	29	34	44	49	50	51	54	56	59	60	61	62	65	66	68	73	74	76	100	103	118
49 32
1	2	8	9	10	16	18	19	21	23	24	26	29	30	31	32	34	41	50	52	55	57	58	62	69	71	77	79	88	104	115	117
48 32
1	4	10	12	15	17	18	22	25	26	27	30	35	38	39	40	41	42	47	52	57	58	60	62	63	64	73	77	85	100	105	117
48 31
2	4	7	11	12	14	20	21	22	23	25	26	27	33	34	40	44	46	49	57	58	63	65	66	71	75	88	103	117	118	154
47 31
2	3	4	11	13	18	19	21	22	24	31	38	40	41	43	45	46	50	54	59	63	65	66	68	70	72	77	83	85	109	115
42 30
1	2	3	4	8	9	10	13	16	25	29	31	32	35	37	39	43	45	48	50	52	55	58	63	66	70	82	86	91	109
43 28
0	1	4	5	10	11	12	13	18	22	26	30	41	46	47	51	52	54	55	60	63	64	66	69	72	88	111	118
45 29
1	4	5	7	10	13	17	21	22	23	24	28	39	43	50	51	52	54	55	58	59	60	63	68	73	75	76	89	115
43 30
4	6	7	8	12	14	17	23	24	25	28	33	34	35	39	41	44	46	54	58	61	63	65	66	68	76	77	86	92	104
47 31
2	9	11	12	13	14	16	17	19	21	25	34	35	36	37	39	42	49	50	57	60	63	64	65	73	85	88	92	107	109	112
44 30
1	3	5	6	12	13	16	17	18	19	29	30	35	37	44	48	49	55	58	60	64	67	68	70	75	76	77	92	96	115
41 30
0	1	4	10	13	15	16	17	19	21	22	25	29	32	33	36	47	48	49	50	57	58	60	63	65	67	76	83	88	96
46 31
2	4	6	7	9	13	18	22	23	31	32	35	36	37	38	41	43	46	50	51	52	53	62	65	66	69	74	77	88	98	118
45 31
6	10	12	13	15	19	21	24	25	27	31	32	34	37	43	44	46	49	54	57	59	60	66	67	69	70	72	74	78	91	112
51 33
2	4	9	11	15	16	17	20	26	27	28	29	33	34	38	43	44	45	51	56	58	59	61	66	74	75	85	88	91	92	98	112	118
47 31
0	1	4	5	8	9	12	13	14	15	20	25	28	31	36	37	39	52	53	54	56	58	61	64	65	66	68	72	82	117	127
47 31
0	1	4	7	8	9	11	12	14	15	16	18	22	24	31	37	43	45	50	51	52	54	62	68	70	75	77	85	111	117	118
40 29
1	4	6	7	8	10	11	17	20	22	24	25	27	30	32	33	34	35	41	46	50	51	64	66	67	73	86	104	111
44 30
0	1	2	4	5	6	12	13	14	15	19	20	22	24	25	34	37	47	50	52	54	57	59	60	66	67	74	77	79	154
50 30
0	2	6	13	14	17	18	19	22	26	32	42	45	50	52	55	56	57	58	60	62	63	72	74	75	76	92	104	108	109
48 32
0	1	2	3	5	13	14	18	21	23	24	25	26	27	30	33	36	43	52	54	57	59	60	61	62	68	70	71	76	93	112	127
43 30
1	2	3	13	14	18	20	21	22	23	29	30	31	35	40	45	47	49	54	55	56	61	63	65	66	67	71	83	88	115
43 32
2	5	6	8	14	18	19	20	22	23	24	25	28	29	30	33	37	40	43	48	49	50	51	54	55	59	66	73	88	91	92	97
42 30
0	1	2	6	7	10	12	13	14	17	25	30	32	35	36	41	46	47	51	54	55	57	58	63	66	68	69	75	86	88
40 31
0	2	3	4	6	7	8	10	12	13	21	22	24	26	28	30	31	33	34	38	43	46	47	54	57	65	69	77	79	88	118
45 30
0	2	3	13	14	18	20	23	24	27	37	39	40	41	42	43	45	53	54	57	60	62	65	66	75	76	78	91	112	115
46 30
1	4	6	8	9	11	13	16	24	25	27	29	30	34	37	40	49	50	53	57	59	60	67	74	77	84	91	100	103	112
41 29
0	2	3	4	5	7	10	15	17	24	25	26	34	40	42	43	44	47	50	54	61	63	68	70	72	74	76	92	98
40 28
0	4	6	7	11	13	14	19	21	25	26	27	29	30	31	37	50	51	53	54	57	58	65	66	71	74	77	88
45 31
1	4	5	6	7	8	10	11	12	21	23	24	25	27	29	30	34	40	44	50	51	55	56	60	63	66	73	74	85	107	109
44 31
0	2	4	5	6	7	8	12	13	16	18	21	23	24	26	27	28	31	39	50	55	56	58	60	61	62	70	72	85	92	127
50 32
3	4	7	10	11	14	24	25	27	28	29	32	33	40	47	49	51	53	58	59	64	66	67	69	74	76	77	86	90	97	100	112
43 30
0	2	5	7	8	10	13	15	17	18	25	31	33	36	37	40	42	44	46	49	57	58	63	71	77	88	90	111	112	127
43 29
1	3	4	5	6	12	16	20	21	22	23	24	29	34	35	42	48	51	53	54	55	58	63	66	73	84	86	100	108
43 30
1	2	4	6	7	12	13	18	23	24	25	27	34	39	40	41	45	49	50	54	55	57	58	64	65	66	68	82	93	115
51 31
1	4	6	8	15	16	17	19	24	26	36	37	41	46	47	54	61	63	66	67	68	71	72	74	75	77	86	98	100	105	115
47 29
4	7	12	16	17	19	20	24	29	30	32	34	46	55	57	59	60	62	63	64	70	73	75	76	77	85	96	103	118
47 29
0	2	4	5	6	9	11	13	22	23	34	35	39	41	49	54	55	56	58	60	64	65	71	92	95	98	100	105	118
42 29
1	3	4	6	7	9	10	14	15	21	24	31	32	35	37	40	45	46	50	57	59	62	66	68	69	75	77	112	115
48 31
1	7	8	10	13	19	20	24	33	34	35	36	37	38	39	48	54	55	58	59	61	64	73	75	76	80	88	91	92	104	118
44 32
0	2	5	6	8	13	14	20	24	25	31	34	35	39	41	43	44	45	46	47	49	50	54	57	58	60	62	66	68	74	76	117
47 34
0	1	6	11	14	16	17	18	19	20	22	23	24	25	27	28	32	33	36	39	48	50	53	54	55	57	58	60	69	70	75	76	80	85
49 32
0	6	7	9	10	18	22	26	27	29	31	32	33	35	36	39	48	49	51	63	64	66	68	72	74	75	77	86	88	100	112	115
44 31
3	4	5	6	7	10	12	18	24	25	26	29	30	31	41	45	47	49	50	55	56	57	59	64	65	66	67	68	77	88	96
45 30
1	4	5	7	8	13	14	16	20	22	23	25	27	32	35	39	41	42	48	50	55	58	59	62	63	75	103	107	111	117
43 27
0	4	5	13	19	21	25	27	31	32	33	37	44	49	50	55	58	60	61	63	65	68	72	83	88	100	154
47 32
0	1	3	8	10	14	19	22	24	27	28	29	34	35	36	37	38	45	49	50	55	58	60	66	68	69	71	76	92	96	104	108
48 31
0	2	4	5	6	13	14	19	20	21	25	28	29	36	49	50	51	53	54	57	60	61	66	67	69	75	76	77	85	90	112
44 28
4	6	7	10	17	21	22	25	30	35	37	38	43	46	50	51	56	59	60	63	67	69	71	73	75	77	88	154
41 29
0	4	6	10	12	15	17	18	24	26	28	29	36	37	40	41	45	47	50	51	54	58	66	68	74	77	85	86	118
46 32
0	1	4	5	6	7	11	15	17	18	20	23	24	27	28	33	34	40	46	51	52	53	55	56	58	61	62	71	77	85	91	118
42 28
1	2	7	8	14	15	17	18	20	22	24	28	37	43	45	52	54	55	57	58	60	62	68	72	75	90	91	115
42 30
3	4	7	8	10	16	20	21	24	25	26	29	30	31	33	34	38	45	48	51	52	63	67	72	73	75	88	89	96	118
53 35
6	7	13	17	18	22	23	25	27	29	31	32	33	34	35	36	39	43	45	50	51	52	53	61	62	65	68	71	73	74	88	92	96	112	127
43 32
0	4	5	6	8	9	14	21	23	25	27	28	29	30	31	32	35	39	41	43	44	49	50	58	59	60	67	71	77	83	96	103
49 34
2	4	5	6	13	15	16	17	18	21	23	25	26	29	36	38	39	43	45	50	52	56	58	59	63	64	68	69	70	76	77	85	89	96
44 30
0	1	3	4	6	9	10	11	13	14	17	18	27	28	30	32	38	44	50	51	53	57	58	66	68	75	76	89	100	108
45 31
4	5	7	12	13	17	19	20	23	24	30	31	32	36	37	40	43	45	49	54	58	61	63	65	67	71	76	78	80	111	115
49 30
0	1	5	6	12	15	17	19	21	30	35	39	41	48	49	55	57	64	65	66	68	69	71	72	75	90	92	98	108	154
44 31
1	3	4	6	11	12	14	18	21	23	24	25	28	29	34	37	41	43	44	45	46	54	55	66	76	82	86	91	107	109	117
44 30
0	2	4	6	7	17	19	22	26	27	32	33	34	35	37	38	48	50	52	53	56	57	66	69	72	75	82	92	96	115
39 31
0	1	4	5	7	10	13	16	17	22	23	24	25	26	29	33	34	36	37	38	39	41	48	49	58	63	70	71	75	92	100
47 32
0	1	3	4	5	8	10	14	16	17	18	19	22	24	25	26	34	47	49	57	59	60	64	66	68	76	77	78	92	95	98	104
43 30
0	4	5	9	11	12	14	17	18	21	24	25	31	33	35	42	45	49	50	55	58	59	61	64	66	72	75	77	91	100
46 31
0	1	2	3	4	6	8	16	20	22	24	25	26	34	39	41	47	52	53	55	56	57	60	63	64	65	66	68	73	82	100
45 33
1	2	5	7	8	15	16	17	19	20	23	25	33	34	39	40	41	43	44	45	48	50	55	56	59	60	63	69	76	79	86	90	95
49 33
2	3	4	9	10	11	12	15	25	30	32	36	37	45	46	47	49	50	52	53	55	56	57	58	59	60	63	64	71	72	76	89	92
49 30
1	3	4	7	8	9	17	19	22	25	26	32	35	40	44	52	54	55	57	61	63	65	66	71	74	75	92	98	105	154
50 30
4	9	12	13	19	23	24	27	30	37	41	42	50	51	55	56	60	62	63	64	67	69	72	74	76	77	85	91	100	118
53 32
0	4	5	6	11	12	14	17	21	22	25	28	33	37	38	52	53	54	55	56	58	59	60	65	68	75	92	95	103	105	107	112
47 31
0	7	11	12	13	18	19	25	27	28	31	35	42	44	46	49	51	55	57	58	59	61	65	70	76	77	85	91	93	96	104
40 29
0	1	4	8	10	11	12	13	18	25	32	34	37	41	44	45	46	49	51	52	55	60	63	65	67	69	70	72	95
44 31
2	3	6	7	10	12	17	19	20	23	24	28	35	36	39	41	45	46	47	50	55	59	60	64	67	68	74	76	77	79	127
52 32
1	2	5	8	11	18	23	25	27	29	30	32	36	37	43	48	51	53	55	57	58	63	66	71	73	75	76	79	107	109	112	117
48 33
2	4	6	9	12	14	20	21	22	23	25	32	34	36	38	39	40	46	50	51	52	55	56	60	62	63	66	67	69	74	85	92	95
48 31
0	1	2	5	8	9	11	19	20	29	33	36	38	40	49	53	54	55	57	59	60	61	62	63	67	74	76	88	91	92	108
46 31
0	1	4	6	7	11	13	14	15	22	25	27	37	38	39	42	46	47	50	54	58	60	63	64	66	67	72	75	92	112	118
42 32
1	4	7	11	18	19	21	22	24	25	27	32	33	34	35	38	39	40	41	42	44	46	49	50	53	55	63	68	72	79	86	103
44 29
4	5	6	10	12	13	14	19	23	28	29	37	39	42	45	46	50	55	57	60	64	67	71	73	77	80	88	98	127
49 32
2	4	5	13	14	16	18	21	23	25	26	34	35	43	45	46	50	54	55	59	61	62	64	66	67	70	74	76	88	92	96	103
43 32
1	4	7	8	10	11	13	14	16	18	20	21	25	27	29	30	33	34	35	36	38	39	45	50	51	53	54	61	75	84	100	112
40 30
0	1	4	6	10	12	14	16	21	23	24	25	29	34	35	37	39	41	42	45	46	53	55	64	66	68	70	73	77	118
47 30
0	2	4	8	10	14	16	17	18	22	23	24	33	35	40	50	53	57	58	64	66	68	76	80	85	91	92	93	105	127
40 30
0	1	2	3	8	13	18	19	21	23	24	25	26	32	37	39	42	43	44	45	50	53	55	60	62	63	65	70	71	96
48 32
2	5	6	8	12	13	15	17	20	22	25	35	36	40	43	44	46	48	51	53	54	57	58	63	65	69	74	75	76	91	109	112
45 31
0	1	2	6	8	11	16	24	26	32	35	36	38	41	42	43	44	47	50	51	55	58	59	60	61	64	65	66	70	71	108
40 30
0	1	4	5	6	7	8	12	15	16	22	23	25	26	31	34	35	37	38	39	46	53	57	58	60	63	68	72	73	109
47 32
0	3	4	7	9	10	11	12	14	17	22	23	25	27	30	31	32	33	35	37	40	52	55	56	60	76	77	88	96	115	117	154
45 29
2	3	9	13	17	21	23	24	26	32	34	40	42	43	45	50	51	54	57	58	60	61	66	72	76	82	92	112	115
54 32
4	5	6	7	9	22	24	28	29	31	46	47	50	52	53	57	61	65	66	67	68	69	74	77	82	84	86	88	91	97	105	118
47 30
2	6	13	14	15	19	24	25	31	32	36	39	40	44	49	50	54	55	59	60	64	66	68	70	72	74	75	77	98	112
42 30
0	1	2	3	4	7	8	10	12	13	15	17	22	26	32	34	37	38	41	50	54	58	61	63	68	69	70	75	85	115
48 31
0	1	2	5	14	17	20	23	29	30	32	34	37	38	45	52	53	54	55	57	58	60	62	64	68	72	75	76	79	88	127
49 31
0	1	10	11	13	17	18	21	24	25	26	27	33	39	42	43	47	52	53	54	63	65	66	67	77	80	91	100	105	112	127
48 30
0	1	3	5	12	16	19	23	26	28	33	40	43	47	53	55	56	58	60	61	64	67	72	76	77	86	92	97	98	127
47 30
0	1	4	6	7	10	11	14	20	24	26	38	42	43	45	48	50	51	52	54	58	61	62	68	76	77	79	80	127	154
46 32
1	2	4	6	8	10	13	14	16	19	21	22	25	26	31	32	34	39	43	50	52	55	58	59	62	63	66	75	76	85	88	111
41 30
1	2	4	7	9	10	14	16	17	19	21	22	25	26	31	32	34	35	39	46	57	62	63	65	73	75	79	82	92	112
42 31
1	5	6	7	10	11	12	13	15	18	22	23	25	27	33	34	38	40	42	43	47	50	52	53	54	55	57	74	77	91	117
45 31
4	7	8	13	15	25	26	27	31	32	36	37	38	39	41	43	44	45	50	54	56	59	63	67	68	72	75	76	77	89	98
45 33
0	1	6	9	10	13	18	19	22	24	25	26	29	30	34	35	37	44	47	48	49	51	52	55	56	59	60	62	64	72	75	92	96
48 31
0	1	6	10	12	13	17	18	19	24	26	31	35	36	40	47	50	53	54	56	57	60	61	64	67	68	75	79	92	108	117
46 31
0	4	5	9	12	13	17	20	24	28	29	32	42	43	45	46	47	49	54	56	58	61	65	66	67	68	71	77	86	100	118
45 31
0	1	6	7	9	12	16	17	19	23	31	34	35	37	40	42	44	45	51	60	63	67	71	72	73	74	77	80	86	95	108
44 31
0	4	5	6	7	10	11	16	18	20	28	29	30	33	34	35	40	41	48	50	51	55	63	65	66	68	72	74	77	85	115
48 30
0	1	2	5	6	15	17	24	25	30	35	38	42	46	56	59	60	61	65	66	67	68	71	73	74	75	77	91	100	112
44 32
0	2	4	8	12	13	15	16	17	22	25	33	34	36	39	41	42	45	46	48	55	57	60	65	66	69	72	74	86	92	96	97
44 29
1	2	5	12	13	15	16	18	19	22	26	33	35	38	43	44	53	55	58	60	62	63	65	73	75	79	91	105	115
46 31
1	7	8	9	10	13	16	17	18	21	22	25	28	31	32	35	39	45	48	50	51	53	57	59	60	64	67	70	103	111	117
49 33
2	3	5	7	9	16	20	24	27	28	29	30	32	33	40	44	46	47	48	55	56	57	58	59	62	64	65	66	69	72	92	105	115
42 28
0	3	4	16	17	19	21	24	25	27	28	29	33	34	37	45	50	51	57	58	59	66	74	76	77	92	107	112
47 31
0	1	2	8	9	15	18	19	20	22	24	25	30	31	40	46	53	54	59	64	66	67	68	71	80	82	85	88	91	95	103
43 29
0	1	4	5	6	8	9	10	15	23	32	36	37	39	46	47	48	49	50	54	60	64	65	68	72	80	104	112	127
44 31
0	6	8	9	10	12	13	18	23	24	25	28	31	34	35	36	39	43	45	49	50	55	60	65	68	70	71	72	95	103	109
47 31
0	2	8	11	15	18	25	27	30	31	32	35	36	38	39	40	48	49	50	55	58	61	63	64	75	76	85	92	97	118	154
41 30
0	4	5	6	9	12	14	18	19	20	21	25	27	28	29	36	38	46	49	55	56	57	58	59	60	61	63	77	88	89
46 32
2	3	5	7	10	11	12	16	20	21	23	24	25	26	31	43	44	46	47	57	58	59	63	64	66	73	74	75	77	86	92	112
49 31
0	4	14	16	22	23	25	26	27	29	31	32	35	42	44	50	56	58	63	65	66	67	73	75	77	82	88	91	96	100	112
52 31
4	10	13	18	25	26	27	30	41	43	45	46	47	53	54	56	57	58	59	64	66	68	72	78	79	82	85	88	100	112	127
46 31
1	5	8	11	12	21	22	29	32	33	35	37	40	43	44	45	46	51	53	55	59	60	62	64	65	71	72	73	79	88	115
45 33
1	2	3	6	7	12	13	14	16	20	21	23	25	32	34	35	38	41	43	46	47	51	53	55	61	62	63	69	73	77	79	85	88
46 29
4	6	9	13	20	23	25	27	28	29	32	34	37	38	46	51	53	55	56	60	64	70	72	73	74	83	100	112	118
49 33
1	3	4	5	6	7	10	17	23	25	27	29	33	36	38	39	40	43	47	53	55	56	57	59	62	65	66	67	71	73	88	100	112
43 29
12	16	19	22	24	30	33	37	38	41	43	44	45	46	47	49	54	55	56	58	63	64	66	68	72	75	77	91	115
45 33
0	3	5	6	9	11	12	15	17	18	21	23	24	25	29	30	32	35	39	42	44	45	50	52	55	57	59	66	71	74	77	96	112
40 32
1	4	5	6	7	9	10	12	13	16	17	20	21	24	25	26	29	32	33	36	37	39	45	46	60	63	66	72	73	77	89	96
40 29
5	6	8	13	14	15	16	18	20	24	25	26	27	30	31	34	44	49	55	57	58	59	60	64	70	72	92	93	95
46 33
1	6	7	8	10	12	14	15	16	17	18	20	21	22	24	25	29	33	35	38	46	51	52	57	58	60	67	72	75	77	92	93	117
43 30
0	4	8	12	13	17	21	23	24	25	32	35	36	37	39	41	45	46	50	51	52	54	58	64	66	68	85	88	92	104
42 31
0	2	5	7	8	9	16	17	18	19	22	24	30	33	34	35	37	38	43	44	46	50	52	59	61	71	75	77	91	95	108
43 30
4	6	9	10	11	16	17	18	21	24	32	35	36	39	40	42	45	47	49	55	57	60	65	68	72	74	76	77	105	127
48 31
4	5	6	7	8	10	13	21	36	39	40	42	43	45	46	49	50	51	55	56	60	62	63	67	69	71	75	88	92	100	118
46 30
1	2	4	5	8	14	16	18	23	25	33	34	37	41	45	47	50	52	54	55	57	67	69	70	74	75	77	86	100	104
46 32
1	5	7	10	14	16	18	19	21	24	25	27	30	31	32	34	40	46	47	54	57	62	63	68	72	74	75	76	85	91	95	100
42 30
2	6	10	11	15	17	18	23	25	27	39	40	41	43	44	46	47	48	50	51	55	57	59	61	63	66	69	74	77	88
49 34
0	1	4	5	10	11	14	18	19	21	24	25	31	32	33	36	39	42	43	46	47	50	54	60	61	64	65	67	70	72	86	97	98	105
45 30
1	7	10	16	19	20	21	24	31	32	35	39	40	41	44	46	49	50	54	55	58	59	61	63	72	76	88	97	104	118
49 32
0	4	5	6	12	14	15	17	25	27	30	34	36	39	43	46	47	49	50	52	55	57	58	60	63	67	69	76	77	93	115	154
50 30
4	5	13	14	18	19	24	27	31	33	38	46	51	53	56	57	59	61	62	64	65	68	71	76	77	85	92	96	100	108
47 34
2	3	4	9	11	12	13	20	21	22	23	25	26	29	31	32	36	40	45	47	49	52	54	57	60	61	64	65	70	72	76	77	92	96
42 31
0	1	3	4	5	7	9	12	14	19	22	25	26	27	29	31	33	34	35	46	53	57	58	59	63	65	66	68	71	74	77
45 30
0	4	5	6	14	20	21	22	26	27	29	31	38	42	43	47	48	50	51	54	58	63	66	76	77	80	88	96	105	115
46 32
0	1	3	5	7	11	14	20	22	23	27	29	32	33	35	36	37	40	48	49	50	51	54	59	63	66	68	71	72	86	108	112
51 30
1	2	8	11	13	21	24	32	38	41	44	46	50	51	55	57	58	59	60	62	64	65	66	68	69	85	88	111	112	118
48 33
0	1	8	11	12	13	15	16	17	19	23	25	26	28	30	31	32	36	39	43	51	53	55	60	62	67	68	71	73	75	79	100	111
43 29
0	4	5	6	9	10	11	16	18	22	24	25	28	35	42	43	51	52	55	65	66	71	72	75	77	80	90	91	103
48 33
0	2	3	4	5	6	13	15	17	20	23	24	26	31	34	36	38	45	48	49	52	55	58	59	60	61	69	75	76	77	91	100	115
43 28
4	5	8	12	13	16	17	19	20	22	24	29	30	32	37	49	50	59	60	61	64	69	74	76	91	108	109	111
37 28
0	1	2	3	4	5	8	10	11	13	24	25	29	32	37	38	44	45	48	50	52	54	55	57	66	71	74	84
47 29
3	6	11	13	17	18	19	25	28	31	35	36	40	45	51	54	55	56	58	63	66	75	79	83	86	92	98	100	105
47 31
6	7	9	10	13	16	18	20	24	25	27	28	29	31	39	43	45	46	50	51	55	56	57	66	68	77	80	85	88	103	154
47 31
3	5	12	13	15	20	22	24	26	28	33	36	37	40	42	44	45	47	52	54	59	71	73	74	76	77	88	91	105	108	112
49 30
0	4	5	6	9	19	25	27	30	31	36	46	47	50	52	54	58	60	61	63	65	69	76	79	86	88	91	92	103	105
45 30
3	5	6	9	12	14	18	19	20	23	29	30	35	40	42	47	49	51	52	54	55	58	66	75	77	86	91	96	104	127
47 32
1	4	5	8	9	10	11	13	16	20	21	24	25	29	35	37	40	41	44	53	56	58	60	65	69	71	73	76	80	88	104	112
50 33
2	3	4	5	10	12	14	17	20	22	25	27	29	32	33	35	40	46	47	51	56	57	59	63	64	66	67	72	79	92	103	105	107
49 31
1	9	10	13	18	19	20	26	28	31	32	33	34	35	37	42	45	46	55	59	63	65	67	70	72	73	77	100	103	108	154
41 30
2	3	4	6	12	13	15	16	21	23	30	32	33	34	35	38	42	43	46	49	54	55	62	63	66	70	74	77	88	108
38 29
1	2	4	6	11	14	15	18	24	25	29	30	32	35	37	39	40	42	43	49	51	53	54	55	60	63	67	73	86
42 30
1	6	9	13	14	15	16	17	24	25	27	29	30	31	34	35	36	40	41	49	52	55	61	63	64	65	69	80	111	115
53 32
6	8	9	12	16	20	25	32	34	39	41	43	45	47	48	51	52	55	57	59	63	66	68	70	71	73	88	92	96	105	118	154
42 29
0	4	5	8	10	13	15	18	22	24	31	33	35	40	44	46	48	52	54	57	60	63	68	70	72	86	92	95	127
42 30
0	1	2	5	6	8	15	16	18	20	21	23	30	33	35	36	40	41	46	52	55	61	65	66	67	74	83	85	96	115
40 29
1	2	4	5	6	7	8	9	13	14	16	17	18	19	25	29	32	40	44	56	59	61	71	73	74	76	80	85	104
46 32
0	1	3	6	10	11	12	17	20	23	25	31	32	34	35	36	38	46	48	49	51	54	55	62	65	70	73	79	96	97	103	112
49 31
2	4	9	11	18	25	26	28	29	30	33	34	37	45	46	47	48	50	55	56	57	59	73	75	79	80	96	97	98	103	154
46 31
7	8	9	12	14	17	18	19	22	23	24	29	30	32	33	37	42	43	47	52	55	57	59	60	71	73	84	86	91	127	154
45 30
0	1	4	6	13	14	15	18	20	24	25	27	30	31	32	41	42	49	51	52	57	58	60	67	70	73	84	98	109	117
42 30
1	2	3	8	11	12	13	15	16	22	23	25	28	33	36	40	41	42	48	49	54	55	58	63	66	67	75	92	103	108
47 31
2	4	9	14	17	19	20	21	23	24	27	28	33	34	43	46	47	51	52	60	61	65	66	68	72	75	76	77	82	103	115
46 31
1	3	8	10	11	13	14	20	23	25	32	33	35	37	43	44	46	48	49	51	52	59	65	66	72	75	76	79	98	105	112
48 32
1	2	5	7	14	15	17	20	21	22	24	25	26	28	35	38	40	45	54	55	57	58	59	72	75	76	84	92	93	96	100	107
42 30
1	3	6	9	11	16	21	22	24	25	27	29	31	32	34	39	40	46	47	54	55	57	58	60	61	62	74	85	86	104
48 30
0	1	2	4	7	11	13	20	25	29	33	38	41	45	49	56	58	59	62	63	66	73	75	82	83	88	91	95	107	154
55 33
0	2	7	19	25	26	31	32	33	34	36	37	38	44	45	48	51	53	54	63	64	65	66	73	75	76	90	97	98	105	107	109	112
44 30
0	4	5	6	7	16	18	19	21	24	27	35	36	39	41	42	48	49	53	54	56	72	74	75	76	79	88	90	112	118
48 32
1	3	5	8	11	12	13	17	19	21	22	24	25	37	38	41	42	47	53	54	58	60	62	64	69	70	77	85	91	92	108	117
49 30
0	2	6	8	19	23	24	25	28	30	32	35	48	50	55	57	59	62	67	69	75	76	80	82	84	85	88	92	100	107
41 31
0	2	7	12	13	14	15	17	19	20	21	22	23	24	25	27	30	31	32	38	40	52	54	55	62	67	68	71	76	82	92
48 32
2	6	7	9	10	11	15	23	25	26	27	30	32	41	43	47	48	49	51	60	61	62	66	68	73	74	75	76	86	96	109	112
45 30
3	5	6	8	9	11	12	14	16	18	20	22	37	40	46	49	51	55	59	62	64	65	66	68	71	72	77	85	96	108
41 30
1	2	5	6	7	9	15	16	17	19	24	25	30	31	32	34	35	36	38	41	47	50	64	65	68	75	82	91	107	117
48 31
0	4	6	8	10	12	13	22	25	27	29	32	33	37	43	49	51	52	54	55	56	58	59	66	71	72	77	89	91	104	115
46 32
0	2	7	8	14	15	18	19	22	23	25	27	30	34	35	37	38	39	43	46	48	53	54	55	56	65	71	76	78	82	100	154
45 31
4	5	6	7	8	9	13	16	17	21	22	25	27	28	29	37	44	47	50	52	53	55	56	60	68	69	80	88	89	91	109
45 31
10	11	15	16	17	19	20	21	22	23	24	25	32	40	43	44	46	50	53	55	57	59	60	63	65	69	75	76	77	90	92
46 31
1	2	3	4	6	7	11	19	31	32	33	35	36	39	40	42	45	46	48	51	54	61	66	68	70	71	74	96	105	108	112
41 30
0	1	4	6	12	13	15	16	17	20	25	28	34	35	36	45	46	48	49	51	53	56	58	60	66	74	76	77	78	86
45 29
4	5	7	13	17	19	23	25	27	29	30	33	34	46	49	53	57	58	59	62	63	64	68	73	79	88	92	98	100
48 32
6	9	10	11	12	16	19	20	26	31	34	35	37	39	41	42	45	48	49	57	58	61	65	69	73	78	82	85	88	104	112	115
49 30
0	2	4	9	18	21	23	32	34	38	39	40	45	46	47	52	53	54	55	57	62	64	66	72	79	91	98	105	111	118
42 29
3	4	10	16	19	21	22	24	25	31	35	36	37	45	46	48	49	50	51	54	55	57	59	66	74	77	85	88	107
46 33
0	1	5	6	7	9	10	12	15	17	22	23	28	31	33	35	36	37	39	46	48	52	53	55	56	57	60	65	68	76	77	85	118
44 31
0	1	2	5	8	14	16	18	22	23	25	28	32	33	35	40	41	46	48	53	55	58	60	61	64	65	67	76	77	91	105
43 30
0	2	3	5	7	9	10	19	20	22	24	25	32	38	43	44	48	50	51	54	55	58	65	71	72	74	75	76	77	80
45 30
2	4	7	8	12	15	18	19	20	21	24	25	26	27	39	40	41	45	54	63	65	66	72	76	85	88	92	98	111	112
45 32
2	4	10	12	15	16	17	19	20	22	23	25	27	29	32	33	34	39	40	43	51	55	58	60	63	65	71	73	76	79	92	111
44 29
4	9	17	21	22	24	26	27	32	33	37	43	46	47	49	50	52	56	57	60	61	62	65	67	71	72	84	92	108
50 31
0	1	5	11	13	24	27	32	34	36	42	43	45	46	47	53	54	55	58	60	61	62	64	66	76	91	92	93	107	108	112
41 31
1	7	8	9	10	13	16	18	19	20	21	22	24	25	26	29	33	34	37	44	49	50	51	55	62	64	66	71	72	79	86
50 32
2	5	7	9	12	15	18	25	28	31	33	39	41	46	48	49	53	56	58	60	61	64	65	68	72	73	74	75	91	92	107	112
48 31
4	5	8	11	20	21	22	25	26	27	29	30	40	41	42	45	47	55	58	61	63	67	69	72	73	88	91	92	109	111	112
45 31
0	2	7	8	14	19	21	23	24	25	34	35	40	44	45	46	48	50	51	53	55	58	63	64	66	69	71	73	74	76	92
49 32
3	4	5	7	9	12	18	19	25	29	33	34	37	38	45	48	49	50	54	55	57	63	64	66	68	71	73	76	79	93	108	117
43 31
2	4	7	9	12	14	15	16	17	19	20	25	28	30	32	35	37	41	43	51	53	54	56	57	68	70	73	75	76	77	95
50 32
6	7	10	11	18	19	20	21	25	26	33	35	38	44	49	51	52	54	57	58	59	60	64	68	75	79	80	91	92	95	96	112
43 28
2	4	6	9	10	11	12	13	17	20	21	24	34	38	45	52	55	57	60	62	68	73	74	75	88	93	100	118
48 31
2	3	4	5	13	14	15	21	25	28	30	31	39	41	44	49	52	55	58	63	68	70	71	74	75	77	90	95	97	100	111
45 30
6	8	12	13	14	16	20	21	25	26	32	38	41	42	45	48	50	51	53	55	58	59	60	62	64	71	72	77	92	105
45 32
0	1	4	7	14	17	18	19	20	24	25	26	27	30	32	37	40	42	45	46	50	57	59	60	61	63	66	68	71	80	86	104
44 29
1	2	3	6	7	9	15	22	25	28	30	31	32	38	41	43	50	51	54	58	60	63	66	68	70	72	74	111	117
48 30
0	2	4	5	14	19	23	27	28	34	36	39	47	48	50	54	55	57	58	61	66	68	70	75	76	86	92	96	104	115
49 31
2	5	9	20	21	30	32	33	35	36	37	39	44	48	49	51	52	54	56	59	60	61	63	64	68	75	76	77	79	112	115
45 31
0	1	2	6	8	11	12	13	18	21	22	24	25	27	30	34	43	44	45	51	53	56	60	66	73	74	75	76	91	100	112
46 31
0	4	7	8	9	10	13	17	21	26	28	30	31	34	37	42	43	45	50	53	54	55	57	60	65	66	71	72	77	100	118
41 31
2	5	7	10	11	13	15	19	21	22	23	25	34	35	40	41	44	46	47	48	49	55	59	60	63	65	66	70	72	77	92
41 29
1	4	7	8	9	10	11	12	14	15	18	21	26	27	31	32	35	39	42	51	52	53	54	62	68	72	76	112	115
49 35
0	2	3	4	5	7	14	16	17	19	20	21	23	25	30	31	33	34	38	41	44	53	56	59	64	66	68	70	72	75	76	77	83	84	90
44 30
2	6	7	8	10	13	15	17	18	22	29	37	38	41	43	44	45	46	49	50	51	57	58	70	76	78	83	98	112	127
44 31
3	11	12	13	20	21	23	24	25	26	29	32	33	37	38	42	44	45	46	54	55	57	58	59	62	66	75	77	88	91	112
40 33
1	4	5	7	10	13	16	19	21	22	25	26	27	29	31	32	33	34	37	38	39	40	44	46	48	49	51	52	53	58	60	72	83
43 31
0	1	8	12	17	20	21	23	25	26	29	32	33	35	36	37	41	44	46	49	51	57	59	60	62	63	67	71	72	88	112
46 30
0	2	5	6	7	11	14	18	19	20	21	22	38	43	46	47	52	53	55	58	62	67	70	73	75	76	77	88	115	117
43 30
0	1	3	5	10	12	15	16	17	21	24	26	31	33	42	43	45	47	52	53	55	62	64	66	67	68	72	83	89	127
49 30
10	14	16	19	20	22	26	29	33	35	46	48	49	53	55	57	59	64	66	67	69	70	75	80	83	86	92	93	105	127
49 32
5	6	8	13	20	21	27	29	34	35	36	37	39	45	46	47	49	50	51	52	53	58	60	61	64	65	76	80	91	92	112	127
46 31
2	5	7	9	15	16	17	18	19	20	21	22	23	25	29	30	33	35	50	52	53	55	57	60	65	66	69	72	85	98	117
46 31
0	4	5	7	9	10	14	19	22	23	28	31	33	40	43	46	47	48	52	59	60	63	68	70	73	75	77	96	97	100	108
46 30
1	4	5	8	15	16	17	18	20	26	30	37	42	46	47	51	52	55	56	58	61	63	64	65	66	68	69	73	75	115
51 33
0	8	11	12	13	14	17	21	23	31	36	37	38	40	43	44	45	46	50	51	52	55	58	60	63	67	72	74	88	91	104	107	118
44 32
6	9	10	11	14	16	17	18	20	21	23	25	28	29	33	37	43	44	45	49	53	55	56	57	59	60	67	68	74	75	76	92
47 31
0	1	2	4	5	9	12	15	19	22	23	27	30	31	34	35	46	52	53	58	63	64	66	67	69	71	73	74	77	98	118
52 32
0	2	5	8	12	13	15	16	23	32	37	40	41	48	49	50	51	52	55	56	60	61	64	65	71	77	79	80	95	104	105	118
43 28
2	4	5	8	13	18	25	27	31	32	37	39	40	46	50	52	54	57	61	63	64	65	71	76	77	86	88	108
45 30
1	4	6	8	10	13	16	19	21	24	25	28	36	42	47	48	50	54	56	57	60	61	62	69	76	77	79	85	88	112
45 33
2	3	4	6	8	12	18	19	21	23	24	25	27	31	33	37	41	43	46	47	49	52	55	59	60	61	65	70	72	77	82	85	93
43 29
0	6	10	13	18	25	27	28	31	32	36	38	41	42	46	50	51	55	58	61	62	64	66	69	77	80	88	91	96
43 30
0	1	4	6	7	9	10	13	15	18	20	22	24	26	30	33	34	45	54	55	56	62	70	72	74	75	76	82	85	115
47 30
1	2	3	4	5	9	11	15	17	23	25	26	29	35	40	51	54	56	59	61	62	63	64	66	75	79	88	93	100	127
42 30
0	4	7	13	15	22	23	24	25	26	27	29	31	32	35	37	39	40	45	51	54	58	65	66	71	74	77	88	92	104
46 30
0	3	5	6	7	8	12	13	15	16	25	26	34	38	42	45	48	50	51	52	53	56	77	83	89	92	95	96	108	154
52 34
1	3	5	7	9	11	14	20	21	25	26	27	29	31	35	37	41	49	52	53	54	60	61	64	69	72	73	74	75	77	80	86	112	118
50 31
1	2	4	11	13	20	22	23	26	29	30	32	40	46	49	50	51	54	56	61	64	65	66	67	69	70	82	96	112	117	118
46 30
4	6	10	13	17	18	19	20	22	23	26	32	37	40	44	46	49	54	56	57	61	63	65	68	70	76	89	104	108	117
49 31
0	2	3	4	8	12	16	19	21	25	34	35	38	44	45	48	54	55	57	59	62	63	64	69	71	73	80	85	86	117	154
43 30
0	1	2	8	9	10	11	14	17	19	23	25	29	30	34	35	37	45	50	52	54	55	57	58	62	66	70	71	90	104
48 34
1	7	8	10	14	15	16	19	20	21	23	24	25	26	27	31	37	38	40	42	44	45	50	51	54	55	60	65	66	72	76	85	98	112
42 31
0	1	4	9	11	12	15	18	20	21	22	26	27	29	32	34	36	37	38	43	47	50	52	53	54	55	58	59	70	75	108
41 30
1	2	5	6	7	10	14	16	18	19	20	21	22	23	25	28	31	34	42	44	50	53	55	57	62	71	76	84	88	105
44 31
1	3	4	12	15	17	20	22	23	25	26	28	32	33	39	40	42	43	46	57	59	63	66	67	68	71	73	75	79	88	112
48 31
0	1	10	16	17	19	22	23	24	25	30	31	35	37	41	45	52	55	58	59	64	66	68	70	73	74	75	78	82	104	111
45 32
0	2	5	6	9	12	14	15	18	22	23	24	25	26	30	34	45	46	47	48	53	54	55	59	63	66	67	69	76	79	92	100
48 32
0	7	8	9	10	11	12	13	14	25	27	30	31	32	35	36	37	42	48	54	57	58	59	66	72	73	74	90	96	100	109	112
42 30
0	2	4	12	13	14	15	16	19	21	23	25	30	32	33	38	39	43	44	50	55	58	71	73	74	75	76	92	97	104
40 32
1	3	4	5	7	8	10	12	13	14	16	19	24	25	26	31	34	37	41	42	43	45	46	49	51	55	60	63	66	68	77	86
45 28
4	5	8	10	13	16	17	19	37	39	41	42	50	51	58	61	63	64	66	67	68	69	71	72	77	88	91	118
41 31
0	3	4	5	6	8	10	19	21	24	26	33	37	39	40	43	44	45	46	47	48	49	54	55	60	65	72	73	74	77	127
48 33
0	2	7	10	12	15	16	22	24	25	29	30	32	33	35	36	39	40	47	52	55	56	57	58	59	65	67	72	73	74	76	77	98
51 32
5	6	9	10	13	15	16	17	19	23	24	27	31	32	35	41	45	49	51	55	56	59	60	62	63	69	70	95	100	105	115	154
53 31
1	4	6	8	12	21	26	31	33	34	41	45	47	50	53	54	58	64	65	67	68	69	71	73	80	86	91	103	104	107	108
47 32
1	4	5	6	10	19	21	24	26	28	29	31	39	41	43	45	46	47	54	55	57	59	66	68	70	73	75	85	86	91	92	118
47 32
0	1	12	13	17	18	20	25	30	31	35	36	37	38	41	47	48	51	52	53	54	55	64	65	66	68	70	71	73	75	91	97
49 34
3	5	6	7	13	15	20	22	24	25	27	31	32	33	35	37	39	42	43	48	49	53	57	62	63	69	70	71	76	79	91	92	100	112
44 32
5	6	7	8	9	10	11	16	18	19	20	21	22	23	25	30	35	37	46	49	50	52	55	57	61	66	71	73	77	85	89	96
48 30
3	4	9	10	11	12	13	19	22	28	33	37	43	46	53	55	56	58	60	62	65	69	75	76	80	82	90	91	115	117
47 32
2	4	5	9	11	14	19	20	21	25	29	30	31	32	33	40	41	45	50	55	56	58	59	60	61	62	63	64	65	70	72	109
45 28
0	1	4	7	9	16	19	21	22	25	27	28	35	36	48	51	54	57	58	61	66	75	89	92	98	104	108	112
48 30
0	13	18	20	21	23	25	27	30	31	34	35	38	39	42	47	49	52	60	63	64	66	71	76	88	100	104	109	112	127
49 31
3	4	10	11	13	15	19	20	24	26	33	39	40	43	45	49	53	56	57	59	60	62	66	74	85	91	95	96	109	112	115
43 33
0	1	2	3	4	9	10	11	12	15	16	22	25	29	32	33	36	37	39	40	41	44	47	55	60	72	74	88	91	92	93	95	96
47 31
4	5	9	11	18	20	21	22	23	25	26	27	33	34	40	45	49	52	53	54	57	61	65	66	71	72	76	77	90	91	154
45 31
0	2	6	8	12	13	18	19	22	24	26	28	29	30	32	33	38	44	51	54	55	56	57	58	59	60	72	73	88	92	127
50 32
0	1	2	8	9	14	16	18	22	35	36	39	40	41	45	47	51	52	53	55	56	58	60	63	66	72	73	74	79	84	107	127
45 30
0	8	9	10	13	16	20	28	30	31	34	37	38	40	42	43	44	51	55	60	62	65	66	68	73	78	88	91	104	108
48 32
0	4	8	11	14	17	19	20	21	22	24	25	26	27	31	35	39	50	52	53	54	56	59	60	61	62	64	75	76	90	92	118
49 33
0	4	12	13	14	15	18	19	21	22	25	26	29	30	31	34	45	46	51	52	57	58	62	63	65	67	69	73	75	83	88	90	117
46 31
4	5	10	11	12	19	21	24	25	27	34	36	37	38	42	43	44	45	46	50	54	57	59	60	63	65	67	72	88	107	154
46 30
0	2	3	5	11	12	17	19	22	24	27	30	35	43	46	48	54	55	57	59	60	61	62	68	71	80	88	91	112	118
51 33
0	2	3	4	7	11	12	15	16	20	25	30	31	32	36	46	54	55	57	60	61	62	63	66	67	68	70	72	74	86	91	92	100
51 32
1	2	5	7	12	15	16	18	19	20	24	25	36	46	49	51	52	53	54	55	58	60	61	63	64	65	66	69	75	77	107	117
48 33
2	3	4	7	8	9	21	24	28	31	32	33	34	37	38	40	42	43	44	47	54	56	57	61	66	68	73	79	92	93	96	98	127
43 30
1	2	3	6	8	13	15	18	20	22	24	25	36	37	40	44	46	49	51	55	56	59	60	64	65	72	77	88	93	112
45 30
0	1	2	10	13	16	21	23	24	28	30	32	40	41	43	44	50	51	52	55	57	63	65	66	75	76	79	84	96	127
48 31
1	4	6	7	10	12	15	20	21	25	27	30	32	34	39	40	49	51	54	63	66	67	69	70	71	75	76	89	90	111	154
42 27
0	1	2	3	4	6	8	12	18	21	24	37	38	40	47	50	65	66	68	71	75	85	88	91	108	109	112
42 27
1	4	5	8	9	10	13	16	17	18	19	22	31	32	40	48	52	53	64	68	70	73	74	76	104	108	154
44 28
0	3	4	10	13	16	19	21	25	28	36	39	43	45	49	50	54	61	63	68	72	76	79	88	91	97	109	154
47 31
0	5	13	16	21	22	23	25	27	28	31	36	38	39	40	42	49	51	52	55	57	58	60	62	63	75	86	90	91	117	118
44 31
0	2	6	11	12	14	15	19	22	24	25	27	33	34	35	38	40	41	44	46	51	52	55	59	69	70	72	77	78	95	154
46 31
2	7	11	16	17	19	21	23	24	32	34	35	40	41	44	45	46	50	53	54	55	57	63	68	71	72	74	77	80	86	118
51 33
1	2	3	6	11	12	18	22	24	25	27	30	34	40	43	47	50	53	54	56	57	61	63	64	65	66	70	72	76	80	82	93	112
50 34
0	1	6	10	13	15	17	19	21	23	25	29	33	34	35	37	38	39	47	50	53	55	58	60	61	64	66	68	69	89	91	92	97	109
44 30
2	3	6	8	9	12	15	16	21	23	25	27	32	35	37	39	42	50	51	53	55	56	57	61	66	68	73	76	92	112
47 34
2	3	4	5	8	9	11	12	15	20	22	24	28	32	36	37	39	40	42	43	45	46	49	51	54	55	56	59	60	72	79	88	109	115
47 29
4	6	8	12	22	26	29	30	31	40	43	47	50	51	58	59	60	63	64	65	67	69	70	88	89	91	92	96	108
47 30
4	6	7	9	10	11	18	19	21	26	35	36	37	46	49	51	53	55	57	60	66	69	71	72	75	77	85	91	112	115
42 29
0	2	3	4	6	7	8	11	12	13	14	15	24	26	28	29	31	36	50	51	56	61	65	66	75	76	77	100	118
50 34
0	2	3	4	7	8	14	15	19	20	21	24	28	30	31	32	34	38	42	46	49	51	65	75	77	79	80	85	91	96	97	100	108	111
48 30
2	7	11	13	14	17	20	21	22	32	38	41	42	43	47	48	54	55	56	59	63	70	72	79	91	92	98	100	108	111
47 32
0	5	7	8	11	12	13	17	19	21	25	30	31	35	36	41	45	48	54	55	57	59	60	62	63	65	73	78	85	86	91	111
50 31
7	11	12	14	16	19	20	23	24	28	29	30	31	35	46	54	55	57	58	59	60	67	69	70	72	74	75	82	98	104	118
45 27
1	4	7	8	10	16	17	22	24	34	38	41	43	51	52	54	57	63	66	71	74	77	92	100	105	107	108
46 31
1	3	8	12	13	14	16	17	18	19	23	24	27	29	30	41	43	45	50	52	55	56	66	69	70	71	75	77	96	108	111
43 29
0	2	3	4	5	6	8	11	12	15	16	20	21	30	38	39	49	51	53	55	58	63	66	76	80	91	92	104	127
44 33
1	4	5	7	8	9	10	12	17	18	19	20	21	22	25	26	27	30	31	32	38	46	52	56	57	58	63	68	70	71	73	76	77
46 35
0	1	3	4	6	8	9	10	14	15	17	23	25	26	27	28	34	36	38	40	44	45	46	47	49	50	51	54	55	62	63	69	70	79	105
43 29
4	9	13	18	23	25	26	27	29	32	34	37	38	39	43	45	50	54	55	58	61	65	66	70	72	74	77	85	104
47 33
1	3	5	6	7	15	16	18	19	21	23	26	27	28	29	30	32	33	41	44	45	50	54	55	61	63	71	76	85	88	91	117	118
46 32
0	4	5	6	8	15	17	18	20	27	28	32	34	37	40	41	42	44	45	49	50	51	58	66	68	71	72	76	91	96	104	118
48 31
5	8	16	17	19	22	24	27	29	30	33	45	47	48	49	50	52	53	55	57	58	59	62	63	64	66	67	69	72	75	118
47 32
0	2	3	4	5	7	10	11	17	18	20	23	24	25	27	29	35	37	44	50	51	54	56	61	62	64	66	67	68	72	75	154
44 30
2	3	4	5	7	10	11	16	18	21	23	25	34	35	39	42	49	50	51	53	55	56	58	63	65	71	73	76	77	112
40 30
6	7	8	9	10	11	12	15	17	18	20	21	24	25	40	44	45	46	48	49	50	52	55	57	72	74	76	88	91	92
41 30
1	2	4	7	8	11	12	13	16	17	24	25	29	31	37	44	45	46	48	50	54	57	58	60	64	71	75	86	88	92
47 32
0	1	5	6	8	9	11	12	16	17	19	21	23	24	27	30	34	37	40	43	45	60	63	65	68	70	73	92	109	111	117	127
51 33
2	3	4	10	12	16	18	20	24	35	36	38	41	42	43	44	47	52	60	62	63	64	67	70	71	72	73	74	75	77	82	112	118
46 33
1	3	4	6	7	9	10	12	13	15	16	17	19	26	29	34	38	39	43	48	49	50	51	56	57	59	61	64	73	74	96	97	127
46 30
4	5	7	8	9	14	15	19	22	25	26	31	35	40	43	48	51	53	54	56	58	59	61	74	75	76	86	92	112	115
45 31
3	4	5	8	12	13	16	17	25	26	30	32	39	40	41	46	49	51	53	54	58	60	63	64	70	71	73	74	76	77	80
47 30
1	4	7	8	17	23	24	25	27	28	32	33	35	36	39	40	50	51	54	55	58	61	62	64	67	76	86	96	108	154
41 31
1	2	5	6	8	10	13	14	16	20	21	23	25	30	31	32	35	36	39	40	42	50	53	54	55	58	60	63	67	73	79
40 30
1	4	5	8	10	13	14	15	16	17	25	29	33	34	36	37	41	44	45	49	50	51	53	60	64	67	68	69	72	91
47 32
1	3	10	13	15	16	17	20	25	33	37	40	41	43	44	45	46	48	53	54	56	58	66	72	74	76	79	80	82	88	95	107
43 31
0	4	6	8	9	10	13	15	23	25	28	29	30	32	35	37	40	45	47	49	50	51	54	55	60	69	76	85	92	96	127
39 30
3	4	6	7	10	11	13	17	19	20	21	24	25	26	33	34	36	38	40	45	46	48	57	58	63	71	77	82	88	105
52 31
1	2	5	7	8	11	15	16	18	25	26	35	42	48	49	50	51	52	53	54	59	62	66	68	80	85	93	105	109	112	154
45 32
1	2	4	5	14	16	18	22	24	25	26	28	29	30	31	42	45	47	49	50	51	55	56	59	60	63	64	68	73	75	77	91
45 29
0	4	6	9	10	14	15	16	17	23	26	28	29	35	41	45	48	55	57	62	66	68	73	77	86	98	100	111	127
40 29
0	2	4	5	6	7	9	12	15	16	17	20	25	26	27	34	38	39	44	46	56	58	64	67	72	73	78	104	112
40 31
1	2	6	8	10	12	13	14	15	19	20	21	22	23	24	25	26	32	33	37	38	44	49	54	57	60	73	76	88	95	112
46 32
2	4	8	12	13	16	17	18	21	22	24	26	27	32	33	34	36	42	48	56	57	59	60	62	64	73	74	76	77	85	91	127
45 30
0	4	12	15	16	18	20	22	24	25	29	31	38	39	45	50	56	60	61	63	67	69	71	73	74	76	80	84	88	92
48 30
4	6	13	15	20	22	23	27	30	32	34	35	39	40	43	47	51	54	56	60	63	66	67	69	72	74	92	111	118	154
38 28
0	4	6	7	8	10	11	12	13	16	21	22	23	24	25	34	38	39	42	50	54	55	60	63	72	79	92	103
46 32
1	3	5	8	9	12	13	14	17	19	24	25	28	29	30	33	35	36	37	45	55	66	67	68	72	73	77	79	85	91	100	103
44 29
0	10	14	15	18	19	22	23	25	26	28	32	33	35	39	46	50	51	54	56	59	60	64	67	72	74	77	98	112
43 30
0	1	4	5	6	8	10	12	15	17	19	21	25	31	32	35	38	41	46	55	59	61	63	66	67	73	75	77	105	117
42 31
0	3	4	5	6	7	8	10	12	17	20	21	22	23	25	28	29	31	34	35	39	50	61	63	65	67	71	72	74	96	117
46 29
7	11	12	14	18	21	23	24	25	28	30	35	36	38	40	51	52	53	54	55	63	73	75	76	92	95	100	103	115
42 30
0	4	5	10	16	17	19	20	24	25	26	29	31	34	38	41	44	46	54	59	61	62	68	69	75	76	78	79	85	91
40 29
1	2	4	13	16	17	19	21	22	23	24	25	26	28	32	33	38	39	41	52	53	60	62	65	71	74	75	85	127
50 31
4	6	8	14	17	18	23	26	31	40	45	47	48	49	50	51	53	54	55	56	63	65	66	70	71	72	75	78	83	105	108
43 31
3	4	6	7	8	10	11	12	15	17	24	25	34	35	36	37	38	44	45	46	50	57	58	60	63	64	70	73	75	86	117
45 33
3	4	5	6	7	9	10	12	15	16	18	21	23	25	30	32	33	34	39	42	47	50	53	55	56	57	62	68	74	76	78	85	93
43 28
0	1	4	5	6	10	11	13	17	18	24	42	43	45	50	54	57	61	64	65	66	71	74	75	76	77	91	108
48 33
1	2	4	5	6	15	18	20	24	25	26	27	28	30	32	40	42	43	48	49	50	51	54	56	57	61	65	66	69	76	92	105	112
40 29
1	2	4	7	8	10	18	19	21	22	24	25	32	33	34	37	38	39	41	43	46	50	62	75	83	88	107	112	118
47 31
1	2	4	9	16	17	19	21	22	28	30	34	35	40	41	45	47	50	51	53	54	57	61	65	69	72	74	79	91	98	127
42 31
1	2	3	5	6	7	8	13	16	20	21	22	23	24	25	27	35	37	44	47	49	51	53	55	62	64	75	79	91	92	111
44 31
0	1	2	4	5	7	10	11	18	20	23	24	25	29	35	39	42	46	48	50	51	54	55	61	63	66	67	79	85	97	107
45 29
0	1	4	8	12	18	20	21	24	26	28	30	40	42	45	50	54	55	56	65	69	71	72	75	76	84	91	98	115
48 31
4	6	7	9	10	15	16	18	19	20	23	27	29	30	33	34	48	49	51	58	63	64	66	68	72	88	92	100	108	112	117
48 31
2	7	10	11	15	17	18	22	23	28	30	32	33	35	40	43	45	46	51	58	60	63	64	66	71	74	77	88	112	127	154
51 34
3	6	9	10	12	13	15	16	20	21	25	33	34	35	40	42	44	45	50	51	53	54	55	56	57	65	72	74	76	77	80	91	97	100
38 29
0	4	5	6	7	10	13	15	18	19	20	21	23	24	25	26	29	30	37	38	45	50	54	55	66	70	74	88	109
46 29
0	2	6	7	9	11	13	17	19	22	27	28	33	34	45	46	51	53	58	60	66	72	74	77	83	98	100	108	117
50 31
4	9	13	14	18	20	21	22	24	25	26	31	33	42	47	49	50	57	60	62	64	72	75	79	91	92	93	100	105	111	127
46 31
2	3	7	9	14	16	19	20	22	25	27	29	33	40	43	44	45	50	52	54	55	57	59	61	67	76	77	88	91	96	112
45 33
1	2	5	6	9	12	14	15	22	23	24	27	28	34	35	36	37	39	41	43	45	46	52	55	57	60	61	63	68	73	91	92	127
47 31
0	1	7	11	12	13	14	16	17	21	25	29	31	38	39	44	45	52	54	58	62	64	66	72	73	76	88	95	96	98	108
44 30
0	4	6	8	16	20	22	23	25	27	28	29	32	37	44	48	49	50	51	55	56	60	67	71	79	85	91	92	96	117
49 32
1	4	5	6	8	23	25	27	28	30	31	32	37	39	42	43	48	50	51	53	58	65	67	68	69	71	72	76	80	88	100	117
40 30
0	1	4	6	7	16	18	19	21	22	24	25	26	27	28	30	31	36	47	49	50	58	59	60	61	65	80	82	88	90
43 27
1	2	4	5	11	13	16	19	21	23	37	43	46	50	53	54	55	58	61	65	66	71	72	83	88	108	112
45 31
0	4	6	7	8	12	15	17	20	23	25	29	34	36	37	38	45	46	49	51	52	54	58	67	70	74	76	77	91	104	109
45 29
4	6	7	13	14	16	17	25	29	31	34	35	37	39	40	45	50	52	54	58	63	71	73	75	86	92	105	109	112
44 32
0	1	3	4	8	9	11	13	15	16	21	22	23	25	26	27	28	32	38	46	49	51	53	55	60	62	63	66	68	77	89	100
50 32
5	7	10	16	21	24	25	26	30	31	34	35	37	40	45	46	49	52	57	59	60	62	63	64	66	72	74	79	84	100	109	112
43 29
0	2	7	8	9	15	21	22	25	26	27	29	30	32	33	35	41	49	53	56	57	60	63	68	70	90	95	98	154
44 29
0	4	7	11	16	17	21	22	26	27	28	36	43	46	47	50	54	58	62	63	66	69	72	74	76	77	88	91	108
50 32
4	7	8	9	10	12	13	21	25	31	32	33	34	44	46	50	53	55	57	58	61	62	64	65	66	68	80	88	89	91	92	100
47 32
1	2	5	7	13	14	18	19	20	25	30	31	33	34	39	40	43	44	48	53	54	55	57	58	62	63	66	68	75	92	103	109
52 33
3	4	8	15	17	21	28	30	32	35	38	39	42	43	46	50	52	57	58	60	62	63	67	68	70	74	77	80	83	85	86	91	115
44 30
1	6	7	12	13	15	24	25	28	32	33	37	38	39	41	43	45	46	48	54	61	66	71	72	74	76	91	95	100	154
45 31
5	6	7	10	11	13	16	18	19	21	25	29	31	32	34	35	37	48	50	53	57	59	60	62	64	69	70	72	75	77	112
46 29
3	4	8	12	13	14	18	22	25	27	29	39	40	46	50	51	52	55	57	58	60	63	65	69	75	76	77	100	105
49 30
0	1	6	9	11	14	16	19	22	27	29	31	33	40	45	50	61	63	66	68	71	72	74	75	82	83	88	117	127	154
45 30
2	4	7	13	16	21	23	25	27	31	33	35	37	38	39	42	45	50	52	59	60	63	68	69	70	75	88	93	100	117
49 32
2	3	6	8	12	14	17	23	25	26	29	34	35	41	42	43	45	50	52	53	55	56	65	66	68	76	77	82	85	88	100	127
45 32
4	6	8	9	11	14	15	20	21	22	25	27	28	29	34	38	39	40	41	52	53	55	56	58	65	70	73	77	80	84	96	97
41 31
0	2	4	6	8	9	13	15	16	17	19	22	24	28	30	32	36	37	38	40	42	49	51	57	58	66	67	70	76	92	118
45 31
2	5	6	7	9	10	11	12	15	17	18	20	22	31	37	43	46	49	51	52	53	56	58	60	65	73	75	76	92	95	115
51 32
3	4	10	12	13	25	28	32	37	38	41	44	48	49	51	54	55	56	58	61	62	63	64	66	68	69	70	72	73	75	91	118
49 31
0	3	10	16	26	29	30	31	33	34	36	46	47	48	50	52	55	59	60	63	64	67	68	72	76	77	79	86	88	92	115
40 30
2	4	6	9	10	11	13	16	17	20	21	22	24	25	29	34	36	43	44	45	50	55	57	60	62	69	74	75	76	92
39 31
1	5	9	10	11	13	16	19	20	21	24	25	26	28	30	31	34	35	36	39	42	46	49	55	58	61	63	65	67	69	75
44 31
7	9	10	14	16	18	20	23	24	25	26	28	29	31	34	39	42	43	45	50	51	55	60	62	63	66	67	70	72	78	117
44 30
0	4	8	12	15	17	19	20	22	24	25	30	32	35	37	40	42	46	50	51	56	60	65	72	76	77	79	92	111	112
45 29
1	2	4	10	12	13	16	18	21	25	28	30	33	47	50	51	53	55	57	58	59	60	63	64	72	73	75	91	98
38 28
6	9	10	11	15	18	20	21	22	23	25	31	35	37	40	43	46	49	51	55	61	62	63	66	73	74	77	88
45 30
0	1	3	5	6	7	10	11	13	23	24	30	35	40	41	45	46	49	51	52	55	66	75	77	85	86	92	112	117	127
43 30
1	2	7	8	13	15	16	17	25	28	33	34	37	39	43	44	46	47	50	51	53	54	56	57	58	64	65	74	86	112
41 28
1	4	10	12	16	18	21	23	24	25	27	28	29	34	35	39	41	50	54	60	65	66	68	74	77	85	100	112
47 32
1	2	3	5	6	8	11	13	16	19	21	23	24	25	27	28	31	35	45	46	50	52	54	59	60	70	71	79	85	103	105	112
45 31
1	5	9	12	17	19	20	25	27	29	30	32	35	40	42	43	46	49	50	55	57	58	63	66	67	71	72	80	86	92	109
54 32
3	5	6	13	15	16	17	19	22	27	30	38	44	54	55	56	58	59	60	64	65	68	69	72	76	77	86	88	92	98	100	127
40 31
1	5	7	16	18	19	20	21	23	24	25	26	27	28	29	30	31	32	33	34	44	46	53	55	57	65	70	71	75	85	89
44 31
5	6	9	10	11	14	16	20	21	22	23	24	25	26	31	32	43	44	45	49	50	52	55	57	60	72	75	83	91	109	112
45 32
2	4	6	7	13	16	18	19	20	24	27	29	30	31	34	35	37	43	44	46	47	48	49	51	63	74	75	86	88	104	108	154
44 29
0	1	2	6	7	15	16	17	20	21	29	33	34	36	38	39	46	58	62	63	67	72	80	88	91	96	100	108	112
45 32
1	9	14	16	17	18	19	24	25	26	27	29	32	34	38	39	41	42	43	48	50	60	61	63	67	71	72	76	86	91	92	117
48 33
5	6	10	12	13	14	15	16	21	25	28	31	37	42	44	45	47	49	53	55	56	57	58	59	61	64	66	68	72	75	90	91	92
44 29
0	1	5	6	7	8	11	14	20	21	25	28	31	34	35	36	37	50	52	53	54	57	58	60	63	80	107	112	115
47 32
0	3	4	5	6	7	9	14	17	19	22	25	27	31	34	36	42	47	49	50	52	56	63	68	71	75	79	85	92	95	100	103
44 28
0	1	5	8	10	12	16	22	23	26	29	31	34	35	38	49	53	58	60	63	64	66	68	74	76	115	117	154
51 31
4	5	7	9	13	25	27	30	34	39	40	43	45	48	49	50	52	57	58	59	61	62	63	65	71	82	84	96	98	112	154
46 31
0	1	4	7	9	12	14	15	22	24	27	29	30	31	32	40	44	47	53	58	59	60	63	64	68	73	74	80	83	100	115
42 28
0	1	2	5	8	9	12	16	22	29	30	31	32	33	47	49	52	55	56	60	63	68	69	72	79	91	105	115
43 31
0	1	6	11	13	14	17	18	22	23	25	27	30	33	34	36	39	40	41	46	52	56	58	63	64	67	69	76	91	92	117
43 31
2	3	4	9	10	12	13	15	16	22	24	25	29	34	36	38	39	43	45	48	50	54	55	72	74	76	84	86	91	97	109
46 31
0	2	5	6	7	13	14	16	18	19	21	22	24	25	30	31	43	46	49	52	55	56	60	61	69	72	75	80	84	117	154
49 31
3	7	8	9	10	12	20	22	24	25	33	36	37	42	44	45	50	52	54	57	63	64	66	73	77	79	88	91	98	105	112
42 32
1	3	4	5	6	12	19	20	24	25	28	31	33	34	37	41	43	44	45	46	47	48	54	55	58	59	69	73	76	79	80	91
43 29
1	4	8	9	10	11	13	14	23	24	29	32	36	37	39	41	43	45	50	59	63	64	66	73	79	82	100	112	127
46 30
0	8	10	11	12	13	14	21	26	31	35	39	40	42	45	46	47	52	54	57	58	66	67	70	74	86	88	104	112	118
43 29
5	7	9	17	24	25	26	27	29	32	33	37	38	41	42	44	46	50	52	54	58	61	66	67	72	84	91	103	117
44 31
0	3	4	9	11	12	15	16	17	18	20	25	26	27	28	35	40	43	46	56	57	60	61	63	68	71	73	76	77	88	100
46 32
1	5	6	8	10	11	14	15	16	22	23	24	25	27	29	34	37	38	42	47	50	55	57	60	69	73	78	84	85	92	103	115
52 33
1	8	9	16	19	21	24	27	28	29	30	31	34	47	49	50	51	55	56	58	59	62	63	64	66	67	69	74	83	86	88	91	118
46 32
0	3	8	12	14	19	23	24	26	27	29	30	31	33	34	35	36	41	42	49	52	54	57	58	59	62	66	77	79	95	109	127
46 33
1	4	5	8	10	12	13	16	17	20	22	25	27	28	29	30	34	35	36	48	51	53	54	59	62	63	64	66	68	71	72	85	90
40 30
4	7	8	11	14	15	20	21	23	24	25	27	29	30	31	32	33	34	36	37	49	50	52	57	58	59	68	80	86	109
46 30
4	7	8	10	15	17	20	23	25	26	30	33	37	40	44	46	50	51	53	54	56	58	59	65	68	75	78	88	103	111
43 30
0	1	2	3	4	6	8	14	17	19	22	24	25	33	35	36	40	41	50	52	57	60	66	68	77	82	85	86	97	100
48 31
1	2	5	7	9	10	12	13	15	18	22	28	36	38	40	43	46	47	50	56	59	60	63	70	74	75	83	89	112	115	154
44 28
4	7	12	13	15	16	17	20	22	26	29	33	35	39	45	57	58	63	66	67	75	76	78	88	95	104	112	127
51 32
2	5	8	13	18	19	25	28	34	37	43	44	45	47	48	50	52	54	55	57	59	64	68	69	73	74	82	91	92	96	100	105
49 33
0	2	5	14	16	20	25	31	34	36	37	39	40	41	44	47	48	51	59	61	62	63	65	66	67	73	75	77	79	82	89	91	95
51 34
6	7	9	17	23	25	27	28	29	32	33	35	39	41	43	44	46	49	50	53	55	56	59	60	62	66	68	70	71	74	76	77	79	112
44 31
6	9	11	14	17	18	20	25	26	27	29	31	34	35	37	39	42	43	46	50	52	53	55	57	58	66	73	76	77	86	112
50 33
2	7	8	9	12	19	20	21	24	28	29	32	34	35	37	42	45	47	54	55	57	59	60	61	66	72	74	78	79	83	91	100	127
38 28
0	2	4	7	8	13	15	16	21	22	24	25	26	29	30	32	33	38	50	51	52	55	57	58	65	66	88	92
42 30
0	1	2	4	5	7	8	12	20	21	24	27	29	31	32	36	40	41	43	44	54	57	59	65	66	67	70	96	112	115
44 29
1	2	4	6	7	8	20	24	26	27	30	32	41	42	47	52	54	55	56	60	64	66	68	69	72	75	86	89	115
51 33
1	2	7	11	16	17	18	21	22	33	34	38	39	40	41	43	47	50	53	56	57	64	65	67	68	71	72	74	75	79	89	115	117
43 30
0	2	4	5	9	12	13	17	21	24	25	26	32	36	39	40	45	51	53	54	56	58	61	64	69	73	75	76	77	79
41 29
0	5	12	13	16	17	19	20	21	23	24	25	28	31	34	36	46	49	54	55	58	61	62	68	75	78	79	88	108
41 29
2	7	8	9	10	11	12	15	25	27	30	31	32	40	43	46	47	50	51	55	58	59	60	63	65	67	72	88	92
45 31
1	4	12	15	16	17	23	25	26	27	29	35	39	40	41	42	45	49	50	53	58	60	61	63	65	66	70	75	76	90	105
46 30
0	4	9	10	11	13	14	16	20	25	28	29	31	34	35	36	39	59	60	61	63	69	70	73	75	76	77	100	104	105
38 29
4	6	7	10	11	15	17	20	23	25	32	34	36	37	40	43	45	46	47	48	51	52	63	66	73	74	77	82	86
47 31
0	2	4	5	6	8	9	16	17	19	20	21	32	38	39	41	42	43	50	54	55	56	61	63	66	70	72	92	104	109	118
45 31
1	4	6	7	10	12	13	19	21	25	31	34	37	41	43	45	46	49	53	56	59	60	62	64	71	72	74	76	84	88	108
46 30
0	2	16	17	18	19	20	24	26	28	30	32	33	34	36	37	38	44	50	55	57	59	62	67	79	80	86	107	108	154
48 29
1	2	4	5	22	33	37	41	42	43	46	47	49	52	54	55	59	62	63	66	74	75	77	80	88	91	104	105	108
40 29
0	1	2	3	8	12	14	15	19	23	24	25	26	29	36	38	44	45	49	50	51	52	54	55	60	73	82	88	117
52 34
0	3	6	9	12	13	15	17	25	26	28	30	31	34	35	38	39	43	44	51	53	54	55	56	58	65	66	68	75	86	90	103	109	112
47 30
2	4	5	6	9	13	14	21	22	27	33	37	38	41	47	53	54	55	56	57	58	62	63	65	66	72	77	91	98	127
44 31
5	7	8	9	12	13	18	19	25	26	27	28	29	32	33	37	42	43	46	49	51	53	58	61	62	76	77	79	91	108	112
48 32
4	5	6	7	10	11	13	16	18	19	26	31	32	33	38	43	46	48	56	59	60	72	73	74	75	76	77	85	91	96	108	112
44 31
0	2	7	10	14	16	17	18	19	22	23	25	27	29	32	42	44	47	50	52	55	56	57	58	62	63	66	72	76	84	92
44 32
0	2	3	4	5	6	10	16	22	25	28	29	32	35	36	37	38	39	41	45	51	53	55	58	60	68	73	75	76	90	91	92
43 29
1	5	8	10	12	13	15	23	27	28	31	39	40	45	46	47	50	51	54	55	58	60	61	63	64	66	88	91	115
43 28
1	2	5	7	13	16	17	18	21	23	25	27	30	31	33	38	50	55	58	59	60	66	71	75	88	104	112	127
42 29
0	1	6	7	10	15	16	20	25	27	33	35	36	41	42	45	46	49	52	55	57	63	67	75	76	77	91	100	104
44 32
0	1	6	7	8	10	11	15	16	17	18	19	23	25	30	32	33	39	40	46	49	54	57	59	63	66	67	70	72	74	80	117
45 32
3	5	6	10	11	12	14	16	17	20	22	24	26	27	29	31	36	37	39	40	43	52	54	57	58	59	60	68	76	78	112	127
41 29
0	3	8	12	13	15	17	18	19	21	22	25	28	31	32	33	35	38	39	40	53	55	58	60	73	83	86	107	154
46 31
2	4	5	11	13	15	18	21	24	25	26	30	33	37	42	47	49	50	54	55	59	64	65	66	68	73	75	77	89	96	109
49 32
0	2	4	6	7	11	13	14	15	19	20	35	38	39	40	44	47	50	60	62	67	68	72	75	77	82	85	89	92	96	112	115
44 32
1	4	6	9	10	12	13	14	16	17	18	22	24	27	31	35	38	40	43	44	47	50	52	54	56	67	70	75	76	78	79	108
42 28
0	1	2	4	5	8	11	21	24	26	30	31	32	35	43	45	50	53	59	62	64	66	71	82	85	96	108	111
45 29
1	4	8	10	11	18	20	23	24	25	33	34	41	46	50	57	60	61	64	65	66	68	70	74	76	79	85	93	112
46 29
1	2	4	11	14	15	16	18	20	23	25	39	43	50	51	52	54	60	62	63	64	66	67	72	75	85	86	92	112
42 29
3	4	5	8	9	11	12	15	17	19	21	25	26	27	32	40	45	50	53	54	57	63	69	71	74	76	77	91	107
47 32
8	10	16	18	21	23	25	26	28	34	37	39	40	41	42	45	47	50	52	54	55	61	62	63	64	65	69	71	72	84	92	96
37 26
0	2	4	6	10	13	15	18	25	27	30	33	37	38	42	50	51	54	55	57	63	65	66	71	77	88
49 31
0	6	11	12	18	20	21	27	28	30	32	33	42	49	50	53	54	55	56	57	60	62	65	66	67	68	72	76	86	91	118
47 32
0	1	3	4	5	8	16	21	22	23	24	28	29	30	31	34	35	36	40	44	50	54	62	68	69	71	82	92	93	105	112	127
40 31
1	3	4	5	6	8	9	12	13	17	19	22	25	28	31	32	33	37	40	43	44	46	54	59	66	67	70	71	72	79	96
43 30
1	4	6	11	12	16	20	26	28	29	31	35	37	39	42	43	45	46	51	53	57	58	59	66	67	73	77	82	88	115
50 34
3	4	8	9	10	15	21	25	26	27	30	33	34	35	37	40	43	46	47	48	50	51	53	55	59	60	64	66	67	72	73	92	105	112
43 29
4	6	7	9	14	15	18	19	21	22	24	25	27	29	30	40	47	50	51	56	65	66	67	71	72	77	88	100	112
39 29
0	1	3	4	7	12	13	15	16	17	20	23	24	26	29	30	33	38	39	45	50	53	54	63	66	70	75	76	118
46 31
1	3	4	9	11	13	14	19	21	22	24	26	27	30	31	34	40	41	47	51	52	54	62	68	69	75	76	80	103	104	127
44 29
1	2	4	8	9	10	13	17	21	25	27	29	33	37	39	49	50	52	53	57	60	61	68	69	71	76	88	100	103
43 30
0	2	7	10	22	23	25	26	27	33	35	36	37	39	41	43	45	47	52	54	55	56	60	67	70	75	77	86	92	104
44 30
1	4	10	13	15	18	19	22	24	26	28	29	39	41	43	44	48	51	54	55	56	64	65	68	69	74	75	76	82	127
48 33
0	1	4	5	15	16	17	18	19	22	26	27	28	31	33	35	37	40	44	55	58	59	61	62	63	65	66	72	73	75	76	91	118
49 30
0	9	19	20	23	28	29	33	35	36	37	45	48	50	54	55	56	60	63	65	66	67	69	70	71	72	75	91	109	115
53 31
4	7	8	10	13	18	24	26	28	31	33	36	44	48	50	51	54	58	59	63	65	68	69	70	76	86	103	107	109	112	127
44 31
0	6	8	11	12	15	17	21	24	25	26	27	32	35	37	38	39	42	49	50	54	60	61	63	64	65	71	72	85	92	112
49 32
0	2	5	7	8	9	10	15	17	20	26	34	35	36	38	40	44	51	52	54	56	57	58	59	63	65	67	74	76	92	112	127
40 29
0	3	4	6	7	9	10	13	14	15	17	18	22	25	27	32	38	40	46	52	54	57	60	62	70	74	77	95	104
45 31
2	4	11	13	14	22	24	25	26	29	30	31	37	41	43	47	49	50	51	52	56	58	59	62	63	66	76	77	80	88	96
51 31
0	2	4	7	8	10	12	15	20	22	25	38	45	46	51	52	53	54	58	59	60	63	65	69	72	74	77	92	105	112	127
46 29
3	4	6	10	12	13	15	18	19	28	33	40	41	45	50	55	56	58	60	62	63	75	76	77	82	88	96	105	118
47 32
0	2	8	10	13	14	17	18	19	22	24	25	26	30	32	33	40	46	50	52	54	55	57	64	65	69	70	71	72	76	80	109
47 31
2	4	5	6	7	8	11	12	14	16	24	25	27	29	33	43	47	51	55	57	61	63	67	69	72	82	86	88	92	111	115
43 32
0	2	4	5	6	7	9	10	13	14	22	24	25	28	29	32	35	40	41	45	46	49	55	56	57	61	66	68	71	72	77	107
47 31
1	2	3	7	13	18	20	21	24	25	26	34	39	40	42	43	45	47	52	53	54	60	61	64	73	75	89	90	109	112	127
44 30
6	7	8	9	14	16	18	21	24	28	29	33	36	41	42	45	47	52	55	62	64	65	66	69	71	72	75	77	84	115
45 32
0	1	4	6	9	12	17	18	23	25	26	28	30	32	37	39	41	46	47	49	51	52	53	65	66	68	69	71	75	85	88	105
50 32
3	5	7	9	10	11	12	16	20	21	24	25	38	42	43	47	48	56	57	58	63	67	73	75	76	77	88	91	96	105	107	112
45 29
2	4	6	10	11	13	14	16	17	21	25	29	31	40	43	44	50	52	54	55	58	63	64	66	75	82	86	112	154
45 31
0	1	2	3	5	9	12	16	18	21	25	28	30	34	35	38	46	50	53	54	55	58	60	61	63	66	68	70	72	79	96
49 34
5	8	11	12	13	14	16	17	21	22	23	25	29	33	39	40	42	45	48	51	53	55	59	60	65	71	73	74	75	76	77	79	83	90
46 31
3	6	7	9	12	18	20	21	23	26	27	31	32	34	35	39	40	43	51	54	59	63	67	70	71	73	75	76	85	112	118
48 32
0	2	3	9	13	14	15	18	19	20	22	25	28	35	36	43	45	51	53	54	56	58	60	63	75	77	80	85	86	88	90	112
45 32
1	3	5	9	15	19	20	23	24	25	27	29	33	34	35	36	37	46	49	51	52	53	55	58	60	61	64	68	71	80	85	93
49 31
0	2	4	8	11	12	15	19	20	24	25	32	35	37	40	43	50	51	52	54	55	56	58	61	65	66	75	76	77	100	154
42 30
0	4	9	10	12	13	16	18	24	25	26	29	31	33	34	42	45	48	53	54	57	59	61	66	73	74	76	77	86	96
49 32
0	1	4	11	12	14	18	20	22	25	26	30	32	33	42	45	46	53	55	57	58	64	66	69	70	71	73	79	80	82	84	154
46 30
1	4	6	16	17	21	24	26	27	28	29	30	35	37	41	43	50	52	53	54	58	59	67	68	73	80	85	92	108	111
40 29
0	7	10	13	14	20	21	22	23	25	26	29	33	35	37	39	40	41	45	46	54	55	63	66	74	84	88	100	109
48 31
1	2	5	7	11	12	17	18	20	22	23	33	36	37	38	44	46	50	52	53	55	57	60	65	66	67	71	88	98	104	127
48 28
8	13	14	16	21	22	28	31	36	47	49	53	54	57	58	59	60	63	68	74	77	85	88	89	95	100	111	115
50 32
1	2	6	8	10	11	15	19	20	23	25	37	41	44	46	48	50	51	52	53	54	55	57	59	65	66	70	73	77	85	104	112
50 33
2	6	9	13	14	16	20	21	24	25	28	29	30	32	37	38	40	50	51	53	55	57	59	62	63	64	66	74	76	78	79	82	115
43 28
1	4	9	13	16	18	24	25	27	31	32	34	39	41	46	56	58	59	60	61	66	73	75	76	78	92	104	112
45 33
6	9	10	11	12	16	17	22	23	24	25	27	29	30	34	35	37	38	41	43	45	49	50	51	59	62	65	67	69	74	88	92	112
39 28
0	2	7	13	15	18	19	21	22	25	29	30	31	32	34	39	40	41	54	55	63	64	65	67	72	73	92	100
43 30
0	2	4	6	7	9	11	13	14	18	25	26	27	29	30	31	32	45	50	52	57	61	62	63	76	77	85	88	92	100
46 30
0	5	6	8	10	12	13	16	19	21	28	31	33	34	39	44	51	52	54	55	58	63	65	67	68	69	72	78	112	127
44 31
4	8	10	13	16	18	21	22	25	26	27	28	30	31	32	33	34	42	50	55	56	57	59	63	65	67	69	70	72	77	79
41 28
0	6	7	10	18	19	23	24	25	28	31	34	35	38	41	51	54	55	58	61	62	66	70	73	75	77	78	86
45 30
4	6	8	9	10	16	18	19	21	22	31	32	38	39	45	46	47	50	51	57	61	64	66	68	70	73	76	91	98	118
51 30
1	3	14	16	19	24	27	34	37	39	44	47	49	50	51	55	58	59	60	61	62	63	65	68	72	77	92	103	118	154
47 33
0	2	4	7	11	14	15	16	18	20	21	23	31	33	37	38	40	42	45	48	50	53	55	56	58	63	72	73	75	76	91	92	115
46 31
2	4	6	8	9	11	13	15	16	17	19	28	30	32	36	37	46	49	51	56	58	67	69	70	74	76	86	93	95	104	118
44 33
2	4	5	8	11	12	14	16	18	19	21	22	23	25	26	30	31	35	37	41	45	46	49	52	59	63	65	71	76	88	89	97	109
46 31
4	7	11	15	18	19	22	26	29	31	32	33	34	35	40	43	44	49	52	57	58	60	61	63	68	70	72	75	95	109	115
49 33
3	5	6	12	16	18	20	21	22	23	26	27	31	32	35	38	39	41	50	53	59	63	67	71	73	74	76	77	79	91	95	97	115
50 32
4	5	9	11	12	15	17	18	31	32	37	39	44	46	47	51	54	55	56	57	58	59	61	63	64	66	68	75	76	77	85	108
45 30
0	2	7	10	12	26	28	31	35	39	41	42	43	45	46	47	48	51	53	54	55	57	66	68	72	79	85	91	100	118
40 29
0	1	4	5	7	13	14	17	21	23	24	25	27	34	36	37	38	39	43	45	50	52	53	58	68	71	75	100	104
45 31
0	4	6	17	18	19	20	21	24	25	27	28	29	32	37	45	46	50	58	59	60	62	65	67	69	72	74	76	77	82	88
49 33
5	7	9	10	17	19	23	25	26	27	31	32	34	36	40	43	45	46	49	51	52	53	55	58	59	63	66	76	77	82	91	98	107
51 33
0	3	4	14	16	17	21	24	26	27	32	33	34	35	37	45	46	47	56	58	59	62	64	66	67	75	76	79	88	89	107	108	109
49 32
1	2	3	4	6	11	15	16	18	19	25	26	35	40	43	44	48	49	50	53	57	58	63	64	69	75	76	90	91	98	105	112
51 31
0	4	5	6	7	13	14	18	24	26	31	37	39	43	45	48	53	54	58	62	63	67	73	76	77	86	98	104	105	111	127
41 28
0	4	5	7	8	10	11	12	13	14	22	23	24	25	38	41	42	49	52	53	55	57	60	63	74	88	115	154
43 30
9	10	12	13	14	15	16	19	20	24	25	27	31	32	36	37	38	43	50	54	55	60	61	64	68	72	78	80	82	115
42 30
0	1	2	5	9	10	15	18	21	23	25	30	31	34	36	40	46	47	49	52	55	56	58	63	68	69	70	71	77	105
47 32
1	2	3	4	7	8	11	22	23	24	25	26	33	34	37	39	41	42	47	48	51	54	56	62	63	64	69	73	79	98	112	117
42 31
0	2	4	5	9	11	13	21	23	25	31	32	34	39	40	44	45	46	47	48	50	52	53	55	58	63	65	69	71	88	92
49 34
5	6	7	9	11	14	18	19	21	24	25	27	29	30	37	38	42	43	47	50	51	52	55	59	60	65	66	70	72	78	85	89	91	96
42 27
0	4	7	8	10	13	14	20	25	29	35	36	37	40	44	50	54	57	58	63	66	77	79	88	93	112	154
41 32
1	4	6	7	8	10	15	16	18	19	21	23	25	26	27	34	35	37	39	40	41	45	46	48	49	52	62	63	66	68	70	154
44 32
0	2	5	8	9	12	14	15	19	20	25	26	30	33	36	38	39	45	46	48	51	52	53	55	60	62	64	72	74	77	80	88
43 28
1	3	4	12	13	16	17	18	21	24	26	28	30	47	50	51	54	56	59	65	66	71	72	74	76	82	85	127
43 32
2	6	8	9	10	13	14	16	18	20	25	26	28	32	41	42	43	45	46	47	49	51	52	55	58	62	66	72	75	77	88	96
45 32
0	2	4	5	7	11	12	14	15	17	24	25	27	32	38	39	41	43	45	47	48	50	52	54	69	73	75	76	77	95	104	109
40 28
0	2	7	9	13	14	15	16	22	23	25	26	30	32	33	36	38	55	56	57	60	65	71	72	74	75	92	98
43 31
1	3	5	8	13	16	18	20	22	25	27	28	29	31	35	38	39	40	47	48	55	57	58	61	65	66	72	73	88	91	104
44 31
2	5	6	13	14	18	20	21	22	24	25	26	28	29	32	33	35	37	41	52	55	59	62	64	65	66	67	72	77	92	100
42 30
0	4	5	6	9	10	16	18	19	20	25	26	29	31	34	36	45	46	48	54	60	62	63	64	70	72	76	77	79	100
51 34
0	3	7	9	14	15	17	19	25	26	27	30	34	35	38	39	43	46	52	53	54	55	56	58	59	61	62	64	67	75	76	88	92	112
47 30
0	3	8	14	15	16	20	23	24	26	28	33	38	41	43	45	51	55	60	62	66	75	76	77	79	85	90	105	107	115
43 28
0	5	9	14	19	21	24	25	29	35	37	42	45	47	50	52	54	55	57	58	60	66	68	71	72	75	92	115
45 32
1	3	4	5	8	12	13	14	16	17	19	25	28	29	30	31	34	43	46	48	50	53	54	55	57	71	75	80	91	92	97	100
45 32
2	3	9	11	16	21	22	25	26	27	28	29	32	33	38	40	43	44	47	48	51	53	55	58	60	66	70	73	75	76	92	100
49 30
2	3	4	5	6	8	21	23	26	32	38	39	42	45	50	51	54	55	59	61	63	65	66	68	70	76	86	109	115	117
49 34
0	2	6	7	13	16	17	19	20	23	24	25	30	31	33	39	41	44	48	49	57	60	63	65	70	72	73	75	77	80	86	91	95	104
47 31
3	8	11	12	14	16	23	24	25	31	34	35	37	43	45	46	50	51	54	55	58	59	62	64	69	70	72	77	79	95	98
40 29
0	1	6	10	11	14	19	23	25	27	29	32	33	35	36	37	39	46	49	50	51	53	58	60	62	70	76	85	112
45 31
0	2	4	5	6	11	13	22	27	28	29	32	34	35	43	44	46	48	53	55	58	61	65	66	72	73	75	77	91	92	127
49 32
0	1	2	3	4	8	9	14	16	19	25	33	34	35	45	46	47	50	51	52	54	55	57	58	60	61	66	69	79	88	103	104
42 30
0	1	4	8	9	16	18	19	20	21	22	25	26	27	30	31	40	46	50	51	53	54	63	64	66	71	72	74	76	88
46 31
7	8	12	14	15	17	22	24	26	29	35	37	39	41	42	43	48	51	54	55	59	63	64	66	67	68	72	83	88	92	118
44 30
0	1	2	4	5	7	14	16	17	19	22	23	25	26	29	33	34	44	47	50	58	62	63	70	71	75	97	100	105	118
42 29
0	1	4	6	7	8	10	11	17	24	25	26	27	30	35	45	46	49	50	57	60	62	72	74	84	88	90	98	112
46 33
1	2	4	7	9	11	14	16	17	19	23	25	28	30	33	34	35	36	37	40	43	50	51	53	57	61	65	71	73	79	80	82	98
50 33
0	1	2	4	8	11	13	17	18	26	32	34	39	40	42	43	45	46	47	55	56	63	65	66	69	70	71	75	79	84	100	103	118
43 30
0	3	6	8	10	11	12	17	20	21	23	25	26	29	35	37	45	46	51	52	55	66	67	70	74	77	85	88	96	103
39 31
1	5	7	8	10	12	13	14	16	18	19	20	21	25	27	29	32	37	40	41	43	44	45	55	60	63	64	73	80	88	96
47 31
0	1	8	10	14	16	22	25	26	29	31	32	39	43	47	50	53	54	55	57	59	60	61	62	64	66	67	68	86	91	93
42 30
0	3	4	7	8	9	12	15	24	30	32	34	35	36	38	39	40	45	46	50	54	55	57	59	61	63	68	77	86	118
44 28
0	6	9	19	25	27	29	35	37	39	42	45	46	50	58	59	61	63	66	67	74	77	86	88	90	91	96	112
45 29
0	4	6	9	14	16	19	22	24	27	28	29	36	37	39	42	48	50	52	58	64	66	74	76	88	96	108	117	154
42 30
0	1	7	11	12	13	14	15	16	18	23	25	31	32	36	39	43	44	49	51	54	55	60	61	63	66	67	72	92	107
42 30
0	3	4	7	12	15	17	20	25	26	28	29	33	34	36	39	44	45	47	56	63	65	67	72	75	77	89	90	91	100
39 29
1	4	5	6	7	8	12	14	17	20	22	23	24	27	29	30	33	40	41	43	54	58	63	67	76	77	85	92	118
44 29
4	11	20	21	22	25	26	27	28	32	34	35	37	38	41	49	52	54	55	61	63	73	75	86	88	91	92	107	108
43 28
0	2	6	13	14	18	19	20	22	25	26	29	44	46	50	52	57	59	62	63	64	67	69	72	76	77	88	112
48 31
8	10	14	16	20	21	26	29	30	31	35	37	38	40	41	47	50	54	55	57	59	60	63	66	67	75	77	86	91	109	118
51 34
0	3	4	7	11	14	15	17	25	29	32	33	35	37	40	41	45	48	49	51	53	58	59	60	62	69	74	79	82	84	86	92	100	115
44 32
1	2	4	8	9	15	16	19	20	22	25	27	30	32	33	35	36	40	43	44	52	53	55	56	57	59	65	66	70	73	79	82
46 30
1	7	11	12	13	14	15	16	18	21	23	24	29	38	39	42	55	59	61	63	73	75	76	77	80	89	91	96	100	118
46 31
0	2	5	7	10	18	24	25	29	31	32	33	37	40	45	46	47	55	57	58	62	63	66	67	72	74	75	76	77	85	98
46 31
1	2	5	6	10	14	15	16	21	22	23	24	30	35	38	40	49	50	52	55	57	61	62	63	66	68	73	75	77	82	118
47 31
4	6	7	8	10	13	14	17	19	25	29	37	40	41	44	46	50	51	52	53	57	59	60	64	68	70	75	77	84	95	112
49 33
0	1	2	4	7	9	13	17	18	23	26	27	28	29	32	33	35	39	45	46	50	52	54	59	62	66	72	77	88	96	98	100	115
45 30
0	1	5	6	7	9	13	14	15	16	18	27	30	31	32	36	50	52	56	57	58	59	63	70	73	76	77	86	95	118
49 32
2	3	5	8	9	19	20	25	26	27	28	29	31	33	41	43	46	48	52	55	56	58	59	60	62	77	86	88	92	98	111	112
46 33
3	4	6	11	15	18	19	20	23	25	26	27	28	33	35	36	38	39	40	43	46	50	55	57	59	60	63	71	78	82	88	93	112
41 29
0	1	5	6	11	14	20	21	22	23	29	30	33	34	35	37	40	46	49	50	55	58	59	63	66	74	77	100	115
45 31
0	9	12	14	16	19	21	25	26	29	33	34	35	36	37	39	45	46	51	53	55	58	59	60	62	63	64	75	76	77	98
49 32
2	3	5	9	12	13	14	16	17	23	24	29	31	35	42	43	45	50	54	55	57	58	65	66	67	68	75	76	78	89	100	115
46 31
4	7	11	16	18	19	21	22	24	27	28	29	31	32	33	34	35	39	44	50	57	58	62	65	73	86	91	92	100	103	127
44 32
1	2	5	6	8	9	10	12	14	17	18	22	25	27	29	35	38	41	47	49	50	51	55	58	60	64	68	72	75	83	88	96
48 30
0	1	2	5	6	9	13	15	19	22	23	26	34	41	44	50	55	56	58	60	62	64	66	72	73	75	95	98	100	115
43 29
1	4	6	7	8	19	24	25	27	31	35	36	39	41	46	50	53	59	60	61	62	64	68	70	71	75	79	88	93
47 30
7	10	19	20	22	23	25	26	27	29	35	40	43	49	50	55	57	58	61	62	63	66	69	70	76	77	85	93	96	127
49 33
1	4	5	6	7	9	10	12	15	19	21	24	34	37	39	41	44	45	46	47	49	50	59	61	63	67	72	73	88	92	117	118	154
44 32
0	1	2	3	4	6	17	20	21	22	24	25	27	30	32	33	36	38	40	41	46	51	54	63	65	68	69	73	76	80	86	104
46 33
0	1	3	4	6	10	15	18	19	22	25	28	29	33	34	35	37	41	44	45	48	49	50	51	55	58	63	66	71	74	80	86	154
48 31
0	1	8	12	16	17	19	20	23	25	26	31	33	39	41	46	53	54	56	57	59	60	67	68	69	71	79	85	86	103	112
41 31
2	4	6	7	8	9	11	12	13	21	24	25	27	31	35	37	38	40	41	45	46	48	49	56	66	74	77	82	88	108	109
38 27
0	4	6	7	10	13	15	20	22	25	35	37	39	40	41	46	54	55	57	61	63	66	68	77	79	80	88
46 29
0	2	6	11	14	15	17	18	23	25	28	32	36	39	41	43	50	55	56	58	60	63	75	76	77	98	100	107	112
43 32
2	3	4	7	8	9	10	13	16	17	21	24	25	26	28	32	34	38	40	41	47	54	61	65	66	68	69	77	80	82	88	92
51 31
1	4	5	6	10	13	15	17	26	32	38	39	40	42	51	52	54	55	58	59	60	62	63	64	67	68	72	92	100	112	118
45 32
1	3	5	6	7	9	10	13	14	21	25	29	31	35	36	37	39	40	45	46	50	51	64	65	71	73	74	76	80	88	95	98
47 33
2	3	5	6	7	9	11	12	19	23	25	28	31	32	34	35	37	44	45	46	48	51	53	54	64	72	73	78	88	91	96	104	117
49 31
1	6	10	15	16	17	18	19	20	23	27	31	32	33	36	44	50	52	53	55	56	57	58	60	62	70	73	80	105	112	127
42 29
5	6	7	12	13	14	16	21	25	28	31	36	39	43	44	45	50	51	53	55	58	59	60	72	73	74	75	77	83
43 29
2	5	6	13	14	16	19	20	21	22	31	32	40	43	46	49	50	54	55	58	59	60	62	63	70	75	76	77	118
45 30
1	4	5	10	11	14	18	22	24	26	31	32	33	35	39	46	50	57	61	64	65	66	68	72	73	76	80	82	89	108
40 29
0	1	4	5	6	7	9	10	11	15	22	25	27	30	34	38	40	46	47	51	54	55	60	63	66	71	72	79	103
47 32
4	7	8	10	15	19	22	23	25	26	29	31	33	34	37	39	40	41	47	52	54	58	64	67	68	72	74	75	82	92	104	127
45 31
1	7	8	10	12	13	14	16	20	21	22	25	28	29	30	32	42	45	54	58	59	60	62	68	70	71	72	82	90	96	112
43 32
1	6	7	8	9	11	12	13	15	18	20	22	24	25	30	32	33	35	37	43	46	54	55	58	59	60	62	63	67	72	82	88
40 29
0	2	4	7	13	16	17	18	20	23	24	25	26	29	35	37	44	45	50	51	62	63	66	70	75	79	84	88	92
52 33
2	3	6	7	9	14	20	22	24	26	29	31	36	47	48	49	52	53	55	57	58	59	62	63	64	65	68	75	76	86	92	100	108
39 28
0	4	5	8	9	12	13	16	18	21	26	27	28	29	31	34	42	43	44	53	54	58	65	66	72	78	112	127
41 32
3	4	5	6	7	8	9	10	11	17	18	20	21	24	25	27	28	34	35	40	41	45	46	47	51	52	66	73	76	77	80	112
47 33
0	1	3	4	9	10	11	13	16	17	20	21	22	23	25	28	32	39	45	46	49	51	54	57	58	59	65	66	67	80	82	98	100
46 30
4	8	10	12	13	14	15	21	22	26	28	34	39	46	47	50	54	55	57	58	59	63	65	68	69	70	72	73	77	118
46 30
1	2	3	4	7	9	11	12	15	18	20	21	23	25	32	39	40	42	51	52	53	65	72	73	75	89	100	111	112	118
49 31
3	6	10	18	20	21	22	26	32	37	40	43	44	46	47	50	51	56	58	59	60	67	73	77	82	86	91	93	96	108	112
48 32
1	8	9	10	13	15	18	19	20	23	24	26	31	32	34	42	44	50	54	55	57	60	61	64	66	68	69	70	73	79	91	115
48 31
0	1	12	15	19	20	21	22	24	27	29	33	38	42	44	50	53	54	55	58	59	62	63	64	69	72	76	80	88	91	115
44 32
1	3	4	7	9	12	13	16	17	19	20	22	25	28	32	33	34	37	39	46	48	50	51	52	57	58	62	64	67	77	96	115
50 31
1	2	4	7	8	25	27	30	32	40	41	46	47	51	53	54	56	57	60	62	63	64	65	67	73	76	80	88	91	96	112
47 32
4	5	6	7	9	11	12	15	16	17	20	21	27	28	30	34	39	43	48	52	55	56	57	58	59	68	73	75	77	95	98	127
45 31
0	1	2	5	6	8	15	20	24	27	30	34	40	41	44	46	48	49	50	51	52	55	64	66	73	84	85	86	91	92	118
47 30
0	2	4	5	6	8	10	13	24	25	27	35	38	40	42	45	50	55	58	60	62	64	65	66	72	76	83	88	103	154
45 30
10	11	13	16	19	21	22	25	28	29	31	32	33	40	49	50	55	58	59	60	63	65	66	67	71	77	82	86	88	90
50 33
6	9	11	14	18	23	25	27	29	30	32	33	35	36	37	40	41	45	48	49	50	51	53	55	60	64	65	74	79	88	105	107	154
45 32
1	4	5	6	12	13	15	16	18	19	20	21	29	30	33	34	37	42	43	47	50	55	59	62	63	69	79	80	88	89	90	127
47 32
1	2	4	7	8	12	16	23	26	29	30	31	32	33	35	37	38	41	44	52	53	57	60	63	65	66	74	78	88	90	105	118
41 31
0	2	4	7	8	12	13	17	20	24	25	26	27	29	34	36	37	38	39	45	46	50	56	57	58	61	63	66	76	91	92
39 30
1	2	5	7	9	13	15	16	17	18	21	23	24	25	29	30	32	37	44	46	49	52	55	58	59	60	63	75	88	96
48 33
0	1	2	6	11	12	13	14	16	17	23	25	27	29	33	39	40	43	45	46	51	52	59	60	63	66	72	73	74	88	95	109	127
43 31
0	1	3	7	10	16	19	22	23	24	25	26	27	29	31	33	35	38	39	41	52	60	63	64	69	73	74	75	88	93	112
46 31
0	1	2	5	7	10	18	20	23	24	25	27	29	33	36	38	39	40	43	50	55	60	62	64	67	73	75	77	79	112	154
48 28
0	2	5	13	18	21	23	25	28	30	32	35	54	55	57	60	62	65	67	72	75	78	83	85	92	98	100	154
41 29
1	2	4	7	9	14	16	18	19	22	26	33	35	38	39	40	41	43	46	52	55	56	60	62	85	86	96	108	112
49 34
0	5	7	9	12	19	21	22	23	24	26	28	31	32	33	34	35	37	42	44	45	47	52	55	58	64	65	85	86	92	93	100	103	118
43 32
0	4	5	9	10	11	14	15	17	20	25	26	28	29	30	31	33	34	37	40	45	50	54	57	60	61	66	72	76	91	92	96
46 32
3	5	11	13	14	17	19	20	22	27	28	29	32	35	40	41	43	44	49	54	55	58	63	65	70	72	74	76	79	85	92	108
47 32
1	2	3	6	7	12	13	15	22	25	27	29	31	38	39	40	43	45	48	50	55	62	63	64	74	76	84	86	88	92	109	127
46 31
5	6	8	9	11	12	19	21	25	28	31	36	37	40	41	45	47	49	54	55	58	60	67	75	76	83	88	91	92	104	111
50 28
3	4	7	8	21	25	33	39	40	50	54	55	56	57	58	61	62	63	71	76	77	86	88	91	93	105	107	115
48 30
2	7	12	14	19	21	24	31	32	33	35	36	38	42	44	50	52	55	56	57	58	61	62	68	71	76	91	92	127	154
