1000
39 29
0	4	5	10	13	20	21	23	24	25	26	27	28	29	30	31	34	39	41	50	54	57	58	66	76	83	85	92	96
44 31
0	1	4	6	8	10	14	18	22	23	25	27	31	33	35	39	42	47	48	54	61	64	65	66	67	71	72	73	75	96	100
43 30
6	8	10	11	12	14	15	16	21	23	29	34	38	39	41	42	43	47	49	50	53	59	63	64	69	79	88	92	112	127
52 35
1	4	6	9	10	12	13	14	20	21	28	29	30	32	34	37	41	42	43	48	49	57	62	63	65	66	68	69	75	76	86	91	92	108	154
44 32
0	1	4	7	10	11	12	15	18	21	22	24	30	31	32	34	36	38	40	41	47	50	52	54	55	57	63	65	75	85	92	118
47 31
1	3	4	6	7	11	17	19	20	22	24	25	27	32	37	38	44	50	53	57	64	67	68	70	71	73	76	79	80	84	154
41 29
2	4	6	9	13	14	19	22	24	25	29	32	34	37	43	44	46	49	51	52	55	59	71	72	86	92	93	97	98
50 29
4	5	6	8	11	12	14	20	25	28	37	45	47	51	52	53	58	59	66	68	72	77	85	86	103	107	109	112	115
44 32
1	2	4	5	15	19	23	24	25	27	29	30	31	32	33	36	37	44	45	47	49	50	51	59	64	66	67	70	71	79	82	100
41 29
0	3	4	7	10	12	14	16	17	18	19	22	24	25	26	27	28	33	50	52	56	60	66	70	75	77	82	96	107
47 32
1	2	5	7	16	20	21	23	25	26	31	33	34	35	39	44	45	46	48	52	53	54	55	56	57	58	62	65	68	71	100	107
40 31
0	3	4	6	7	10	11	13	17	19	21	22	25	26	27	30	34	37	40	43	46	47	51	63	65	67	70	71	72	73	77
51 31
4	6	7	9	11	15	20	24	29	31	35	40	45	46	49	51	52	59	62	63	70	72	76	78	82	85	88	98	104	107	115
41 30
0	1	4	6	8	10	11	18	20	24	30	32	36	37	38	40	41	43	46	49	51	55	56	58	63	64	66	72	82	127
42 28
0	4	10	13	15	16	20	25	27	28	30	34	39	41	50	51	53	54	55	58	63	66	68	70	72	77	79	95
47 32
0	4	6	9	15	16	18	23	24	25	26	28	30	31	32	35	39	44	49	50	58	65	66	69	70	71	75	76	77	89	105	117
41 29
0	2	6	11	12	14	15	19	22	24	25	37	38	40	42	44	47	50	51	52	54	55	58	59	60	74	77	86	88
43 30
1	4	7	8	9	10	12	13	17	22	26	27	29	33	35	37	43	44	47	50	60	62	63	66	69	70	75	77	100	108
42 28
0	2	3	6	8	10	16	24	25	27	29	35	37	43	44	50	51	58	60	62	67	68	70	74	77	85	86	112
46 31
0	7	13	14	16	22	23	26	27	28	29	33	35	36	42	45	48	51	52	53	54	55	58	59	63	66	69	75	88	92	108
41 30
6	12	15	16	19	20	22	24	25	28	30	33	34	37	40	42	43	45	48	55	56	57	58	59	61	66	70	72	73	92
50 34
5	8	9	10	12	17	20	21	23	25	26	28	31	35	39	44	45	46	47	56	57	60	63	65	66	67	68	69	71	73	74	75	86	117
46 31
1	6	7	8	12	13	17	18	21	25	32	33	34	35	39	40	47	51	52	54	55	57	58	59	60	61	65	73	88	96	111
49 31
0	2	5	6	13	16	25	28	30	31	32	33	37	38	47	51	55	58	63	66	70	71	72	75	76	82	86	91	92	103	112
50 31
0	5	6	8	13	16	17	20	27	29	31	33	34	35	41	50	51	53	54	58	62	65	67	69	70	72	76	83	98	112	118
45 30
0	1	2	4	5	8	10	13	15	24	25	31	33	42	44	46	48	50	54	55	58	62	65	69	72	76	88	91	105	112
44 29
5	6	7	9	10	11	13	16	18	21	26	31	32	34	35	45	53	58	62	64	67	72	73	74	75	77	91	117	127
49 32
0	3	5	10	14	17	20	23	25	26	30	31	34	35	36	38	45	50	54	55	56	63	64	66	67	68	72	75	79	92	103	108
47 29
0	4	5	15	21	22	24	27	28	29	33	35	39	43	50	53	54	55	59	60	61	66	71	74	80	88	98	105	118
46 31
0	2	4	7	8	11	12	15	18	21	31	35	36	38	43	45	46	50	58	59	60	63	65	70	74	77	82	86	88	91	118
48 33
0	1	2	10	12	16	18	19	20	24	25	26	29	33	38	42	45	49	50	55	59	64	66	67	68	70	76	79	80	82	83	85	96
41 27
0	2	4	5	8	20	22	27	29	32	36	40	43	44	48	49	50	55	58	61	63	66	67	71	76	108	154
48 32
4	6	9	11	12	13	14	18	19	21	22	23	24	32	35	39	40	46	47	55	57	59	62	64	66	70	78	82	88	103	108	117
44 32
3	9	10	12	14	15	16	17	19	20	22	23	24	27	29	32	33	36	37	40	43	44	52	57	60	65	73	85	88	95	100	118
47 32
5	6	7	9	13	15	16	17	18	22	24	27	28	31	32	42	43	45	48	50	53	54	55	58	60	65	66	72	77	85	109	118
46 30
4	9	12	13	14	16	17	22	27	29	34	36	40	41	44	52	56	57	60	63	64	66	71	73	74	76	88	92	95	127
45 30
0	1	2	4	5	9	12	16	18	24	27	29	38	39	40	42	43	47	51	52	54	55	60	61	72	75	92	105	107	118
50 30
0	1	2	5	15	20	22	25	34	36	44	50	51	53	54	55	57	58	60	62	63	65	66	68	74	75	76	91	95	104
46 31
1	3	5	6	10	15	16	18	20	25	27	28	30	31	34	36	41	42	50	51	53	54	57	58	62	65	66	76	82	105	112
42 28
0	1	2	4	6	9	21	22	24	25	27	32	35	37	40	44	50	52	59	60	65	67	71	82	86	88	100	112
44 33
1	4	6	7	8	11	14	16	17	18	23	26	27	28	30	32	34	35	36	37	38	40	42	43	51	58	61	62	71	73	91	98	115
43 30
0	4	5	11	14	17	23	25	26	27	29	37	38	40	43	45	46	49	51	57	58	59	62	63	66	71	72	77	85	107
42 31
1	2	4	6	8	11	12	15	16	18	20	21	22	23	25	29	31	41	44	48	49	50	58	59	60	63	70	82	85	88	98
54 34
1	3	5	8	9	23	24	26	27	32	35	37	39	41	45	47	54	55	58	59	60	61	62	64	66	67	69	77	82	83	91	92	98	108
47 30
10	11	13	18	23	25	31	33	35	37	39	41	42	43	45	46	51	53	60	62	63	69	70	74	77	85	88	100	107	112
44 31
1	2	9	10	11	13	14	16	17	18	22	23	25	27	30	31	34	35	36	39	49	50	52	71	75	76	88	96	104	108	112
47 31
2	4	5	8	9	13	22	23	25	33	34	37	43	46	48	49	50	55	56	58	59	60	63	67	70	72	77	79	80	91	115
44 31
0	4	7	11	13	14	17	18	21	22	23	24	25	27	29	30	32	38	39	49	50	52	58	59	63	71	73	76	92	104	109
44 29
0	1	2	5	6	10	21	24	25	27	32	35	37	44	49	52	54	55	57	58	59	62	66	68	75	78	88	90	112
53 32
6	8	9	11	15	16	21	22	26	27	29	39	47	50	53	54	55	57	59	60	64	67	69	71	75	79	86	88	91	92	98	115
39 28
0	1	2	4	5	8	10	13	15	20	24	25	29	30	40	42	47	49	54	55	60	61	63	72	74	76	88	127
42 29
4	5	6	9	12	15	19	25	27	39	40	43	44	45	46	47	50	51	54	55	57	58	59	63	69	76	77	88	93
51 31
5	6	11	12	13	14	16	17	19	22	26	30	33	37	45	47	53	57	58	59	64	65	66	67	69	86	90	103	117	127	154
42 29
2	4	6	7	8	12	13	14	20	22	25	29	31	34	35	38	44	45	53	54	55	57	60	63	68	88	92	103	109
43 32
0	5	6	9	10	11	13	19	20	27	29	31	35	37	40	43	44	45	46	47	48	49	55	59	60	63	64	69	70	72	88	118
41 29
0	2	5	6	15	16	18	19	20	24	25	26	30	33	36	42	48	49	50	55	57	58	59	66	70	74	75	88	117
45 28
0	2	4	6	14	15	17	23	30	34	36	42	45	49	50	54	57	58	64	67	68	69	72	74	91	98	108	117
46 32
1	2	6	8	10	11	13	15	21	22	24	29	30	32	38	40	41	43	46	50	52	53	55	61	64	65	66	67	70	71	73	108
48 30
4	7	15	17	19	20	25	26	27	29	30	32	43	49	50	51	53	54	58	61	62	63	65	67	68	72	76	79	88	154
43 31
1	8	9	10	14	16	18	19	21	23	24	25	26	28	29	31	33	34	39	45	57	60	61	62	68	70	71	85	90	93	117
47 33
0	4	10	11	15	16	19	24	26	30	31	33	35	36	37	39	40	42	48	49	51	52	60	65	66	72	74	75	82	85	91	92	118
41 29
0	2	4	7	8	9	14	17	20	21	22	25	32	34	38	43	45	50	51	52	53	54	60	68	72	74	77	82	88
45 29
0	2	4	5	9	10	17	18	20	23	28	31	36	43	47	53	54	59	61	65	66	68	70	75	76	83	92	103	127
49 34
5	7	8	10	12	13	14	15	21	23	29	30	33	34	35	40	41	44	47	48	49	55	61	62	63	67	71	78	83	90	91	96	107	127
47 30
0	1	6	8	10	13	18	22	23	24	28	33	35	41	43	45	52	54	55	56	58	60	65	66	68	75	76	89	115	154
46 31
0	6	7	11	12	13	15	18	22	23	25	26	30	31	32	33	35	36	38	45	46	51	64	74	76	82	88	104	111	112	154
56 32
1	6	8	9	19	22	24	26	28	30	31	35	39	51	53	54	55	58	61	62	67	69	72	84	86	88	93	100	103	104	111	115
43 30
0	1	2	8	10	12	15	18	19	20	22	27	30	37	38	40	45	46	50	52	55	57	58	60	61	63	73	88	92	115
45 31
0	4	12	13	15	16	18	19	21	22	23	35	36	37	39	42	47	48	49	55	57	58	60	63	72	76	77	88	91	112	115
45 29
1	4	5	9	11	12	19	22	24	27	35	36	40	41	49	51	52	55	57	59	60	62	63	66	75	91	96	103	115
49 30
10	15	16	19	20	21	25	29	30	31	34	48	49	50	51	52	58	62	63	67	69	71	72	76	77	80	84	96	115	117
46 33
1	6	7	9	11	14	15	16	22	24	25	26	27	30	32	38	40	43	47	48	50	51	52	54	55	58	59	61	62	69	75	76	92
46 33
2	3	4	6	9	11	14	19	20	21	23	29	30	31	34	35	37	43	44	46	47	50	51	52	53	62	66	67	70	73	76	77	118
49 34
4	6	9	12	16	17	19	23	24	26	27	28	30	32	36	39	41	44	46	47	50	52	58	60	62	64	65	69	77	80	85	88	92	118
55 35
2	5	7	8	9	11	15	18	19	26	28	31	32	38	42	43	45	48	49	50	52	54	57	60	62	63	67	68	77	78	91	96	117	118	154
38 29
1	3	6	8	10	11	12	13	14	16	20	21	23	25	26	33	37	39	45	47	49	50	55	56	58	60	63	75	100
40 28
4	5	7	10	13	14	15	18	20	25	31	33	37	38	43	46	51	53	57	60	61	63	68	73	75	77	88	92
45 31
1	7	9	12	18	19	20	22	23	29	31	32	35	37	39	41	43	48	49	51	52	55	58	60	63	71	73	75	92	109	127
41 29
0	1	2	4	5	8	12	14	16	20	26	36	39	41	42	45	48	49	50	53	54	55	66	68	76	78	85	91	108
51 32
0	1	5	9	10	11	12	19	22	28	31	33	35	45	48	52	53	60	61	62	64	65	69	72	73	74	82	85	88	96	112	115
42 30
1	2	6	7	9	11	14	15	17	19	23	26	30	32	35	37	39	41	45	46	50	52	55	64	66	72	86	88	104	127
45 31
5	10	11	13	19	21	22	25	31	33	40	41	42	45	46	48	49	50	55	57	58	63	64	66	67	71	72	75	77	88	91
44 30
0	6	7	9	11	12	15	16	17	20	22	26	31	36	37	38	45	46	52	53	54	55	58	68	76	80	85	86	108	117
46 31
1	6	12	17	20	21	24	25	28	30	31	32	37	41	42	43	45	52	54	55	57	58	64	66	67	68	73	76	91	92	109
48 29
3	7	8	10	11	12	13	19	21	25	37	38	43	50	51	55	57	58	60	61	63	73	75	76	77	91	92	107	154
42 29
0	1	2	7	8	13	15	16	18	20	21	23	24	32	34	40	42	44	58	59	60	63	65	66	67	73	88	112	115
45 31
0	2	4	5	7	8	9	14	17	18	19	22	23	26	32	34	37	43	47	49	52	53	54	62	84	88	92	93	103	104	127
45 30
2	3	6	7	9	10	14	16	19	20	22	23	25	31	38	43	50	52	54	55	57	58	71	73	76	77	82	88	97	98
49 29
3	5	6	9	16	22	27	28	29	31	41	47	51	54	58	62	63	64	66	67	68	70	74	75	77	86	107	117	127
39 28
0	3	7	8	10	11	13	21	22	23	25	27	31	34	35	37	46	48	51	54	58	66	68	74	76	77	95	98
45 30
0	1	6	10	11	18	19	29	30	33	35	36	37	39	40	42	45	53	54	55	59	60	67	74	75	84	85	91	98	127
48 29
4	7	18	24	25	27	31	33	34	35	41	43	46	50	51	54	57	58	59	61	62	64	68	70	72	93	98	100	109
43 29
0	1	4	5	6	8	10	12	16	17	24	28	31	35	36	40	49	51	55	56	59	60	61	63	75	85	92	105	108
44 30
1	4	7	10	13	14	16	17	20	21	22	23	28	29	34	38	40	46	48	50	54	60	63	66	69	82	95	100	103	115
49 33
0	1	2	5	6	9	10	12	20	21	25	26	27	28	36	43	44	49	53	54	58	59	60	63	65	68	70	71	74	75	76	90	112
42 30
3	4	13	18	23	25	27	29	30	31	32	33	35	37	40	43	44	46	50	57	58	60	63	67	70	72	73	77	88	92
45 28
3	4	5	12	16	18	19	26	29	30	35	38	46	50	53	55	57	58	59	60	63	64	73	77	86	91	100	127
43 31
0	1	2	3	6	9	12	15	16	18	19	20	21	23	24	25	29	41	44	45	51	54	58	62	66	67	70	80	85	92	112
44 29
0	4	5	6	7	13	15	20	24	26	27	28	31	40	45	48	50	51	52	54	56	58	59	66	75	83	88	109	118
47 32
0	3	4	6	9	11	16	20	22	27	31	33	34	37	39	40	47	48	53	60	61	63	67	73	75	77	79	80	83	86	97	118
46 31
1	5	6	9	13	20	21	23	25	27	29	31	32	33	35	40	44	47	52	55	58	60	61	65	67	69	73	79	91	98	100
44 29
0	3	12	14	17	19	22	24	26	29	33	34	35	39	48	55	56	57	58	59	62	69	70	73	77	78	79	96	118
49 32
2	5	6	8	12	15	16	18	20	24	25	26	30	37	46	50	52	53	55	56	57	59	62	64	65	66	67	69	76	77	88	92
43 30
1	2	14	18	21	22	23	25	30	32	37	39	43	44	46	47	49	51	53	54	55	60	64	65	67	69	72	74	75	88
50 31
0	2	3	4	8	13	14	16	18	22	30	40	41	45	51	52	53	54	55	56	58	60	64	65	67	73	74	80	88	107	118
43 31
0	1	4	5	10	11	12	14	17	20	22	24	25	27	29	32	33	34	40	46	57	58	60	61	70	72	74	75	76	77	98
53 33
0	4	5	6	7	9	12	17	18	19	29	36	37	45	46	47	48	49	51	60	61	64	66	67	70	71	79	85	96	108	109	112	154
44 31
1	5	7	10	11	21	25	26	27	29	31	32	35	37	38	40	42	44	46	50	51	52	54	58	59	61	63	66	75	91	112
46 31
4	5	16	17	19	22	23	24	26	27	29	35	36	41	44	48	49	53	56	57	58	60	63	64	66	69	73	75	76	77	118
36 27
0	4	5	8	11	12	13	14	22	25	26	29	31	34	35	37	46	47	53	58	63	66	71	72	73	76	77
43 30
2	4	7	14	15	17	22	24	25	29	33	37	39	40	41	45	46	47	48	51	52	60	62	69	72	77	86	92	105	127
48 29
0	4	5	11	12	16	19	23	29	34	37	40	43	50	51	53	54	57	58	60	65	69	76	79	92	93	107	112	115
44 30
2	3	5	6	7	13	16	17	19	23	24	25	29	30	34	35	43	45	50	54	55	58	59	60	64	66	76	84	107	117
47 31
3	4	9	12	16	18	20	24	25	32	33	35	37	39	41	45	47	50	58	59	60	64	66	67	68	70	73	75	76	91	154
46 30
0	2	3	4	5	8	9	17	19	20	22	23	26	29	33	38	39	40	53	56	62	63	66	76	79	91	92	109	127	154
40 28
0	1	4	5	6	7	11	13	19	20	21	25	26	27	28	29	30	50	53	54	55	57	58	76	79	84	88	98
44 30
0	6	9	12	13	14	17	19	22	24	25	28	30	31	33	34	37	46	50	52	55	60	69	73	82	86	91	92	98	111
43 32
1	2	3	7	10	14	16	17	19	21	23	25	29	30	33	37	38	42	43	45	47	50	51	53	55	59	60	66	72	74	78	88
41 28
4	7	9	13	15	17	18	22	23	25	27	31	32	33	39	40	43	53	54	60	65	69	72	74	77	92	107	112
47 31
0	10	13	14	16	20	21	24	25	30	31	32	35	42	49	50	52	55	57	63	66	68	70	72	74	78	79	82	84	91	97
42 30
0	4	5	7	9	10	16	19	24	25	26	29	30	34	35	37	40	48	50	52	54	55	62	64	66	72	77	78	82	86
41 29
1	4	7	8	10	11	16	17	20	22	23	25	26	29	30	33	36	47	51	58	60	63	64	66	70	85	90	93	103
48 31
2	5	8	13	14	17	21	22	33	34	35	36	38	40	41	44	50	53	55	56	58	60	64	65	68	73	77	80	88	100	127
41 28
4	7	8	12	13	15	17	20	21	22	23	25	31	32	33	38	41	54	55	63	65	72	74	75	88	92	108	111
42 30
5	7	8	10	11	12	13	15	16	17	19	20	23	24	25	28	46	49	55	60	61	63	64	65	70	76	77	86	88	96
45 31
1	2	3	9	11	17	20	21	22	23	26	27	28	32	33	40	44	46	49	50	51	55	58	66	69	71	74	76	88	104	127
50 33
1	4	7	9	10	16	18	19	24	28	29	30	31	32	34	39	42	47	51	52	53	58	62	64	67	68	71	73	75	82	86	111	127
41 27
2	10	14	16	19	20	21	23	25	30	32	42	43	50	55	56	57	60	62	63	64	69	72	76	77	80	88
48 32
2	3	5	8	10	19	20	22	24	25	27	29	31	34	38	43	47	50	51	52	55	58	60	62	63	66	68	71	72	77	79	100
43 32
0	1	4	5	7	8	10	15	17	18	20	22	23	24	29	33	34	36	37	43	44	45	49	57	58	64	68	71	73	88	100	115
42 31
1	2	5	7	8	9	10	14	16	18	20	24	27	29	30	32	35	37	38	41	43	46	54	58	59	66	68	75	77	112	118
50 31
0	3	6	11	20	21	23	27	33	39	40	45	48	49	50	52	53	55	56	57	58	59	62	66	67	72	75	79	91	100	118
45 32
1	2	5	6	7	9	11	20	21	23	24	25	28	37	38	43	44	45	46	47	52	55	57	58	65	73	75	76	79	90	92	98
45 32
0	5	6	7	10	13	14	25	26	29	31	33	35	36	39	40	41	42	46	47	49	53	58	63	68	71	75	76	77	79	100	112
50 30
2	5	7	12	22	24	27	29	32	35	38	40	48	50	51	54	55	56	58	59	61	66	68	71	72	74	75	103	115	117
45 31
5	8	9	10	12	15	16	18	19	25	26	31	33	38	43	45	46	47	52	53	55	57	58	60	62	65	73	74	77	88	100
50 32
6	7	11	12	14	21	26	27	29	30	31	34	35	37	42	44	45	46	49	52	54	57	58	59	63	65	75	88	100	108	112	154
41 32
2	7	8	9	11	12	14	16	17	20	21	23	25	29	30	32	34	35	36	37	39	41	49	53	54	55	64	65	71	73	77	86
43 31
1	3	5	8	10	11	13	15	21	22	23	24	25	31	34	36	42	44	45	49	50	54	55	58	60	63	68	71	88	91	100
43 29
0	1	2	5	11	13	14	18	23	24	28	32	36	43	44	45	49	51	53	54	55	60	62	66	67	75	90	103	118
44 32
1	3	8	10	15	17	18	24	25	31	34	35	37	39	40	41	43	46	47	49	54	61	63	66	68	72	74	76	82	86	91	95
52 33
5	11	12	14	17	21	23	24	30	32	33	34	40	41	45	46	50	55	57	60	61	63	67	71	73	76	82	85	88	91	92	107	127
46 31
2	3	7	9	12	13	14	15	16	17	22	24	25	28	32	36	47	49	51	54	55	60	63	64	66	68	72	77	92	107	118
46 30
4	6	8	10	14	17	21	26	29	37	38	41	45	47	48	50	52	53	56	57	63	64	67	69	73	76	77	88	96	115
48 32
2	3	4	8	10	12	13	16	17	19	23	25	28	29	30	33	34	36	51	58	59	67	70	71	75	88	90	92	96	97	103	118
42 31
0	1	2	4	6	7	9	10	17	19	22	24	25	26	30	31	35	43	45	46	50	52	55	57	60	61	66	70	71	80	85
50 34
2	6	7	9	11	12	15	22	24	25	26	29	30	35	36	37	38	43	48	50	51	52	55	58	59	64	65	67	69	70	76	85	86	109
47 31
1	6	9	15	16	17	18	21	22	27	28	33	36	38	40	42	47	50	52	54	56	57	58	59	60	63	67	77	92	112	127
44 29
1	2	3	5	8	9	13	22	23	25	27	31	33	34	38	43	50	53	54	55	58	60	63	68	70	74	93	98	107
44 31
6	7	8	10	13	16	17	18	19	22	23	25	27	28	29	31	32	39	41	49	51	55	56	58	59	62	66	72	92	98	105
37 28
1	2	4	7	8	13	14	16	19	21	22	24	25	26	29	31	34	39	45	50	52	53	62	63	73	79	86	93
43 28
0	1	2	8	13	15	23	33	34	36	39	40	41	42	46	51	52	55	58	60	61	65	73	74	77	80	98	108
53 31
1	4	5	7	9	27	31	32	34	36	37	39	47	51	52	54	55	59	61	64	66	68	71	74	75	77	90	100	104	108	109
49 33
2	4	9	10	16	18	19	21	23	24	25	27	33	35	36	40	42	45	49	50	57	59	62	67	68	69	70	75	76	77	79	105	112
44 30
0	2	4	6	10	13	16	17	20	21	22	23	24	26	28	34	38	43	54	61	62	65	66	73	75	76	77	82	98	118
45 29
2	4	5	11	12	13	20	22	35	38	40	43	46	49	51	55	58	61	63	66	67	68	72	73	74	77	85	91	108
45 32
1	2	4	5	7	9	11	16	18	19	20	21	26	28	29	31	37	41	43	44	50	59	61	62	63	66	67	68	71	79	88	108
45 31
2	8	9	13	16	17	21	25	26	28	29	31	32	33	34	35	40	45	53	55	56	57	58	59	60	61	70	77	92	96	112
41 30
1	2	5	6	8	10	11	17	18	21	24	31	32	35	39	40	45	46	47	48	50	52	55	56	57	58	60	72	88	115
41 29
1	2	3	4	5	6	8	11	13	14	17	23	24	25	30	32	35	55	59	61	62	64	65	66	68	73	75	86	96
43 31
0	1	4	5	6	8	9	10	11	15	22	25	26	31	34	37	46	47	48	50	52	63	67	69	71	72	73	86	88	89	93
44 30
0	2	5	7	10	21	24	25	27	31	32	33	38	39	43	46	49	50	52	58	60	61	62	63	65	68	72	74	77	117
52 30
2	3	15	16	19	34	35	36	42	43	45	50	57	58	60	61	62	63	64	65	66	71	72	74	76	77	91	98	108	112
42 29
0	1	2	5	13	17	18	25	28	32	33	35	37	41	46	49	53	55	58	60	61	62	65	66	68	75	76	83	90
44 30
0	1	4	6	7	8	9	10	13	15	19	20	24	28	31	35	36	37	38	49	50	60	61	65	76	83	88	100	108	154
43 31
0	4	5	8	9	12	13	14	22	26	28	29	33	36	39	43	44	45	46	49	53	55	56	58	66	67	77	79	86	88	115
44 31
2	5	7	9	10	11	13	17	19	20	21	22	24	25	29	30	32	33	37	38	50	52	57	60	64	65	67	72	80	109	117
45 30
1	2	4	8	13	14	16	19	22	25	26	31	36	39	43	45	49	51	52	53	54	56	60	62	67	72	75	90	98	109
46 30
0	2	8	13	15	16	17	18	19	25	32	36	38	49	50	52	56	57	58	59	61	62	63	66	67	68	70	74	77	95
46 33
2	4	7	8	10	16	18	19	20	23	26	28	29	30	31	33	34	43	44	46	49	51	53	58	63	64	67	70	73	76	78	93	115
42 30
1	2	5	6	9	13	17	21	24	25	27	31	32	39	40	43	45	46	47	60	64	65	68	73	74	76	80	88	92	112
42 31
2	8	9	10	11	14	16	17	19	20	21	22	23	25	29	30	31	40	43	49	50	52	55	56	57	60	63	67	73	77	88
43 29
0	1	2	6	8	9	16	18	25	29	30	31	34	35	36	37	50	55	60	61	62	63	64	67	69	70	71	72	108
45 30
1	8	10	11	13	22	25	26	31	35	36	37	39	41	43	46	56	58	60	62	63	64	67	69	70	75	77	88	95	103
44 30
0	1	2	7	9	13	14	17	20	23	24	25	26	38	41	43	46	50	52	54	55	57	59	61	62	65	71	76	88	103
46 34
0	1	2	7	10	11	15	17	21	22	23	24	25	30	32	34	35	39	41	44	45	48	50	52	53	54	55	57	65	66	73	75	91	92
48 32
3	4	6	8	12	15	16	17	19	25	29	30	34	36	38	40	45	47	49	50	54	55	57	61	63	66	67	68	72	92	103	154
41 29
1	2	3	9	11	12	14	18	21	23	29	31	34	35	40	41	42	44	45	49	54	55	56	58	66	75	104	112	115
47 30
2	3	12	13	14	19	21	24	33	38	41	43	44	46	53	55	57	58	59	60	61	62	64	66	68	69	70	71	88	118
45 32
1	4	5	6	7	9	10	18	19	23	25	29	34	35	36	37	39	43	46	48	50	51	54	55	62	63	71	74	85	88	92	112
46 29
4	12	13	15	18	19	24	25	30	32	37	44	48	50	51	53	54	55	56	57	59	64	66	72	73	74	77	88	111
41 28
1	2	3	6	9	12	14	20	21	23	28	33	34	39	40	42	45	53	54	55	57	66	69	74	76	86	105	127
44 32
0	2	3	4	6	9	12	18	19	21	22	25	27	31	32	35	38	39	44	46	52	56	60	63	71	73	76	80	88	92	93	95
46 29
1	2	9	11	14	16	17	19	23	29	34	35	37	42	49	50	57	58	59	62	63	65	66	68	72	73	103	112	127
46 31
0	2	4	5	9	10	18	20	21	25	28	31	33	34	35	45	49	52	53	57	60	66	67	71	72	75	79	92	95	96	108
44 28
0	2	5	6	8	13	14	16	21	24	28	30	31	33	38	40	42	51	53	55	60	65	72	88	100	112	127	154
50 31
2	3	13	15	16	17	20	21	27	32	33	34	38	40	41	44	45	52	55	57	59	67	72	76	77	84	92	98	103	108	154
47 32
3	4	5	8	9	12	13	14	17	20	23	25	29	30	40	42	43	46	47	52	53	54	58	60	63	64	70	75	76	79	86	154
37 28
1	4	5	8	9	10	12	13	17	19	24	25	26	30	32	33	37	39	46	49	54	58	64	66	67	72	76	103
51 34
0	1	2	5	6	7	14	20	23	24	30	32	33	37	39	40	41	45	46	49	52	55	57	59	61	63	66	67	82	92	95	109	112	115
45 33
2	3	4	7	9	10	14	17	25	27	29	30	31	32	33	36	40	41	43	46	47	49	57	60	61	62	63	68	73	74	88	92	100
44 31
3	4	6	9	10	12	13	16	17	20	21	22	25	28	31	32	33	35	39	50	52	55	59	60	62	65	75	77	78	96	100
45 31
0	4	6	8	9	16	18	19	20	22	24	25	26	29	32	33	36	38	39	42	55	58	60	73	75	78	79	88	100	104	105
42 29
0	1	8	10	13	19	21	22	24	25	28	30	32	33	35	39	46	50	52	54	55	58	66	67	68	73	86	91	111
52 31
5	7	8	12	14	16	17	25	26	28	29	31	39	40	43	44	50	57	58	59	61	63	66	67	74	76	100	111	117	127	154
38 28
1	3	4	7	8	12	13	15	16	17	20	21	22	24	25	34	35	37	39	42	58	59	60	63	86	89	103	115
42 29
0	1	4	6	12	13	15	17	18	21	23	24	28	32	34	39	47	51	54	55	59	61	63	66	69	75	91	92	118
51 33
0	2	4	6	8	11	13	18	19	20	21	25	29	30	32	35	42	47	53	55	57	58	60	61	62	73	75	78	85	92	95	118	154
45 28
0	2	7	8	10	12	15	19	20	22	25	29	38	48	51	54	55	60	69	70	72	74	76	85	92	96	108	154
42 29
1	2	4	8	17	18	21	22	24	26	28	32	36	37	44	45	47	51	54	56	57	59	61	66	68	75	76	79	115
42 31
1	2	3	5	8	13	14	16	22	23	25	28	30	33	36	41	42	43	48	49	50	51	53	55	59	65	69	74	76	79	88
40 29
1	2	5	6	7	9	10	12	13	15	19	23	25	37	43	44	46	49	53	54	55	56	60	61	63	79	86	88	90
40 30
0	2	3	4	7	8	11	12	14	16	17	20	22	24	25	26	29	34	37	38	43	53	57	60	63	70	72	76	92	103
49 32
2	6	7	8	11	24	25	26	27	28	32	35	37	39	40	41	43	45	47	51	55	56	58	59	60	61	65	86	90	103	105	154
43 30
0	6	8	9	13	15	17	19	27	29	32	33	35	38	40	41	42	43	47	50	52	54	55	61	63	64	77	88	108	111
45 33
0	1	8	15	17	19	24	25	27	29	32	34	35	36	38	42	44	45	46	48	49	50	51	52	53	55	56	57	58	59	63	69	92
44 31
0	2	5	6	14	18	19	20	24	25	26	28	33	36	38	41	44	45	49	55	56	57	60	61	64	68	75	85	92	96	100
47 32
0	9	10	16	18	23	24	27	28	29	30	33	36	41	44	45	47	49	50	51	52	53	55	57	68	69	70	72	76	77	79	127
43 31
0	1	5	7	8	9	12	13	14	16	17	23	25	27	28	29	33	34	36	49	51	55	58	60	61	62	77	85	92	96	118
42 28
0	2	6	12	13	16	23	24	30	31	33	36	38	41	47	48	51	54	55	65	66	69	74	77	88	95	105	115
45 30
0	1	2	7	8	9	14	15	20	25	26	31	33	34	39	43	50	54	56	58	62	63	67	68	72	76	82	86	92	112
44 29
0	4	11	12	13	14	16	18	19	20	26	29	31	38	45	50	53	54	55	58	59	64	66	68	70	75	76	77	108
44 28
4	7	8	10	12	17	26	30	34	41	42	44	46	49	56	57	60	63	64	66	68	70	71	72	76	79	115	117
47 32
0	2	7	8	12	15	17	18	20	21	24	25	27	32	34	38	39	43	46	52	54	55	61	63	64	65	71	84	85	86	100	109
43 28
2	3	8	12	13	14	15	22	25	27	29	33	36	40	50	54	56	57	59	63	64	66	69	74	77	85	88	112
50 31
2	3	4	6	8	11	14	16	18	20	21	26	30	32	43	45	50	51	58	59	61	66	67	70	72	73	78	88	98	118	154
45 30
4	10	12	15	17	20	23	24	25	26	29	33	34	43	45	50	54	57	58	63	65	66	68	69	72	75	76	77	82	88
41 28
0	2	5	8	13	20	22	24	27	32	33	36	38	40	44	46	50	52	55	57	60	65	75	79	91	92	95	108
42 30
2	3	6	9	10	11	13	14	16	18	23	25	26	39	41	42	43	45	48	55	59	60	64	66	72	73	75	77	88	104
45 31
1	7	8	10	17	20	21	22	24	25	26	27	29	30	33	35	37	49	50	51	52	54	58	64	67	70	72	76	85	95	112
46 29
5	9	10	12	16	17	18	19	23	24	26	29	33	45	48	52	53	55	57	59	60	61	64	65	66	88	100	115	117
51 31
0	1	2	7	8	9	13	14	25	29	31	32	36	39	50	52	54	57	59	60	61	62	63	64	68	74	77	84	100	109	117
43 30
3	4	9	11	12	13	15	16	18	20	21	23	24	25	29	30	34	41	49	50	55	57	58	64	65	66	70	72	104	118
37 29
0	3	4	6	7	10	13	15	20	21	22	23	24	25	33	34	38	39	40	45	46	55	57	62	63	73	74	86	92
46 28
0	3	4	12	15	17	18	20	23	24	44	49	50	52	54	55	56	57	61	64	68	69	72	76	92	93	103	127
47 32
1	4	5	12	18	20	22	24	26	27	29	31	33	36	39	40	45	46	49	53	57	60	61	74	75	76	84	85	91	92	103	118
45 30
0	2	3	4	6	7	12	15	17	19	21	22	23	29	32	34	35	37	50	56	57	59	62	63	77	88	92	100	112	127
37 30
1	2	4	5	8	9	13	14	22	24	25	27	28	30	31	33	34	35	39	40	41	43	46	56	60	68	76	82	86	92
45 30
1	2	4	5	7	9	13	19	22	24	27	34	35	38	40	43	45	50	54	56	59	60	61	62	65	75	79	91	108	112
39 31
1	2	4	5	6	7	8	9	12	13	16	20	21	22	23	24	27	28	31	34	35	44	46	49	56	62	67	90	92	95	127
47 31
1	2	7	9	10	15	16	17	19	20	25	31	34	36	46	47	49	51	53	54	64	70	72	75	76	79	86	91	93	100	112
48 32
2	5	10	15	17	22	24	26	34	35	36	38	39	40	42	43	44	50	51	52	54	55	58	62	63	65	68	69	73	75	95	118
40 31
1	2	3	4	6	7	9	18	20	21	22	23	25	27	32	35	36	37	39	40	41	46	52	53	54	55	60	65	70	84	85
42 32
0	3	4	5	9	10	12	13	14	17	20	25	27	28	34	39	40	41	45	46	47	49	55	56	57	58	63	64	66	75	76	92
46 32
0	4	5	6	9	11	12	13	18	21	22	24	25	34	35	40	44	45	46	47	49	50	52	56	57	59	69	71	85	88	98	154
45 31
0	4	6	7	9	10	15	18	21	22	24	25	28	31	34	35	45	46	50	51	54	57	59	61	64	66	68	71	76	92	115
46 28
2	4	7	13	15	17	23	24	27	28	30	34	37	46	51	54	58	59	62	64	68	75	77	88	98	100	111	127
41 30
2	3	4	9	11	13	17	21	22	24	26	28	29	32	33	37	44	46	47	48	51	58	59	63	66	69	75	77	88	127
45 32
0	1	2	4	8	13	16	18	19	20	21	23	24	28	31	33	34	40	45	46	51	52	58	64	65	67	68	71	77	92	97	118
46 31
4	8	9	13	14	17	19	23	27	30	33	35	38	39	40	41	42	46	53	55	57	60	62	64	67	69	71	77	86	112	127
40 27
0	1	4	8	10	11	12	13	15	18	21	25	30	41	46	49	55	57	60	64	65	66	70	85	88	98	111
38 30
2	4	6	7	8	10	13	16	17	19	20	21	23	25	26	28	30	34	35	40	46	49	52	54	63	66	76	78	82	88
43 29
4	6	8	10	11	13	15	19	25	27	30	33	34	37	40	46	50	55	57	59	64	65	69	72	73	82	88	92	98
40 30
0	4	6	10	11	16	21	22	23	24	25	26	30	35	38	39	40	43	45	46	54	55	63	66	71	72	77	86	88	93
41 29
0	1	2	4	6	8	9	13	14	15	16	26	31	33	35	37	43	44	45	50	57	60	62	63	66	79	96	100	127
42 32
0	2	4	5	6	9	12	15	21	23	24	25	26	31	32	36	37	44	45	46	47	49	56	58	59	63	64	66	68	70	76	92
54 33
0	2	5	12	20	22	23	31	32	33	39	40	41	46	50	53	56	57	58	61	63	65	66	68	74	77	79	85	91	92	96	112	118
40 28
1	4	6	9	10	11	14	15	17	18	19	25	26	37	44	45	46	47	50	57	62	63	65	69	76	88	100	104
44 29
0	4	6	7	9	11	14	16	18	25	27	31	32	44	46	49	50	51	57	58	60	61	64	66	68	71	72	98	117
48 32
4	6	9	11	12	14	18	19	20	21	25	26	28	29	32	33	40	43	44	49	51	53	58	59	66	67	72	73	75	100	112	154
40 29
0	4	6	10	12	17	21	24	25	28	30	32	33	37	39	40	43	47	50	52	54	60	65	68	73	75	76	91	92
53 32
9	11	12	15	17	21	24	32	34	42	43	44	47	52	53	54	57	60	61	62	68	69	70	75	77	85	88	91	92	93	117	118
47 30
1	3	13	16	17	18	21	24	26	31	33	39	41	42	45	54	55	58	60	62	66	68	70	75	78	84	86	92	105	118
48 30
4	6	7	12	13	14	20	23	28	29	31	35	37	41	45	51	53	56	58	63	65	66	70	76	77	88	92	100	103	108
41 31
0	1	3	5	8	10	12	13	16	17	21	22	24	25	28	30	31	32	33	36	39	49	58	60	63	64	73	74	75	85	112
49 33
0	2	11	12	13	14	16	23	25	29	33	34	38	39	43	46	48	49	52	53	55	56	58	61	62	63	66	68	70	76	78	96	103
44 30
2	3	6	11	16	17	24	25	28	29	30	35	37	43	48	49	50	51	58	59	62	65	66	67	69	70	75	77	79	95
45 30
0	8	9	10	13	16	17	25	31	32	33	34	36	38	44	48	51	52	57	58	60	61	65	67	68	74	89	92	95	98
42 30
1	2	11	13	17	18	19	21	25	30	31	32	35	37	39	40	42	45	54	55	57	58	59	63	64	65	66	71	86	90
45 31
2	7	9	10	12	20	21	24	25	30	32	35	39	40	42	45	48	50	54	55	57	60	61	64	67	71	73	76	77	79	86
47 32
0	4	5	11	17	20	24	25	27	28	32	37	38	41	42	44	46	47	49	60	63	64	65	69	71	75	76	85	90	92	100	112
48 31
0	6	7	9	13	15	18	19	20	22	29	31	37	40	46	47	50	51	53	58	62	65	66	67	77	80	88	89	91	112	115
39 31
0	4	5	9	10	12	14	17	19	24	25	26	27	29	31	37	40	43	44	45	46	47	48	54	60	63	64	75	77	85	88
44 30
0	4	5	8	10	17	19	20	23	25	26	28	29	30	36	37	44	50	51	53	54	56	57	60	65	70	76	88	92	105
48 30
2	5	11	13	15	16	18	21	23	30	31	40	44	46	51	52	54	55	56	57	58	63	64	66	73	75	77	95	100	127
42 32
0	3	4	5	7	12	13	15	16	17	19	21	22	25	26	27	30	31	32	40	41	42	52	54	57	58	60	62	68	72	92	96
42 28
0	1	2	5	10	11	13	15	25	27	29	34	36	38	41	44	50	52	54	55	57	58	60	61	68	70	98	100
43 31
4	7	9	15	16	17	19	20	21	26	27	31	33	34	35	36	37	38	42	43	44	51	60	61	63	68	72	77	92	100	118
47 32
1	4	5	10	13	17	18	19	21	23	28	30	34	38	40	41	43	44	53	54	56	58	60	64	65	67	69	70	72	82	92	108
44 29
0	1	4	6	7	9	12	14	15	22	26	27	29	31	39	45	53	54	60	61	62	68	70	72	74	76	84	107	127
37 27
2	8	11	15	16	18	20	21	24	27	28	29	31	34	36	40	41	45	50	54	55	58	59	74	77	88	108
46 31
9	11	12	15	17	19	25	26	28	29	30	32	33	34	35	37	44	45	52	56	57	58	59	67	69	70	77	92	96	104	112
49 34
4	8	9	18	20	22	24	25	27	31	33	34	35	36	37	38	39	40	46	48	51	54	56	61	65	68	69	71	72	76	78	91	92	103
50 32
1	7	15	16	20	22	24	25	27	28	29	31	34	43	48	57	62	63	65	71	72	73	76	77	80	82	83	84	85	91	95	100
49 32
0	5	9	12	17	19	21	24	25	28	31	34	35	36	38	39	47	50	53	54	58	60	63	68	72	75	76	79	88	95	109	112
44 30
0	2	10	15	16	18	19	25	27	31	33	34	35	40	42	45	46	48	49	52	53	55	57	65	73	75	84	88	108	154
44 31
1	4	6	7	9	10	21	24	25	29	30	31	34	35	40	41	44	46	49	50	51	58	63	64	66	67	73	74	86	92	103
48 31
2	4	5	12	14	20	23	25	26	31	39	40	41	43	44	47	50	51	54	60	61	63	64	67	70	74	75	86	92	105	111
48 31
3	4	8	14	16	17	18	22	26	28	29	32	38	40	47	48	51	53	54	56	59	60	62	67	71	72	84	92	93	105	115
40 31
1	2	4	7	9	10	13	15	17	20	24	25	28	30	33	36	37	38	41	43	45	46	51	54	61	65	66	68	69	75	88
40 30
0	2	3	4	6	7	8	9	11	12	13	16	17	18	21	23	29	39	44	47	49	61	63	64	67	71	76	88	92	118
46 32
1	2	5	6	12	13	15	20	21	23	24	25	28	32	36	37	41	45	46	52	53	58	60	61	65	67	68	69	73	77	88	112
49 32
0	6	8	9	13	16	21	23	25	27	30	33	38	39	40	41	50	52	54	55	59	60	63	64	67	68	69	70	78	79	88	111
46 29
0	3	6	9	12	19	22	23	31	35	38	40	44	45	46	47	51	56	66	67	72	73	82	88	92	98	103	112	127
46 31
1	4	5	15	19	20	24	25	27	28	29	30	32	33	34	40	41	42	50	55	64	67	72	74	76	77	80	86	96	107	108
47 32
0	2	4	10	11	15	17	20	22	23	25	30	32	33	37	39	45	46	47	58	59	61	62	63	65	74	75	76	92	97	111	112
48 33
3	5	9	10	12	14	19	23	24	25	30	31	34	35	37	42	43	45	51	54	55	62	66	70	72	74	76	80	82	86	90	91	92
45 32
1	6	7	8	10	11	14	16	20	21	22	24	25	27	29	33	34	35	37	49	50	55	56	57	64	71	72	79	80	82	90	115
44 30
0	1	8	9	11	14	15	16	24	25	27	30	31	32	35	36	37	42	50	52	57	58	60	66	67	73	78	88	104	112
40 30
1	4	8	9	12	16	18	19	20	21	22	24	26	28	29	31	32	33	36	44	49	51	59	60	65	66	71	74	75	127
46 30
1	2	5	6	11	13	20	21	23	29	33	35	37	40	47	51	55	59	61	62	63	66	67	70	75	80	88	93	96	127
46 30
1	4	6	11	13	16	21	24	26	27	28	29	31	33	42	46	49	50	52	59	61	63	72	76	79	82	88	107	108	109
42 31
1	2	3	5	6	8	10	14	15	17	19	26	29	32	35	36	38	40	41	44	45	46	50	55	64	67	72	76	91	98	108
45 31
2	4	5	6	7	17	20	21	23	25	27	31	33	39	41	42	43	44	46	50	53	59	60	61	62	63	68	74	88	98	118
44 32
1	4	5	6	8	10	13	14	15	23	25	27	28	30	32	35	36	39	40	46	49	51	52	55	59	60	64	67	71	76	83	104
45 30
0	1	4	9	14	16	18	20	21	22	23	26	27	31	32	40	46	50	51	54	56	61	66	67	71	74	76	92	104	115
48 30
1	4	10	12	13	15	19	27	28	40	43	45	46	49	50	55	56	58	59	61	62	63	72	75	76	77	88	92	108	112
44 31
0	1	5	6	10	13	15	16	19	22	24	25	31	34	36	37	44	46	50	54	55	58	60	62	64	67	69	71	72	76	91
43 30
1	2	10	13	16	17	18	23	24	25	26	27	29	30	34	39	43	47	50	58	63	66	67	68	74	75	77	86	88	117
43 31
1	3	10	11	16	19	21	23	24	25	27	30	31	34	37	38	43	44	46	47	50	51	54	55	59	64	65	69	70	79	107
40 31
2	3	5	8	9	10	11	12	14	15	17	20	21	22	23	24	30	32	33	40	41	46	49	60	65	70	72	74	85	95	118
44 31
2	3	4	6	9	11	12	13	14	16	21	23	25	30	37	41	42	47	48	49	53	55	57	60	64	65	73	88	92	96	154
40 31
1	4	6	7	9	11	12	13	16	17	18	21	23	24	25	26	28	29	34	41	43	48	50	53	57	61	65	66	71	77	92
44 28
0	2	4	5	6	7	13	16	25	29	32	33	35	37	50	53	59	60	62	65	67	69	70	72	76	77	100	112
51 31
0	4	6	11	13	14	24	25	26	27	37	38	43	46	51	52	53	54	56	60	61	63	67	68	71	72	75	77	80	98	154
44 29
0	1	2	3	4	5	6	8	11	19	20	21	25	35	41	44	47	50	61	65	66	78	80	84	85	91	92	104	154
42 31
0	2	3	4	5	6	8	12	13	14	21	24	25	27	31	32	33	37	38	46	47	55	57	62	66	67	72	77	84	92	112
45 32
1	2	3	4	5	6	11	13	14	15	19	21	24	25	28	31	32	33	37	38	44	45	50	60	67	70	77	93	95	98	100	108
49 32
0	1	6	10	11	14	24	25	28	30	31	35	36	38	40	41	50	52	55	58	59	62	65	66	72	74	76	77	78	82	88	100
39 29
0	2	4	6	8	12	13	15	17	18	20	24	25	32	40	41	43	45	46	49	56	58	64	66	76	77	82	86	104
45 30
1	2	5	7	8	12	16	17	20	22	25	28	30	40	46	49	51	53	58	62	65	66	67	69	80	88	91	95	97	104
42 30
0	3	4	5	12	13	14	19	22	26	28	31	32	37	38	44	46	47	48	49	54	57	66	68	71	72	76	92	98	108
42 29
1	2	6	7	13	15	16	17	21	24	25	27	28	30	31	32	36	39	50	55	58	62	66	67	75	77	91	100	112
49 33
8	12	14	16	17	18	19	23	26	29	30	32	33	35	37	43	44	49	50	51	53	60	63	68	70	71	72	77	84	85	95	97	108
43 31
1	2	4	6	7	8	13	16	19	21	24	25	29	32	34	37	39	47	48	50	51	55	58	61	62	65	71	72	75	78	92
44 30
0	6	9	10	12	13	14	17	19	21	24	28	34	37	39	40	45	47	52	55	60	62	68	72	73	75	91	92	108	109
45 29
2	6	7	8	11	15	18	21	22	25	26	30	32	36	39	49	50	51	52	53	55	58	63	72	75	91	100	111	117
49 33
0	5	8	11	18	19	23	24	26	32	34	37	38	41	43	44	45	47	48	50	55	60	63	64	72	76	77	82	86	91	96	103	115
48 31
0	2	4	6	13	19	24	25	27	29	30	33	35	39	49	50	52	53	55	58	66	67	68	71	76	77	80	88	91	96	105
45 31
1	2	8	12	13	14	16	18	19	20	24	25	28	32	37	40	43	44	47	48	50	58	65	67	68	70	76	79	108	111	112
41 29
3	4	5	6	8	11	13	14	17	18	20	21	24	27	30	37	46	47	51	54	59	60	63	66	67	69	72	75	118
42 31
0	2	7	9	10	11	12	17	20	21	22	23	24	25	32	34	36	37	39	43	46	49	54	55	60	64	65	74	88	96	154
48 32
1	2	5	8	10	11	13	23	27	29	30	33	34	38	39	40	49	53	54	55	56	58	61	62	64	66	67	69	72	76	77	115
39 30
0	1	6	7	8	10	12	13	15	18	20	21	22	23	24	27	29	31	35	40	46	49	55	62	63	71	76	77	88	115
42 29
0	4	11	17	18	19	21	22	25	26	27	29	30	33	35	36	40	41	56	60	63	69	72	76	77	88	89	109	115
55 32
2	13	15	17	19	20	25	29	36	41	44	47	51	52	54	55	57	59	63	64	66	67	68	73	76	79	84	85	97	100	109	112
48 31
0	2	4	5	7	9	10	11	16	19	31	36	38	39	41	45	51	54	55	59	62	63	65	70	73	75	76	77	91	107	127
45 30
0	1	3	4	9	11	13	15	16	18	19	21	22	25	30	32	34	49	50	58	63	70	75	85	89	95	97	98	112	115
45 32
0	1	2	3	4	7	8	17	19	21	22	27	30	31	32	35	40	43	44	46	53	54	58	60	63	65	66	72	74	86	91	108
46 30
1	4	6	13	16	17	19	21	29	33	36	39	40	45	49	50	52	53	54	55	57	59	60	71	74	75	83	88	90	115
47 30
0	4	5	7	19	22	24	25	27	29	30	34	37	38	42	46	54	57	63	66	67	72	74	76	83	88	93	112	117	118
45 30
2	4	6	7	9	11	13	17	18	21	23	24	26	27	32	35	40	49	51	53	56	57	62	66	76	77	80	109	112	127
50 34
1	2	3	9	10	17	18	19	20	21	22	35	36	38	39	40	42	47	48	51	52	54	55	61	63	64	66	69	71	78	79	80	85	127
46 31
0	1	5	12	16	17	18	19	23	24	27	28	30	31	43	44	47	50	53	55	58	60	63	64	67	69	75	77	85	91	108
41 32
1	2	3	5	8	10	11	12	13	15	17	20	24	25	27	31	32	33	36	38	39	44	46	51	55	58	60	61	64	65	68	80
45 32
1	5	10	13	22	24	25	29	31	32	34	35	39	40	43	44	45	47	48	50	52	54	55	57	58	63	65	67	74	75	89	97
40 30
2	4	6	7	8	12	16	17	18	21	24	25	27	30	31	41	42	43	47	49	52	56	57	58	59	60	68	77	88	92
47 28
0	4	5	8	11	12	13	21	22	31	32	40	46	52	53	55	63	64	66	67	70	79	88	93	103	105	108	117
44 32
2	4	5	11	12	15	16	18	19	20	25	27	29	30	31	34	35	38	40	43	49	51	53	54	58	60	63	67	72	73	91	118
42 31
5	6	7	8	12	14	16	17	18	19	21	23	25	29	30	33	34	36	37	38	39	41	50	54	63	65	68	71	96	104	117
43 30
0	1	2	4	5	6	9	10	13	14	17	18	19	24	25	30	32	34	36	38	50	57	64	65	67	91	97	98	107	109
44 31
0	1	3	5	12	14	17	19	24	25	26	29	30	33	34	35	37	38	40	50	55	64	67	70	71	73	76	79	86	97	100
47 30
2	3	4	7	9	10	21	23	26	28	33	36	37	45	47	49	50	51	52	54	63	67	68	75	76	83	92	104	112	118
43 28
1	2	4	5	6	7	13	14	18	25	34	37	39	43	46	50	51	53	57	61	65	66	68	73	77	88	98	112
54 35
0	2	6	8	10	18	19	21	25	28	29	31	34	36	41	43	46	49	50	51	53	61	64	66	69	71	72	74	76	78	84	86	95	107	115
41 30
1	2	3	4	5	6	8	9	10	16	19	20	21	22	24	25	29	31	32	40	50	51	55	60	65	72	74	77	88	112
41 28
1	5	7	10	11	13	15	16	19	20	24	25	30	33	37	43	50	51	54	57	60	61	62	65	75	80	91	112
46 31
4	6	7	12	13	16	17	19	21	22	24	28	33	34	35	38	41	45	48	51	58	59	61	62	75	83	88	92	104	112	127
36 29
1	2	3	4	8	10	11	12	14	17	20	21	22	24	25	26	28	33	34	37	39	46	57	60	63	64	69	70	85
40 30
0	1	2	4	6	8	9	12	13	14	19	21	23	25	26	29	34	35	46	49	55	59	61	66	69	70	74	77	82	96
46 32
0	4	5	6	8	10	13	17	25	26	28	33	35	40	41	43	44	46	47	48	56	61	62	65	66	76	79	86	88	92	104	111
47 30
2	13	14	21	23	25	29	30	32	33	34	35	41	47	51	53	55	58	61	62	63	66	67	68	69	75	77	92	96	109
44 31
0	5	6	8	13	16	18	23	24	25	27	29	30	33	34	37	41	44	45	51	55	59	62	65	66	71	72	74	77	90	98
45 28
0	2	3	5	6	11	13	16	18	25	40	41	45	52	54	55	58	60	67	71	73	75	77	79	88	89	104	111
44 29
2	4	7	13	15	19	21	22	24	25	27	32	36	40	50	52	54	55	56	59	63	66	68	71	72	77	79	82	86
49 31
2	5	9	12	15	19	20	22	26	32	37	39	43	44	49	50	53	54	55	57	60	61	64	67	75	76	77	88	92	105	118
44 30
3	6	9	11	16	17	20	21	23	24	27	28	29	33	34	37	40	44	45	57	58	63	64	66	71	72	75	98	117	127
44 30
4	7	8	9	11	14	15	18	20	22	23	26	27	33	36	38	40	46	52	55	57	58	59	60	61	73	77	88	104	127
46 33
0	3	6	7	8	9	10	11	15	17	21	22	25	28	30	31	32	34	35	39	42	51	52	54	55	56	57	63	64	72	73	77	100
45 31
0	1	10	12	13	18	21	23	24	25	29	33	34	35	36	41	48	54	55	56	57	60	61	65	66	68	70	72	73	74	77
44 30
1	4	6	8	10	13	21	24	25	26	30	31	40	42	45	49	50	54	57	58	59	60	64	69	75	76	80	86	91	96
49 32
3	6	12	13	14	15	16	17	24	25	26	34	38	39	40	42	43	52	54	55	61	62	63	64	66	70	72	76	86	92	100	111
42 29
3	4	7	8	12	15	17	23	25	26	29	30	32	33	35	41	45	51	53	57	58	63	64	66	68	74	92	96	104
45 30
6	11	16	17	22	24	25	27	28	30	37	43	44	46	47	49	50	51	54	58	59	66	70	77	78	80	85	88	96	112
49 31
2	6	18	20	21	24	28	29	31	34	40	41	45	46	49	52	55	57	58	62	63	64	65	68	70	72	77	80	93	107	108
45 31
0	2	8	9	10	13	14	15	17	21	22	23	25	29	31	32	36	39	41	43	50	51	57	60	62	65	76	77	100	104	112
43 29
0	1	2	5	8	11	14	18	21	22	23	24	30	31	35	40	54	55	63	67	69	72	76	86	88	90	95	96	108
43 31
2	5	8	12	13	14	18	20	21	24	25	26	27	29	33	40	42	44	46	49	53	58	59	62	66	67	69	75	88	92	112
40 29
0	1	3	4	7	10	11	13	15	16	17	21	23	28	29	34	41	43	45	48	50	54	56	66	70	72	79	98	115
45 31
0	3	4	9	16	17	19	20	23	25	26	29	33	36	39	40	42	45	50	53	60	63	65	70	71	76	77	88	90	97	105
47 31
3	4	7	8	9	13	15	17	25	27	29	32	34	37	41	46	49	58	61	63	65	66	68	74	75	77	82	88	95	100	105
42 30
0	1	2	3	5	6	13	15	16	19	20	22	33	35	40	41	44	46	48	53	55	58	65	67	74	76	85	88	89	108
48 31
1	3	4	12	13	19	21	23	26	32	33	34	37	39	44	46	49	55	56	58	61	63	68	69	71	72	82	88	100	105	115
45 32
1	2	4	6	8	16	18	19	23	25	27	29	34	36	38	39	41	44	47	50	51	55	60	61	63	64	65	71	72	74	84	92
49 32
2	6	7	9	10	15	21	27	28	32	34	37	38	41	43	46	47	50	55	57	58	61	63	67	68	70	71	73	88	93	98	118
44 32
1	2	4	13	14	16	20	21	22	25	29	32	33	34	35	37	40	41	44	46	49	51	52	55	59	63	69	75	79	88	95	112
49 32
1	4	6	8	17	18	20	23	24	25	27	31	34	35	42	45	46	55	57	60	61	66	68	74	75	77	79	85	91	92	103	112
49 32
2	10	12	13	18	21	22	24	25	26	31	37	39	41	43	49	51	52	55	58	60	61	62	63	64	70	76	77	80	92	96	127
51 33
0	10	12	13	16	21	25	28	30	31	32	33	37	41	42	47	49	51	55	58	61	62	63	64	69	70	73	75	79	92	96	111	127
45 30
2	7	9	10	12	13	16	21	23	24	26	27	29	30	31	34	39	46	50	54	56	58	62	67	74	77	96	100	117	118
49 33
1	2	4	5	12	13	14	15	17	22	24	27	32	38	40	41	43	44	47	48	49	52	54	57	66	67	68	70	73	74	100	118	154
44 30
0	1	2	5	15	16	23	24	25	26	33	35	37	42	44	45	46	52	53	55	59	60	68	70	71	75	76	79	86	103
47 31
1	4	7	10	11	12	19	22	24	25	31	33	41	44	47	49	50	52	53	57	58	60	63	65	68	72	75	82	88	96	105
42 30
0	1	2	4	6	11	13	16	17	18	20	23	24	26	28	29	33	39	42	55	61	62	63	66	69	70	75	77	92	118
41 29
0	4	5	17	22	24	26	27	29	32	33	36	39	42	43	46	47	49	51	52	56	59	60	63	68	71	75	76	118
47 32
1	2	3	5	6	7	8	13	15	17	20	24	25	26	29	30	31	34	50	53	54	55	63	64	66	67	68	70	76	79	80	109
41 27
0	1	2	8	10	12	15	20	23	25	29	32	36	44	50	54	55	56	57	60	63	66	73	74	84	86	112
45 27
0	1	2	5	10	13	17	25	27	34	46	47	50	54	58	60	61	62	64	66	68	72	76	90	98	103	112
42 27
0	4	5	6	8	10	11	18	20	28	31	42	43	45	49	50	56	61	63	65	76	77	88	91	100	105	108
43 27
0	1	2	4	9	11	15	17	23	25	32	37	39	50	53	54	55	58	61	63	65	66	69	71	91	98	107
42 28
3	7	8	11	12	13	15	21	25	29	34	37	38	44	45	49	50	53	54	57	58	63	72	73	91	92	98	112
48 33
0	1	2	5	6	9	11	16	18	21	22	23	32	35	41	43	44	46	49	50	55	56	58	59	62	63	66	69	73	74	80	86	115
49 34
6	8	14	19	20	22	26	28	33	34	35	36	37	39	40	41	42	43	45	46	55	57	58	59	62	63	64	67	69	75	77	80	88	115
47 32
2	3	5	6	9	11	14	16	21	23	26	27	30	35	36	39	40	41	43	53	67	68	69	70	72	73	76	77	82	88	108	112
51 33
1	5	7	9	12	13	15	19	23	25	28	32	43	44	45	46	52	53	55	56	59	60	61	63	65	68	71	73	76	91	96	97	100
47 32
1	6	7	8	10	15	16	18	21	23	25	26	29	31	36	40	46	47	50	51	59	63	64	65	67	70	74	76	83	85	89	112
46 31
8	10	13	14	16	20	22	23	26	27	32	35	36	39	40	41	43	47	52	54	55	56	57	60	66	67	68	86	92	104	127
43 30
4	6	10	18	19	21	22	23	25	26	29	30	31	32	33	35	40	45	51	54	58	63	64	66	70	73	76	78	91	103
44 30
0	1	2	5	6	8	9	10	24	25	26	30	31	33	35	48	52	53	55	60	63	64	67	70	72	75	80	86	92	96
38 28
1	2	7	8	9	10	13	20	24	25	29	32	35	36	37	41	44	45	48	49	54	60	64	66	75	86	112	115
46 31
0	5	6	10	13	16	21	22	23	24	31	33	34	35	36	40	41	45	51	52	60	64	65	67	82	83	88	89	92	112	127
50 33
0	1	3	5	13	18	20	22	27	28	30	31	33	35	38	39	41	42	47	51	60	65	67	70	71	77	80	90	91	96	100	117	127
44 30
0	1	2	3	6	7	9	10	12	13	21	25	28	29	34	35	47	50	51	58	60	65	66	67	68	70	77	80	96	112
45 29
0	6	7	8	9	10	21	22	25	29	31	34	38	45	50	54	57	59	62	63	64	67	74	77	88	90	91	92	117
46 33
5	6	7	9	11	12	13	16	17	18	22	24	25	32	33	37	38	40	43	44	46	50	55	58	62	65	68	72	74	76	77	80	100
50 33
8	12	17	20	21	23	25	26	28	29	34	35	38	43	44	47	49	51	54	55	58	60	63	68	72	75	79	82	86	88	91	92	112
43 31
0	9	10	11	14	19	21	23	25	26	28	32	33	35	37	39	43	44	46	49	53	55	60	68	70	72	75	77	78	88	112
49 33
0	7	8	12	15	16	18	19	22	23	24	25	26	28	34	36	39	42	45	48	50	52	54	64	71	75	79	85	88	92	112	117	118
42 29
0	7	8	9	11	12	13	15	16	17	23	34	36	45	47	48	49	54	57	61	63	67	71	74	76	90	92	95	108
47 33
0	1	5	9	11	12	15	16	17	18	22	23	24	26	28	35	36	38	44	49	51	52	59	60	63	68	71	75	77	88	92	95	127
48 33
0	1	2	4	9	10	18	20	26	29	31	33	34	36	40	42	45	46	47	51	52	53	62	65	68	69	71	77	79	85	86	92	115
44 29
2	4	5	6	9	13	25	26	29	30	31	34	42	43	45	46	47	52	53	54	55	58	66	86	93	96	100	109	111
49 31
0	1	4	7	8	14	21	22	25	26	32	34	42	43	46	47	50	51	56	58	59	63	66	68	70	71	72	77	90	105	154
43 31
1	2	7	9	11	12	14	15	22	24	25	29	30	32	36	37	39	41	44	47	48	49	55	56	60	63	73	86	96	104	154
43 30
0	1	2	4	6	7	13	16	17	19	25	26	29	41	43	48	49	50	51	53	56	61	66	68	71	74	75	77	80	92
45 32
0	4	6	7	8	10	16	18	21	23	25	28	29	31	32	36	37	40	41	45	49	51	58	60	68	70	83	91	92	96	105	117
42 28
3	4	5	7	12	13	16	18	20	23	27	29	33	43	44	48	52	53	56	57	58	66	72	73	74	78	112	127
46 31
0	1	5	8	9	11	17	21	23	24	25	26	33	34	35	42	49	52	54	55	58	59	61	64	65	66	70	86	90	93	115
46 32
0	1	2	4	5	9	12	15	19	25	32	34	39	40	41	44	45	46	47	50	54	55	58	59	60	63	64	65	71	89	90	108
41 31
0	1	2	5	6	9	12	14	15	18	19	22	23	25	29	34	38	39	44	46	47	49	55	56	58	60	65	69	74	92	104
48 30
0	1	5	7	8	11	13	22	24	27	32	35	37	45	46	50	52	54	55	58	60	67	68	72	75	86	92	103	109	127
42 30
0	4	10	11	13	14	15	18	24	25	27	28	29	30	31	37	46	47	48	50	54	57	66	67	72	77	88	91	97	98
47 31
0	2	5	6	7	8	13	16	21	24	34	35	37	38	40	41	44	45	50	55	58	63	64	65	70	71	72	92	98	112	127
39 29
0	7	8	9	10	11	12	13	14	19	22	25	27	28	29	31	32	35	38	39	52	55	58	60	63	70	72	73	109
44 30
3	4	7	9	10	11	13	17	21	23	26	32	36	37	38	39	46	51	52	54	57	61	63	65	71	75	76	84	88	118
52 33
1	3	12	18	22	23	25	26	32	33	39	40	41	42	43	51	55	58	62	64	65	66	67	70	74	76	77	79	85	91	92	96	117
47 31
0	3	4	5	6	7	8	11	12	13	14	17	18	20	30	35	36	41	49	52	53	56	58	63	66	75	79	95	107	127	154
48 31
2	12	13	14	16	19	22	23	25	26	34	35	41	42	43	48	49	51	54	55	58	60	63	64	66	71	76	89	91	115	154
43 31
3	4	5	8	9	13	14	15	18	19	20	22	23	25	27	29	31	33	36	40	46	52	54	56	58	60	85	88	93	104	117
44 30
2	4	5	6	9	12	15	18	19	20	22	25	27	28	31	32	46	51	57	59	60	61	64	68	73	76	77	79	88	104
38 28
0	1	5	7	9	10	12	13	16	18	20	24	25	29	31	32	43	46	49	55	58	61	66	74	75	91	93	104
46 30
1	2	7	8	10	15	20	21	23	27	28	34	40	41	46	47	50	54	55	58	59	60	61	68	70	71	77	95	98	108
53 33
2	3	9	10	12	13	14	15	16	18	29	36	38	39	42	43	49	50	51	52	53	55	57	61	63	69	76	79	82	88	107	115	154
41 28
0	1	4	5	6	10	17	20	22	23	24	25	29	30	36	38	43	52	54	55	60	61	63	75	79	92	105	112
48 31
1	2	5	7	13	20	21	23	29	30	31	36	37	43	46	48	53	54	55	56	58	63	66	71	73	85	86	88	97	98	108
50 30
0	1	2	7	18	21	25	30	35	42	45	46	49	50	54	55	56	61	62	63	66	67	73	75	80	82	91	92	104	154
47 32
0	4	6	9	14	16	19	20	21	22	23	24	34	39	40	42	46	47	55	57	59	60	62	63	64	66	71	73	78	85	96	115
48 31
2	7	9	10	11	12	18	20	21	23	24	25	26	27	30	34	40	49	51	54	56	58	62	64	66	71	76	92	103	117	154
43 29
0	1	4	9	17	18	22	25	26	29	30	31	34	43	45	46	47	49	51	58	63	65	66	67	69	80	98	100	105
45 32
0	1	3	4	5	9	12	15	21	24	25	27	30	31	32	34	36	37	44	47	52	53	54	62	65	67	69	73	75	77	91	111
41 26
1	2	3	5	11	13	16	23	25	31	36	45	46	50	52	54	55	58	60	62	64	75	86	91	98	108
47 30
0	2	18	19	23	24	30	31	33	34	37	40	42	44	48	50	54	58	63	65	67	68	69	72	76	79	86	91	108	117
47 31
2	4	6	7	8	11	17	20	21	22	23	25	32	35	37	42	51	53	54	58	59	61	62	64	65	66	73	77	86	91	100
46 31
0	1	7	8	10	13	15	20	21	23	31	32	34	35	38	42	48	50	52	54	59	61	62	63	64	66	71	76	82	95	115
51 31
2	6	11	16	18	24	25	30	36	39	40	41	45	48	49	55	57	61	62	63	65	69	74	77	85	86	91	104	111	117	127
44 31
4	6	7	9	11	13	14	19	21	24	27	37	38	40	43	44	45	46	49	52	55	56	58	59	66	67	68	72	75	77	115
49 33
4	12	17	18	19	20	21	22	24	25	30	31	44	45	46	48	49	50	52	53	54	55	56	57	59	66	67	68	71	77	79	88	91
52 31
2	4	5	7	9	10	13	15	21	25	32	45	46	47	49	53	55	56	58	62	66	68	72	75	77	78	79	111	117	127	154
45 30
0	2	5	6	13	16	17	19	21	22	23	25	29	32	40	41	43	50	51	53	57	58	60	63	70	76	77	79	108	117
49 31
0	2	3	6	7	8	11	14	15	17	19	23	27	31	32	39	47	50	56	62	63	67	73	74	76	82	92	98	100	112	115
47 30
1	4	6	10	11	20	25	29	34	37	40	43	44	45	47	52	53	54	55	57	58	59	60	61	69	73	91	92	105	108
49 32
1	6	7	10	15	19	20	22	25	27	39	40	42	43	45	50	52	55	57	58	66	67	68	72	75	84	85	91	92	93	96	97
42 31
0	1	2	4	5	6	15	18	19	20	21	24	25	29	31	32	36	44	46	49	55	56	59	60	61	64	65	70	71	75	84
46 30
2	4	8	16	17	19	22	24	25	27	32	40	42	43	47	51	52	55	56	59	60	62	65	70	72	73	77	80	82	111
51 33
2	5	7	9	13	16	20	22	24	27	28	33	34	36	41	43	45	50	52	56	61	65	68	70	71	75	77	88	89	91	92	112	118
44 29
1	2	4	5	11	13	14	16	21	22	24	25	27	30	32	33	36	47	50	60	63	66	75	82	85	91	98	115	154
46 31
0	1	4	10	11	12	15	17	24	25	26	27	31	32	33	35	39	42	51	52	58	61	66	67	68	73	74	76	86	100	111
46 29
2	7	13	14	16	21	25	32	35	36	38	40	44	50	51	52	54	58	60	61	62	63	65	69	72	82	91	92	112
45 31
1	7	11	12	13	14	15	16	17	23	24	29	33	36	39	42	44	45	50	52	55	58	59	64	72	73	74	76	80	86	127
43 30
1	2	4	5	7	8	15	19	20	21	24	25	28	29	37	41	45	46	55	58	63	66	71	73	80	83	88	91	92	98
45 29
0	1	2	4	6	12	13	14	17	24	27	38	41	42	49	52	60	61	62	68	72	75	76	77	91	96	97	109	115
38 29
1	4	5	6	8	9	10	19	23	25	32	34	35	39	40	41	43	46	48	49	54	55	57	61	63	66	70	85	86
41 31
1	4	8	10	11	13	15	16	20	21	22	25	28	30	35	38	40	42	45	47	48	55	56	57	60	61	63	68	72	73	88
53 31
2	4	5	16	18	27	29	36	39	40	41	45	46	47	49	51	58	59	62	66	68	71	82	86	88	92	100	104	112	127	154
45 28
1	2	3	4	8	11	13	14	21	22	30	40	41	50	55	56	57	58	59	62	63	64	66	67	69	86	100	127
47 31
7	10	18	21	22	24	25	31	32	33	37	38	40	46	47	50	52	54	57	59	62	65	66	68	72	73	74	77	88	91	95
44 31
1	4	6	9	10	12	13	14	16	21	25	28	29	31	33	34	36	39	49	55	61	65	66	74	75	82	83	88	90	96	127
49 33
0	1	2	3	6	7	9	10	11	15	25	27	30	34	36	37	40	47	49	53	54	55	57	58	61	64	67	70	74	77	85	112	127
42 31
1	2	4	5	6	13	15	16	18	21	22	23	24	25	26	29	31	42	44	45	48	49	51	52	54	57	58	66	91	100	127
39 27
0	1	6	10	13	18	20	23	24	27	33	35	36	39	42	45	48	50	51	54	61	64	66	76	88	108	112
45 30
7	9	10	12	13	15	18	19	20	21	22	25	28	29	31	32	38	39	53	55	57	58	61	71	73	84	86	91	111	154
48 31
1	3	7	8	13	16	22	23	25	26	31	34	35	39	42	43	48	49	51	53	54	55	63	64	71	93	95	98	100	109	115
38 29
0	1	2	4	8	12	15	19	21	24	25	32	34	35	36	37	40	41	45	46	49	50	52	54	55	63	72	88	108
51 32
7	11	12	13	18	25	29	30	33	34	39	40	43	45	50	54	55	56	57	59	61	63	67	71	73	76	77	79	80	86	91	111
43 31
1	5	10	13	14	15	16	18	22	23	24	27	28	29	30	34	40	43	46	48	50	52	54	55	57	61	63	66	71	92	115
42 28
6	7	9	11	12	13	16	17	21	23	25	29	30	31	39	43	50	51	53	58	65	67	74	77	85	86	111	117
43 28
0	1	4	6	8	10	14	20	24	26	29	37	42	44	45	50	54	57	58	60	62	65	67	72	73	80	112	127
47 31
0	2	6	7	12	13	15	19	22	24	28	35	39	42	43	48	49	53	55	57	60	61	62	64	66	68	74	77	88	109	127
46 32
2	5	7	13	16	17	20	22	25	26	27	28	33	40	41	43	44	48	51	57	58	63	65	68	71	73	76	79	80	85	92	95
40 31
1	4	6	7	9	11	12	13	14	16	20	21	24	25	26	28	31	37	39	45	46	49	58	59	60	61	70	73	80	85	96
40 29
0	1	3	7	8	10	12	13	15	21	22	25	31	32	34	35	39	42	46	49	54	55	63	67	72	77	91	107	127
47 34
2	4	6	8	9	16	17	18	20	22	25	26	28	29	33	34	35	37	42	46	48	51	52	55	59	63	64	67	69	70	75	77	85	88
49 30
1	8	11	14	15	17	18	21	25	31	34	38	45	47	48	50	51	52	53	57	59	60	66	67	73	91	109	111	112	115
44 32
0	1	2	3	8	9	11	12	14	20	21	23	25	30	32	37	39	40	41	43	52	53	54	55	57	60	65	72	75	76	79	92
44 30
0	2	4	5	6	7	11	13	16	18	23	27	28	30	34	37	46	48	50	54	55	66	68	71	74	76	84	96	109	115
54 33
2	5	9	13	19	21	24	26	29	30	31	32	39	42	49	50	54	58	60	61	66	68	69	74	75	77	85	86	88	97	111	112	115
51 33
4	8	10	11	19	24	26	30	32	35	36	37	41	42	45	46	49	50	51	52	55	58	60	63	65	66	69	70	86	90	91	104	118
49 33
3	6	7	12	13	15	16	19	24	25	30	31	34	36	37	38	41	49	50	56	57	59	60	61	64	65	68	70	71	72	75	77	112
44 31
0	1	2	5	6	7	10	13	15	23	25	27	29	31	32	36	45	46	48	51	53	55	57	62	63	66	73	77	82	89	98
47 32
0	2	4	6	8	16	18	23	24	26	27	34	35	36	38	46	47	49	50	52	55	57	60	61	62	67	70	73	78	86	89	108
44 31
1	4	5	6	7	10	11	12	15	17	24	27	29	30	31	32	37	43	48	49	51	54	55	60	66	69	72	74	80	115	117
48 31
0	2	4	8	11	12	13	22	25	26	29	30	31	41	45	47	49	50	52	54	56	57	66	71	76	77	84	88	98	103	104
48 30
2	4	13	16	18	28	29	30	31	34	43	44	45	50	51	57	58	59	61	63	65	66	67	70	72	74	77	84	90	127
46 30
0	4	9	10	14	17	18	20	22	24	25	27	30	39	46	50	60	61	63	66	67	69	70	73	80	82	88	92	95	107
49 32
0	1	4	5	12	14	18	22	25	28	31	33	34	39	43	45	46	47	50	51	53	54	60	61	66	67	68	71	80	98	105	109
41 30
1	4	5	6	13	14	15	17	18	23	24	25	27	30	34	39	43	46	47	50	53	55	57	58	61	66	68	74	77	86
46 31
5	7	8	14	16	18	20	21	22	23	24	26	27	29	33	37	46	51	53	54	55	63	66	67	69	71	75	77	85	95	108
37 28
0	3	4	6	7	10	11	13	17	24	25	26	28	35	39	41	45	48	49	51	54	62	66	69	74	75	76	92
41 28
1	4	5	6	9	10	15	16	20	24	29	34	38	39	40	41	42	55	60	61	63	66	68	73	80	96	105	118
43 30
1	2	4	5	6	11	15	17	20	25	30	31	33	35	37	39	41	43	46	53	56	58	63	64	66	67	70	75	91	154
47 29
4	17	19	21	24	25	27	28	32	34	40	43	47	50	54	56	57	59	60	63	65	66	69	70	75	76	77	112	118
44 31
0	1	2	8	11	13	14	15	17	18	25	26	28	31	36	37	39	45	46	48	53	54	55	57	58	60	75	85	86	104	105
39 27
0	2	4	7	8	12	13	18	22	25	26	27	29	32	35	39	48	50	51	56	58	63	66	70	72	92	154
44 29
0	4	11	12	13	16	17	20	34	35	36	37	38	39	42	45	54	58	60	61	63	67	76	77	80	85	89	100	115
40 28
1	7	12	16	17	18	19	20	22	24	26	29	31	33	34	44	46	49	52	54	55	57	59	71	75	91	103	127
47 32
0	3	4	7	10	12	14	16	18	19	21	24	25	27	34	42	43	44	47	51	56	60	66	68	70	71	73	76	77	80	111	112
43 30
0	1	4	7	10	12	14	17	18	23	25	26	27	29	31	32	34	39	43	60	62	63	67	73	76	77	88	96	112	117
44 29
0	2	6	9	14	17	19	24	26	30	31	39	40	41	42	45	47	50	52	55	57	62	66	72	75	86	92	115	154
41 30
3	4	8	9	13	16	23	25	27	29	30	33	34	36	37	38	41	43	45	50	51	52	53	55	58	66	67	70	77	86
49 32
0	7	8	12	13	16	17	19	24	25	26	35	38	42	43	44	50	51	52	54	56	57	58	61	62	64	67	68	76	88	96	117
45 30
0	4	5	6	9	10	11	14	17	20	21	27	28	33	44	45	46	47	53	60	62	67	69	72	75	84	88	100	117	118
41 29
3	4	6	7	12	13	14	19	22	24	25	31	36	37	38	41	43	50	51	54	59	66	67	71	72	74	75	77	88
48 31
1	3	5	12	13	21	22	23	25	28	32	33	39	41	43	48	54	55	58	60	63	66	67	68	73	75	77	91	93	100	115
46 31
4	5	6	11	17	25	26	27	32	35	37	41	43	46	48	49	52	53	58	61	63	64	65	66	67	70	72	75	77	91	93
47 31
1	2	4	5	6	13	15	16	20	22	25	34	38	39	43	44	45	48	50	52	53	54	55	60	61	72	76	79	89	109	154
44 31
0	1	4	6	7	10	11	13	14	16	17	25	27	30	32	33	38	41	48	51	53	60	61	62	72	74	75	89	92	95	107
41 30
2	4	6	8	9	10	11	12	13	14	15	17	18	23	24	27	31	36	40	41	46	50	53	61	66	67	78	88	105	108
41 31
0	5	6	7	8	9	10	11	17	18	19	22	23	25	28	29	33	34	35	37	42	55	56	67	70	71	75	77	85	90	96
43 29
1	4	6	9	10	17	19	21	24	29	33	35	37	38	40	41	49	50	54	58	62	65	67	71	73	76	88	108	112
52 31
2	6	15	17	18	20	21	22	24	25	32	38	54	55	56	57	59	61	64	65	66	67	68	70	75	77	80	88	91	105	127
46 31
0	2	4	5	14	15	20	22	23	24	25	27	33	40	42	43	44	50	55	56	60	64	68	73	74	76	80	88	92	96	105
45 29
0	5	8	12	13	14	20	22	25	29	33	35	37	40	45	50	54	55	58	70	72	74	76	77	79	85	97	104	108
43 31
8	9	10	14	16	17	18	19	20	21	23	24	25	28	29	31	34	37	43	45	50	57	60	63	65	68	77	82	85	88	112
44 29
3	4	5	10	13	19	20	24	26	29	30	31	39	42	43	50	51	54	59	60	62	67	68	75	76	78	79	91	115
47 33
4	5	6	7	10	13	15	16	17	20	25	27	31	33	35	39	43	45	48	52	53	54	55	59	60	62	69	75	79	85	92	93	95
48 31
3	4	7	10	13	14	20	27	31	34	36	37	38	40	41	42	56	61	63	64	67	68	69	72	73	76	77	80	86	100	108
45 31
0	1	4	10	11	12	15	17	20	21	23	25	26	28	32	37	38	45	48	52	53	54	55	57	62	69	70	72	90	103	111
48 30
1	4	6	7	10	13	18	21	25	28	39	41	42	45	50	51	53	54	56	57	64	68	71	74	76	78	88	92	98	112
42 29
0	2	4	10	13	19	20	21	22	23	24	25	29	30	32	38	40	51	54	55	64	66	69	70	71	74	76	90	117
45 33
0	2	5	6	7	13	14	15	16	17	18	24	25	27	28	31	33	36	39	40	46	49	51	57	59	61	70	74	76	85	91	92	112
49 32
1	4	5	6	12	13	14	15	18	27	28	29	30	31	36	40	43	50	51	52	53	54	57	60	64	67	71	79	80	88	108	109
48 31
0	3	12	13	16	18	25	27	34	39	40	41	42	43	45	51	54	55	56	58	60	61	63	66	68	72	74	78	80	92	100
51 32
2	4	5	9	12	13	17	21	22	25	33	40	45	46	53	58	62	65	67	69	70	71	72	74	75	76	77	82	93	95	97	100
41 29
4	5	6	7	12	13	15	16	17	19	22	25	26	35	37	41	43	44	50	51	54	56	59	62	63	72	88	92	111
46 31
1	3	4	5	8	9	10	11	12	16	22	26	28	31	37	43	47	50	51	54	56	61	65	75	76	77	79	85	91	96	108
46 29
5	6	9	13	16	19	21	23	28	29	30	34	37	43	50	52	53	55	56	58	62	67	69	71	75	86	92	115	117
47 31
0	9	11	12	13	14	21	22	25	30	31	32	33	34	35	43	48	53	55	57	58	60	61	65	69	73	74	86	92	100	127
45 31
2	5	7	8	9	10	12	16	17	20	25	26	28	33	39	41	43	50	52	55	56	58	61	63	67	68	72	75	76	77	83
48 31
1	4	6	8	9	10	11	17	20	27	34	38	39	40	43	45	50	51	57	58	60	63	67	69	71	73	77	82	85	100	108
45 31
1	4	7	8	14	16	20	25	26	27	29	31	36	37	38	41	44	48	51	56	59	61	63	66	67	70	73	75	83	91	103
42 30
2	4	6	7	16	17	20	24	29	34	35	39	40	41	42	43	45	48	49	53	54	61	63	68	71	73	74	75	88	118
46 28
0	4	6	15	16	17	23	25	27	28	38	41	47	56	57	58	60	61	66	67	68	73	77	88	91	98	104	111
48 32
3	5	10	18	19	20	24	29	31	36	37	42	43	44	45	46	47	49	50	57	60	61	63	65	68	73	75	76	77	91	112	115
42 30
1	5	6	9	10	12	13	16	18	20	21	22	24	27	29	31	35	44	48	49	52	58	60	63	65	71	73	80	112	127
43 32
1	2	4	13	14	15	18	24	25	26	28	32	33	35	37	38	39	43	46	48	49	50	54	55	57	61	62	65	66	70	72	92
48 29
1	2	5	16	19	22	26	28	29	30	32	41	47	50	54	55	59	60	61	62	67	72	73	76	86	91	98	103	127
45 31
1	5	6	10	11	13	16	17	23	24	25	27	29	31	41	43	45	49	50	52	58	60	66	69	76	79	84	85	95	97	103
50 30
1	4	5	7	11	16	17	19	21	22	27	37	43	50	51	52	58	62	63	64	68	71	72	75	76	77	92	107	109	115
46 32
5	7	8	9	10	13	16	17	18	19	21	24	25	26	29	31	33	34	38	39	50	54	57	60	61	64	68	71	77	88	103	117
44 35
0	3	4	5	6	7	10	13	14	19	21	23	25	26	28	30	31	32	33	34	37	38	39	43	44	45	46	51	53	57	76	77	79	93	117
42 29
1	3	7	9	10	11	13	14	15	16	21	23	33	34	39	40	42	45	49	50	51	57	60	63	66	68	100	112	118
35 28
1	5	7	8	10	15	16	17	19	20	21	24	25	28	29	31	34	39	43	45	48	50	55	57	58	60	63	73
51 33
0	4	5	6	7	14	20	26	29	31	33	34	37	43	45	47	48	50	51	52	53	54	61	65	66	67	68	71	83	86	90	105	118
47 29
1	2	4	5	7	8	11	13	19	25	31	32	36	43	50	51	54	58	62	65	66	68	77	80	91	97	104	111	112
52 32
1	4	5	8	10	11	16	20	22	24	27	28	29	31	38	44	50	52	57	59	60	62	63	64	66	74	75	76	98	105	117	127
43 31
1	2	4	5	6	7	8	13	15	24	25	27	32	36	40	41	44	46	47	48	50	53	56	62	63	64	74	76	86	92	112
43 29
0	5	12	13	14	16	22	23	24	25	27	31	33	34	38	42	46	52	53	60	62	68	71	76	77	79	80	111	117
43 29
2	4	10	14	16	19	21	23	25	28	29	32	35	37	40	43	50	51	55	58	60	63	64	73	75	77	80	86	112
44 29
0	2	4	5	6	11	14	15	17	24	27	33	40	42	44	46	47	57	59	60	70	74	76	77	85	88	100	112	115
44 32
0	1	2	4	5	6	10	13	14	16	22	25	31	32	33	36	37	39	41	48	50	53	56	58	62	63	65	66	68	76	80	95
49 31
0	2	4	5	6	7	8	16	18	31	32	39	41	45	47	48	49	50	51	52	53	56	61	68	69	72	79	86	111	115	154
44 30
1	7	9	10	11	13	15	16	21	22	23	25	31	39	42	46	47	49	55	56	58	60	63	64	66	69	75	91	100	112
47 33
0	1	9	10	11	18	22	24	27	28	29	31	34	35	38	39	40	42	43	48	54	55	61	62	64	66	69	70	73	75	77	82	108
42 30
0	1	4	5	8	11	12	13	27	29	30	31	32	33	34	35	43	46	48	51	54	59	60	64	71	76	80	86	96	108
48 32
5	6	9	10	15	17	18	21	22	26	27	28	29	30	35	36	41	49	51	53	57	58	68	73	75	76	85	92	96	97	117	118
40 29
2	4	5	6	7	8	9	10	17	19	22	25	26	32	33	35	39	40	41	52	54	67	71	72	75	76	77	92	104
44 29
1	4	6	9	10	13	15	17	31	34	36	37	38	41	42	43	45	51	53	54	65	69	74	80	88	93	109	112	127
47 30
2	7	9	11	16	17	20	22	25	27	28	30	32	43	46	51	56	57	60	61	63	64	65	70	73	79	92	96	98	112
42 30
0	2	4	5	6	9	12	13	16	26	27	29	30	31	34	35	43	46	48	49	52	53	58	65	66	67	70	72	109	118
43 29
0	1	8	12	15	16	21	24	26	29	30	31	36	41	42	45	47	53	54	55	57	58	59	63	64	66	68	100	127
37 30
1	4	6	7	8	10	13	14	15	16	18	19	21	22	24	25	31	34	39	40	44	46	49	50	57	59	61	64	68	86
45 33
1	2	4	5	6	8	11	12	14	15	23	24	25	27	31	32	35	37	39	46	49	50	57	60	61	64	66	67	70	79	85	91	92
46 31
0	2	3	4	13	16	20	22	23	29	30	31	33	37	38	44	49	52	56	57	58	62	63	66	67	68	72	75	76	77	115
41 29
0	1	3	4	5	6	7	8	10	11	20	24	29	30	32	35	37	47	50	51	52	54	55	65	66	75	85	93	127
43 29
1	7	8	10	11	12	13	15	16	22	24	25	33	36	37	38	44	49	50	55	57	58	60	63	68	88	103	105	111
43 32
0	2	5	6	8	11	13	14	15	25	31	32	35	37	38	39	41	42	44	46	48	49	50	61	64	65	68	69	72	76	96	117
47 31
1	2	7	9	13	17	19	21	22	23	28	31	32	35	36	38	39	40	46	50	54	56	60	66	70	71	75	104	109	112	127
47 30
1	4	8	10	15	24	25	26	28	29	34	35	38	39	40	42	49	51	52	55	60	63	64	67	72	74	77	112	115	154
43 31
0	1	2	7	9	11	13	17	25	26	32	33	34	38	39	42	43	46	49	52	53	54	55	58	61	62	65	67	70	75	96
46 29
0	4	5	8	11	14	15	21	23	27	30	32	34	38	39	47	50	51	54	55	58	61	63	66	71	86	100	108	154
43 31
0	2	4	6	8	11	14	15	17	18	20	23	24	25	26	35	42	44	45	50	51	54	58	59	61	62	66	67	71	78	88
44 29
1	8	13	15	16	21	22	27	29	31	34	35	40	44	45	46	53	54	55	57	58	59	60	62	64	74	88	100	108
42 31
0	2	3	5	6	7	9	13	14	15	17	19	22	23	27	31	32	36	38	40	42	53	54	55	64	68	71	76	85	92	115
44 31
0	1	5	7	8	10	16	17	19	24	25	30	31	32	37	38	40	41	43	46	54	55	57	61	62	64	70	71	79	107	111
44 29
0	7	9	10	13	14	15	16	17	19	23	26	29	30	41	49	50	54	57	62	64	66	69	75	76	92	95	104	127
44 31
0	1	6	9	11	14	17	19	25	27	29	30	35	36	38	40	41	42	46	49	50	57	63	64	69	79	85	88	92	111	112
50 31
4	6	7	8	9	11	17	18	22	25	27	30	31	35	40	44	50	52	56	57	59	61	66	70	71	77	88	98	100	103	111
53 34
1	4	6	9	10	12	15	16	19	20	25	29	36	41	42	44	48	49	51	55	57	61	62	63	64	65	66	67	68	73	88	100	105	112
41 28
0	2	5	6	9	13	14	16	25	27	29	32	36	38	43	44	48	49	53	55	58	60	75	77	88	100	112	127
48 32
4	5	11	13	17	18	19	20	21	25	27	30	33	35	36	46	49	51	53	56	58	60	62	63	67	68	69	75	76	88	91	109
51 33
0	4	5	11	12	13	19	25	27	29	30	31	34	38	39	46	48	49	53	54	58	62	64	67	69	72	74	76	83	84	100	109	118
46 30
0	2	5	6	11	20	21	24	26	27	33	36	39	40	41	42	46	49	50	53	58	66	67	71	75	76	104	108	109	112
45 29
3	6	9	13	14	15	16	17	23	24	27	30	32	34	43	44	57	58	60	66	67	68	73	74	92	95	98	105	115
44 31
1	2	3	5	7	9	11	15	20	21	25	29	32	38	39	40	41	45	53	54	55	60	61	62	66	72	73	74	85	91	97
48 29
2	3	7	11	13	15	16	25	29	31	33	43	47	51	53	55	58	60	61	62	63	70	79	80	88	92	98	100	103
40 30
1	2	5	6	10	13	15	16	18	19	21	23	24	25	28	34	35	37	42	44	49	50	55	60	61	68	71	90	91	103
49 30
1	8	10	12	13	14	16	19	33	37	40	43	49	50	51	52	53	55	56	59	60	61	62	64	73	76	80	88	111	115
48 32
2	3	11	16	19	22	24	25	29	31	33	35	37	40	42	48	49	51	53	55	58	59	62	64	66	70	72	76	83	85	92	100
47 32
1	2	4	8	16	19	20	21	22	23	24	25	27	29	32	33	35	47	52	55	56	57	58	60	62	65	66	72	73	77	89	100
50 31
1	7	8	13	20	22	32	35	37	41	42	43	46	52	55	56	57	58	60	62	63	64	65	67	70	73	75	80	88	92	115
47 32
1	3	5	6	8	14	16	20	23	27	28	31	35	37	41	43	48	49	53	55	61	66	68	69	71	73	75	78	80	86	91	115
50 31
0	4	8	10	12	18	19	21	22	26	28	30	31	34	47	51	54	56	61	63	64	65	69	72	79	80	88	91	97	127	154
49 30
2	3	9	10	13	14	19	21	24	25	44	45	47	50	52	54	55	58	60	62	66	68	69	74	75	79	82	95	100	109
54 33
6	7	11	14	15	23	24	26	27	34	35	41	43	44	46	52	54	55	57	58	61	63	64	68	70	73	77	85	86	92	98	108	112
51 32
0	2	4	6	9	10	15	21	25	34	38	40	42	44	51	53	54	55	58	59	61	65	68	69	71	73	74	77	86	88	92	117
42 29
0	1	3	4	9	10	12	15	17	19	23	24	25	26	34	35	39	42	48	54	55	64	66	73	76	86	107	111	112
41 29
2	8	9	10	12	15	19	20	25	29	33	34	36	37	39	44	46	48	51	53	60	64	67	72	74	77	86	97	112
44 31
1	2	5	7	12	14	15	16	22	23	25	26	29	33	34	35	43	44	50	51	53	55	59	60	61	63	66	67	71	73	82
44 31
4	6	7	11	13	16	17	18	23	24	25	27	29	30	32	33	40	44	49	50	51	56	59	64	67	68	70	71	74	76	109
40 28
1	7	8	12	14	16	19	20	24	25	29	33	36	37	38	39	41	48	53	67	72	73	76	83	88	91	103	112
41 29
0	4	5	6	7	12	15	16	18	19	22	24	25	28	31	35	44	50	51	53	57	65	71	72	75	76	77	86	88
45 28
8	9	11	12	15	16	21	22	26	29	31	32	39	41	49	50	53	58	59	60	63	75	76	88	98	100	117	118
37 27
0	2	5	6	7	13	15	17	19	24	25	26	28	30	34	36	37	40	50	55	58	59	67	75	77	88	109
44 30
2	4	7	9	14	15	17	18	20	23	24	25	26	28	32	34	45	50	51	52	59	63	64	66	68	83	88	92	95	100
49 34
0	2	5	9	14	17	20	22	24	25	27	28	29	33	34	37	38	40	43	46	47	48	51	55	57	58	65	66	75	83	88	105	109	115
40 31
1	2	3	6	12	16	17	20	21	22	23	24	25	26	28	31	32	33	34	36	39	41	46	55	59	65	66	67	72	86	127
40 30
0	4	6	7	8	10	12	14	17	19	20	23	25	37	39	41	42	45	46	49	57	60	68	70	72	74	88	91	92	96
41 29
2	4	5	6	7	12	13	16	22	24	25	31	41	42	44	46	49	54	56	59	60	63	64	74	75	77	80	83	95
44 32
2	4	9	12	15	18	21	23	25	26	27	29	32	33	35	36	41	45	46	48	53	55	57	59	60	64	66	68	73	75	77	88
38 28
0	1	2	5	6	8	10	11	16	21	23	25	27	30	31	35	36	46	49	53	55	59	60	67	70	75	79	112
43 31
0	1	2	3	4	6	8	10	21	26	29	30	35	37	40	41	44	45	46	47	49	51	53	59	62	66	67	75	83	112	115
46 31
0	7	12	18	19	20	21	24	25	31	32	33	34	35	43	44	46	57	58	61	62	63	64	67	72	73	75	77	85	88	117
47 32
4	10	13	15	18	19	21	22	25	26	30	32	36	39	40	41	49	52	53	54	55	57	58	63	64	66	68	72	82	86	91	92
45 30
2	4	7	14	16	18	21	23	25	29	30	31	35	36	38	45	50	54	57	59	63	64	67	73	75	76	88	92	97	100
47 31
0	1	3	4	9	11	19	20	21	23	24	30	31	32	37	41	42	50	54	57	60	62	63	68	69	71	76	79	92	105	127
49 31
0	1	2	5	7	8	22	32	34	36	37	42	43	44	47	48	49	50	53	56	57	60	63	67	85	91	92	103	108	109	112
43 31
0	1	4	5	10	11	12	16	21	23	25	26	27	28	29	35	44	45	46	51	54	55	58	59	63	66	72	73	86	88	91
40 29
0	1	2	4	5	7	9	10	13	14	16	17	23	29	33	34	36	40	45	50	52	53	54	55	66	71	89	90	108
44 29
4	7	8	13	16	21	24	27	29	31	33	37	39	45	49	50	55	58	59	60	63	65	76	80	84	91	92	97	127
45 29
0	2	4	6	7	10	11	15	22	24	27	33	35	40	46	52	53	56	57	58	59	73	74	76	77	85	92	112	118
45 32
0	3	6	8	12	15	16	17	19	20	22	24	25	28	29	30	31	32	38	40	47	50	51	55	58	59	60	72	77	80	86	154
47 33
0	2	5	6	7	8	11	12	14	15	18	24	30	34	35	37	40	42	46	48	49	55	57	62	64	65	72	79	83	91	95	109	115
48 32
0	1	2	4	14	18	19	21	23	25	29	33	34	35	36	39	47	50	52	55	58	59	60	61	62	64	69	71	72	76	96	127
44 29
1	3	4	9	12	17	19	26	30	35	39	40	41	44	47	52	54	55	56	58	59	63	64	66	69	75	86	91	127
43 29
0	2	4	8	9	10	11	12	16	21	23	28	32	35	39	42	44	45	47	51	54	55	60	66	76	98	104	117	127
45 30
1	2	3	4	6	8	14	20	21	22	23	29	30	33	35	40	49	54	57	59	61	63	66	67	69	77	79	97	112	127
43 30
0	2	8	10	13	17	20	22	23	24	27	32	33	34	35	36	37	39	41	42	52	55	57	67	68	75	86	92	108	154
41 29
2	5	6	10	14	15	17	20	21	22	24	28	36	38	39	40	41	43	45	54	64	66	67	68	69	72	96	117	127
48 30
0	3	4	6	14	17	20	25	26	28	33	34	38	40	48	49	56	61	63	67	69	70	73	75	77	96	100	105	107	115
40 32
0	5	7	8	10	13	16	17	18	23	24	25	28	29	31	34	35	37	38	39	43	45	46	48	49	54	55	60	69	75	76	117
43 30
3	4	6	7	11	16	17	20	21	24	27	29	30	35	39	40	43	46	53	57	58	63	66	73	77	79	82	88	97	108
50 31
8	12	13	16	17	19	23	29	30	35	37	45	46	47	49	50	51	56	60	63	65	68	71	74	76	80	88	96	103	117	118
45 30
8	10	13	15	16	21	23	24	25	28	32	33	39	41	42	47	50	53	55	60	61	62	63	65	66	68	77	86	89	98
47 32
0	8	11	12	14	16	17	18	23	24	25	27	29	30	36	43	47	49	51	53	55	56	59	62	63	66	69	71	88	89	92	108
42 29
0	1	2	5	9	13	15	16	20	22	25	31	33	35	36	40	50	58	59	60	63	66	67	72	88	90	93	95	97
46 31
1	9	10	16	17	20	23	24	26	29	31	34	39	41	43	44	45	46	50	52	58	67	69	72	73	76	84	86	95	111	118
45 32
0	1	7	8	10	11	13	15	16	18	19	20	23	30	31	32	33	37	38	40	49	51	52	53	60	62	65	66	68	85	117	127
44 30
2	3	4	5	12	16	19	21	22	23	25	27	32	37	39	46	47	50	53	54	55	57	58	63	66	71	90	92	95	104
43 30
2	3	6	13	15	21	22	23	24	26	30	32	36	38	40	43	46	49	52	54	55	59	61	63	64	66	77	86	89	115
38 29
0	2	3	4	6	8	13	16	17	20	21	22	24	25	27	33	34	38	42	44	50	57	60	62	74	76	77	86	92
45 30
0	1	2	4	5	9	10	13	17	21	22	24	36	38	41	43	52	54	58	60	61	62	64	65	67	75	77	83	92	118
43 30
0	1	4	7	10	20	21	22	29	30	32	33	35	37	38	39	40	47	48	55	60	63	65	66	68	72	89	92	109	115
44 31
7	8	13	14	17	20	23	25	26	27	30	31	34	35	37	38	41	43	44	46	50	53	54	57	58	59	64	70	72	107	117
48 32
0	3	4	7	9	10	12	17	19	20	22	25	26	27	29	32	40	49	52	56	57	59	61	63	66	71	75	79	88	92	100	103
45 29
1	4	5	8	11	26	28	29	33	35	36	37	42	43	46	49	52	57	58	65	66	67	71	75	77	91	104	112	115
45 31
1	6	11	14	21	22	23	25	26	27	31	32	35	37	38	43	46	50	51	52	53	55	58	62	63	66	70	72	74	77	95
49 31
3	5	6	13	17	19	21	27	29	31	32	33	37	39	40	43	50	52	54	59	60	62	65	67	68	75	88	91	104	112	118
38 28
0	1	2	4	5	6	7	8	10	13	17	19	21	22	25	30	35	41	42	47	54	63	64	86	88	90	100	111
41 30
0	3	6	7	8	9	10	11	17	20	21	22	23	25	31	35	37	40	43	46	49	56	59	60	63	73	78	88	108	112
43 29
0	2	4	5	6	7	13	14	17	20	22	32	37	40	44	46	50	52	56	57	58	63	64	67	72	76	77	80	108
47 30
0	1	5	6	9	10	13	15	23	28	30	31	33	35	45	52	53	55	57	58	62	63	66	68	69	70	77	86	100	127
43 31
2	6	8	13	15	20	21	23	24	29	32	35	36	40	41	44	45	46	47	48	49	54	55	58	63	65	69	76	92	111	115
50 33
0	3	4	7	9	11	12	20	23	26	27	31	32	34	40	41	44	46	54	55	57	58	61	63	64	67	71	72	77	86	91	100	127
44 28
1	2	3	4	10	11	15	18	19	21	25	34	46	47	50	51	58	60	62	63	66	68	75	77	85	91	98	112
47 33
1	4	7	9	10	11	13	19	21	22	23	27	29	30	32	34	37	41	43	47	50	53	54	55	57	59	66	70	73	74	75	92	115
47 30
0	2	3	5	6	8	11	14	16	21	25	28	30	37	38	45	50	51	62	69	72	75	76	79	89	91	96	109	112	117
49 31
0	2	6	10	14	21	22	24	29	31	33	34	35	45	46	50	57	58	59	62	65	66	68	70	74	76	77	83	91	112	127
47 31
0	2	3	4	6	8	11	13	16	20	21	22	32	35	41	45	47	50	55	56	62	63	64	66	67	72	76	92	95	112	115
44 30
0	1	6	9	10	15	16	19	21	23	33	35	36	39	40	41	42	44	45	46	59	61	65	67	88	97	104	108	111	112
43 30
1	2	5	8	12	13	15	16	17	21	23	28	39	41	43	45	46	48	49	55	56	58	60	64	67	68	75	76	104	118
47 31
4	5	9	11	12	15	17	19	20	22	24	30	33	37	41	42	43	53	54	55	60	61	62	64	67	72	73	80	85	109	118
44 31
1	4	8	9	12	14	16	19	21	23	25	28	29	30	32	35	36	38	45	50	51	54	55	58	59	60	63	64	75	92	109
42 28
1	10	11	17	19	20	24	26	30	33	35	37	40	42	44	46	50	57	58	62	64	65	66	72	73	80	112	127
43 32
1	4	6	10	11	16	19	23	25	28	34	35	36	37	39	40	41	42	43	45	46	48	54	55	61	62	67	69	70	75	85	98
41 32
0	4	6	9	10	11	13	17	18	19	20	21	24	25	28	32	35	36	38	39	42	45	49	50	54	57	60	62	67	78	86	97
47 31
3	4	5	9	13	14	19	22	24	25	26	31	32	38	40	44	46	47	52	55	57	60	62	64	79	92	95	96	103	104	105
40 29
2	6	9	11	12	14	16	20	21	22	24	26	27	33	37	40	41	44	49	52	55	60	65	73	75	77	86	91	115
48 32
0	2	3	5	7	10	11	13	19	23	25	30	37	38	40	45	46	55	56	59	61	62	63	67	68	72	76	77	82	83	88	103
46 31
1	6	8	12	13	15	16	17	18	20	21	22	24	28	29	34	36	45	48	50	58	60	62	65	66	69	76	96	100	108	117
41 29
6	7	8	9	10	14	16	20	24	25	29	30	31	32	35	36	39	49	50	51	55	60	64	65	77	80	83	86	105
42 32
0	1	5	6	8	10	15	16	18	20	21	23	24	25	29	34	36	37	39	40	41	45	46	49	52	55	58	60	68	96	105	117
42 30
0	2	4	9	12	16	17	19	22	25	27	30	33	34	35	39	43	44	45	50	60	62	65	72	74	75	76	86	92	98
40 30
0	3	8	9	10	12	13	15	16	21	23	27	30	32	33	34	40	42	43	44	49	55	56	59	63	65	70	76	92	108
47 32
0	1	2	3	7	8	11	12	13	19	20	21	25	28	30	31	36	43	49	53	54	56	58	59	66	73	85	86	91	95	104	108
50 32
7	9	12	15	17	18	19	22	23	25	26	27	29	31	33	35	45	46	52	57	60	63	65	66	68	75	77	95	98	105	107	115
47 32
1	4	5	7	9	10	12	13	18	20	23	25	42	44	45	46	48	49	52	53	54	55	56	61	66	68	69	71	74	80	88	105
49 31
0	1	2	6	9	10	20	21	27	29	33	34	36	38	39	50	54	55	56	59	60	63	64	65	66	67	69	71	86	112	118
49 32
6	7	11	12	16	24	25	28	29	30	32	33	36	37	38	46	47	51	52	54	55	58	59	60	61	65	72	86	91	96	104	109
45 33
1	2	5	6	7	13	14	16	17	18	19	22	25	30	32	33	36	37	39	40	45	51	52	57	59	64	67	72	76	78	90	95	96
43 32
0	2	4	6	7	8	9	12	13	14	18	21	23	24	25	31	33	34	35	42	44	45	51	56	60	63	65	66	83	92	95	100
50 32
2	11	17	18	19	21	23	25	29	30	32	33	35	40	44	50	53	54	55	56	57	60	61	62	63	67	72	76	77	86	88	111
47 33
5	8	9	10	11	12	13	14	15	18	19	20	25	27	30	32	35	36	38	43	46	51	53	54	58	60	62	65	76	86	92	111	112
49 32
3	5	6	14	15	18	19	21	24	25	26	30	33	40	42	47	49	51	52	54	56	58	59	66	75	76	78	79	82	91	112	115
45 30
0	4	5	6	7	9	10	16	19	22	25	29	31	35	39	40	50	52	55	59	60	62	63	74	76	80	85	91	92	117
47 33
0	2	7	8	9	12	15	16	19	22	24	25	33	34	35	37	39	42	46	53	54	55	56	57	58	63	67	68	72	77	82	86	90
43 31
4	6	7	8	12	13	14	18	20	24	26	28	34	37	39	41	42	43	45	49	51	54	55	59	60	61	62	68	73	86	118
44 30
0	1	4	7	8	13	15	16	21	22	26	33	37	38	39	40	43	45	51	52	53	55	57	58	65	68	73	76	105	127
47 32
0	1	4	5	6	10	11	14	15	17	19	22	24	26	28	43	46	47	48	50	53	57	60	62	65	72	77	79	85	91	98	108
53 34
4	9	17	18	19	21	25	27	28	30	32	34	35	39	41	45	50	52	53	54	57	58	60	65	66	68	69	70	72	75	78	80	85	115
37 29
1	2	4	5	6	8	13	14	16	18	21	22	23	24	25	28	29	41	44	48	49	50	55	56	59	65	66	71	88
44 30
1	4	5	7	8	10	17	20	24	25	29	30	31	34	39	40	41	50	51	52	54	59	63	68	69	71	79	80	91	105
54 35
9	15	16	19	20	25	26	27	31	36	40	42	43	44	45	48	49	50	51	52	54	55	58	59	60	62	63	67	68	69	78	79	86	88	100
50 31
0	4	5	6	7	8	10	14	18	19	22	33	37	39	40	47	51	53	56	57	59	66	68	69	72	77	88	92	108	112	154
46 30
0	1	6	7	8	10	11	20	21	23	31	35	39	40	49	53	54	55	56	58	61	64	65	68	71	73	76	80	83	127
50 32
2	3	4	6	11	12	13	15	18	19	21	25	32	33	38	40	51	53	54	58	59	62	64	69	72	74	75	83	85	92	111	112
47 31
1	3	4	17	22	23	24	26	27	28	29	33	35	36	43	44	46	50	52	54	57	58	59	60	62	75	82	84	91	111	127
45 31
0	1	2	3	4	7	10	11	13	25	31	36	40	41	45	46	47	53	54	57	61	62	63	65	67	71	73	74	76	77	88
45 30
0	5	6	10	11	14	18	21	25	30	31	34	35	36	45	46	50	52	53	54	55	57	58	64	66	69	72	78	91	112
46 29
0	1	4	12	14	16	24	25	26	30	32	35	36	42	50	52	55	56	57	58	59	63	65	66	71	77	84	98	100
41 29
0	2	4	5	6	7	9	13	16	18	22	25	26	27	33	43	44	48	53	54	55	64	65	66	68	72	75	92	98
40 29
0	2	3	4	7	8	12	13	23	24	27	28	31	34	35	36	39	40	41	42	54	61	66	68	76	77	96	98	115
48 30
0	4	7	9	20	21	22	24	25	27	31	32	37	39	46	50	51	54	56	57	58	59	61	66	68	71	79	88	112	154
46 31
1	2	9	12	16	17	20	25	26	33	35	41	42	43	44	49	50	53	54	55	57	60	61	64	65	67	70	72	74	76	88
46 31
0	1	6	7	12	15	16	19	20	22	23	29	31	34	35	36	37	45	48	51	53	54	58	59	68	80	86	88	103	112	127
42 29
2	5	7	12	13	16	17	19	20	22	26	32	33	37	41	43	44	48	54	55	57	63	65	71	86	91	92	111	115
46 30
4	6	7	14	15	20	22	23	27	29	37	38	39	41	42	48	52	54	55	63	64	65	68	70	73	74	76	85	100	118
51 32
0	2	11	12	15	25	27	28	30	34	35	36	38	39	46	50	51	53	54	55	58	61	62	64	67	69	72	74	86	93	105	109
50 33
0	4	6	11	12	13	15	16	20	28	33	35	36	38	43	44	45	48	51	53	55	58	60	61	62	65	72	74	77	88	90	108	111
43 29
0	2	4	5	6	13	21	22	24	25	32	39	44	45	46	47	54	55	57	58	59	64	66	68	75	77	88	91	105
41 31
0	1	2	5	6	7	9	10	11	15	17	19	22	23	25	30	32	36	41	46	47	51	55	56	63	66	67	73	74	75	80
48 29
3	4	5	9	13	17	22	23	24	25	27	30	40	42	50	51	52	54	59	65	69	73	76	88	91	98	100	104	118
42 29
0	1	4	6	10	12	13	18	21	23	24	27	30	32	34	36	43	46	52	54	56	57	64	66	68	73	74	112	127
45 33
0	2	8	9	13	15	16	17	19	20	25	26	29	33	34	35	38	39	40	42	46	51	53	55	58	61	64	65	68	69	71	72	92
48 31
0	3	6	8	9	11	12	13	14	21	23	27	28	31	35	39	42	54	56	61	62	63	64	66	67	69	88	92	100	117	118
45 30
2	3	8	10	11	17	19	20	21	23	24	25	27	31	35	40	45	51	52	54	56	62	66	68	72	74	77	79	112	127
46 32
0	1	8	11	12	13	16	17	20	21	23	25	28	29	31	32	33	36	44	45	51	55	56	58	62	64	66	67	90	96	98	104
51 32
2	4	9	13	18	20	21	24	25	26	27	32	37	46	47	49	50	51	54	55	58	64	65	66	71	79	83	88	92	100	108	112
45 31
0	1	5	6	7	10	13	14	15	16	21	26	30	31	35	40	45	46	51	52	53	54	55	58	62	68	70	72	75	76	118
45 32
3	4	5	6	7	8	9	12	16	18	20	23	25	31	34	38	39	44	45	48	49	51	53	58	68	71	76	77	78	96	105	127
47 31
3	5	7	12	13	14	15	22	25	31	32	35	39	40	41	42	47	50	51	54	55	58	63	69	72	74	76	77	80	98	104
43 29
0	2	4	6	10	12	13	18	19	22	25	33	35	41	46	47	49	50	51	54	55	61	63	66	77	80	88	98	107
51 33
1	3	9	11	14	15	16	18	19	20	22	25	27	28	30	31	36	42	49	52	53	55	57	58	60	63	64	65	70	75	112	115	154
47 29
3	4	10	11	13	20	23	27	34	35	42	43	48	55	56	57	60	61	63	66	68	69	70	72	73	74	77	100	108
51 33
0	1	2	4	18	19	20	24	27	31	32	33	39	42	44	46	48	50	58	60	61	62	64	66	69	70	73	75	85	88	92	98	118
43 31
5	8	9	13	15	17	20	22	23	25	27	29	32	34	35	37	39	40	46	49	60	61	64	65	67	70	71	82	92	95	104
47 31
1	2	5	10	13	25	28	29	30	31	33	36	40	43	46	47	48	53	55	56	58	61	62	65	67	70	71	75	97	100	111
41 30
0	2	4	9	11	12	15	16	17	18	23	25	26	33	40	41	44	45	47	51	52	56	58	63	64	66	75	85	86	92
43 29
1	5	10	11	13	19	25	30	32	33	34	35	37	38	43	46	55	57	58	60	61	62	66	67	68	72	73	74	98
43 29
0	1	2	4	8	13	18	20	21	24	25	33	34	35	38	42	45	48	54	55	60	67	74	75	86	88	100	109	115
52 33
0	2	6	7	8	10	14	19	21	25	28	32	34	36	37	43	47	49	51	53	57	58	61	72	74	75	77	88	92	96	104	112	154
46 29
4	7	8	12	13	17	21	24	25	31	35	39	40	45	50	52	54	55	61	63	65	70	71	72	76	92	93	98	127
47 33
1	2	5	6	8	11	15	16	17	18	20	21	23	30	38	40	41	42	44	49	53	55	60	63	64	67	71	73	74	80	86	88	108
46 27
4	5	8	10	13	19	24	25	26	34	37	45	50	54	55	57	59	60	62	64	72	77	80	104	107	112	118
43 31
0	2	5	8	9	14	19	23	25	27	29	31	32	36	41	42	43	44	47	49	50	54	59	62	63	66	72	77	79	85	112
49 30
2	6	8	13	14	15	17	20	29	36	40	47	50	52	55	56	57	60	61	63	64	65	68	70	74	76	88	92	96	115
45 32
0	2	5	7	8	10	13	14	17	18	22	24	25	26	30	33	35	38	45	46	50	55	59	61	64	76	79	80	85	88	92	112
39 30
0	1	5	7	9	10	11	12	13	15	17	18	19	20	25	28	30	34	44	46	49	54	55	64	66	69	72	74	91	96
50 33
2	5	7	11	14	15	19	25	34	35	36	37	39	41	42	45	48	49	50	52	53	54	55	57	59	61	64	69	70	72	91	100	118
55 33
5	6	8	11	13	15	25	27	28	31	34	42	43	45	50	52	53	55	56	61	63	64	68	76	77	80	82	84	91	92	97	118	154
43 30
9	11	16	17	18	21	24	25	27	30	33	34	35	39	41	43	46	49	58	60	61	62	65	69	73	75	76	77	92	112
45 32
0	1	2	5	6	7	9	14	16	17	19	21	25	26	29	33	38	39	42	47	53	56	57	58	60	63	68	71	73	74	75	112
48 31
2	5	8	14	15	18	19	20	21	22	24	25	30	33	34	40	54	55	57	58	61	63	69	71	74	80	85	88	92	107	118
46 30
0	4	9	10	16	21	22	24	27	28	30	32	33	35	38	39	40	55	60	61	63	68	72	75	76	82	86	100	117	127
49 29
0	4	5	7	9	13	18	19	24	25	37	39	43	48	53	54	55	60	62	68	69	75	79	88	98	107	109	112	115
41 30
0	2	4	7	13	17	20	21	24	25	30	33	34	36	38	42	43	46	47	51	52	60	61	65	68	75	82	88	91	92
50 31
1	6	8	14	21	23	24	28	29	32	35	36	41	42	49	51	54	56	63	68	69	76	80	85	86	88	89	96	100	112	115
50 29
4	5	12	14	17	23	30	31	32	33	34	49	52	55	56	57	58	62	63	68	69	70	72	75	92	105	107	108	109
47 32
1	2	7	8	12	19	23	24	26	28	32	34	38	39	40	42	43	47	50	51	53	54	55	56	59	60	61	67	77	79	88	108
44 34
0	1	3	4	5	6	8	9	10	13	14	15	16	20	21	25	26	31	33	36	37	39	44	47	51	61	63	65	66	67	68	75	77	92
46 30
0	2	3	4	5	6	8	10	17	18	21	23	29	43	45	47	50	51	52	58	66	67	70	71	72	85	92	96	112	115
50 35
1	4	6	9	12	13	14	18	19	20	23	25	28	29	30	33	34	35	40	42	43	44	47	50	51	53	62	65	66	67	70	71	77	107	154
45 31
4	5	6	7	8	12	16	21	24	25	28	31	35	37	45	46	49	51	58	59	60	62	68	69	72	83	85	88	90	92	97
46 30
0	4	6	7	8	10	13	22	24	25	26	31	34	40	46	47	51	54	57	59	60	63	72	77	79	91	96	97	100	112
37 30
0	1	2	3	5	6	7	9	11	12	13	15	16	24	25	29	34	36	39	44	45	48	49	53	55	64	67	74	80	90
47 33
0	1	11	14	16	18	19	21	25	26	27	32	33	40	42	43	44	45	47	52	55	56	57	58	62	63	65	66	68	72	73	91	92
45 31
0	4	6	10	12	14	18	19	20	21	22	23	27	31	34	37	38	46	49	51	52	54	57	62	70	71	73	76	96	108	117
42 30
4	8	9	11	12	16	18	20	21	22	24	25	29	31	34	36	45	46	49	51	59	60	72	74	76	77	82	88	95	111
40 31
1	2	4	7	8	9	11	12	13	16	20	23	24	25	29	34	37	43	44	45	46	49	52	53	54	55	65	66	82	84	92
46 33
1	4	6	8	10	17	21	24	25	28	31	32	33	34	36	39	40	45	46	47	49	51	52	58	63	66	67	68	71	72	74	88	109
45 28
0	1	4	5	13	22	24	26	27	31	33	41	46	48	57	61	62	66	71	73	75	76	79	88	92	98	108	112
47 32
1	2	4	5	7	12	15	16	17	18	21	23	25	29	33	34	35	41	45	54	55	56	63	66	69	70	72	73	77	91	105	117
38 27
0	4	5	8	10	13	16	21	25	28	30	32	37	39	44	47	50	55	60	63	65	69	70	72	77	82	88
49 31
0	1	2	4	5	8	9	11	19	29	32	35	41	42	43	49	53	54	58	62	65	66	71	72	74	75	77	80	112	117	127
43 29
0	1	4	5	6	10	14	16	18	20	22	24	27	29	31	32	53	59	61	64	66	68	71	73	75	76	77	92	118
48 33
4	5	6	7	8	10	17	18	19	20	21	22	23	25	33	34	36	39	40	53	54	55	56	57	58	59	62	74	76	77	79	90	111
45 32
7	10	11	16	19	22	24	25	33	35	36	37	38	39	40	41	42	43	44	48	55	62	63	65	69	73	75	76	79	91	92	103
39 31
0	1	2	4	7	13	15	16	19	20	23	24	25	26	28	29	30	31	32	35	36	37	44	50	54	56	61	72	76	82	92
48 32
2	5	6	7	8	9	13	16	18	21	25	28	29	30	31	35	45	47	50	53	55	56	61	75	76	80	86	88	91	96	107	109
48 29
0	2	4	7	12	15	22	25	26	32	38	39	47	54	55	56	61	67	73	74	76	77	80	83	92	93	96	104	154
43 28
0	4	8	11	18	20	25	26	27	29	30	32	37	40	43	44	50	51	55	58	63	66	77	86	91	100	107	111
43 31
0	1	2	5	18	19	21	23	24	25	32	33	34	37	38	39	42	43	44	47	50	53	61	63	65	71	79	85	96	97	112
47 33
2	8	10	15	16	17	18	19	22	23	25	26	34	36	42	45	47	48	49	50	51	53	54	57	58	59	61	64	69	70	76	77	95
43 30
3	6	9	12	13	16	20	21	22	23	25	30	31	34	35	38	40	43	54	55	59	60	63	71	74	76	79	82	92	107
41 26
2	3	9	11	14	19	22	25	35	36	37	39	46	49	51	52	55	56	58	66	75	77	86	98	104	115
47 30
8	11	12	23	25	26	28	29	30	31	34	41	43	45	47	50	53	55	57	58	63	68	69	73	82	84	88	91	100	118
40 28
1	5	6	7	10	13	15	16	17	18	24	25	30	31	32	45	52	54	55	57	63	64	66	75	79	86	88	90
50 30
0	7	11	15	16	21	23	24	27	30	37	38	47	50	54	58	59	61	63	64	65	71	72	73	76	88	95	96	115	154
44 31
4	5	9	10	12	14	17	19	25	26	27	29	40	42	43	44	47	49	51	53	54	58	61	63	66	73	75	76	90	92	96
45 30
0	1	4	13	16	18	22	23	24	26	27	29	42	44	46	49	50	53	55	57	60	61	63	68	72	74	76	77	88	118
47 31
0	2	3	4	7	8	12	13	14	22	27	40	41	43	45	46	50	53	55	56	57	60	61	63	65	74	76	88	92	93	127
51 32
2	6	9	10	11	16	18	24	25	27	41	42	43	44	47	50	51	52	54	58	60	61	67	68	70	72	76	77	85	86	109	112
46 31
1	3	4	5	8	12	13	22	24	25	26	27	32	37	41	43	46	50	51	53	54	56	58	63	64	66	72	76	77	89	112
38 28
0	6	11	14	15	18	19	20	25	27	30	32	36	37	40	42	46	49	51	55	56	58	63	66	72	77	91	92
39 27
0	4	6	7	8	10	11	16	17	22	24	30	37	38	45	47	50	52	54	59	60	64	65	75	76	92	108
44 30
0	6	9	10	13	16	25	26	27	28	29	33	36	41	42	45	50	53	55	57	63	64	65	66	67	68	69	70	77	88
46 31
1	3	4	8	11	12	14	15	17	21	22	23	25	26	29	32	37	46	50	51	52	53	59	63	66	76	77	79	86	117	118
40 30
0	1	4	8	14	16	18	25	26	29	31	33	34	35	39	40	42	44	45	46	48	50	54	59	60	63	71	76	86	105
41 32
0	1	2	3	5	6	9	10	14	16	19	23	24	25	28	29	35	36	37	40	41	42	45	48	55	62	66	73	75	86	91	103
52 33
3	5	9	10	11	15	16	21	24	25	26	27	29	30	31	34	35	50	51	54	55	58	60	61	69	70	71	74	80	86	89	98	154
45 31
1	2	7	8	10	15	17	18	19	20	25	27	28	29	30	31	34	45	50	53	54	55	57	58	59	64	65	68	91	95	100
46 30
1	3	5	6	10	12	17	22	24	30	35	37	40	41	46	49	55	57	61	62	63	64	66	67	70	88	91	92	104	115
42 30
0	1	2	4	5	8	12	14	19	20	22	25	27	31	34	36	41	46	49	50	51	52	57	59	60	63	67	79	92	115
46 33
1	2	4	5	7	11	17	22	24	26	27	29	30	31	32	33	35	37	38	44	46	47	51	56	58	60	64	65	72	88	89	100	127
41 29
0	3	4	6	10	11	21	22	23	24	27	31	34	35	37	38	43	49	51	52	54	58	59	62	66	75	76	92	108
44 30
0	2	4	6	12	15	20	26	29	31	32	33	34	35	38	40	45	50	51	52	59	66	67	70	72	77	91	93	96	118
45 29
0	2	4	6	10	11	17	18	20	21	25	28	34	45	46	50	53	56	57	58	60	65	70	72	74	76	77	98	105
47 31
1	3	4	7	10	12	17	19	20	24	25	26	28	34	38	39	46	54	55	57	63	64	65	68	70	72	73	77	80	100	112
45 30
0	2	6	8	9	10	13	21	22	23	25	30	35	37	38	46	52	53	55	57	60	65	67	68	70	71	75	88	92	103
50 33
1	4	9	12	15	26	27	29	30	32	34	36	40	43	46	47	49	51	52	55	56	58	59	60	63	67	70	72	76	85	92	97	118
49 33
0	1	4	6	8	11	13	19	22	24	25	26	27	28	29	38	41	48	49	50	51	52	53	55	59	66	67	80	83	85	91	100	103
46 31
2	4	8	10	12	23	25	26	27	31	35	39	40	41	45	46	47	50	51	54	56	59	60	64	67	69	84	88	91	96	109
46 33
1	7	9	14	20	23	24	25	27	30	32	33	34	35	36	37	39	41	42	46	47	48	49	52	56	58	63	65	68	75	98	104	112
45 32
0	2	4	5	7	10	14	16	18	21	25	28	33	34	35	37	38	40	44	45	52	55	58	59	65	67	71	80	91	92	95	104
47 32
0	2	3	4	9	10	11	13	20	21	23	35	36	37	40	41	44	46	47	50	56	58	63	65	66	67	71	72	75	92	108	112
41 32
1	5	8	9	11	12	13	14	16	17	23	25	26	30	31	34	36	37	40	41	43	46	49	52	55	58	59	63	64	66	67	97
43 30
5	6	11	14	15	22	24	25	27	28	29	31	32	35	40	43	45	48	50	51	53	55	58	59	62	66	72	74	77	100
46 31
3	4	8	10	11	12	14	16	19	21	25	26	27	36	38	45	46	51	52	54	55	57	60	63	66	72	83	88	90	91	117
42 30
0	1	5	10	11	14	16	18	19	20	21	23	24	28	33	35	36	37	45	52	55	60	63	71	73	76	90	91	93	127
44 30
4	12	14	15	16	18	19	21	24	25	29	30	33	37	39	40	41	49	55	59	60	67	69	70	72	74	75	92	103	117
48 30
0	3	7	9	13	15	16	18	19	20	22	24	25	27	33	34	46	50	56	57	58	60	66	76	77	90	100	107	112	154
43 31
1	2	4	8	11	13	16	17	18	19	20	21	24	28	32	34	38	40	42	46	49	52	54	58	65	66	73	76	86	112	115
47 30
2	4	7	8	11	13	16	17	23	27	28	29	30	43	44	50	53	56	59	60	62	63	64	66	74	76	78	88	104	115
51 33
4	5	6	9	10	11	14	15	19	25	29	31	33	37	38	39	42	53	54	56	57	60	61	62	64	67	71	72	75	88	92	100	107
41 29
0	1	2	7	8	13	20	21	22	26	29	31	34	35	40	44	45	46	53	54	55	57	58	63	68	71	88	91	127
43 31
0	7	8	12	13	16	18	21	23	24	25	27	33	34	39	41	42	43	44	49	54	55	56	58	61	64	67	70	73	76	117
47 31
0	2	3	4	9	17	18	20	22	28	34	40	41	42	43	46	47	54	62	63	65	67	68	73	75	77	80	88	89	98	108
45 30
0	4	6	10	17	21	23	24	25	27	29	30	34	35	42	46	50	52	53	56	57	59	63	66	67	76	77	79	93	127
41 28
1	4	8	11	12	13	17	24	26	30	32	40	41	42	43	45	49	52	53	57	58	63	64	66	73	96	109	127
48 30
2	5	6	7	11	12	22	23	24	30	34	35	38	44	45	49	51	53	54	55	63	66	73	76	80	82	103	109	111	115
45 30
1	2	4	5	8	11	13	21	22	25	30	35	40	41	45	53	54	55	57	60	61	64	65	71	73	75	80	84	90	91
52 35
3	6	7	10	15	16	18	20	21	24	26	27	28	32	34	38	40	41	44	46	54	56	58	59	68	70	71	74	79	80	85	88	92	112	115
39 30
1	4	7	9	10	13	15	19	22	23	24	25	26	31	33	34	35	37	39	43	46	50	60	61	62	64	70	71	73	83
47 29
0	1	8	10	13	14	16	20	23	26	31	33	36	37	46	50	51	52	53	60	65	66	67	68	73	88	108	112	154
43 30
0	1	3	5	7	12	13	14	22	23	24	25	33	37	38	39	43	46	50	54	55	58	60	62	65	74	75	80	91	100
43 32
2	9	10	11	13	14	15	17	18	23	24	27	28	29	30	31	33	34	38	39	40	43	45	50	55	60	66	67	72	91	100	118
45 30
0	1	2	5	11	12	13	16	18	22	26	29	34	42	43	45	50	52	53	54	55	57	58	61	65	66	71	77	89	115
43 30
1	3	4	7	10	18	19	20	24	25	27	28	34	35	36	39	40	41	43	45	50	54	60	61	68	72	75	91	98	154
44 31
1	2	6	7	9	10	16	17	18	19	22	23	25	29	32	34	35	43	44	50	51	55	57	59	66	68	69	74	76	80	98
45 32
3	4	7	19	20	23	24	25	27	28	30	31	33	37	41	43	46	47	49	51	54	59	62	65	68	70	71	76	77	85	91	93
44 29
0	2	4	7	10	12	17	19	20	22	24	25	29	32	46	51	55	56	58	60	63	66	70	73	74	77	80	96	103
43 30
0	6	7	10	14	19	22	24	25	28	31	35	36	39	40	41	49	52	54	55	58	59	62	66	72	74	75	82	85	92
48 31
0	4	9	11	12	13	19	24	25	31	37	39	41	43	45	48	50	51	52	53	54	62	64	66	71	75	76	77	91	98	118
47 32
0	2	4	5	15	16	19	20	22	24	25	33	34	37	41	44	46	47	49	52	53	54	55	56	66	72	76	79	80	93	104	117
43 29
4	6	9	10	13	16	21	24	26	27	28	34	37	39	40	45	46	49	50	58	66	67	68	69	70	72	100	112	118
42 29
1	2	8	11	13	17	21	24	25	27	30	32	33	34	37	40	46	47	52	55	58	59	67	69	70	75	78	108	111
46 32
1	3	5	6	7	16	20	23	25	26	30	31	33	34	35	36	37	40	41	49	53	55	59	64	65	71	73	76	82	88	103	105
44 30
0	1	4	6	7	9	10	11	13	15	18	19	22	25	32	33	48	53	54	55	57	59	62	63	65	86	88	90	93	111
47 32
0	2	5	11	13	14	18	24	25	30	33	34	36	37	38	40	46	51	52	55	58	59	65	68	69	72	74	75	77	79	80	84
48 33
2	3	5	7	10	12	15	21	24	25	26	27	29	32	34	40	41	42	44	47	52	54	55	56	58	59	61	67	70	72	73	111	118
46 30
5	8	10	13	14	15	20	21	22	25	26	30	31	32	35	38	49	50	52	54	55	58	63	64	69	70	72	111	112	117
50 31
0	1	2	4	7	10	11	23	30	35	39	43	47	48	49	51	52	53	54	55	58	62	65	66	70	71	72	75	103	105	127
42 30
2	7	11	13	14	19	20	21	22	23	25	26	31	35	37	40	44	45	46	49	51	52	56	58	59	70	75	76	104	117
43 32
0	4	5	6	7	9	14	17	19	22	25	26	27	28	33	34	35	38	40	46	48	53	56	60	63	65	69	71	73	77	80	96
48 31
3	6	9	12	13	16	19	22	24	25	29	31	32	39	43	49	53	55	58	60	65	66	72	73	74	77	80	89	97	98	118
46 32
0	1	2	8	10	13	17	22	25	26	28	32	40	41	42	43	44	46	47	53	54	57	64	65	66	68	69	70	72	76	79	117
44 30
1	4	6	7	9	15	16	19	21	22	25	26	27	30	35	45	46	53	55	56	57	59	60	62	66	71	73	78	88	100
47 32
0	1	3	6	8	11	19	20	21	26	28	31	32	34	35	38	39	40	46	49	53	60	63	64	67	73	75	79	84	111	112	115
49 33
2	4	5	6	7	9	11	14	16	18	22	35	36	39	40	41	42	43	48	50	52	53	57	63	65	66	69	71	73	74	88	112	118
51 32
0	2	4	7	11	13	15	21	22	25	34	35	37	39	47	49	52	54	55	58	59	62	63	64	70	72	76	86	90	93	109	154
46 29
0	1	3	4	8	9	10	13	16	29	30	33	34	47	49	53	54	55	59	63	66	73	74	80	82	91	100	111	118
44 30
1	4	10	11	13	23	24	30	31	33	34	38	40	41	42	43	46	54	57	60	65	66	67	69	71	74	75	88	97	108
46 30
0	1	2	3	10	19	21	23	24	25	27	33	35	37	46	50	51	59	60	62	64	67	68	70	71	75	77	78	88	112
47 30
0	3	5	10	11	12	17	23	24	26	27	32	33	41	42	46	52	53	57	60	65	67	69	72	77	86	91	112	117	118
48 32
0	2	6	9	10	12	13	18	22	23	24	27	29	36	42	44	45	47	51	52	53	54	57	60	62	65	72	85	90	92	112	127
49 31
4	5	6	10	16	22	24	25	26	27	34	35	40	41	42	44	50	52	54	56	57	59	60	63	68	74	76	84	91	105	154
46 30
0	4	5	6	7	10	11	18	19	27	28	30	31	35	42	44	50	51	53	54	56	60	69	70	71	72	88	92	105	108
45 31
1	2	5	8	16	19	20	21	25	26	29	30	31	33	36	38	41	50	51	53	54	55	56	59	62	64	65	66	72	88	91
46 32
1	2	3	5	7	14	19	20	22	23	25	36	37	38	39	41	42	43	46	50	51	55	56	62	64	67	75	76	77	79	90	104
51 31
2	3	9	11	13	14	16	17	29	30	34	43	46	50	53	54	56	57	58	59	65	66	69	72	74	76	77	91	95	100	115
44 30
1	2	5	6	8	11	13	14	18	21	22	28	32	36	38	40	46	49	53	55	56	57	58	60	62	65	68	70	115	117
51 32
5	6	7	10	13	16	19	25	26	32	36	37	39	45	46	50	61	62	63	64	70	71	73	76	78	80	82	84	88	96	103	112
43 32
1	2	4	7	12	13	16	17	19	25	27	28	30	31	32	33	35	39	41	43	44	48	50	52	60	61	63	68	74	75	91	100
46 33
0	6	8	10	12	16	18	19	21	22	23	25	26	29	32	33	34	35	37	38	39	42	53	59	64	67	69	70	72	73	77	104	112
46 29
0	2	4	5	8	9	16	17	19	23	24	30	33	37	47	50	53	56	60	62	64	67	72	76	80	86	89	127	154
46 30
1	7	13	18	19	21	22	25	27	29	31	34	38	40	43	50	54	55	57	59	62	63	65	67	69	70	72	74	91	103
50 31
0	1	6	7	8	10	11	21	25	26	32	33	35	36	38	42	50	52	55	56	57	61	71	85	86	88	92	93	104	111	154
46 31
0	1	2	5	6	13	17	18	21	25	36	39	41	44	45	46	49	50	52	54	57	58	59	60	62	63	64	67	88	95	98
46 30
0	2	4	5	7	10	19	20	25	26	29	30	32	33	36	37	50	54	55	57	58	63	66	68	71	76	77	82	104	115
39 27
3	4	10	11	13	18	21	25	26	30	31	32	33	34	40	43	46	54	58	61	63	66	74	75	76	115	117
43 30
1	3	5	11	12	13	14	15	16	17	20	23	29	30	34	41	43	48	50	53	54	55	63	66	67	69	76	89	96	115
39 29
1	2	4	6	7	8	11	12	13	16	17	20	24	25	26	38	41	44	45	46	51	54	64	65	72	76	88	89	104
44 29
2	4	6	8	12	14	20	21	22	25	29	34	39	40	41	54	56	59	60	63	66	67	73	77	79	83	86	91	112
46 31
0	1	3	6	10	15	16	19	20	25	27	29	32	36	39	40	41	51	54	55	56	57	58	60	61	62	63	72	91	92	98
52 31
0	6	8	11	12	16	21	24	30	31	32	45	47	50	51	53	56	61	62	63	64	66	67	72	77	79	90	95	103	111	127
47 31
6	7	10	12	20	21	22	24	25	27	32	33	36	37	44	45	46	57	58	59	61	62	67	73	76	77	84	88	91	105	112
45 29
1	3	4	12	16	17	19	20	22	24	26	28	30	33	42	47	48	54	57	58	59	65	73	76	88	98	100	104	108
45 30
0	6	8	9	10	14	16	19	25	27	31	37	39	41	42	45	47	48	50	52	60	62	63	66	68	73	85	86	112	154
41 31
1	3	4	5	8	10	13	17	18	25	28	33	34	36	39	40	41	43	45	46	49	51	52	53	58	60	68	71	72	74	76
47 33
1	2	3	7	8	14	15	16	22	24	25	26	29	30	34	36	38	40	41	47	49	51	58	61	65	68	69	70	77	80	90	104	112
45 31
1	2	6	7	8	10	12	14	16	21	24	25	30	32	34	35	41	47	52	54	55	58	59	60	65	66	67	68	74	75	115
45 30
0	4	5	6	9	10	11	17	18	22	23	24	29	30	34	38	47	50	52	53	54	61	65	69	73	85	86	88	100	118
45 33
0	5	8	10	16	18	19	24	25	27	29	30	33	34	36	40	44	45	47	48	49	52	53	55	57	58	59	65	66	78	79	88	90
44 33
2	3	6	8	9	10	11	13	14	17	20	24	25	27	29	37	42	43	44	45	46	47	49	52	55	60	64	66	75	77	82	86	112
40 30
0	1	2	4	13	16	17	19	20	21	22	24	27	30	33	38	40	43	44	45	46	51	60	63	64	67	70	74	75	108
42 31
0	1	4	7	10	11	12	13	17	18	19	20	22	25	28	30	31	41	43	45	46	51	52	58	59	70	73	74	75	76	104
43 32
6	7	8	10	11	15	17	20	23	27	29	31	35	37	39	40	41	43	45	46	47	49	52	58	59	63	68	76	78	84	95	127
44 31
7	9	10	11	12	13	14	16	18	20	21	22	23	32	33	34	37	43	44	54	55	57	63	65	70	73	78	79	86	96	127
43 29
4	8	9	10	13	14	18	25	27	29	33	34	38	40	41	42	43	53	55	57	60	61	62	64	73	77	86	91	154
43 32
2	3	4	7	12	16	18	19	22	23	24	25	29	30	31	32	33	36	37	43	47	48	50	51	53	58	66	68	73	78	96	127
43 31
0	2	4	5	6	7	9	13	15	18	20	24	27	28	30	32	33	37	40	41	42	55	56	60	62	75	77	79	88	100	127
44 31
1	2	4	5	6	8	13	16	17	19	24	29	32	34	37	41	43	45	47	50	51	52	59	60	65	66	72	75	76	96	108
41 30
0	2	3	5	8	11	12	14	18	24	25	35	36	38	40	41	45	46	49	51	54	55	59	60	64	80	83	86	88	92
46 32
1	5	7	13	14	15	20	23	25	26	29	31	33	34	35	37	44	45	48	50	51	52	56	58	62	70	84	89	92	95	96	105
46 31
1	4	5	10	11	13	15	18	19	20	22	28	34	36	38	42	45	48	51	52	54	55	56	64	68	69	70	72	74	98	115
50 31
0	1	2	3	9	10	12	15	19	24	25	38	40	42	47	50	51	54	60	61	66	68	75	76	77	79	88	89	92	112	154
48 32
0	2	8	10	11	12	15	18	19	21	26	30	36	40	41	42	44	47	49	50	55	56	60	63	64	65	75	76	88	104	109	115
46 32
1	2	3	5	10	11	15	18	20	21	24	25	30	31	33	34	37	38	39	40	49	51	52	55	60	61	65	71	72	73	118	154
49 31
1	2	6	7	10	23	30	31	34	35	37	38	39	41	43	46	50	57	60	61	62	63	66	68	70	72	77	79	100	117	118
47 31
2	3	5	8	14	21	22	23	24	26	28	30	33	34	40	42	47	50	53	54	55	56	57	59	65	67	69	76	92	109	115
42 30
0	4	5	9	12	13	15	16	17	19	20	25	28	31	34	35	44	46	48	55	59	60	61	63	64	66	71	73	86	109
46 31
0	1	3	10	12	15	17	21	22	23	24	28	33	35	36	37	39	45	48	50	52	54	60	61	66	68	93	95	103	107	127
50 34
2	5	8	9	12	14	19	20	22	23	24	25	26	34	39	40	46	48	50	51	54	55	57	58	62	64	65	66	71	79	80	85	88	92
51 32
4	11	12	14	15	19	20	21	25	26	29	32	37	39	45	49	54	57	59	60	62	63	66	67	68	70	72	73	77	105	107	112
44 29
0	1	4	7	12	13	14	15	23	24	26	29	30	31	38	43	50	60	63	65	67	73	76	77	82	85	92	100	118
44 29
0	3	4	6	11	13	16	17	18	21	25	27	30	40	50	51	58	59	60	63	64	67	69	71	73	75	76	77	92
52 34
3	4	5	7	9	12	15	16	18	19	21	24	25	29	30	47	49	55	57	60	62	64	65	69	71	75	80	85	86	90	91	92	97	111
45 31
0	2	3	6	7	9	12	14	15	21	23	27	34	35	36	37	42	45	49	54	55	57	64	67	73	76	83	88	96	109	115
48 29
0	4	8	11	13	17	22	29	33	34	35	38	39	43	52	57	58	63	65	71	76	77	91	92	97	98	105	109	118
47 31
1	2	7	8	13	16	17	23	24	25	28	31	32	33	42	43	44	45	50	53	56	57	58	62	67	70	76	86	98	104	112
47 30
0	6	9	10	16	17	22	24	27	31	34	43	46	47	50	54	55	58	60	62	64	66	67	68	69	70	76	78	85	108
46 31
0	1	2	7	10	13	16	19	21	23	30	33	34	40	41	44	46	50	53	54	55	56	57	58	64	68	71	77	80	90	127
44 30
1	4	7	8	12	13	17	18	24	25	29	34	35	37	39	44	45	47	50	57	60	61	63	66	70	71	73	91	100	104
53 33
4	7	12	13	17	19	20	25	27	28	32	35	39	40	44	50	52	54	55	56	58	59	61	63	65	70	71	73	75	76	80	103	118
45 31
1	4	5	8	9	12	16	17	20	22	26	28	29	30	31	34	39	43	50	51	54	59	60	61	63	67	71	75	92	95	118
45 31
2	3	5	7	8	9	11	12	14	17	19	22	25	34	37	39	41	46	49	52	55	56	60	62	63	64	73	79	86	103	117
43 29
1	4	12	13	16	17	18	20	21	22	24	29	30	32	33	47	51	54	56	58	62	63	66	72	75	76	86	90	108
47 32
2	3	6	12	16	25	26	27	29	30	34	35	36	37	39	41	49	53	55	56	58	59	64	66	67	70	72	73	74	76	77	91
53 32
4	10	11	12	13	14	15	16	19	21	31	39	42	43	48	53	55	57	60	62	63	64	66	71	73	88	89	92	104	111	112	115
45 30
0	1	2	5	6	9	16	17	22	23	24	27	30	35	36	40	42	46	54	60	65	67	73	85	90	92	96	109	112	118
47 33
1	2	3	5	8	11	12	13	14	15	17	22	23	25	31	32	33	37	42	44	52	55	56	60	63	64	66	67	69	70	73	76	100
40 26
1	4	9	10	11	15	17	22	26	29	37	39	47	50	51	52	54	58	62	63	64	66	70	71	72	127
45 32
4	7	8	9	10	14	15	21	22	23	24	27	30	31	32	33	35	39	41	46	49	50	56	68	70	76	77	78	83	85	112	118
48 32
0	1	7	9	10	13	16	17	20	23	27	32	33	36	37	39	41	49	50	51	61	62	64	66	67	70	76	79	85	96	112	127
46 32
3	7	9	10	11	13	19	24	25	26	28	29	31	34	35	39	40	42	45	48	64	65	66	67	73	77	79	86	88	95	100	104
44 29
1	2	11	12	15	18	20	21	23	24	26	27	34	37	39	42	49	50	51	54	55	60	61	64	79	91	100	107	127
52 32
0	6	9	16	17	19	20	25	28	29	32	37	38	43	46	50	51	55	58	61	63	66	68	70	71	75	77	82	96	100	105	107
45 33
2	4	5	6	9	10	11	18	20	21	24	25	30	31	32	33	36	38	39	40	45	46	57	58	60	64	65	67	72	74	77	85	105
44 32
0	4	5	6	9	10	12	14	15	18	20	24	25	28	30	31	42	44	45	46	48	54	62	66	70	72	77	84	85	86	88	127
41 27
1	2	8	11	13	14	15	16	21	29	39	42	45	47	49	50	52	53	58	62	63	66	72	76	88	112	118
42 30
1	2	3	6	7	8	11	12	13	15	20	21	24	25	30	32	33	38	45	46	51	55	57	66	68	69	74	85	92	154
49 31
1	3	4	7	10	11	13	15	23	25	26	27	33	34	38	50	52	54	55	57	62	65	67	68	75	77	86	91	96	105	112
49 30
0	5	12	19	20	21	23	24	25	26	27	30	34	44	50	52	55	57	59	60	62	65	71	76	79	85	91	92	104	154
54 33
2	7	9	14	17	18	19	20	29	36	37	38	39	43	45	48	50	52	54	57	59	63	64	66	67	72	73	75	93	107	109	117	127
42 29
0	1	2	6	7	13	23	24	28	31	32	41	42	43	44	45	46	47	50	51	60	62	66	70	77	80	86	117	118
45 30
0	1	2	4	5	15	17	22	23	30	32	36	37	43	46	47	50	52	54	57	58	60	63	64	68	72	85	86	88	108
41 28
0	1	2	4	6	11	15	18	24	26	30	31	32	35	40	46	47	50	51	54	60	63	66	69	72	85	100	108
47 32
2	3	7	10	12	18	19	21	22	23	25	32	33	37	42	43	46	47	51	55	59	60	66	67	72	74	77	82	86	88	91	104
42 29
0	2	5	7	8	9	10	11	14	15	17	20	22	26	34	38	39	40	46	54	55	57	64	65	90	96	104	117	118
48 30
1	2	5	13	14	17	18	23	24	29	32	33	43	44	48	49	60	61	62	65	66	68	74	75	76	88	92	115	117	154
44 30
3	4	7	8	12	14	18	19	20	22	24	26	27	30	31	32	40	42	50	52	54	56	57	59	60	65	70	72	103	118
44 29
1	2	3	13	14	16	18	20	33	35	37	40	41	43	45	50	55	59	62	63	66	67	70	75	77	79	84	91	115
48 30
1	2	6	16	18	19	20	24	25	30	33	40	49	50	52	55	57	58	63	64	65	66	67	68	73	75	77	80	86	104
52 33
1	2	3	15	16	18	19	22	23	24	34	42	43	45	47	48	50	51	52	54	55	63	66	67	71	74	84	85	88	90	92	103	127
40 29
0	1	2	4	5	15	16	17	18	19	22	25	33	34	37	44	47	49	50	52	53	55	56	58	59	68	75	91	97
44 30
0	4	8	11	12	14	16	17	18	20	24	29	30	36	37	38	49	55	56	59	60	61	63	71	75	76	78	82	91	127
44 31
0	5	6	7	8	10	12	16	18	21	24	31	38	42	43	45	46	47	49	55	61	64	68	75	76	77	79	85	88	91	118
45 31
0	2	7	9	11	12	13	14	19	21	25	26	28	32	36	38	39	43	44	52	53	54	55	58	68	71	76	78	80	112	127
45 30
0	2	4	8	13	16	21	22	23	31	35	39	43	44	46	49	50	53	54	56	60	63	68	69	70	76	77	83	88	118
44 32
0	1	5	8	9	10	12	13	14	15	16	22	25	28	33	38	39	43	45	46	50	52	53	54	55	60	61	64	69	71	75	97
40 30
0	1	3	4	5	6	7	14	16	17	24	25	27	28	29	30	33	34	44	47	49	50	53	59	62	66	68	71	75	118
44 31
1	4	6	7	8	10	14	17	21	22	24	25	28	33	35	39	41	42	46	50	53	60	62	65	68	72	75	77	80	88	118
42 31
1	2	4	6	11	12	13	14	15	20	21	22	24	25	27	29	31	39	40	42	45	52	53	54	58	60	61	73	79	86	127
43 29
0	2	4	6	8	12	13	14	16	17	22	25	36	40	44	45	50	53	57	58	63	65	66	67	70	75	96	97	109
49 32
2	3	6	7	9	12	14	19	20	21	24	29	33	34	37	42	44	45	53	55	57	63	67	73	74	76	80	83	84	86	127	154
45 32
4	5	7	10	14	16	18	20	24	25	31	33	34	36	37	38	39	41	42	43	50	52	61	63	68	72	73	75	77	83	84	100
45 32
0	3	4	8	11	12	18	21	23	24	25	26	28	29	30	31	33	43	47	51	54	55	58	60	63	71	75	77	85	91	92	96
54 34
1	2	4	9	11	12	17	20	25	29	32	35	41	42	44	46	50	52	53	55	56	61	63	66	68	72	76	82	84	86	89	97	98	105
47 31
0	2	4	7	10	16	17	20	25	26	30	32	33	34	38	40	45	51	52	55	58	61	62	63	65	67	70	72	73	80	154
41 30
0	2	4	6	7	9	13	15	18	20	21	25	26	29	31	32	38	39	43	45	50	51	53	62	74	75	76	85	92	100
50 30
1	4	6	9	10	18	22	28	29	32	34	35	40	49	50	51	55	59	60	61	62	65	66	76	79	80	98	100	105	108
41 29
1	3	8	12	13	14	15	16	21	22	23	24	26	37	39	40	42	45	47	55	59	60	63	73	85	89	92	105	115
39 27
2	4	6	7	11	14	21	24	25	26	27	34	35	37	40	42	46	50	57	58	66	72	77	86	92	112	127
43 29
5	9	12	14	18	19	29	33	34	35	36	40	43	44	46	49	50	55	57	58	59	61	63	64	66	72	74	77	108
40 30
2	3	5	6	9	11	16	19	20	21	23	24	25	26	27	33	38	40	41	44	49	52	58	61	66	76	82	85	92	112
50 32
0	2	6	7	11	13	14	15	26	29	31	32	36	38	41	45	48	49	51	53	64	65	66	69	70	80	88	90	98	100	115	117
41 30
1	4	7	9	12	13	14	15	16	18	21	23	25	31	35	39	40	41	45	49	51	52	53	58	59	63	66	68	96	127
46 31
0	1	2	4	6	16	18	20	21	22	25	30	31	35	40	42	45	54	56	57	60	61	63	67	72	73	76	77	88	92	115
45 29
0	1	5	7	11	15	25	27	28	31	32	34	35	36	48	54	55	57	58	61	65	73	74	75	80	91	97	104	108
45 30
0	1	2	5	13	15	18	19	22	23	25	29	30	32	40	50	51	54	55	56	58	59	60	61	63	66	67	71	74	79
46 31
0	4	6	9	13	16	17	18	20	22	25	27	28	29	33	35	44	45	50	51	53	65	66	68	70	71	75	76	88	100	117
44 32
0	3	4	7	9	13	17	18	19	22	24	27	29	30	32	34	35	38	39	44	46	49	52	54	58	67	74	75	76	77	117	127
49 32
0	6	8	10	12	13	15	21	23	27	28	29	31	32	36	41	42	49	53	55	56	57	61	66	69	71	83	88	91	103	109	127
45 31
2	8	11	12	15	16	23	25	26	29	32	35	36	38	39	41	45	46	48	49	50	55	58	60	63	64	65	70	76	104	154
41 30
2	7	8	12	14	15	16	17	19	22	23	24	25	32	35	39	41	45	49	50	52	54	55	59	64	72	76	78	82	86
43 31
4	7	8	9	16	18	20	21	22	24	26	27	30	32	33	38	39	41	42	44	55	64	68	72	76	79	86	88	92	93	118
44 30
1	4	5	6	11	15	16	21	22	24	27	32	34	35	40	42	48	50	55	57	58	59	60	61	63	72	73	77	88	118
44 29
0	4	5	6	10	12	13	16	20	25	31	34	35	37	38	43	50	54	58	63	64	66	72	76	77	91	96	111	112
41 31
1	2	9	11	13	15	16	19	23	25	26	29	32	35	37	41	43	44	46	48	49	50	55	57	59	60	61	63	71	73	88
46 30
4	7	9	13	14	19	21	22	25	27	31	32	35	36	49	57	62	63	64	66	68	70	72	75	77	89	90	91	96	104
49 32
2	7	8	10	11	13	18	21	30	31	34	37	39	41	43	45	47	48	53	54	55	57	59	62	64	65	71	77	95	100	104	115
54 33
1	2	10	12	15	16	18	19	22	23	25	37	39	46	49	50	51	52	54	55	58	60	61	63	64	66	68	75	76	79	100	107	109
44 29
1	3	4	6	11	13	14	18	21	27	31	39	40	43	45	46	50	54	56	58	60	62	63	71	72	86	88	100	127
40 30
1	3	4	6	8	10	11	15	17	21	23	26	28	32	35	39	40	41	45	46	48	52	54	59	63	69	72	76	88	118
44 29
4	7	13	19	21	23	24	25	26	27	30	32	34	40	47	49	52	56	57	59	60	65	70	73	77	86	96	111	112
40 30
1	2	4	5	8	9	13	14	17	19	21	22	27	31	33	35	36	37	39	41	47	51	59	64	66	68	75	83	96	127
48 31
1	4	8	10	13	16	18	20	21	22	25	31	33	44	46	48	51	52	53	60	64	65	68	69	72	74	85	86	91	100	104
48 31
0	3	7	8	9	10	13	16	20	25	31	36	38	42	44	45	50	54	57	58	62	63	64	67	74	77	80	88	93	111	117
39 30
1	4	6	9	10	11	13	17	18	19	20	24	25	30	31	32	36	37	40	41	42	50	54	57	60	61	64	65	67	70
49 31
6	7	9	10	18	20	21	23	31	34	42	43	44	45	46	51	55	57	60	63	65	68	72	73	75	85	86	91	92	98	108
50 32
1	6	7	8	10	15	16	17	18	20	21	28	31	32	38	46	49	50	51	58	59	63	66	68	69	70	71	75	96	98	112	115
