1000
19 17
4	5	7	9	10	12	18	22	24	30	34	39	42	47	50	54	60
20 20
0	1	4	5	6	12	14	15	16	17	19	21	23	27	29	34	36	39	42	49
15 15
0	1	2	5	7	11	12	17	20	24	27	30	34	41	43
18 17
0	2	3	4	7	8	11	16	18	19	24	33	34	36	38	47	60
19 18
0	1	10	11	12	14	15	17	21	23	24	32	37	39	40	43	48	60
18 17
3	4	7	9	13	15	16	19	20	22	23	24	29	32	37	38	60
17 16
0	3	5	6	7	10	12	13	18	19	22	28	30	31	38	52
19 17
1	3	6	12	19	24	26	27	28	31	32	34	38	42	44	53	63
20 19
0	1	2	3	7	12	14	15	16	23	24	25	28	29	35	36	37	43	60
20 18
1	8	9	10	11	12	16	20	23	25	27	28	29	30	31	33	52	64
20 17
0	3	7	10	11	12	15	20	22	24	26	35	40	47	52	60	61
19 18
2	3	5	8	10	18	20	21	23	28	29	30	37	38	40	41	44	65
20 20
0	2	3	5	11	17	19	20	22	23	25	27	30	31	33	38	40	41	49	50
18 18
0	2	6	7	8	9	11	12	16	17	20	25	26	33	34	39	43	49
16 16
0	1	3	4	6	7	10	11	13	14	18	22	24	28	35	36
19 17
0	4	5	7	11	12	13	15	18	19	24	27	30	34	42	59	60
18 17
0	2	3	5	9	12	13	16	18	21	27	33	34	37	39	41	52
18 17
0	1	4	8	18	19	20	22	23	24	25	27	28	34	37	47	63
18 18
1	2	3	5	6	10	12	15	17	20	24	29	30	37	39	40	41	43
18 17
0	6	11	12	18	19	22	24	25	27	31	34	36	42	46	49	60
19 18
0	1	4	6	10	17	22	23	24	25	29	34	35	37	42	45	46	60
17 17
0	1	2	3	6	7	9	11	12	13	16	27	30	31	34	49	50
18 18
0	1	6	7	12	14	16	20	21	22	24	25	26	27	29	41	43	45
17 17
2	3	5	7	9	13	15	16	19	24	25	26	35	41	45	49	50
17 17
0	1	2	3	5	9	11	16	20	24	25	26	28	30	39	43	47
17 16
0	2	4	5	10	12	16	20	22	23	24	28	29	41	45	63
17 17
1	2	5	15	17	19	21	22	24	26	27	28	32	34	46	47	49
20 18
1	3	6	7	12	16	18	24	28	31	33	34	36	38	40	49	60	63
17 17
0	1	2	3	14	18	20	23	25	26	27	28	30	38	42	49	50
18 18
0	1	4	6	13	17	18	20	22	23	24	25	27	28	29	31	35	50
18 17
2	5	6	8	9	11	19	20	26	27	31	36	37	39	40	43	59
21 18
0	1	5	7	12	23	25	26	27	29	30	33	34	35	37	52	60	61
18 17
0	2	6	10	12	15	16	21	22	24	25	26	29	30	44	46	63
19 18
1	3	5	6	12	16	18	24	25	27	32	34	36	39	40	42	45	60
20 19
0	2	3	6	7	8	9	10	18	19	24	25	29	30	31	35	38	49	60
20 18
0	1	2	4	7	9	13	15	16	22	23	28	32	36	41	44	52	63
20 18
0	3	5	6	8	10	11	13	16	18	20	22	26	36	40	43	52	60
19 19
1	4	5	9	13	17	18	20	22	24	25	28	29	30	31	34	37	50	51
19 18
1	9	11	12	13	15	22	23	28	29	30	33	37	39	44	49	50	61
18 18
1	2	3	5	10	12	15	18	20	21	23	24	26	28	29	32	45	49
20 18
0	1	2	8	14	17	20	22	23	24	25	26	31	32	35	44	60	61
17 17
1	3	4	5	6	12	16	21	23	25	26	28	29	33	45	46	49
19 18
4	5	7	9	12	13	15	17	18	19	24	28	30	31	34	40	49	52
19 18
0	1	2	5	7	10	12	15	16	22	23	25	26	28	29	32	34	52
19 18
3	5	7	10	11	12	17	18	23	26	28	29	30	31	33	35	40	52
18 17
3	5	7	11	14	15	19	20	26	27	28	30	31	32	40	43	52
16 16
1	2	5	7	9	11	19	22	23	24	26	27	28	33	34	47
18 16
0	2	6	7	8	17	24	27	30	38	41	43	44	49	52	53
18 17
0	5	10	12	16	18	20	22	24	25	29	36	40	42	46	49	60
19 18
2	3	6	7	11	13	14	19	20	21	22	27	34	38	39	44	50	59
20 20
3	5	6	7	8	12	13	14	16	23	27	29	30	32	34	35	36	37	44	49
20 18
0	1	2	4	6	10	11	14	17	21	22	24	29	39	43	45	54	65
18 16
0	1	3	5	6	7	10	11	15	16	36	40	44	45	52	54
20 19
0	1	6	7	8	9	12	14	16	22	23	28	29	31	34	40	45	50	59
19 19
4	5	6	11	12	13	14	16	17	19	20	21	22	23	24	28	32	34	40
20 18
4	5	10	12	17	18	21	24	29	30	31	32	34	39	41	42	54	65
17 17
2	3	5	12	15	16	17	19	20	24	26	28	30	36	40	44	46
21 20
6	11	12	14	15	17	18	20	22	24	25	27	32	34	35	38	40	49	50	60
19 18
2	3	5	15	16	17	18	19	20	21	25	28	29	31	33	37	45	59
17 17
0	1	2	4	6	7	8	9	13	16	17	20	24	34	37	45	47
18 16
0	1	2	3	6	10	11	12	15	23	30	35	39	41	59	60
17 17
0	2	3	4	7	8	10	11	12	17	18	23	24	34	36	41	47
19 18
0	1	2	3	12	15	16	17	18	19	24	30	34	37	41	46	47	63
17 17
0	1	2	3	6	9	12	16	18	23	24	25	31	33	39	41	42
22 19
2	4	6	7	9	11	14	25	27	30	31	34	40	43	45	49	52	60	61
22 18
0	2	11	13	14	16	19	23	25	28	29	30	33	39	52	63	64	65
17 17
0	1	2	5	6	10	11	12	13	16	20	26	30	35	40	43	49
17 16
2	5	9	11	12	13	15	16	28	29	33	39	40	48	49	60
21 18
1	2	3	8	10	11	15	23	29	30	32	35	38	40	42	52	53	60
17 16
0	2	3	11	12	15	16	20	22	24	28	29	33	38	45	59
19 17
0	1	3	4	10	12	18	20	22	28	31	32	34	36	48	59	63
17 17
3	5	6	8	12	16	22	24	26	29	31	32	33	34	43	46	49
18 17
2	5	6	7	9	10	11	12	13	14	16	22	23	40	44	49	60
17 16
0	1	6	7	9	15	20	25	26	30	31	33	34	42	47	65
20 18
1	2	5	9	10	13	15	20	28	29	31	33	35	36	37	40	52	54
17 17
1	2	5	7	9	12	25	26	27	28	29	30	31	32	34	43	49
20 18
1	3	6	8	10	21	23	24	32	33	34	36	37	38	41	42	53	60
16 16
1	4	5	8	11	12	16	24	29	30	32	34	35	41	43	46
18 17
1	2	3	4	6	10	11	16	24	25	28	31	34	38	39	41	60
18 16
0	1	7	8	9	11	16	20	22	24	28	34	38	46	63	64
17 17
2	4	5	10	13	19	20	23	24	25	27	28	33	36	37	45	47
19 18
0	2	3	9	10	12	13	14	15	18	20	23	30	34	38	45	49	54
19 17
0	5	7	8	9	11	15	18	19	20	26	27	28	34	43	52	63
17 16
0	1	2	7	12	15	17	21	23	24	28	30	34	37	41	52
19 18
1	3	7	8	16	18	20	24	25	30	33	34	38	41	43	46	48	63
17 16
3	8	10	13	14	15	18	19	22	23	28	30	33	38	39	59
18 18
3	9	10	12	13	15	17	20	22	27	28	29	30	34	38	40	44	49
19 18
1	2	3	4	5	11	13	19	22	24	25	27	28	36	38	39	49	54
19 16
0	4	7	11	14	15	20	23	24	25	27	31	43	52	60	64
20 18
0	2	3	9	20	25	26	28	29	31	32	33	37	38	40	45	52	63
19 17
0	3	7	9	10	11	12	13	17	18	24	25	28	33	35	53	64
18 18
2	3	4	5	6	10	11	18	19	20	22	23	24	25	26	34	40	50
22 19
3	4	7	11	12	15	17	20	23	25	29	33	34	36	37	43	54	64	65
19 18
0	6	8	9	13	19	20	21	22	24	30	32	34	36	37	39	45	52
19 18
5	7	9	11	15	17	18	19	24	26	28	30	31	33	34	40	44	52
19 18
2	3	4	6	10	11	12	13	18	19	22	25	27	31	34	38	39	65
19 18
2	3	5	14	16	19	20	21	22	27	28	29	32	38	39	40	41	65
20 20
2	5	6	9	10	14	16	18	19	20	22	23	25	28	29	34	35	40	49	51
20 17
0	7	9	10	19	20	22	24	26	28	35	38	39	41	52	53	63
20 17
0	2	9	10	12	13	15	19	20	24	28	34	37	39	52	53	59
19 18
2	3	4	5	7	11	17	20	23	25	27	28	29	32	34	37	39	52
19 18
0	2	6	8	11	15	16	17	19	20	21	24	27	31	34	36	44	54
18 18
0	1	4	5	8	9	11	12	13	24	28	30	31	34	41	43	46	51
20 20
0	2	4	7	8	10	17	18	19	22	23	24	26	27	28	29	30	36	43	51
19 18
0	1	3	16	18	20	21	22	24	25	26	28	29	30	36	37	43	60
18 17
2	4	6	14	19	20	22	25	26	31	33	34	38	39	43	45	52
16 15
0	3	4	6	8	11	12	16	19	20	24	30	34	47	52
21 18
0	3	11	14	15	18	19	23	27	29	30	39	40	44	49	52	54	63
20 18
4	6	9	10	12	13	17	19	20	23	32	34	37	39	41	49	52	64
19 19
5	7	9	10	12	13	14	15	16	18	20	22	28	29	33	34	43	46	49
19 18
4	6	13	18	19	21	22	26	28	29	30	33	34	38	39	41	47	52
18 16
0	2	6	8	9	11	12	13	18	19	30	34	38	47	52	53
19 17
0	3	6	11	13	19	20	21	22	24	27	35	37	48	51	61	65
21 20
0	4	5	10	12	13	17	22	24	25	26	27	28	31	38	39	43	45	49	52
20 19
0	3	4	7	8	10	11	15	17	21	26	27	36	38	43	44	45	49	54
18 16
3	5	10	15	17	18	25	29	33	34	36	39	41	45	52	54
18 18
0	5	9	10	13	18	19	21	22	23	24	27	32	38	39	41	42	47
20 17
0	2	6	7	15	17	19	20	21	24	33	38	40	42	60	61	63
20 20
2	3	5	7	9	10	16	17	18	19	24	26	28	31	32	33	36	37	40	42
19 17
0	1	3	6	12	16	18	19	21	23	25	31	33	34	46	52	64
18 18
1	2	4	5	6	8	12	16	19	20	25	27	28	33	38	45	47	49
17 17
0	1	5	6	12	15	16	17	23	24	28	29	37	39	40	41	44
18 17
0	2	5	6	13	14	18	19	20	22	24	26	27	29	31	34	52
19 18
4	5	10	15	17	19	21	25	29	30	33	36	44	45	46	49	50	60
17 16
3	5	6	10	12	13	18	24	27	32	34	35	36	37	39	63
18 18
0	1	2	6	7	9	11	15	16	17	20	24	27	30	34	35	38	50
17 17
2	3	5	6	13	16	19	20	24	26	27	28	35	39	40	45	49
20 18
0	2	4	6	9	12	15	16	19	20	21	22	27	34	37	38	52	54
18 18
0	2	5	10	12	13	14	15	22	23	24	28	29	30	34	35	46	50
18 17
0	1	2	3	4	6	9	19	20	22	23	24	27	31	32	34	59
18 17
0	2	3	15	20	22	24	26	27	28	30	31	33	35	41	45	54
20 18
0	2	3	8	12	15	21	24	26	29	34	37	38	39	41	47	63	65
20 19
4	5	6	7	13	14	15	18	22	25	27	29	30	33	37	41	42	49	52
20 18
0	3	4	7	9	15	23	27	29	34	35	40	41	44	45	46	52	63
20 19
0	1	4	5	11	13	15	22	24	26	27	30	31	32	40	41	46	48	63
19 17
1	5	6	9	14	18	20	28	31	39	40	43	46	50	51	52	60
21 19
1	4	5	14	15	16	18	20	22	24	27	29	33	37	41	43	46	60	64
18 17
0	2	7	9	11	14	15	17	18	20	27	31	32	37	39	49	60
18 18
1	5	11	12	16	18	21	22	23	24	26	28	29	30	32	34	39	49
18 17
0	2	5	6	7	8	10	11	13	17	19	20	24	34	39	43	59
20 19
0	4	6	8	9	10	12	19	20	22	23	25	27	31	32	39	43	45	52
19 18
0	1	5	7	9	10	11	14	15	26	28	32	33	37	38	39	40	52
20 18
2	3	4	8	10	12	17	20	23	28	32	34	38	39	46	47	52	60
18 17
0	2	5	10	14	15	16	20	22	24	35	38	41	44	46	50	52
18 17
1	5	6	7	9	10	11	12	16	23	27	28	29	36	40	49	61
18 17
0	2	6	11	16	18	19	20	21	22	24	26	28	33	35	51	65
18 18
1	4	5	7	8	11	12	13	16	19	22	25	27	28	29	30	36	49
18 17
0	2	5	6	10	11	14	16	18	19	20	25	26	27	36	44	59
18 16
0	2	3	4	5	13	18	20	24	27	34	35	36	37	52	60
18 18
1	4	6	11	15	18	20	23	24	25	26	27	29	30	31	36	38	51
17 17
2	3	5	7	9	10	13	14	19	20	24	27	30	32	41	45	49
17 17
3	5	8	9	10	12	13	20	22	23	24	27	28	29	31	32	38
19 19
0	2	3	10	13	14	18	20	22	28	29	30	31	36	37	39	40	47	49
21 18
0	1	2	3	4	8	23	24	29	32	33	36	40	46	49	52	54	60
18 17
0	4	5	7	9	12	15	17	19	27	29	30	40	44	48	49	60
19 18
0	1	3	6	8	10	11	14	16	20	25	28	29	34	35	36	38	65
17 17
0	3	4	8	10	11	13	15	17	20	21	22	23	24	35	41	51
21 18
1	2	6	10	12	19	22	25	26	27	28	31	33	40	48	52	53	61
19 18
0	3	4	8	9	10	13	14	15	18	21	23	28	29	37	39	45	65
20 19
0	4	8	19	20	21	22	23	24	25	26	28	32	33	34	35	37	38	52
19 18
0	4	6	9	11	14	15	18	19	29	30	33	37	41	46	49	51	63
20 18
1	9	10	11	12	14	15	16	19	24	25	27	28	33	36	42	53	61
18 16
1	4	5	11	13	15	17	20	25	27	28	29	36	49	52	54
20 19
1	3	7	8	10	13	14	17	18	19	25	28	30	34	38	42	43	50	59
19 17
0	2	4	8	11	12	16	20	22	24	25	29	34	36	37	60	61
19 17
0	4	9	15	16	18	23	24	25	26	28	33	34	37	39	52	64
20 19
0	1	3	4	6	8	21	23	26	27	30	34	35	36	37	42	45	46	65
18 16
0	3	10	11	12	14	20	23	24	25	29	36	41	45	52	65
20 20
3	5	6	12	13	16	17	19	21	22	25	27	32	35	36	37	39	40	41	49
17 16
0	1	4	5	7	9	11	14	21	27	30	31	40	41	43	52
20 19
0	1	2	5	6	7	13	15	17	19	22	25	27	31	37	39	43	50	52
19 19
2	3	4	5	6	9	10	11	16	17	20	25	27	29	31	34	35	45	49
20 19
7	8	13	14	16	17	18	19	21	22	23	24	26	28	29	30	40	45	64
18 16
0	2	3	4	5	7	9	10	11	18	25	30	32	41	52	64
18 17
0	1	3	7	8	9	11	15	18	23	30	32	36	44	49	51	60
18 17
0	1	2	12	13	16	18	20	21	23	24	28	34	36	43	49	52
19 18
0	2	4	6	9	11	14	15	17	20	23	24	27	31	41	43	45	59
18 17
0	5	6	7	12	13	16	19	22	25	27	28	29	32	41	49	59
19 18
0	2	3	4	7	8	13	16	18	20	21	24	30	41	43	44	46	52
20 20
0	1	4	7	9	10	12	20	24	26	28	29	30	32	36	39	40	46	47	50
18 16
1	11	12	16	17	21	24	25	29	30	34	36	42	46	54	64
21 19
3	4	5	6	8	13	18	19	21	22	27	30	32	34	36	41	46	59	60
17 17
3	6	10	11	13	14	18	19	21	22	24	31	38	39	41	43	44
20 18
0	2	5	10	13	14	15	16	18	20	21	22	25	30	34	45	52	60
19 17
1	3	5	6	9	11	12	16	19	20	27	32	40	44	45	60	65
18 17
2	3	4	5	8	9	16	20	22	23	24	33	35	44	45	46	60
20 19
2	7	8	9	10	17	23	24	27	29	31	32	33	38	41	43	46	49	63
20 18
4	5	6	12	17	19	20	25	28	29	30	32	37	42	44	47	52	61
19 18
1	6	7	9	11	12	15	20	25	27	29	31	34	38	45	47	49	63
19 18
0	2	3	4	7	10	12	13	18	23	24	26	28	30	37	38	42	60
19 18
4	5	7	16	17	22	24	25	26	27	28	29	32	33	37	47	49	52
18 18
0	4	7	8	15	17	22	23	25	26	27	28	29	30	36	38	45	49
19 18
2	5	6	8	9	10	13	14	18	23	24	38	39	40	45	47	49	60
20 18
3	5	9	10	14	15	17	20	21	22	24	27	29	31	33	37	54	60
19 17
5	9	10	11	12	13	20	25	28	29	30	36	40	43	46	52	65
17 17
0	1	6	9	13	16	20	22	24	26	28	37	38	44	45	46	47
18 16
1	3	11	12	17	20	25	26	28	29	30	33	40	45	59	61
18 18
0	2	4	5	6	7	10	15	18	19	20	22	23	24	29	40	41	45
18 18
0	1	2	5	8	12	14	15	16	17	20	25	26	28	29	36	44	49
20 19
1	5	6	9	15	17	18	19	20	21	22	28	29	30	31	33	34	37	65
17 16
5	6	7	9	10	11	12	13	14	17	19	23	24	32	43	63
19 17
1	5	7	10	17	19	22	23	24	25	28	29	30	40	41	52	53
17 17
0	1	3	4	7	8	10	11	16	22	24	28	37	38	40	42	48
19 18
1	2	6	7	10	11	12	17	21	25	29	31	34	39	43	46	49	64
18 17
0	2	4	11	12	16	20	24	25	26	27	31	35	39	42	43	60
21 20
3	6	11	15	17	18	21	23	24	27	28	29	30	32	38	39	41	47	49	54
18 17
0	2	4	8	9	17	18	20	23	24	30	33	41	43	47	49	65
17 16
2	3	5	16	18	24	25	26	27	28	29	37	39	44	45	54
17 17
1	5	7	10	11	12	13	15	19	21	24	32	34	36	40	41	46
17 17
0	4	6	8	11	12	13	16	17	20	23	24	25	27	30	34	45
19 18
0	2	3	6	8	12	16	18	22	23	24	31	33	35	39	42	43	64
18 16
1	3	5	6	9	12	18	19	22	24	34	37	44	45	53	61
19 18
1	3	4	7	9	10	11	29	32	37	38	39	40	41	42	44	48	52
20 19
2	3	5	10	11	14	16	21	23	26	28	29	34	37	38	40	45	49	53
20 17
0	3	7	11	15	16	17	18	19	26	32	34	45	47	53	54	65
20 19
0	3	7	9	12	14	16	18	19	21	24	25	28	31	36	39	40	45	54
20 18
4	5	6	10	13	17	18	19	20	22	25	26	28	31	34	41	52	54
18 18
0	1	4	6	8	9	10	19	20	22	23	24	26	29	31	34	43	45
21 19
1	2	4	6	7	12	14	15	16	17	19	21	23	27	36	43	46	52	61
18 18
2	3	5	10	12	19	20	25	27	28	29	32	34	39	40	44	46	49
22 21
1	2	4	5	6	7	8	10	13	17	20	23	25	29	30	32	33	34	37	50	52
19 17
5	10	12	13	17	23	24	25	26	28	32	34	39	41	49	52	60
18 17
0	8	10	11	13	15	19	20	22	25	32	35	37	39	40	41	65
17 17
0	1	2	3	6	7	9	11	13	16	21	23	24	38	39	41	42
18 17
4	5	6	9	11	18	25	26	27	28	29	39	41	43	44	49	52
19 18
0	6	8	12	14	16	20	22	23	25	26	28	30	32	33	34	49	52
21 20
0	1	2	9	11	12	14	20	23	24	28	29	30	33	34	36	45	46	50	65
18 17
0	1	2	3	4	7	9	10	12	15	22	24	29	30	45	47	60
17 17
1	3	4	7	12	13	14	15	16	17	22	23	24	28	29	38	40
16 16
0	1	6	7	14	15	17	18	21	27	30	34	41	47	49	50
18 18
0	1	2	6	10	11	12	14	18	20	21	24	30	31	33	34	42	43
18 16
0	2	3	7	9	10	15	16	17	20	35	37	45	48	60	65
18 17
0	1	3	4	6	8	13	14	16	20	21	22	23	27	41	45	59
19 18
0	2	3	4	7	8	11	17	19	22	24	28	34	35	37	45	51	63
19 18
1	5	7	8	10	15	19	21	24	25	29	31	34	37	39	41	43	64
17 16
1	5	9	12	13	15	21	25	27	29	30	33	34	41	46	52
20 19
0	6	11	12	13	17	20	21	22	24	26	27	29	31	33	34	43	44	52
19 17
2	3	7	8	9	11	14	16	25	27	31	34	35	39	49	60	61
18 17
1	2	3	5	8	10	11	14	19	20	21	26	29	32	39	41	65
18 17
2	4	5	10	20	22	24	25	26	27	28	29	30	33	43	49	53
23 20
2	4	8	10	14	15	16	18	21	22	23	26	28	29	44	45	51	53	64	65
20 20
0	4	6	7	10	13	17	19	20	21	22	23	24	27	28	29	30	35	39	45
19 18
0	3	4	8	9	15	16	18	19	20	30	32	37	41	43	45	50	52
17 17
3	5	12	13	16	18	19	24	25	28	31	34	36	37	39	42	44
16 16
4	5	7	12	13	14	15	16	17	18	22	24	28	29	30	40
18 18
0	1	3	7	12	14	15	16	17	24	28	32	33	34	36	37	41	42
19 17
0	1	6	7	11	12	16	20	23	24	29	30	31	37	40	53	59
19 18
1	2	5	6	9	10	11	16	19	23	26	27	28	32	33	45	46	52
18 17
1	3	4	5	7	9	10	11	24	25	30	31	33	34	37	39	60
19 17
2	3	5	16	17	18	21	23	25	28	29	33	42	45	46	52	54
17 17
1	5	9	10	11	12	14	17	24	25	28	29	33	34	39	40	43
18 18
0	2	3	7	9	10	11	12	13	15	16	21	30	34	38	41	43	49
18 17
3	5	10	11	12	13	14	16	17	18	20	25	26	31	36	49	60
19 17
0	3	9	11	15	17	18	19	29	30	33	36	44	46	49	52	60
19 18
2	5	14	15	20	21	23	27	28	29	35	36	40	42	44	48	49	60
20 18
0	2	3	5	12	15	19	20	24	26	28	29	35	40	45	49	52	60
18 17
0	5	7	9	10	13	16	18	22	23	30	32	37	40	41	47	59
18 17
0	1	2	10	11	15	16	20	21	22	24	25	30	32	34	35	60
20 19
2	5	6	12	15	20	22	23	24	26	27	29	30	34	36	40	44	45	65
20 18
1	5	10	13	14	19	21	26	29	30	32	34	37	39	41	43	52	64
20 18
0	2	7	14	16	21	24	26	27	33	35	36	37	44	45	49	52	60
16 16
0	1	7	8	11	12	16	24	25	26	28	29	31	36	43	44
18 18
0	1	3	6	12	14	20	22	23	24	26	27	29	30	31	32	36	44
16 16
0	1	5	7	8	11	12	13	14	16	19	22	24	27	28	41
17 17
0	1	2	5	7	10	11	20	22	24	30	32	33	34	38	41	43
17 17
1	5	7	8	10	15	18	20	21	24	29	31	36	37	40	41	47
18 18
6	8	9	11	12	13	14	15	16	18	23	24	28	29	30	38	39	40
18 17
3	6	11	12	15	18	19	21	23	25	26	27	34	39	43	49	64
18 18
1	2	7	8	9	10	17	19	23	24	27	28	29	31	32	36	37	38
19 17
1	2	4	5	9	11	14	20	22	25	27	31	32	36	39	60	65
19 18
0	2	5	7	11	12	15	17	18	25	27	28	32	34	36	43	48	52
18 17
1	2	5	6	7	9	11	15	20	25	26	27	30	38	44	49	63
20 19
0	1	3	4	7	12	16	17	19	22	23	25	27	28	35	40	45	51	59
19 18
0	1	2	3	4	6	7	11	13	17	21	27	30	33	34	37	46	52
19 18
2	3	4	13	14	18	22	23	27	28	29	31	34	35	37	39	49	64
18 18
0	2	3	4	6	8	11	14	20	23	24	28	30	31	41	43	44	51
21 17
0	1	7	9	15	16	17	19	27	28	35	50	51	52	54	64	65
22 19
5	11	13	14	15	17	18	19	20	21	28	29	30	31	33	34	52	60	61
17 16
1	5	9	12	15	18	22	23	25	28	29	31	39	42	44	52
24 22
2	3	4	5	13	14	16	18	23	28	29	30	31	33	35	36	39	41	45	46	52	61
18 17
0	5	6	8	10	14	15	17	20	22	26	29	30	32	40	49	53
18 17
1	3	4	6	11	12	16	19	20	23	24	25	26	31	36	43	61
18 18
0	3	4	7	11	13	15	18	21	23	24	26	27	31	33	39	41	44
18 17
0	1	6	7	13	14	15	19	21	23	30	33	40	41	45	49	52
20 19
3	6	13	19	20	22	23	24	25	26	30	34	36	37	38	40	45	51	63
17 17
0	1	3	7	11	12	16	19	21	24	25	33	34	36	41	42	45
18 17
0	4	6	10	12	18	21	23	24	25	28	29	39	42	43	44	52
19 18
1	2	3	5	13	14	16	22	23	27	28	30	32	35	38	39	49	63
18 18
1	4	5	17	19	21	22	24	25	27	28	29	34	38	41	45	46	47
18 17
0	2	3	4	10	11	18	19	24	25	26	27	34	36	41	46	64
18 17
2	4	5	6	10	20	22	24	29	31	32	34	37	38	43	44	60
18 18
5	10	12	16	18	21	22	25	29	30	32	36	39	41	42	44	45	49
19 19
1	2	5	6	9	12	17	21	25	27	28	29	30	32	37	39	42	43	49
17 15
1	3	5	7	8	11	12	14	18	20	24	25	28	61	63
19 18
2	3	6	12	14	16	17	18	19	21	24	28	31	34	36	46	47	61
19 18
1	4	5	7	9	11	12	13	15	16	17	18	19	30	32	33	41	65
19 17
3	7	8	9	10	12	14	18	22	26	29	30	33	37	41	52	64
19 19
0	1	2	4	6	8	11	14	16	27	31	36	37	40	42	44	46	49	51
19 18
1	14	16	17	18	20	21	22	23	27	28	29	32	38	41	42	49	61
17 16
0	2	3	6	7	10	11	12	20	21	24	25	31	34	39	52
17 17
0	2	3	6	7	8	11	12	16	20	24	25	32	34	36	37	50
18 17
0	2	3	6	8	10	11	14	15	19	20	28	29	30	33	35	59
18 17
5	9	10	11	12	16	21	27	30	31	32	33	34	39	47	49	60
18 17
1	3	5	6	10	11	12	15	24	25	27	35	36	39	41	44	60
17 17
0	2	3	4	7	11	13	14	16	20	22	24	26	27	29	39	41
16 16
0	1	3	11	12	16	18	20	23	24	25	27	28	31	36	44
18 18
0	5	6	9	11	13	15	16	18	19	24	25	26	27	32	39	40	44
18 17
1	6	7	10	11	12	14	15	20	21	24	29	32	33	34	36	64
19 18
0	3	10	11	13	14	15	18	20	24	25	28	35	37	42	45	47	54
17 17
1	3	6	7	8	12	16	24	27	28	29	30	32	38	40	42	44
18 18
4	5	10	12	15	17	18	19	20	25	26	28	29	31	39	40	42	49
19 18
0	1	6	7	8	11	12	16	17	18	20	24	25	27	32	37	43	64
19 18
2	5	6	7	10	11	12	18	19	22	26	29	32	35	39	40	51	65
19 18
1	2	4	7	8	11	15	19	20	24	25	28	31	35	38	39	41	65
18 18
0	3	6	7	10	14	16	18	22	24	25	26	28	30	31	38	42	49
17 17
2	3	5	10	13	14	16	19	22	30	37	38	39	41	43	45	49
18 18
0	2	4	5	6	8	12	16	18	20	22	24	26	29	33	34	35	43
18 16
1	2	3	4	5	7	8	10	11	14	16	20	25	36	52	60
19 18
0	2	4	7	8	9	17	18	19	23	29	30	31	32	33	41	42	65
16 16
0	12	13	14	18	20	21	24	27	29	30	34	36	41	43	49
18 18
1	4	5	8	11	16	18	20	22	23	24	29	33	34	36	38	40	41
18 17
1	2	6	8	9	15	16	19	22	24	28	34	39	41	47	48	64
17 16
0	1	3	4	10	11	12	22	23	24	26	28	29	39	45	63
22 19
0	1	3	4	8	11	12	13	14	19	20	22	23	31	44	46	52	54	60
20 18
1	3	5	7	9	11	14	19	20	32	33	39	40	41	43	49	52	60
17 17
0	2	9	11	12	16	18	20	23	24	27	28	29	31	33	34	36
21 18
0	9	10	12	15	16	23	24	27	28	36	40	44	45	46	52	59	63
17 17
0	1	2	6	15	16	19	20	21	24	25	27	29	30	37	38	43
18 18
0	2	3	5	6	11	12	14	16	19	23	24	25	29	31	39	43	50
21 18
4	5	7	10	13	15	17	18	19	20	21	22	27	37	48	52	59	60
18 17
0	2	4	5	6	11	17	19	20	22	24	26	27	34	35	45	53
20 18
0	5	8	9	16	19	20	21	27	34	36	37	43	44	45	49	60	61
19 18
0	9	10	13	17	20	22	23	24	25	29	32	34	36	39	41	45	60
17 16
0	4	5	12	13	14	15	18	20	22	24	28	29	31	44	52
21 20
5	6	10	12	13	18	19	23	26	28	30	32	35	37	39	43	44	45	51	52
18 17
0	2	3	7	8	10	15	17	19	24	26	28	30	31	34	42	63
17 17
0	3	5	9	10	12	13	15	24	25	28	34	39	41	42	46	49
20 19
2	3	4	11	15	16	17	18	19	20	24	27	28	30	31	32	38	51	59
19 17
0	1	2	3	6	7	8	9	10	11	26	29	30	35	45	52	53
19 17
0	3	7	12	14	15	16	20	22	26	27	28	30	32	34	52	65
19 17
3	4	5	8	13	14	16	19	20	22	28	32	33	34	41	59	60
19 18
2	3	4	5	7	9	12	15	16	19	20	22	24	33	34	37	41	59
21 20
0	2	12	13	14	17	19	20	23	24	25	28	30	32	36	39	43	44	49	61
19 18
0	1	7	11	12	15	19	22	24	25	29	30	33	36	41	43	49	65
18 18
0	3	5	6	13	15	16	17	21	22	23	26	27	36	38	41	46	49
18 17
1	3	5	14	20	21	22	23	27	28	29	30	31	32	38	40	59
17 17
0	2	3	5	9	12	15	16	19	23	26	28	30	33	39	45	49
20 19
4	5	6	7	9	13	14	22	25	27	28	32	34	36	40	43	47	49	63
18 18
5	6	10	11	12	16	17	19	20	23	25	31	34	35	36	41	42	49
19 18
2	4	5	8	10	14	15	19	20	22	23	26	28	30	33	45	47	65
16 15
0	1	3	7	8	11	15	16	18	20	24	25	36	43	60
20 18
6	7	9	10	11	13	14	17	20	22	30	31	38	39	40	43	59	63
20 18
0	1	6	9	11	12	17	19	23	26	33	34	36	39	40	42	52	63
19 19
1	4	8	9	12	14	16	18	19	24	28	29	30	36	37	38	40	43	46
20 18
0	1	4	6	9	10	13	15	23	29	31	34	36	37	39	43	63	65
21 19
0	2	3	4	7	8	11	13	17	18	19	25	27	30	32	34	45	60	65
20 19
0	5	6	7	8	10	14	16	17	19	20	22	25	29	32	34	37	39	52
21 18
1	9	12	16	21	25	26	28	31	36	40	41	46	47	50	59	60	61
19 19
0	2	3	4	5	6	7	11	12	14	17	19	20	21	27	34	39	48	49
20 19
0	1	3	4	5	10	11	13	15	17	23	25	26	28	31	35	39	45	65
19 18
3	6	10	12	13	15	19	21	22	25	27	28	38	39	41	42	50	59
17 17
0	2	4	5	9	10	11	16	17	18	20	23	24	26	27	28	45
19 18
0	2	3	4	7	8	12	13	14	20	27	28	30	31	32	37	40	52
17 16
1	3	9	10	14	18	19	22	24	26	30	31	38	41	46	64
18 18
3	4	6	10	12	13	15	20	22	23	24	26	28	29	30	38	44	45
20 18
0	1	2	5	7	10	11	19	20	22	31	32	33	37	40	51	52	54
19 18
0	2	5	6	12	14	16	17	18	20	24	27	29	31	41	44	49	63
19 18
0	1	2	3	6	7	9	14	16	19	24	26	28	32	36	37	43	52
18 18
0	1	3	4	7	8	13	17	24	25	27	30	32	34	35	39	41	49
17 17
1	3	5	6	7	9	10	12	17	19	24	25	27	34	43	45	46
19 18
7	8	9	10	13	15	16	17	20	29	30	31	32	34	37	38	49	60
19 18
0	1	3	4	8	9	10	13	15	24	25	26	27	28	30	39	49	64
17 17
5	12	13	14	16	20	21	23	24	28	29	30	32	34	36	40	49
17 16
3	6	11	12	15	18	19	20	25	28	31	33	38	39	49	52
18 17
5	10	11	12	17	18	20	22	24	26	28	29	32	34	49	50	61
19 18
0	1	6	8	9	16	20	23	25	26	28	32	33	37	38	40	45	52
18 17
3	5	7	9	11	14	15	18	27	31	33	34	39	40	41	49	60
19 17
1	4	6	7	9	11	15	18	24	27	28	30	31	35	40	63	64
16 16
0	1	3	4	6	7	8	10	11	18	24	26	29	34	36	47
21 20
0	2	3	4	6	8	12	17	18	19	22	24	26	30	33	34	36	39	47	61
22 18
3	5	6	14	15	16	17	19	20	24	29	30	40	46	52	60	61	63
19 18
2	3	4	10	16	17	20	22	24	26	28	32	34	35	38	39	41	63
19 17
0	3	4	7	8	9	10	13	15	16	19	20	22	36	41	64	65
19 18
0	4	11	13	15	17	21	24	26	27	30	37	41	44	48	49	51	53
19 18
0	2	3	8	10	11	13	15	19	23	24	25	27	28	36	39	45	63
19 18
0	1	5	11	14	15	18	20	21	24	25	27	30	31	33	38	41	52
19 18
0	1	2	8	9	10	14	15	22	25	27	28	30	31	39	41	47	52
17 16
0	2	3	10	12	13	18	20	23	25	28	35	37	38	49	63
19 18
4	5	6	7	10	12	13	20	21	26	29	32	34	36	37	39	43	52
19 17
0	1	3	6	7	8	10	13	14	18	22	24	26	27	38	52	60
18 16
0	2	6	7	8	17	24	41	43	44	45	47	49	51	52	53
21 18
3	5	8	10	11	12	20	23	26	32	33	34	35	39	45	52	59	60
18 18
0	1	2	5	10	11	12	16	17	22	24	31	32	34	35	41	45	46
19 18
1	3	6	9	10	13	14	15	21	22	24	30	36	38	39	41	45	60
19 17
0	3	6	7	8	9	10	11	18	25	29	30	33	35	44	52	60
19 18
0	2	3	7	12	16	20	21	25	27	28	29	31	32	34	36	42	59
19 18
0	4	7	8	11	12	13	16	17	18	22	24	26	31	36	40	41	53
20 19
1	2	6	9	10	11	14	15	16	17	29	32	35	38	40	41	45	46	59
18 18
0	3	4	8	11	13	16	20	21	22	25	27	30	37	38	41	45	49
19 19
1	3	5	6	9	12	16	19	23	25	26	29	32	33	34	37	38	39	49
19 17
0	1	3	9	11	13	16	19	20	22	26	34	35	37	50	52	60
20 18
0	1	5	8	17	18	19	20	22	24	25	27	28	31	35	41	52	60
18 18
0	2	6	11	12	13	14	19	20	22	23	24	25	27	29	31	35	44
20 19
12	14	19	20	22	23	24	25	26	27	28	31	32	34	36	38	40	44	52
20 19
2	3	5	12	15	19	20	21	24	27	28	29	34	37	38	41	44	45	61
19 18
0	2	10	11	13	17	18	19	22	25	27	30	37	38	39	41	49	64
18 17
3	4	5	8	10	13	15	18	20	22	23	24	28	29	36	50	59
17 16
0	1	2	9	10	24	28	29	30	31	34	41	43	49	50	53
18 18
0	1	2	4	10	11	12	13	16	21	22	23	26	31	34	39	41	49
21 19
2	4	5	11	13	16	17	21	23	24	26	27	32	39	40	41	49	52	63
17 16
0	2	3	4	6	7	10	13	15	17	18	20	24	37	45	53
21 19
3	4	7	9	11	16	18	19	22	25	26	29	30	38	40	43	44	54	59
19 18
4	9	12	15	18	20	25	26	27	29	30	31	38	39	41	42	45	52
18 18
0	5	6	7	9	11	13	14	17	18	19	22	26	27	30	33	34	49
20 18
0	2	6	7	9	10	11	13	23	24	25	26	30	33	42	50	60	65
18 17
1	3	7	8	9	12	15	16	19	22	23	24	25	28	34	36	64
19 18
2	3	5	12	16	20	21	22	23	25	27	28	29	30	31	32	33	59
18 17
0	4	6	8	12	16	18	19	20	21	23	24	33	34	36	46	52
21 18
0	5	9	10	13	14	15	17	18	21	29	36	39	40	42	60	61	65
19 18
0	2	5	6	7	8	12	13	16	17	18	22	24	26	30	31	34	52
18 17
0	1	2	4	10	15	16	19	22	24	25	31	34	39	41	44	52
19 18
0	7	11	12	13	15	16	18	22	23	25	26	27	30	31	41	48	59
17 17
0	1	2	3	6	11	12	13	14	20	23	24	27	31	34	35	36
18 17
5	6	11	12	14	16	17	20	23	25	27	28	29	31	37	45	52
17 17
3	5	6	8	10	11	14	17	19	20	25	26	30	36	40	44	49
20 18
0	1	3	6	7	9	11	16	22	23	28	29	31	33	35	38	52	64
20 18
1	3	5	7	12	16	18	19	23	25	26	27	30	34	37	44	52	60
18 17
0	3	5	7	11	12	16	20	25	27	28	30	35	37	39	44	52
17 17
0	2	4	5	10	11	20	24	28	31	33	37	38	42	43	44	45
19 18
2	3	4	6	10	11	12	17	18	19	20	22	23	24	26	36	43	61
21 18
2	4	5	7	9	10	11	17	18	21	22	24	28	31	37	52	60	65
19 18
0	5	11	14	16	18	19	20	21	24	27	29	36	39	41	43	44	52
18 17
1	2	4	8	9	10	19	26	28	29	30	38	40	43	45	46	59
18 17
0	4	13	15	17	20	23	25	27	28	29	30	31	43	45	46	59
18 16
0	1	8	10	11	15	18	24	30	35	37	38	41	44	52	53
15 15
2	4	5	6	11	12	16	20	24	26	28	29	30	40	43
18 17
3	5	6	8	11	12	13	16	19	25	29	33	34	36	39	49	52
19 18
2	6	7	10	11	16	20	21	22	23	28	29	35	38	39	40	41	59
17 17
0	1	3	5	6	7	10	13	19	22	24	25	26	27	34	35	45
18 17
0	1	4	6	7	11	15	17	21	24	25	27	28	31	36	44	54
17 17
2	3	4	5	6	7	9	11	13	18	19	24	25	26	27	34	39
21 19
1	4	5	6	7	11	13	14	18	19	24	30	32	34	38	42	47	52	60
20 18
0	2	3	7	8	10	14	15	16	18	21	22	23	26	31	34	52	60
22 20
1	3	5	9	12	13	14	17	18	19	21	25	28	31	33	39	42	51	52	60
20 19
1	2	3	4	5	13	16	19	22	23	24	28	30	32	35	36	37	39	52
20 18
2	6	9	12	13	17	18	19	23	24	25	27	31	34	39	40	54	61
18 17
2	3	5	7	13	15	16	17	19	22	24	27	28	31	35	51	63
20 18
1	4	6	7	17	21	22	23	25	26	29	34	39	43	44	45	64	65
19 17
0	3	4	6	10	14	19	22	23	28	32	34	36	39	45	52	63
19 19
3	4	5	6	9	17	20	24	25	27	29	33	35	40	42	44	45	47	49
18 17
2	3	4	5	6	7	16	17	20	23	24	32	33	36	42	45	60
20 19
1	2	10	12	13	15	16	17	19	22	25	27	29	34	38	40	41	46	65
19 19
1	4	5	7	8	9	16	17	18	19	21	22	24	28	29	37	42	44	45
18 17
0	2	8	10	11	12	13	20	23	25	30	34	36	40	44	49	60
19 18
0	1	5	6	7	10	14	15	22	23	25	26	27	36	47	48	51	52
18 16
0	1	2	5	6	11	15	16	17	20	27	28	36	47	60	65
21 18
0	4	5	6	9	10	15	18	20	28	35	37	39	40	41	52	53	64
19 17
0	7	9	11	12	14	15	22	28	32	34	36	40	48	50	52	65
20 19
0	1	2	5	10	13	15	19	22	23	24	28	30	32	34	37	39	45	61
16 16
0	5	6	11	12	13	14	20	21	24	27	29	34	41	43	45
20 16
0	2	11	12	17	23	27	31	32	33	40	46	52	53	60	63
21 19
0	3	4	7	9	10	14	15	18	19	28	29	33	35	38	44	46	52	63
21 19
0	1	4	6	7	9	15	24	26	27	30	31	32	33	37	39	45	52	60
18 17
2	5	10	11	13	14	15	19	21	22	24	29	41	44	46	50	60
20 19
2	3	4	7	11	15	19	20	23	28	30	33	37	38	40	45	46	49	52
20 19
2	4	7	8	9	10	14	15	18	25	27	29	37	38	39	41	43	47	59
19 18
0	2	4	7	9	12	15	19	20	27	29	30	31	34	36	41	46	59
19 17
0	6	9	12	16	17	18	20	29	32	34	41	42	44	49	53	63
18 17
0	3	4	6	7	8	13	16	18	24	25	35	43	44	45	49	52
19 18
2	5	7	10	13	15	16	17	25	29	30	33	34	36	41	45	49	53
20 19
0	1	3	4	6	7	9	11	14	15	16	17	18	23	24	28	36	38	54
17 17
5	8	10	11	15	19	20	23	26	27	28	32	35	39	40	42	49
19 18
0	4	6	8	9	13	16	17	18	20	21	22	29	40	43	46	50	59
19 19
2	4	5	9	13	17	18	19	20	23	24	27	29	32	34	36	37	40	41
20 18
1	11	14	15	16	17	22	23	24	26	27	28	35	38	40	45	53	63
19 18
0	1	3	5	11	12	14	15	16	18	20	25	28	33	35	36	47	65
17 17
0	6	7	11	12	13	14	15	16	17	20	24	25	27	29	36	41
21 19
0	5	6	10	12	13	14	16	18	19	20	23	31	34	36	40	49	52	63
20 19
5	6	8	16	18	19	21	22	23	24	27	29	31	33	40	43	45	49	53
18 17
0	4	5	7	9	11	13	16	17	20	22	23	28	33	40	42	59
19 18
0	3	6	7	13	14	16	17	18	19	21	22	31	32	33	38	41	65
18 18
1	4	5	11	13	15	16	18	19	20	21	24	26	27	32	41	43	45
20 19
1	2	8	9	13	15	22	26	27	28	29	30	33	34	39	45	47	49	61
16 16
0	2	4	11	16	17	18	20	21	22	23	24	27	28	29	41
18 16
0	1	3	8	10	13	15	16	17	23	34	37	38	39	59	60
19 18
0	2	3	4	6	8	10	11	17	20	28	30	34	35	41	42	50	52
20 19
1	4	6	7	9	10	11	19	23	24	26	27	32	33	36	39	44	46	64
21 19
0	6	7	12	19	20	21	22	24	26	29	30	32	34	39	40	43	52	60
19 18
0	2	4	6	8	11	12	13	16	19	20	22	25	31	34	38	44	52
16 16
0	3	4	5	9	10	13	15	17	24	25	36	41	46	48	49
20 19
0	2	5	9	10	12	13	17	18	19	22	24	25	27	28	31	38	39	61
20 18
0	2	4	6	11	13	14	16	20	23	25	26	27	30	33	35	52	60
17 17
0	1	6	11	13	15	16	17	19	25	32	34	37	39	45	49	50
18 18
0	1	5	8	9	10	14	15	17	19	22	24	26	27	28	29	31	39
18 17
0	2	5	6	7	10	12	13	14	15	16	17	30	32	34	49	52
18 17
0	2	5	6	9	10	12	13	15	16	20	21	33	34	36	37	52
20 18
1	2	5	8	9	11	17	19	21	22	29	30	31	33	40	46	52	60
18 16
0	2	3	7	9	10	13	14	15	17	20	24	25	39	53	54
20 18
0	2	3	6	8	10	12	17	19	20	27	30	31	34	35	37	53	59
18 18
0	5	9	10	11	12	13	14	16	22	23	25	28	31	34	39	42	49
19 18
1	2	3	4	5	7	9	13	15	16	22	23	24	27	28	31	44	63
20 19
0	1	6	7	9	12	15	20	21	22	28	29	30	31	33	41	49	51	63
20 19
0	1	2	6	7	12	16	17	18	19	20	22	25	28	33	36	43	44	52
19 19
1	2	3	5	8	10	13	17	19	21	24	25	30	32	33	34	41	43	46
19 18
1	2	5	10	12	15	20	21	22	23	24	25	26	27	29	31	43	54
18 18
0	2	5	7	9	10	11	12	20	23	24	27	28	29	34	36	40	50
18 18
0	1	4	7	11	15	21	24	26	27	28	33	38	43	44	45	47	49
19 19
2	3	13	17	18	19	20	21	24	27	28	31	35	36	38	40	41	42	44
20 17
0	1	11	15	16	18	20	24	25	27	29	30	35	40	53	54	63
18 18
2	3	5	12	15	16	18	19	22	23	24	28	29	30	35	37	39	45
17 16
0	3	7	8	9	13	15	18	19	26	30	33	34	41	49	52
16 16
1	4	7	11	12	16	22	23	24	25	27	28	29	31	38	40
18 17
5	12	16	18	20	21	22	23	24	25	26	27	28	29	33	48	52
18 18
0	5	9	13	14	16	19	22	24	25	26	27	28	29	32	37	46	49
18 17
4	5	10	15	17	20	21	25	29	36	37	40	41	44	45	48	52
18 17
0	1	4	6	14	15	16	20	21	22	24	28	29	32	40	43	60
19 17
0	4	6	8	10	11	15	16	19	20	21	29	34	38	39	52	54
18 18
0	5	6	8	11	12	13	14	16	20	22	24	25	27	31	32	34	37
17 17
2	5	11	14	16	19	20	21	22	24	25	28	30	31	39	40	41
16 16
0	1	5	7	11	12	16	22	23	24	28	32	37	40	41	42
20 16
0	2	10	19	22	23	24	27	28	29	32	45	52	53	63	65
22 20
0	2	4	6	14	15	18	22	23	25	27	32	35	36	37	39	44	45	59	61
17 17
0	2	9	11	12	15	16	19	20	28	29	30	33	34	37	39	49
18 17
0	3	4	6	8	10	11	12	20	22	23	30	31	35	37	43	52
21 21
0	1	3	4	5	7	13	14	23	24	25	27	28	29	32	33	34	35	37	39	48
18 18
2	4	5	6	10	19	20	22	23	24	29	30	36	37	38	40	44	45
18 18
1	4	5	7	9	10	15	16	18	22	24	25	27	29	32	41	44	46
20 19
0	2	5	12	13	14	15	16	23	27	33	35	36	37	41	42	46	49	61
21 19
3	5	6	11	12	14	16	19	21	23	27	31	32	34	36	39	49	52	65
20 19
1	2	4	5	7	8	13	15	22	23	24	28	29	38	39	41	49	51	65
19 18
4	5	10	14	15	17	20	21	22	24	29	33	37	40	41	43	49	61
20 18
1	11	14	15	16	18	20	24	25	27	28	31	35	36	40	47	61	63
20 17
1	4	7	9	10	11	15	16	17	18	23	25	29	44	59	60	64
20 18
0	11	13	14	18	20	21	22	23	27	31	32	36	37	39	44	52	60
18 18
0	1	3	6	7	9	11	12	13	14	15	20	24	27	30	31	43	48
18 17
0	2	3	6	7	8	11	12	16	18	22	24	26	36	41	45	64
19 18
0	2	5	6	14	16	18	21	23	24	27	29	36	37	41	43	45	53
19 17
2	3	5	7	8	10	12	13	18	20	25	29	30	38	41	52	54
17 17
2	3	4	5	10	12	13	14	15	19	20	22	23	28	30	45	49
19 17
5	8	9	12	19	20	24	28	32	34	36	38	41	44	46	52	61
17 17
0	2	4	11	12	13	14	16	20	23	24	25	27	28	30	31	33
18 18
0	1	2	3	7	8	11	13	17	23	24	26	27	30	31	36	38	41
17 17
2	3	4	5	8	12	13	16	18	19	20	22	23	24	28	41	45
20 19
5	7	10	11	13	14	16	18	23	24	26	32	35	38	39	41	43	44	60
18 17
0	2	3	5	6	9	11	12	16	20	24	26	27	30	34	36	64
17 16
0	1	6	7	11	15	19	20	21	22	24	29	34	35	40	52
19 18
2	3	4	5	16	17	19	25	26	38	39	41	42	43	44	45	50	52
21 18
1	4	5	10	13	21	23	25	27	30	35	37	41	43	50	52	53	60
21 18
1	2	4	6	9	16	18	19	22	25	27	29	36	43	45	52	53	61
20 18
0	3	4	7	12	13	14	19	20	22	26	28	34	35	39	47	52	53
18 16
1	4	9	11	17	20	24	27	31	32	37	39	44	45	60	61
18 17
1	2	3	5	9	13	14	16	17	18	19	21	24	25	39	43	54
21 19
3	4	5	9	10	11	12	13	14	16	17	20	25	27	33	44	45	60	65
17 17
0	2	3	5	8	11	12	13	18	20	23	25	27	29	30	41	49
20 17
0	3	4	6	14	17	19	20	27	30	31	37	41	44	52	61	63
17 16
0	1	9	15	16	17	19	20	21	24	25	29	34	39	46	60
17 17
0	2	3	4	8	10	11	19	21	28	29	33	34	39	41	45	49
21 19
0	1	2	4	6	7	9	10	11	14	17	27	28	30	37	38	43	59	60
20 19
0	6	7	10	12	13	16	17	24	25	27	31	32	34	36	39	44	49	61
19 18
1	4	9	12	16	22	23	24	25	28	29	34	38	39	41	45	46	59
17 16
0	2	3	6	9	11	13	14	19	20	23	24	27	31	36	60
16 16
0	4	6	8	11	13	14	16	17	20	22	24	25	30	34	35
18 17
0	2	4	7	8	9	11	16	18	19	21	24	33	36	40	47	60
17 16
0	1	4	6	7	8	9	16	21	22	24	41	44	45	46	61
20 19
0	1	3	7	8	11	18	19	23	24	25	26	29	30	33	36	41	49	52
20 17
0	2	4	6	7	9	10	17	18	20	23	36	42	43	52	63	65
18 17
0	1	4	8	9	11	18	20	23	24	29	31	36	40	41	50	52
21 18
0	3	4	10	12	19	20	23	24	25	28	30	31	33	35	52	53	54
20 20
0	1	5	7	10	11	12	18	21	22	23	26	28	30	33	38	44	45	49	50
19 17
2	6	7	8	10	16	17	19	22	27	38	39	43	45	49	52	53
18 18
0	2	4	9	12	18	21	23	24	25	27	29	31	32	41	43	45	46
19 17
3	6	7	12	13	14	15	16	17	19	28	30	31	34	49	53	61
20 18
0	1	3	6	7	10	12	13	14	16	24	32	34	35	36	40	52	54
18 16
3	5	7	13	14	15	16	20	22	23	28	31	32	33	52	60
18 16
2	3	4	10	11	20	22	24	28	29	35	38	39	51	53	64
20 18
1	2	5	7	9	10	12	14	23	30	32	33	34	36	37	38	52	60
15 15
0	2	3	4	11	16	17	19	20	24	26	28	35	38	45
18 17
0	3	4	7	10	11	12	18	24	25	34	35	36	37	40	45	54
17 17
0	1	3	7	8	12	16	18	24	31	33	34	36	37	38	41	45
20 19
1	2	3	5	14	16	17	20	25	26	27	28	31	32	34	35	36	49	60
19 17
0	2	3	7	8	9	14	16	20	24	28	29	36	37	40	60	61
18 18
1	2	4	5	6	9	10	13	24	27	29	30	32	36	37	39	40	43
19 19
2	6	8	11	19	20	21	26	33	34	36	37	38	40	43	47	48	49	51
18 18
1	5	8	13	14	16	17	18	19	20	22	24	26	28	37	38	40	47
19 17
0	2	7	8	10	13	15	17	18	24	28	34	43	45	49	52	53
19 18
1	2	5	9	10	19	22	23	27	28	29	31	43	44	45	46	49	63
19 18
0	3	4	5	10	12	15	18	19	21	22	25	28	37	38	46	48	52
17 16
1	4	9	10	11	12	18	19	20	30	36	38	40	41	44	52
18 17
3	10	13	14	18	20	21	22	23	24	26	27	28	29	31	38	64
19 18
1	3	4	5	7	11	16	17	18	19	20	24	25	28	34	41	45	53
19 18
1	3	5	6	10	11	12	14	18	19	21	22	24	27	36	39	43	52
17 17
0	1	4	5	8	11	12	13	17	20	24	27	28	30	34	40	43
19 17
2	3	5	6	9	11	12	24	29	31	32	34	36	39	50	52	64
19 17
0	3	7	10	12	16	17	18	21	25	34	36	42	47	49	60	65
19 18
3	4	5	7	9	12	13	25	27	32	35	36	39	42	44	46	49	60
20 18
4	6	11	14	16	17	19	20	21	22	25	26	27	31	49	51	52	64
20 18
2	5	6	9	11	17	19	20	23	24	28	29	36	37	40	50	52	61
20 19
0	9	10	12	13	14	15	16	21	25	27	28	29	33	40	42	45	49	53
21 18
2	4	10	17	20	24	25	27	28	29	30	31	36	44	46	54	60	61
20 18
0	4	5	7	8	12	19	22	24	29	31	32	35	40	41	49	52	64
17 17
0	1	3	6	8	9	10	11	12	13	14	20	22	24	31	36	41
19 18
0	2	9	10	13	17	18	19	29	31	36	37	39	40	41	44	48	59
21 19
0	1	5	8	12	15	19	21	23	24	28	31	33	34	45	46	49	52	65
21 18
5	6	7	10	11	15	22	23	25	31	32	34	35	40	41	52	53	63
17 16
0	1	3	6	7	10	18	19	22	24	30	34	36	37	43	52
16 16
0	3	11	12	13	16	18	19	20	24	25	26	28	35	36	45
20 19
0	1	3	7	9	10	11	12	13	15	16	22	25	26	28	31	34	44	52
17 17
0	1	3	7	8	11	12	15	19	22	24	25	27	28	35	47	49
19 19
0	1	5	7	8	10	11	12	23	24	27	28	31	32	33	35	43	45	49
19 18
3	6	7	11	12	13	14	19	20	27	30	31	32	36	38	40	41	65
19 17
3	8	10	18	22	24	26	28	29	31	34	35	36	38	39	52	64
21 19
0	1	3	6	8	11	12	15	17	19	20	24	28	30	34	40	43	60	65
18 18
0	1	4	8	9	14	17	20	25	27	30	31	32	36	41	43	47	49
20 19
1	4	6	7	9	10	14	17	19	24	26	27	29	30	38	43	46	47	61
19 18
0	4	7	8	14	16	18	21	22	23	28	30	32	37	38	41	44	52
17 16
3	4	6	12	13	16	17	18	22	24	28	29	34	46	49	64
20 19
0	2	3	4	9	10	12	13	16	20	22	25	28	29	31	32	34	44	52
20 19
2	5	7	9	13	16	18	19	22	23	24	26	30	34	35	40	45	47	54
16 15
0	2	5	7	15	17	20	24	25	27	29	34	39	46	60
22 19
0	1	4	7	11	12	13	19	23	25	26	27	30	32	41	49	52	59	60
20 19
2	5	7	8	9	11	15	16	18	19	22	26	31	33	34	40	41	42	65
17 17
2	3	5	7	9	10	11	15	18	19	23	24	30	32	41	42	48
17 16
0	2	3	6	8	10	11	17	20	21	24	26	29	42	45	53
20 17
0	3	6	9	11	13	15	16	18	20	27	28	29	38	52	60	64
19 17
1	4	5	10	14	15	18	20	21	22	24	28	29	33	45	60	65
18 17
0	1	4	6	10	11	13	17	21	23	27	28	30	35	46	49	54
21 19
0	2	7	12	13	14	15	18	28	29	31	34	36	39	40	44	46	53	65
19 18
0	1	3	12	13	15	16	17	18	20	22	23	24	25	27	43	47	60
18 18
4	5	6	7	10	11	12	13	15	24	26	29	32	33	34	39	48	50
17 17
1	5	9	10	11	12	13	20	23	25	29	30	35	40	41	43	49
21 19
0	1	3	4	7	8	14	16	19	21	22	27	29	31	37	40	45	52	60
18 18
0	4	6	8	12	14	18	19	20	22	24	27	29	30	34	49	50	51
17 17
0	2	4	8	9	13	16	18	22	24	29	32	34	35	36	41	46
19 17
0	3	6	9	10	11	13	19	20	24	34	37	44	45	46	52	60
17 17
0	5	6	7	10	11	12	13	14	19	20	24	27	29	30	31	43
18 18
0	1	6	8	15	16	24	26	29	30	31	32	34	35	36	38	46	51
20 20
2	4	5	6	9	11	12	15	26	27	29	31	38	39	40	42	43	45	49	51
19 18
0	1	3	7	9	11	12	13	18	19	23	26	27	28	30	31	36	52
18 18
0	10	11	13	15	18	20	21	26	28	31	36	37	38	39	44	45	49
18 18
0	2	5	10	11	14	15	16	17	19	20	21	25	26	27	39	41	49
18 18
0	1	4	6	7	8	11	14	16	17	22	29	30	33	34	35	49	51
18 18
0	2	3	4	7	14	15	19	20	23	24	26	27	28	29	34	39	46
19 18
0	1	3	7	8	11	15	19	24	26	28	29	31	34	35	43	45	65
18 18
0	2	4	12	13	14	15	16	17	20	21	24	28	29	30	39	40	42
19 17
2	7	11	12	16	20	23	25	26	27	29	31	33	34	41	52	64
19 18
2	3	5	6	10	11	13	14	17	19	21	23	24	28	32	45	49	53
18 18
0	3	10	12	15	20	21	22	23	27	30	31	32	35	40	41	42	49
17 17
0	3	5	7	9	10	12	13	20	23	24	26	28	34	37	39	45
19 18
0	1	5	7	14	15	18	21	22	24	28	32	34	38	40	41	43	52
18 17
1	3	6	8	11	16	17	20	22	23	24	27	28	37	38	40	60
17 17
1	5	6	7	11	12	13	14	15	19	24	27	30	32	34	37	43
18 17
0	1	3	4	6	7	8	11	16	22	24	26	30	33	43	47	65
18 17
3	4	6	8	10	15	18	20	24	25	34	36	38	43	45	49	60
20 19
0	1	2	6	8	9	10	16	18	20	22	28	29	31	34	35	45	49	60
17 16
0	3	7	10	11	12	15	16	17	19	23	27	28	29	49	64
19 18
0	1	7	9	15	16	20	23	27	29	30	31	33	43	45	49	51	60
19 19
5	6	8	9	10	15	19	20	24	26	27	28	29	31	32	39	40	44	49
16 16
2	3	9	10	11	13	15	16	20	22	29	30	34	38	41	49
18 17
0	2	6	7	9	10	11	15	20	24	27	29	30	43	45	46	54
19 17
0	2	3	6	12	13	15	16	22	24	25	32	35	39	49	60	64
20 19
0	5	6	9	11	12	13	16	17	18	19	20	21	23	27	28	32	45	65
17 16
1	2	4	5	10	11	12	15	16	19	26	34	39	40	41	52
17 17
0	1	2	5	8	10	11	16	17	18	23	24	27	41	45	46	47
17 17
0	1	3	6	7	8	10	12	13	14	16	21	24	31	34	42	45
19 18
1	2	4	8	10	17	19	22	23	24	26	28	29	34	38	40	45	53
17 17
0	2	4	9	11	12	13	16	17	20	21	23	27	28	31	45	49
19 17
0	1	3	8	11	12	15	17	18	20	22	23	24	27	30	60	61
20 18
0	4	8	14	15	18	20	22	23	25	28	33	39	40	45	49	60	61
20 19
0	1	4	8	9	11	12	16	17	20	22	28	30	31	33	35	39	41	65
20 18
1	2	4	7	8	16	17	23	24	25	26	27	31	32	36	37	60	61
16 16
1	5	6	7	10	11	12	17	24	26	29	32	34	35	43	45
17 16
0	2	3	4	6	7	12	16	20	24	26	27	36	42	45	60
17 17
0	2	6	9	12	16	18	20	23	24	27	28	29	33	36	42	49
17 17
2	3	9	13	15	19	20	21	24	27	32	34	37	38	39	41	42
19 18
0	1	2	5	7	9	12	13	14	19	22	24	30	34	38	41	45	61
20 19
0	3	4	5	6	9	10	12	13	16	17	21	23	26	30	39	43	49	61
20 18
2	3	8	11	12	14	18	20	23	27	28	29	35	41	43	49	61	63
18 17
1	2	13	15	19	20	21	22	23	24	28	30	34	35	36	38	52
17 17
0	3	4	6	7	11	12	13	20	22	24	27	28	31	35	37	40
19 18
0	4	7	9	11	12	13	15	18	27	28	31	33	36	39	40	48	59
19 19
1	3	7	13	14	15	17	19	20	21	27	28	34	37	38	39	40	44	49
18 17
2	4	5	6	15	16	19	20	22	24	27	29	37	41	43	47	52
20 19
0	1	6	14	15	19	20	21	24	25	27	29	31	36	40	44	46	48	59
17 17
3	4	5	6	10	12	15	18	26	27	29	36	39	40	44	45	49
17 17
0	4	8	10	11	13	15	19	20	21	24	29	31	33	36	40	41
17 16
0	2	8	10	11	13	15	16	20	21	23	26	28	38	39	65
21 20
1	4	5	6	7	9	12	13	15	16	19	21	24	25	26	27	36	37	43	52
18 18
5	6	8	10	11	12	13	15	20	29	32	34	35	36	39	40	41	49
18 18
3	5	9	12	13	16	17	18	21	22	24	26	28	29	31	33	34	39
17 16
2	5	8	10	14	15	16	19	20	22	25	29	33	41	45	65
18 17
0	2	5	9	11	13	16	17	22	27	29	30	32	40	46	49	60
20 17
0	1	4	5	6	12	16	19	22	25	29	36	40	43	53	59	60
18 17
0	1	4	6	7	10	11	17	19	21	24	34	37	41	43	45	60
19 18
0	1	4	5	6	11	16	19	20	21	22	26	34	41	44	46	51	52
18 18
0	7	12	14	15	16	23	25	28	32	33	39	42	44	46	47	49	51
19 19
0	2	5	8	11	12	14	15	16	17	20	23	24	29	30	35	41	44	46
19 18
0	1	3	4	6	7	10	18	19	22	23	24	28	33	37	47	49	63
19 18
0	2	11	15	16	17	18	21	25	26	28	30	36	38	44	45	46	65
20 18
0	6	8	10	13	15	16	17	20	25	26	29	30	31	40	49	60	61
21 18
0	12	18	21	22	26	27	29	30	31	32	33	34	41	46	52	54	63
19 18
0	2	4	6	11	14	19	20	21	22	25	27	30	31	33	41	45	65
19 17
1	5	7	8	9	17	22	23	24	26	27	28	32	34	37	60	61
18 17
1	5	7	9	12	16	18	19	21	27	28	30	36	40	42	43	52
19 18
1	2	3	4	5	15	16	19	22	24	32	37	39	43	44	45	48	60
17 17
0	1	3	5	6	8	10	11	13	16	19	20	24	26	30	34	35
19 17
2	4	6	7	10	15	17	18	21	22	24	28	32	38	47	60	65
16 16
0	4	7	8	9	10	11	13	17	18	22	24	28	37	40	43
21 20
0	2	6	8	9	10	14	18	19	20	22	25	27	29	31	34	37	48	49	52
18 17
0	2	6	10	11	14	16	20	25	27	34	36	37	38	40	43	52
19 18
1	5	6	7	9	11	12	13	19	20	21	22	24	25	31	34	47	52
18 17
2	3	4	8	10	11	14	17	19	20	26	28	30	32	36	38	59
19 18
1	3	4	5	7	9	10	17	19	23	24	28	32	37	45	47	50	52
19 18
2	6	9	10	11	13	15	21	24	25	27	30	32	38	39	41	42	63
19 17
4	9	10	12	14	15	20	22	26	28	31	33	37	38	43	52	63
17 17
0	2	4	7	12	13	16	17	18	22	24	25	27	28	29	30	31
17 16
1	3	5	6	7	12	13	15	19	24	30	32	34	37	48	52
16 15
3	11	12	13	15	17	20	24	25	28	29	36	38	49	52
17 16
0	1	3	4	7	9	17	20	22	23	24	28	29	37	42	61
21 19
0	2	3	6	16	17	19	22	24	26	32	34	36	39	42	47	48	54	63
19 18
0	2	3	6	7	8	14	15	16	19	21	23	28	33	41	45	49	65
21 19
0	5	7	10	11	15	19	22	25	28	33	35	39	40	43	45	50	52	61
19 17
6	8	14	15	16	19	20	25	27	32	33	34	37	39	40	52	64
16 15
0	3	5	10	11	12	15	18	20	30	35	39	41	50	52
18 16
0	6	10	19	20	21	22	24	30	32	36	37	41	50	52	63
19 18
0	3	10	12	13	17	22	24	25	28	31	32	33	35	37	38	39	63
18 18
0	6	7	8	11	12	13	14	15	20	21	24	27	28	31	36	38	40
17 17
2	3	5	6	10	19	20	21	22	24	26	27	33	36	40	41	45
18 17
5	6	11	12	16	19	20	22	25	27	32	34	35	37	40	41	52
18 17
0	3	5	8	11	12	14	15	16	17	20	30	33	37	41	45	52
19 18
1	3	5	7	8	10	11	15	19	23	25	28	30	33	34	35	40	52
19 18
0	2	7	8	12	13	15	16	18	22	23	24	27	28	38	48	51	52
18 18
0	2	3	4	5	9	11	13	14	20	24	26	28	30	39	41	49	51
24 20
5	6	13	14	15	17	18	24	25	29	32	34	35	39	41	43	54	59	60	61
20 18
1	3	4	9	11	12	15	19	20	22	24	25	31	33	38	50	52	60
18 17
2	3	4	6	9	16	18	20	23	24	26	29	31	32	37	41	64
18 17
0	6	8	10	11	13	15	17	18	19	21	22	23	24	26	44	53
19 17
0	1	5	6	7	11	13	15	19	21	22	25	34	49	50	52	54
19 17
0	3	5	13	15	16	18	19	20	21	25	27	29	36	51	52	54
19 18
0	2	4	6	7	9	11	15	16	17	20	21	23	29	34	39	44	59
18 17
3	5	7	8	12	13	14	16	17	19	22	24	28	32	35	40	63
19 18
0	5	6	10	11	16	17	19	20	22	28	30	33	35	44	45	49	52
19 16
0	1	5	14	17	18	20	23	24	29	30	34	49	52	60	64
17 17
4	5	8	10	13	15	18	20	23	26	28	29	31	35	39	40	49
18 18
1	2	5	6	7	8	11	12	14	16	22	24	26	29	30	34	38	43
21 19
0	1	3	8	9	11	19	26	28	29	30	31	32	37	39	44	48	52	61
22 18
0	7	10	13	17	19	20	21	22	23	25	27	29	39	53	59	60	61
17 16
0	1	5	11	15	21	24	25	26	27	30	34	39	40	46	54
17 17
0	1	2	3	9	14	15	19	20	21	22	24	27	30	31	41	42
17 17
0	1	4	7	9	11	13	15	20	22	23	27	28	30	34	35	49
19 17
0	1	7	14	15	20	21	22	23	24	27	29	38	41	49	63	64
19 17
1	2	6	8	11	16	19	23	25	31	33	34	36	39	40	59	64
18 18
3	5	6	8	9	10	12	14	19	20	23	24	25	31	32	34	45	49
20 19
0	7	13	14	15	19	20	22	23	24	25	27	28	29	31	32	36	45	63
20 19
0	5	9	10	11	15	17	18	19	21	27	28	29	30	35	36	45	46	52
19 18
4	5	6	7	8	10	15	17	18	19	20	24	30	32	34	41	46	52
18 18
0	2	3	6	11	13	17	19	20	21	22	24	27	29	34	35	37	40
17 16
0	6	7	12	13	15	16	19	20	24	32	39	40	42	51	52
18 18
2	5	9	10	11	12	16	22	24	29	31	32	34	39	40	41	45	49
19 18
0	3	5	6	12	14	15	16	20	26	27	32	33	36	37	40	44	52
19 18
0	1	2	4	11	13	15	16	19	20	22	24	25	30	35	37	44	54
18 18
1	5	8	10	13	17	18	19	24	28	30	31	32	34	37	38	39	47
18 16
0	3	4	6	10	11	20	21	22	24	37	43	46	47	52	59
16 16
0	1	6	11	13	16	19	21	22	24	25	30	37	39	42	44
19 18
1	2	8	10	20	21	24	31	32	33	34	37	38	39	42	47	50	60
18 18
1	4	6	9	10	15	18	24	25	26	27	29	31	34	36	38	42	46
17 17
1	6	7	11	16	19	20	24	25	26	27	30	38	41	42	43	47
20 18
0	3	10	11	15	16	17	20	22	24	25	33	36	40	42	44	54	60
21 18
0	8	11	12	13	14	15	16	19	21	22	28	30	33	39	52	63	65
19 18
0	5	7	12	14	15	16	18	19	22	27	28	31	32	37	39	40	52
19 18
3	4	6	7	8	9	10	12	13	16	18	22	23	24	29	45	51	64
20 19
0	1	2	3	8	13	14	16	18	20	21	23	26	27	36	37	38	41	52
19 18
3	5	8	11	12	13	15	17	19	20	22	24	27	28	31	34	38	63
18 17
0	1	6	9	11	15	16	19	20	25	26	32	33	37	41	45	65
18 16
2	5	7	8	9	11	14	22	24	27	28	31	39	49	52	60
19 18
1	2	3	5	8	9	10	15	17	23	24	27	30	31	32	43	46	60
20 18
0	1	2	6	7	10	17	19	22	25	30	31	34	37	41	45	52	63
17 17
0	4	7	10	13	15	17	20	22	23	24	25	27	28	29	35	37
19 18
0	2	3	9	13	14	15	17	18	22	23	24	25	27	34	35	41	53
17 17
2	5	9	12	15	17	19	20	26	27	28	29	39	40	42	43	49
19 17
2	5	10	11	12	16	21	24	25	26	28	29	34	39	44	59	63
19 18
0	3	6	7	8	14	15	19	23	27	29	30	31	40	43	46	49	63
19 18
0	7	11	13	14	15	18	19	21	32	33	34	39	41	44	45	47	65
19 17
2	4	8	14	15	20	24	25	28	29	30	40	42	43	44	61	63
18 17
0	1	2	12	16	18	19	23	25	29	31	36	39	40	44	49	60
20 19
1	5	7	8	9	11	15	18	19	21	22	23	24	27	34	35	44	47	60
19 18
3	5	6	10	12	21	22	23	25	28	29	31	32	39	40	42	49	52
19 18
0	2	6	7	11	16	20	21	25	27	29	30	33	34	37	41	47	52
20 19
2	5	6	8	16	18	19	20	23	24	27	30	31	34	37	40	48	50	52
19 16
0	3	7	8	9	11	15	16	18	19	31	33	35	52	60	63
19 19
4	5	6	8	13	16	20	22	23	24	26	28	29	32	35	39	40	41	46
21 19
0	1	2	10	12	14	15	17	18	25	29	30	34	35	38	39	46	52	60
19 18
1	2	4	5	6	11	13	17	19	20	22	26	27	30	34	45	47	65
21 19
2	9	10	13	15	16	20	22	27	28	29	30	31	34	36	41	49	60	64
17 17
0	1	3	6	7	9	11	15	16	23	24	26	35	38	42	43	45
19 17
1	2	5	7	9	10	11	12	25	26	30	32	34	39	43	60	65
19 18
2	3	5	6	8	9	10	13	15	19	20	22	24	25	28	29	43	59
20 19
0	1	2	3	4	7	9	11	14	16	20	26	28	33	35	37	40	45	52
19 18
2	7	9	11	15	18	19	21	23	24	27	29	33	38	39	41	44	61
20 18
0	1	2	6	7	8	9	10	11	12	19	23	26	30	40	43	52	60
18 18
2	3	4	5	6	7	9	10	11	14	18	24	29	31	32	35	36	41
17 16
0	1	6	7	11	17	20	24	27	29	30	33	34	40	43	53
19 17
2	3	5	9	16	18	24	26	27	28	29	32	37	39	45	54	64
20 18
3	5	6	12	18	19	20	26	30	31	33	34	37	39	40	47	52	64
19 18
3	4	5	6	7	9	12	16	19	20	23	26	28	32	33	39	46	52
20 18
0	1	3	4	8	11	13	17	19	23	26	27	29	34	39	47	59	60
18 18
0	4	5	11	13	14	15	20	23	24	25	27	30	31	32	40	41	42
19 19
2	3	4	5	6	9	10	19	20	23	26	30	31	33	34	40	42	45	49
19 18
5	7	10	14	17	18	19	22	26	27	28	30	31	32	35	37	39	52
21 19
3	4	6	7	8	13	16	17	18	22	23	25	29	30	33	34	37	52	61
17 17
1	5	7	11	12	14	16	19	23	24	25	28	30	33	34	41	42
21 20
2	6	8	9	10	11	16	18	19	21	23	27	31	32	33	34	38	39	42	59
23 20
0	4	10	12	13	18	19	20	21	22	24	31	32	37	38	42	43	52	54	65
20 19
0	3	7	11	12	14	16	17	18	22	23	26	27	30	32	41	44	50	52
18 16
2	5	13	16	17	18	19	21	24	27	34	37	39	40	52	54
18 18
4	5	9	10	11	12	13	15	22	23	25	26	29	34	36	39	41	49
18 16
2	5	9	10	11	13	18	22	24	28	34	36	39	40	59	60
18 17
0	3	5	11	16	20	24	25	26	28	32	35	37	44	45	49	54
19 18
1	2	4	13	15	16	18	20	23	24	28	29	36	37	40	45	51	64
21 18
6	10	11	12	14	15	16	17	20	25	31	33	36	38	50	52	60	65
19 17
0	1	3	7	8	9	10	13	22	24	30	32	36	37	44	52	54
22 19
1	2	6	10	11	12	17	18	22	23	27	28	36	39	46	51	52	60	64
19 18
0	1	4	9	11	12	13	16	27	28	30	33	34	35	39	44	49	65
20 20
0	2	5	9	13	14	16	17	18	24	26	29	31	35	36	38	39	41	42	44
21 20
1	3	4	5	6	7	8	9	11	13	18	21	23	26	27	32	37	43	49	63
23 19
1	3	10	11	12	14	20	22	24	27	32	36	37	44	47	54	59	63	64
18 17
1	4	5	7	9	10	13	15	18	29	30	31	37	40	41	44	52
20 16
0	3	6	10	11	15	18	23	24	25	30	45	52	53	54	61
17 16
0	6	7	8	11	16	18	19	21	22	33	34	41	46	48	52
16 16
0	2	6	12	13	16	20	22	24	25	27	29	34	41	45	51
20 19
0	1	2	5	6	9	12	13	14	15	21	22	23	27	30	31	43	46	52
17 17
0	1	4	8	10	14	16	17	21	22	24	29	31	32	39	40	41
18 17
0	4	7	8	11	12	14	16	24	25	32	33	34	36	45	50	54
17 17
0	1	6	7	11	13	17	18	19	21	23	24	27	28	31	35	36
17 17
3	5	6	7	12	13	14	16	17	18	19	22	24	28	41	43	48
18 18
2	9	10	11	12	13	14	15	18	21	26	27	28	29	32	38	39	49
20 19
4	5	7	10	12	14	18	19	20	25	28	29	30	33	40	43	47	49	52
20 19
0	1	3	6	7	9	14	15	16	19	20	25	34	35	36	37	39	50	59
21 20
0	1	2	3	4	5	6	7	10	14	22	23	28	30	31	32	34	35	42	59
20 18
0	4	6	8	9	10	11	17	20	22	30	33	41	44	45	46	52	60
17 16
1	2	5	7	10	12	15	19	21	22	30	34	37	41	43	52
19 18
0	4	5	9	16	17	19	20	24	28	29	30	37	39	44	45	51	52
20 18
2	5	6	7	11	12	13	20	22	23	24	26	27	31	33	34	52	60
16 16
5	9	12	13	16	17	18	20	21	22	24	27	28	29	34	40
21 17
1	5	7	14	15	17	19	22	24	28	32	42	49	52	53	54	65
19 19
2	5	6	7	8	11	15	18	19	23	24	26	27	28	31	35	36	40	42
18 17
3	4	7	11	12	13	16	20	24	25	27	29	30	33	41	43	61
19 19
0	2	3	6	7	9	14	16	18	19	21	24	28	30	31	35	38	40	42
18 17
0	1	3	4	6	8	10	11	12	14	20	23	29	30	44	45	65
17 17
1	3	8	11	15	23	24	26	27	28	29	31	35	36	38	40	46
17 17
0	2	3	4	7	10	11	12	17	20	25	28	36	38	39	41	49
18 18
0	3	5	8	10	11	12	13	17	20	22	24	27	28	32	34	35	37
19 18
0	2	3	4	5	9	11	13	14	16	22	27	33	34	36	46	49	60
20 18
0	2	5	8	11	12	16	19	20	25	27	31	36	38	43	45	54	65
19 17
5	7	9	12	13	17	19	20	23	24	29	30	32	34	37	60	61
19 16
3	5	6	10	11	12	13	18	20	29	31	32	39	52	53	64
19 19
3	4	7	8	9	12	13	20	23	24	29	30	31	32	33	38	41	46	51
21 20
1	3	5	7	9	14	15	16	18	19	21	22	26	33	34	37	41	45	47	59
19 19
1	2	3	4	5	10	12	13	15	19	24	25	28	30	31	34	39	41	42
18 17
0	1	3	4	6	7	9	10	12	15	16	21	22	33	35	41	52
21 19
0	1	4	7	8	13	15	23	24	25	29	31	33	34	36	37	39	54	61
20 18
0	1	2	4	5	7	14	15	16	23	25	29	37	44	45	48	54	59
18 16
0	6	11	13	15	19	20	21	24	27	31	35	37	45	53	59
17 17
0	4	10	11	15	19	20	21	22	24	27	28	33	37	47	49	51
17 16
0	1	7	9	11	12	16	22	24	28	30	33	35	40	41	64
20 18
0	4	6	8	11	16	18	23	25	26	29	32	34	40	44	46	52	63
19 16
0	1	2	6	7	10	11	17	21	23	30	34	35	52	60	64
19 17
0	4	5	9	11	15	18	25	27	32	33	36	39	41	44	52	61
18 18
1	2	3	5	7	8	9	11	12	13	16	17	19	24	26	28	39	40
19 18
2	5	8	10	11	18	19	20	23	24	26	27	28	32	33	34	35	64
21 20
2	3	4	7	8	14	16	19	25	26	28	29	32	37	38	39	43	44	50	59
19 16
1	2	5	7	9	13	15	27	29	30	34	40	43	54	59	60
18 18
0	8	9	10	12	14	15	17	20	23	27	28	29	32	39	40	42	49
19 18
1	2	3	7	8	9	15	17	24	25	27	29	30	34	38	46	47	60
19 18
2	5	9	13	16	17	18	19	20	24	26	28	29	34	40	44	46	64
16 15
0	3	6	8	11	12	13	14	16	18	34	36	42	49	53
18 18
1	5	7	11	14	15	16	23	24	26	27	28	29	32	33	36	45	47
18 17
2	3	6	8	10	11	16	18	19	20	26	38	40	43	45	47	52
20 19
4	5	9	12	16	17	18	19	23	26	28	30	32	37	39	41	44	45	52
18 17
1	5	11	15	16	20	21	24	26	28	30	32	33	35	40	43	60
16 16
0	2	3	4	7	9	11	16	20	24	25	26	28	30	34	35
20 19
0	2	4	5	6	8	12	17	22	24	26	33	34	36	39	43	45	50	61
18 17
1	6	11	12	14	19	20	21	22	25	27	28	31	33	38	48	52
20 19
1	3	4	6	7	8	9	13	16	17	18	24	26	29	36	37	40	43	64
20 16
1	5	7	14	15	23	25	26	27	30	34	40	52	53	54	63
18 18
0	3	5	6	7	9	12	13	15	20	22	23	24	27	28	34	38	45
20 18
0	3	4	7	9	18	23	24	27	30	31	32	33	34	37	44	54	59
17 16
0	1	3	6	7	8	10	11	13	14	20	24	30	31	35	53
20 18
3	5	6	8	9	10	11	12	14	31	32	34	36	37	39	40	52	63
17 16
0	2	3	6	9	10	11	13	14	16	20	22	24	41	49	53
19 18
2	5	7	11	13	14	19	20	21	23	27	31	33	39	40	41	49	52
19 18
0	1	2	6	7	9	12	15	17	21	22	28	29	30	34	41	44	65
19 17
3	5	8	9	11	12	16	18	19	23	26	32	36	41	47	52	53
20 18
0	4	6	7	10	11	17	27	30	34	37	39	43	44	48	49	52	53
17 16
0	3	7	8	11	13	14	15	16	18	19	23	27	28	49	63
20 17
1	3	5	7	8	10	11	13	15	16	21	22	30	35	54	60	65
18 17
5	6	8	10	12	18	22	25	26	29	31	36	39	40	43	45	52
18 17
5	10	12	16	20	22	24	25	28	29	30	31	32	34	41	44	52
17 17
0	2	4	8	16	18	20	21	22	23	24	28	29	38	41	44	49
21 18
0	3	4	5	6	13	18	19	21	22	24	28	35	41	45	53	60	61
17 17
2	3	5	12	13	16	17	19	20	27	28	32	34	36	38	46	49
19 18
0	1	4	9	13	15	20	21	22	26	27	28	29	30	32	33	34	52
20 20
0	1	3	4	5	9	13	15	20	21	22	23	24	27	28	30	34	35	39	45
20 18
0	9	10	11	14	15	18	21	23	24	25	27	31	37	39	43	54	64
17 17
0	1	2	10	14	15	16	17	19	20	21	22	24	28	29	35	40
20 18
1	3	6	7	9	14	16	18	19	22	28	30	31	38	40	50	59	60
21 19
1	3	4	9	10	13	14	19	20	25	26	30	32	33	37	38	48	59	60
18 17
0	2	4	5	7	11	12	16	17	20	22	24	27	28	32	33	52
20 19
1	5	8	9	10	15	16	24	29	30	32	36	38	39	40	41	42	46	52
19 19
3	8	9	10	17	18	19	20	22	24	26	34	36	37	38	39	41	43	49
17 17
0	1	3	6	8	12	17	22	24	26	30	31	32	36	39	47	51
18 16
1	3	5	10	11	15	23	25	28	33	35	38	39	40	59	60
17 16
0	1	3	7	12	14	24	25	28	30	36	39	40	42	44	61
17 17
0	1	3	11	12	13	15	21	22	24	27	28	35	40	42	46	49
17 17
1	5	7	8	12	13	17	18	19	22	25	27	28	29	30	34	49
19 19
1	2	3	4	5	6	7	9	24	25	26	27	29	30	31	42	44	45	47
18 18
0	1	2	6	10	14	16	18	20	23	24	25	27	36	37	42	43	47
20 18
1	4	9	16	18	20	21	24	25	26	28	29	43	46	47	50	63	64
18 17
0	1	2	3	6	7	8	19	23	24	26	31	35	42	44	45	52
16 16
0	1	4	16	18	19	20	22	24	25	26	27	28	37	42	47
17 16
0	1	11	14	15	17	20	25	27	28	29	30	35	44	49	53
18 17
3	4	8	11	12	13	20	22	24	27	28	34	35	38	43	51	63
19 17
2	3	4	6	9	11	17	19	20	24	28	31	35	38	45	52	61
17 17
0	1	6	9	11	12	16	17	20	23	24	28	29	31	37	39	44
17 16
0	2	3	4	6	14	18	21	24	27	31	34	41	42	45	53
20 18
1	3	5	8	9	10	11	12	13	16	18	20	22	29	31	35	52	60
18 18
0	2	3	4	11	15	20	21	23	24	25	27	28	29	30	34	37	39
21 19
2	3	4	5	6	8	9	15	18	22	23	29	30	44	45	46	47	59	61
19 18
0	7	9	11	12	13	16	19	20	21	24	29	33	34	39	41	43	64
20 19
0	2	6	7	8	9	16	18	23	24	25	27	29	30	31	37	40	45	60
18 17
1	3	4	5	10	11	12	18	20	25	28	30	34	39	47	49	60
20 18
0	3	4	5	6	7	9	14	15	16	19	20	21	23	36	44	52	54
20 19
0	2	4	6	8	18	20	22	23	24	25	26	27	29	31	43	45	50	63
18 17
0	4	6	7	9	15	17	24	27	30	31	34	35	37	41	50	52
21 19
8	9	10	11	13	16	17	19	27	30	33	35	39	40	43	44	49	54	64
19 18
5	12	13	14	16	19	21	23	28	30	32	34	38	40	42	47	49	53
19 18
0	1	3	4	6	7	11	16	19	20	21	22	24	25	26	35	40	53
19 17
3	5	7	8	11	12	16	20	21	23	25	27	34	36	47	52	60
21 20
0	3	4	5	10	12	16	17	18	23	25	29	31	37	41	42	44	45	49	53
19 17
1	2	4	6	9	10	11	16	17	23	24	29	30	34	41	53	61
19 18
1	2	10	11	15	17	20	21	23	27	29	31	32	36	38	44	49	54
19 17
0	2	11	16	20	21	24	25	27	28	31	37	43	45	49	54	63
20 19
0	3	4	6	10	11	15	18	21	23	24	27	29	33	36	37	47	49	53
20 19
1	2	5	6	7	8	10	11	17	18	19	24	25	29	30	31	35	44	52
19 18
3	4	5	6	8	12	15	17	19	20	24	26	28	34	36	43	49	61
22 19
0	1	2	4	5	6	13	17	18	20	24	27	30	31	46	47	52	60	64
19 17
0	1	7	8	9	10	11	13	14	15	17	24	25	32	43	54	63
18 17
0	2	7	8	15	16	19	21	24	28	29	31	34	36	37	43	63
21 19
0	1	4	5	6	7	10	12	18	19	22	23	29	30	36	42	43	64	65
17 15
5	10	11	15	16	20	25	30	32	33	34	40	41	52	60
18 18
0	2	3	8	10	12	15	18	21	23	25	28	31	35	37	39	42	49
21 20
1	6	9	13	16	17	18	19	22	26	28	29	38	39	42	44	45	46	49	59
20 17
0	1	2	7	8	10	12	18	20	21	30	41	43	46	52	63	65
19 19
1	5	9	10	12	16	24	25	26	27	28	29	31	32	34	38	39	44	46
18 18
2	6	11	12	17	20	24	25	27	29	33	34	38	40	43	44	45	46
20 19
1	2	6	7	9	12	14	15	16	17	27	29	32	38	40	42	45	51	59
19 18
2	3	6	7	11	16	18	20	23	24	28	33	37	38	40	41	45	60
19 19
2	3	4	8	11	12	14	16	17	20	21	22	24	27	28	29	32	38	47
17 17
2	5	6	10	16	20	22	24	28	29	32	37	38	39	40	42	47
20 19
0	5	8	13	16	17	18	20	21	25	28	29	30	34	36	37	44	47	52
21 18
2	5	9	13	16	17	18	28	31	32	33	39	41	43	49	52	60	63
19 17
0	1	3	6	9	12	16	20	30	33	34	42	44	45	48	52	60
21 20
1	3	4	7	8	12	13	14	17	21	24	25	26	27	28	32	34	37	38	63
20 18
1	2	5	10	14	16	20	26	27	28	29	30	32	37	38	45	52	54
19 16
1	2	7	8	13	19	22	24	27	28	30	42	48	52	53	61
20 19
5	6	8	9	12	17	18	22	23	25	29	33	34	35	39	42	43	45	52
17 16
1	2	5	6	7	9	11	12	15	19	22	30	33	34	40	52
18 16
1	2	5	8	10	14	15	19	22	23	28	29	30	40	52	53
21 19
2	5	6	8	10	12	14	18	19	20	22	23	28	30	36	44	49	52	64
20 19
2	4	5	6	7	8	9	11	12	16	19	20	27	32	39	40	44	45	65
19 18
0	3	6	9	10	12	17	19	20	25	32	35	37	38	39	40	44	52
17 17
0	1	3	5	6	7	10	12	13	17	21	24	25	27	34	45	49
17 16
2	3	5	8	9	10	18	20	22	24	26	29	40	43	44	54
18 17
2	4	5	10	11	14	20	22	26	27	28	29	30	31	43	45	52
18 17
1	2	3	4	5	7	10	11	14	17	21	22	26	28	29	30	52
18 17
0	2	3	9	12	13	20	23	27	28	30	31	32	33	36	37	59
16 15
1	4	5	7	11	12	15	20	22	24	28	29	34	38	52
18 18
1	3	4	5	6	9	10	13	18	22	24	25	26	29	39	41	42	45
18 18
0	2	3	6	12	14	15	16	17	19	20	21	29	33	34	36	38	49
17 17
2	3	5	6	7	9	10	12	14	18	19	22	24	25	26	43	45
20 19
1	2	3	8	10	11	13	18	21	22	24	26	27	31	38	40	46	50	60
20 19
0	2	3	4	6	7	9	10	13	14	16	24	27	29	32	36	43	49	54
20 18
0	4	10	11	12	14	17	20	23	25	27	30	32	36	43	45	52	60
18 17
0	1	2	5	10	14	20	23	24	27	30	32	33	37	45	47	60
18 16
2	3	5	7	9	10	11	14	16	18	37	40	41	45	52	60
18 17
0	2	3	4	5	7	9	10	15	16	25	26	28	42	45	49	63
20 19
4	5	6	8	12	13	14	15	16	20	23	25	29	33	35	36	37	44	52
19 17
5	7	9	11	12	16	23	25	28	30	33	34	35	40	45	52	63
19 17
1	2	5	6	8	9	10	14	26	28	29	30	40	42	43	52	53
17 17
3	5	13	15	16	18	19	20	23	24	25	26	27	28	36	40	42
18 17
5	6	11	12	17	18	19	20	21	22	24	26	27	34	35	39	52
19 18
1	2	3	4	5	7	8	9	10	13	15	16	22	28	29	30	37	65
21 20
6	8	9	12	17	18	20	26	27	28	29	30	32	33	35	40	42	43	49	64
19 17
3	5	6	9	10	11	15	24	25	26	27	30	39	41	45	54	63
19 19
0	3	4	5	6	8	10	14	22	23	26	33	34	36	39	40	42	45	49
18 17
0	2	8	10	11	15	18	19	20	24	25	28	33	44	45	46	60
19 19
0	4	5	6	10	12	14	15	19	20	21	27	29	31	36	39	42	43	49
21 20
0	2	4	12	16	18	23	25	28	29	31	33	35	37	39	40	41	43	48	52
17 17
0	2	3	6	10	11	16	20	24	25	28	29	38	41	43	44	45
20 18
0	2	3	10	12	15	17	19	20	21	23	28	31	33	39	46	59	60
17 17
1	5	8	12	13	17	18	25	27	28	29	30	34	44	46	49	50
