1000 
36	29
1	2	3	4	6	7	8	9	10	11	12	14	15	16	17	22	25	32	35	36	37	48	52	58	75	77	81	97	125	
35	28
0	1	2	3	4	7	8	9	10	11	12	14	15	18	24	35	39	40	42	48	51	58	80	81	87	88	89	97	
33	29
0	1	2	3	4	5	6	7	8	9	10	11	12	14	16	25	32	34	35	36	37	39	40	49	51	52	65	93	112	
36	30
0	1	2	3	5	6	8	9	11	12	15	17	20	22	24	25	27	34	36	37	41	43	44	50	51	61	67	80	81	149	
35	28
0	1	2	3	5	6	7	8	9	10	12	15	16	17	24	25	28	32	35	39	42	48	58	75	77	88	93	125	
36	27
0	2	4	5	6	7	8	10	11	12	15	17	24	29	34	36	37	40	50	51	61	66	75	93	94	107	112	
35	28
0	2	3	4	5	6	7	9	11	12	14	15	24	28	29	31	32	35	37	39	45	48	50	78	80	81	112	149	
36	29
0	1	2	3	4	5	7	8	9	11	12	14	15	16	18	22	31	35	39	42	48	50	56	58	65	78	87	93	97	
35	26
0	1	2	7	8	11	12	14	16	18	22	24	25	32	34	42	50	51	56	61	65	80	81	88	97	122	
41	30
0	1	2	3	4	6	7	8	9	15	19	22	32	34	35	37	39	40	42	48	56	58	61	73	75	77	81	93	97	107	
38	29
0	1	2	4	5	7	8	10	11	12	14	15	16	17	18	19	22	43	45	50	51	56	61	63	64	73	75	81	122	
36	28
0	1	2	3	4	5	6	7	8	10	11	12	15	17	18	24	29	35	37	48	51	62	73	81	87	88	97	125	
39	29
0	1	3	5	6	7	9	10	15	22	25	27	31	32	35	36	39	40	44	48	56	58	65	73	75	80	81	97	125	
39	30
0	1	2	3	4	5	8	10	12	14	15	18	25	28	30	32	34	35	36	37	48	51	58	64	65	66	81	88	93	122	
37	29
0	1	3	5	7	8	10	11	12	14	16	17	21	22	28	31	32	34	35	44	48	49	63	65	73	88	93	97	107	
39	30
0	1	6	8	10	11	12	14	16	17	27	28	29	31	32	37	40	42	44	49	51	52	61	62	65	75	78	81	97	125	
36	30
0	1	2	3	4	5	7	12	14	15	18	19	21	24	27	32	35	36	37	41	44	45	50	51	52	58	61	81	88	125	
40	31
0	2	3	5	7	9	12	16	17	20	22	28	31	32	34	39	42	44	48	49	50	51	56	58	59	61	66	75	81	87	97	
40	30
0	2	4	5	6	9	10	14	17	25	27	29	30	32	34	35	36	40	42	48	52	54	58	61	65	73	77	97	112	125	
40	28
2	4	5	7	9	10	11	14	27	30	34	36	39	40	44	49	50	51	58	59	63	65	75	88	93	97	107	125	
39	31
0	1	2	3	4	5	7	9	10	12	14	16	22	24	25	27	28	29	32	35	42	44	48	49	61	69	80	81	88	93	125	
41	30
0	1	2	4	6	7	8	9	10	11	12	14	18	24	31	34	35	48	51	62	64	65	73	75	80	81	87	88	93	97	
40	29
1	2	3	4	5	6	7	12	16	24	29	31	34	35	42	45	48	50	51	56	58	61	65	69	75	81	87	89	122	
37	29
0	1	3	4	5	6	7	8	9	15	16	26	28	32	35	39	42	44	48	50	52	58	63	65	73	75	78	80	97	
40	29
0	1	2	3	6	7	9	10	14	15	16	30	32	34	35	39	41	44	51	54	56	58	61	66	73	88	97	107	125	
36	28
1	4	5	7	10	11	12	14	15	16	22	25	27	31	32	37	39	44	50	51	61	63	64	73	81	87	88	93	
45	30
1	2	5	11	14	15	16	18	25	28	32	35	36	39	42	44	48	51	56	62	63	69	75	80	81	88	93	107	122	125	
38	30
1	2	4	5	6	7	8	9	11	14	17	22	24	25	28	31	32	34	35	37	48	52	54	61	78	80	88	93	97	122	
41	30
0	2	3	4	5	10	11	15	16	21	22	24	25	28	31	39	40	48	50	51	66	67	73	75	78	81	87	88	93	112	
38	29
0	1	2	3	4	7	8	10	12	14	15	19	20	25	27	32	34	35	44	48	51	56	61	65	80	81	88	97	112	
41	31
0	1	2	3	4	6	7	8	9	10	12	14	15	16	25	30	31	32	34	35	40	44	48	59	64	75	88	93	96	112	125	
36	29
0	1	2	3	5	6	8	10	12	14	15	16	17	18	24	25	28	32	34	39	42	44	51	68	73	81	88	93	112	
35	28
0	1	2	3	4	5	7	8	12	14	15	16	22	25	28	32	34	35	37	39	50	51	58	61	73	88	93	122	
37	30
0	1	3	4	5	6	7	9	11	12	14	15	16	19	25	27	29	30	31	35	44	48	50	56	65	78	81	88	93	97	
40	30
2	4	5	6	7	8	9	10	14	15	18	24	27	35	36	37	39	40	44	49	51	61	63	64	73	75	87	93	97	112	
35	29
0	1	2	5	7	8	11	12	14	15	16	17	20	22	25	27	31	32	34	42	48	49	50	61	66	75	80	81	93	
34	29
0	1	3	4	7	8	9	10	12	14	15	16	19	25	27	30	32	36	37	39	44	48	49	51	56	64	73	80	88	
36	27
0	1	2	3	4	6	7	8	11	12	14	18	25	32	34	39	45	48	50	56	59	61	75	80	81	97	122	
35	29
0	1	3	5	6	8	11	12	14	18	22	24	25	27	31	32	34	35	36	37	39	40	44	61	62	66	73	88	97	
33	28
0	1	4	5	6	7	10	11	12	14	15	16	22	25	27	28	31	32	34	35	44	48	50	61	73	81	88	93	
36	29
0	1	4	9	12	15	17	18	20	24	26	29	32	34	36	37	44	45	48	49	51	52	54	64	73	80	81	97	125	
37	30
0	1	2	3	4	5	8	10	12	14	15	16	17	21	22	25	28	31	32	35	37	39	48	51	61	62	73	81	93	125	
38	29
1	2	3	5	7	8	9	11	12	15	17	24	27	28	34	36	42	48	49	51	65	66	68	78	81	84	87	88	97	
36	30
1	2	3	4	5	7	8	9	10	11	12	14	15	21	22	25	32	34	39	42	44	48	49	52	58	62	75	78	80	81	
39	30
1	2	3	4	6	8	9	10	11	14	19	24	25	32	34	35	37	39	41	44	48	59	61	62	65	73	77	81	87	89	
39	29
0	2	4	5	7	9	10	12	14	15	17	27	28	30	31	34	35	39	44	50	58	62	65	78	81	88	93	97	125	
38	29
0	1	2	3	5	10	11	12	15	16	22	25	31	32	36	39	44	48	49	51	56	58	61	66	67	73	78	80	87	
36	28
1	4	5	7	8	9	10	12	14	16	22	24	25	31	36	39	42	44	48	51	52	58	61	66	75	78	93	112	
41	30
1	2	3	4	9	10	12	14	15	16	17	18	27	35	36	39	42	50	51	52	58	63	65	75	78	81	87	93	97	125	
38	29
1	2	3	4	5	6	7	9	10	12	14	15	16	24	25	39	40	44	48	49	51	52	75	80	81	87	93	112	149	
35	31
0	1	2	3	4	5	7	8	9	10	11	14	15	17	22	28	34	35	36	39	42	44	48	49	50	51	52	64	80	81	97	
41	31
0	1	4	5	8	9	10	11	14	15	17	22	25	27	31	32	34	35	36	37	50	51	54	61	73	80	84	93	97	112	125	
43	32
1	2	4	5	10	11	12	17	22	25	27	32	34	35	36	37	39	43	48	49	50	51	61	62	64	65	81	87	89	93	97	112	
34	28
0	1	2	3	4	5	8	9	10	11	12	14	22	25	27	28	32	35	37	39	45	48	58	61	78	80	88	93	
36	28
0	1	2	3	4	6	8	10	11	12	18	19	22	25	27	32	35	37	39	48	58	59	64	67	75	81	88	89	
37	28
0	1	2	4	5	6	8	9	10	11	12	15	24	25	27	32	39	44	48	50	58	64	68	73	80	81	93	112	
39	30
0	1	2	3	4	6	7	8	9	11	14	15	17	18	30	31	32	34	45	48	50	54	56	62	63	64	73	81	93	112	
42	29
0	4	5	9	10	11	15	16	17	20	27	28	30	31	32	37	39	50	51	65	66	73	80	81	87	97	107	112	125	
40	30
1	2	5	6	7	8	10	11	12	14	15	17	21	25	27	30	40	42	48	49	50	61	65	66	77	80	81	84	97	112	
35	29
0	1	2	3	5	7	8	9	14	15	16	17	24	27	30	31	32	34	35	39	42	48	50	58	62	73	81	88	93	
45	32
0	3	5	6	9	10	12	14	16	17	20	22	25	27	29	31	32	35	36	44	48	51	56	61	62	73	78	81	93	112	122	125	
40	30
0	2	3	5	8	9	10	12	16	17	18	19	28	32	35	37	39	40	42	45	49	51	56	61	62	75	80	88	107	112	
35	28
0	1	2	3	4	5	7	8	11	12	14	24	28	31	34	35	36	42	44	48	51	58	59	65	66	81	88	97	
42	30
0	2	5	8	9	10	11	12	16	19	25	30	34	35	39	40	42	44	48	51	56	65	73	81	87	88	93	97	112	125	
40	29
0	1	2	3	5	7	8	9	10	11	12	15	16	25	32	35	37	39	42	48	54	56	58	59	81	93	107	122	125	
41	31
0	1	2	4	5	6	8	10	12	14	15	24	25	29	32	34	36	39	44	48	50	51	61	65	75	80	88	93	96	97	107	
43	31
0	5	8	9	10	11	12	16	20	22	25	27	28	36	37	39	48	50	51	52	56	58	59	61	65	69	73	84	87	93	125	
35	29
1	2	3	4	5	9	10	11	12	15	18	25	28	31	32	34	35	37	39	44	48	49	50	56	59	61	69	81	93	
37	28
0	4	5	8	11	12	14	15	16	19	22	25	26	27	32	34	44	48	49	50	61	65	73	77	78	80	94	133	
41	31
0	2	4	7	8	9	14	15	25	27	28	30	32	35	36	39	42	44	49	50	51	52	58	59	61	63	75	87	93	97	133	
43	32
0	1	3	4	6	7	10	11	12	15	16	22	25	28	30	31	35	39	44	48	51	52	56	61	62	63	65	77	78	87	93	133	
33	27
0	1	2	3	4	5	7	8	10	11	12	14	15	16	17	18	22	28	31	35	42	48	87	88	93	97	125	
37	30
1	2	3	4	5	7	8	10	12	14	15	17	18	25	30	32	35	39	40	45	49	51	54	58	61	62	66	81	88	93	
35	27
0	1	2	4	5	7	8	10	12	14	15	17	26	32	34	42	45	48	51	52	58	61	66	81	93	97	125	
40	28
0	2	3	4	6	7	8	9	10	11	12	14	18	34	36	40	50	51	61	65	67	78	87	88	93	97	122	125	
37	28
0	1	3	5	8	10	11	12	15	18	19	22	28	32	36	37	39	40	45	49	51	54	61	65	73	112	122	125	
37	30
0	1	3	4	5	6	8	9	11	12	15	17	18	25	31	32	34	35	36	37	39	44	48	52	61	73	88	93	97	107	
36	27
0	1	2	3	4	5	7	8	9	10	12	14	32	34	39	42	44	48	51	56	62	73	81	87	93	97	112	
41	30
0	2	5	7	8	11	14	15	18	21	24	25	27	28	31	34	37	40	50	51	54	58	61	65	81	87	93	97	107	122	
39	28
0	2	5	7	9	12	17	18	19	24	28	32	36	37	40	44	50	51	56	61	62	65	69	75	80	94	97	112	
43	32
1	2	3	4	5	6	7	8	9	10	17	24	27	32	34	35	37	42	48	49	50	54	64	65	69	75	78	80	81	88	93	133	
32	27
0	1	2	3	4	5	6	8	9	10	11	12	15	17	24	25	30	31	32	37	48	50	58	73	80	81	93	
36	30
0	1	2	3	4	6	8	9	10	11	12	14	21	25	26	27	29	30	32	37	39	44	50	51	63	64	65	81	88	97	
40	27
1	2	4	7	8	12	14	15	17	18	24	25	31	35	39	40	51	61	63	66	73	80	93	97	112	122	133	
35	30
0	1	2	3	5	6	7	8	12	14	16	18	22	24	27	28	31	32	35	36	37	39	40	50	51	61	63	73	78	93	
41	30
0	3	4	5	6	7	8	9	10	14	16	20	25	27	30	31	37	39	44	51	56	61	62	66	69	73	88	93	97	107	
40	27
0	4	5	7	8	9	10	12	14	15	22	25	39	40	44	49	50	51	61	73	77	81	93	122	125	133	149	
41	30
0	1	2	4	6	7	8	10	12	15	17	22	25	31	32	37	39	42	44	51	54	61	75	77	81	88	93	97	112	125	
35	27
0	1	2	4	5	6	7	9	10	12	14	15	25	27	32	39	44	45	51	52	62	63	66	78	88	93	149	
45	32
0	1	4	6	8	16	19	24	26	28	30	31	32	35	36	40	48	49	51	54	56	61	63	65	75	77	78	80	88	93	97	107	
32	29
0	1	2	3	4	5	7	8	9	10	12	14	15	17	18	24	26	28	31	34	35	36	39	42	48	51	88	93	97	
41	30
0	1	2	3	4	7	8	9	10	11	15	16	20	24	25	27	28	42	48	50	54	59	61	62	80	81	87	97	107	122	
35	29
0	1	2	3	4	5	7	9	14	15	20	22	24	25	30	35	39	40	42	44	48	50	52	61	65	69	73	78	93	
37	28
0	1	2	3	4	7	8	9	11	12	14	18	21	27	32	35	42	44	45	48	56	61	62	75	78	88	97	112	
36	30
1	2	3	4	5	6	7	8	9	10	12	14	15	22	25	31	34	35	36	45	48	49	51	52	59	65	69	80	88	93	
32	28
0	1	2	4	5	7	8	10	11	12	14	25	28	29	31	32	34	39	40	42	44	51	52	54	56	61	81	93	
37	29
0	3	6	8	9	10	12	16	18	25	27	32	35	37	39	42	44	45	49	51	52	58	64	65	69	80	81	87	97	
37	28
0	1	3	4	8	9	10	11	12	14	16	18	25	27	31	32	35	40	51	56	58	61	66	73	78	80	88	97	
33	29
1	4	5	8	10	12	14	15	16	18	19	20	25	31	32	34	36	37	39	40	42	44	51	52	54	61	80	88	93	
44	31
1	2	4	6	7	8	9	10	12	14	15	24	32	34	37	39	44	48	49	51	62	63	64	77	80	81	87	93	97	112	125	
37	29
0	1	2	3	4	5	6	10	11	12	14	16	19	21	29	32	34	35	36	39	42	52	61	62	63	73	81	93	122	
40	29
0	1	2	4	5	7	9	10	12	14	15	16	18	24	27	32	42	44	50	51	58	66	77	80	81	87	93	107	125	
36	28
0	1	4	5	7	8	12	14	17	22	24	25	31	32	35	39	40	48	50	52	58	61	63	66	78	88	93	97	
39	29
0	2	5	6	9	10	12	14	16	18	24	25	31	32	37	38	42	44	45	50	56	58	61	62	73	80	88	97	122	
42	31
3	4	5	6	9	10	14	15	16	18	22	25	28	30	32	36	40	44	48	50	51	52	56	61	67	73	81	93	97	112	133	
40	30
0	3	4	6	7	8	10	12	14	15	16	17	28	32	34	39	44	48	50	52	58	61	63	64	68	78	81	88	93	97	
34	29
0	1	2	3	4	7	8	10	12	15	17	22	24	26	28	31	32	34	36	39	42	48	51	52	64	73	75	88	97	
41	28
0	1	2	3	4	5	8	9	11	12	14	15	16	17	31	34	49	50	62	64	68	73	78	80	81	112	122	125	
34	27
0	1	2	3	4	5	6	8	9	10	11	12	14	15	16	19	22	25	32	36	49	51	73	81	88	112	125	
39	28
0	1	4	5	7	8	9	10	12	14	15	16	18	25	30	37	44	50	51	52	58	65	81	87	93	107	122	125	
38	29
0	1	2	3	5	7	8	9	11	12	14	17	18	25	31	34	36	42	49	50	51	56	58	62	68	81	88	97	122	
36	30
1	2	4	5	7	8	9	10	11	14	15	17	18	25	26	30	35	36	37	39	40	48	49	50	69	80	87	88	93	97	
35	28
0	1	3	4	5	7	9	11	12	15	17	19	24	25	31	32	34	42	45	48	50	51	58	62	73	78	81	107	
38	30
0	1	2	3	4	5	7	8	9	10	12	14	15	18	24	32	34	35	36	42	44	51	54	62	65	66	73	88	93	107	
41	31
2	4	5	6	7	8	9	10	11	12	14	15	18	25	32	34	39	42	44	49	50	54	58	62	63	73	78	80	87	97	125	
37	29
0	1	2	3	6	9	10	12	14	15	17	24	27	29	30	34	35	36	37	45	48	59	61	62	67	78	81	88	93	
36	29
0	1	2	4	5	7	8	11	12	14	18	19	24	25	28	32	34	36	39	41	48	50	58	66	78	80	81	88	93	
41	31
0	1	2	3	4	5	7	8	9	11	12	14	22	24	34	42	44	48	50	51	52	56	58	66	73	75	78	81	87	88	93	
36	29
0	1	2	3	4	5	6	7	8	9	10	12	14	15	20	22	26	28	32	34	48	50	51	56	65	81	88	93	125	
47	32
0	1	3	4	8	9	10	11	12	19	24	25	32	35	37	38	44	48	49	50	61	64	65	73	81	84	87	93	97	107	112	125	
42	31
0	1	2	4	7	11	12	22	25	26	27	29	30	31	32	34	35	37	42	44	48	51	58	63	78	80	81	88	96	122	125	
33	27
0	1	2	3	4	5	8	9	10	11	12	14	15	22	25	28	32	37	39	48	49	50	56	75	80	81	122	
38	30
0	2	4	6	7	8	9	14	15	24	26	28	30	32	34	36	39	41	48	49	51	52	56	58	62	65	69	80	81	97	
37	29
0	2	4	5	7	8	9	12	14	15	17	18	19	22	26	32	34	39	44	48	50	51	63	73	78	87	88	93	125	
37	29
0	1	2	4	5	6	8	9	10	12	14	22	24	25	27	29	32	35	36	37	45	48	59	61	80	81	93	97	107	
39	29
1	2	4	5	7	8	9	14	15	18	25	29	32	34	35	39	44	50	52	54	58	61	62	66	73	87	88	93	107	
39	31
0	1	2	4	7	10	11	12	14	17	18	24	25	27	28	30	34	35	37	40	41	45	48	49	64	65	77	81	88	97	107	
37	27
0	1	2	5	10	11	12	15	16	24	26	27	28	32	34	39	42	48	61	63	73	78	80	87	93	97	125	
37	29
0	1	2	3	4	5	6	7	8	9	10	11	12	15	16	19	22	25	30	32	36	39	48	51	87	88	107	112	122	
37	28
0	2	4	5	7	8	9	10	12	14	15	17	25	31	32	34	35	39	44	50	62	66	73	77	78	88	93	112	
39	31
1	2	4	5	6	7	8	9	10	11	14	15	16	17	22	24	25	31	32	35	39	48	49	51	65	69	78	87	88	97	112	
38	29
1	2	4	7	8	10	11	12	14	15	18	22	24	25	35	37	39	48	50	51	52	58	61	63	78	81	93	97	122	
36	29
1	2	4	7	9	12	14	15	19	24	25	27	30	32	34	37	39	40	42	44	45	51	58	61	63	81	88	93	97	
33	29
0	1	2	3	4	5	6	7	9	10	12	14	15	16	19	24	30	32	34	35	40	42	44	48	51	56	61	81	88	
41	29
0	1	2	5	6	7	10	12	15	27	28	32	36	39	40	43	44	48	50	59	61	62	64	69	73	87	88	122	125	
37	29
0	1	2	3	4	5	7	8	10	12	14	19	25	31	32	34	35	39	42	48	50	52	58	61	77	78	81	93	112	
38	30
0	1	2	3	4	6	7	8	10	12	15	17	18	24	27	28	32	44	45	48	49	51	52	61	65	75	81	88	97	125	
38	28
0	1	2	3	6	8	9	12	14	15	18	21	28	32	35	39	41	48	51	56	64	75	80	81	87	93	97	125	
37	29
0	1	2	3	4	5	7	8	9	11	14	15	17	18	28	35	40	44	48	49	50	56	62	63	67	75	77	80	81	
35	28
0	1	2	4	5	7	8	9	12	14	17	18	24	25	28	32	34	35	36	48	49	51	52	62	65	97	112	149	
36	27
1	2	4	5	7	8	9	11	12	14	15	18	24	25	31	34	39	48	49	51	61	75	87	88	93	112	122	
41	32
1	2	3	4	6	7	9	14	15	17	30	31	32	34	35	36	38	42	45	48	49	50	51	56	58	62	64	66	81	84	88	93	
36	28
0	1	2	3	4	5	6	7	8	9	10	11	15	20	24	30	34	39	42	48	51	56	58	81	88	89	97	122	
35	28
0	1	4	5	8	10	11	12	14	15	16	18	24	25	28	32	37	39	44	48	49	61	63	65	73	75	80	81	
36	28
0	1	2	3	4	8	9	11	14	15	25	27	31	32	35	36	37	39	45	48	49	61	75	78	80	88	97	112	
35	28
0	1	3	4	5	7	8	9	11	15	17	25	31	32	34	35	37	39	44	48	49	52	58	62	65	93	97	107	
38	30
1	2	3	4	6	10	12	14	15	16	17	25	28	30	31	32	34	35	37	45	48	52	61	65	66	81	84	87	88	93	
38	29
0	1	2	3	4	5	7	8	9	10	11	12	14	15	16	31	34	36	37	43	50	51	62	65	73	93	97	107	112	
40	30
0	2	3	7	8	9	10	12	15	17	18	24	30	31	34	35	37	39	42	48	56	59	61	68	73	75	78	87	88	97	
42	31
1	2	3	4	5	6	7	8	11	12	14	16	18	21	22	25	32	34	36	37	39	51	61	62	73	75	81	87	97	112	125	
36	27
0	2	4	6	7	9	10	12	15	17	26	27	28	31	34	39	40	48	50	56	64	75	81	87	94	97	122	
36	30
0	1	2	4	5	7	8	9	10	11	12	14	24	25	29	32	34	35	37	39	44	48	49	51	62	65	73	77	80	81	
40	32
1	2	5	7	8	9	10	11	12	14	16	17	18	19	20	24	25	28	32	35	36	44	48	49	51	61	65	77	80	81	88	125	
32	27
0	1	2	3	4	5	7	9	11	12	15	16	22	25	31	32	34	35	39	44	48	50	58	66	81	88	93	
38	28
1	4	5	7	8	9	12	14	15	16	20	22	25	27	36	39	44	50	52	61	62	65	66	80	87	88	89	112	
42	31
0	1	5	6	7	8	9	14	17	20	22	24	25	26	30	34	35	37	42	44	48	56	59	62	65	68	73	81	93	97	133	
36	29
0	1	8	11	12	14	15	16	17	20	24	25	28	30	32	37	42	44	48	49	50	51	56	61	65	80	81	84	88	
37	29
0	1	2	5	8	12	14	15	17	18	25	27	31	35	36	37	40	45	49	50	51	56	59	61	63	64	73	80	97	
37	31
0	1	2	3	4	5	6	7	8	9	10	11	12	15	18	22	30	32	37	39	44	48	49	50	51	56	65	73	81	88	97	
39	30
0	4	5	6	9	12	14	15	17	19	22	25	26	27	30	31	32	36	37	42	51	52	58	61	73	77	78	88	97	125	
35	28
0	1	2	3	4	5	6	7	9	10	14	15	16	17	22	24	25	32	35	39	42	48	69	73	77	88	97	125	
39	29
0	1	2	5	7	8	9	12	14	16	17	22	24	25	30	34	35	36	37	39	48	65	69	73	78	93	97	112	125	
38	30
1	2	4	5	8	10	12	14	16	17	25	31	34	35	36	37	39	40	45	48	50	52	58	59	61	62	65	73	77	88	
36	29
0	1	2	8	9	10	11	12	14	16	17	18	22	24	25	32	34	35	37	40	42	48	56	58	59	62	80	81	97	
40	30
0	1	2	4	7	9	10	12	14	17	19	24	25	27	28	29	30	34	39	44	48	50	52	64	77	80	88	112	122	125	
37	29
0	1	2	3	4	7	9	12	15	17	21	27	28	31	32	35	36	37	39	40	51	56	59	61	75	78	81	87	97	
35	29
1	4	5	6	7	8	9	10	12	14	16	17	19	26	32	34	35	36	41	42	49	51	54	58	65	73	78	81	93	
36	28
0	2	5	6	7	8	9	10	11	12	15	16	24	25	27	28	32	36	48	50	51	61	75	78	81	88	93	112	
38	28
0	1	2	4	5	6	7	8	10	11	12	14	15	18	24	25	32	35	37	49	51	58	81	88	97	107	122	125	
38	30
0	1	3	4	10	12	14	15	16	17	18	25	27	30	31	32	35	37	41	44	48	51	52	61	65	66	81	87	97	112	
36	29
0	1	4	5	6	9	11	12	15	16	18	22	25	31	32	34	36	39	44	48	49	50	51	58	73	80	81	88	112	
37	30
1	2	4	5	6	7	8	9	14	15	20	22	24	28	32	35	37	39	44	48	49	50	51	56	62	65	75	80	81	87	
43	30
1	3	4	5	6	7	9	11	14	15	16	25	29	32	34	36	42	50	52	62	64	66	68	73	78	80	87	88	112	125	
38	28
0	2	3	4	5	8	9	10	12	15	18	29	31	32	35	37	39	48	51	56	73	75	78	80	81	87	97	112	
38	28
0	1	2	4	5	8	9	12	15	18	22	25	32	35	37	39	42	44	48	56	58	75	80	81	87	88	97	112	
41	29
1	2	3	4	5	7	8	10	11	12	14	18	19	31	39	40	42	51	52	56	61	65	73	80	81	88	93	122	125	
38	28
0	2	4	5	7	8	9	10	12	14	25	27	32	35	36	40	42	44	51	56	61	62	64	73	77	88	93	125	
36	28
0	1	2	4	5	6	7	8	10	11	12	14	19	25	31	32	34	42	43	44	51	61	62	66	68	69	93	122	
34	29
0	1	2	4	5	6	7	8	9	10	12	14	15	16	22	24	25	32	34	39	42	44	45	51	52	80	81	93	122	
40	30
1	2	3	4	5	9	10	12	14	16	18	22	25	28	35	36	37	39	40	41	42	48	58	61	80	88	93	97	107	133	
37	30
0	1	2	3	4	5	7	8	9	10	11	12	14	18	19	24	25	32	34	35	37	39	45	50	51	78	81	87	112	125	
39	29
0	1	4	8	9	11	12	14	16	18	24	25	30	31	34	35	37	40	44	51	61	65	73	75	78	88	93	97	112	
42	32
2	3	4	5	7	9	10	11	12	14	16	19	25	34	36	37	39	40	42	48	50	52	54	65	75	80	81	87	88	93	97	122	
39	30
1	2	5	7	9	10	11	14	15	16	22	24	25	27	32	34	36	39	44	48	49	51	61	65	80	81	87	88	97	125	
41	31
1	2	3	7	8	11	12	14	15	16	17	20	22	25	27	28	29	35	36	44	49	51	56	58	61	69	80	88	93	97	112	
37	27
0	1	2	4	5	6	8	10	11	12	14	15	24	25	28	31	32	34	51	64	65	75	81	88	93	112	125	
38	28
0	1	2	4	5	6	8	9	10	11	12	14	15	18	21	24	25	32	39	40	58	68	73	75	80	81	112	122	
43	29
0	4	6	8	10	12	14	15	16	24	25	29	31	34	39	44	50	51	61	66	69	73	75	88	93	97	107	112	125	
38	28
0	1	4	5	6	7	9	10	12	14	16	27	28	31	34	35	42	44	50	51	52	56	78	81	93	107	112	125	
37	29
0	1	2	3	4	8	10	11	12	18	19	24	25	26	27	30	32	34	35	37	39	51	64	69	78	80	81	88	112	
38	28
0	2	4	6	7	8	9	12	14	18	25	31	32	35	39	42	44	48	50	56	64	65	69	75	80	81	97	125	
38	30
1	2	3	4	5	7	9	10	11	12	15	17	24	25	30	31	32	37	39	48	51	52	54	58	69	78	81	87	97	107	
37	29
0	1	2	3	4	5	9	10	12	14	16	18	29	31	32	36	37	39	44	48	51	56	61	63	75	80	88	93	97	
36	27
0	1	4	7	8	9	12	14	15	17	20	24	26	31	32	34	35	44	48	58	65	73	80	88	93	97	125	
39	29
4	5	8	10	11	12	14	17	22	25	31	32	36	37	39	40	41	42	50	51	56	59	61	64	66	73	80	93	112	
37	28
0	1	2	3	4	5	7	9	12	14	15	18	20	31	32	34	39	44	48	49	51	56	65	73	78	97	112	149	
38	30
0	1	2	3	4	5	7	9	10	11	12	14	15	17	25	30	32	39	40	42	48	51	58	65	66	77	80	81	84	88	
37	28
0	2	3	4	6	7	8	9	10	12	14	19	25	29	30	32	39	44	45	51	52	58	64	77	80	88	107	112	
38	31
0	1	3	4	5	7	8	9	10	11	14	15	20	24	25	27	30	35	37	42	44	48	49	54	61	64	73	81	88	93	97	
39	29
0	1	2	3	4	5	8	9	10	11	12	15	17	22	24	25	35	37	40	42	51	58	65	81	84	88	97	112	125	
34	26
0	1	4	5	7	8	9	11	12	14	15	20	22	24	31	34	42	48	51	52	66	80	93	97	107	125	
33	27
0	1	2	4	5	7	8	9	11	12	14	15	17	18	22	31	34	36	39	42	48	50	80	88	93	97	149	
38	29
0	1	2	5	7	8	9	14	15	16	17	20	24	27	28	32	35	42	50	52	54	61	62	64	73	75	80	88	107	
40	30
0	1	2	3	4	5	8	9	10	11	15	19	20	24	25	27	39	45	48	50	59	62	63	73	78	80	81	87	88	97	
35	27
0	1	2	3	4	5	6	7	8	9	10	11	12	15	24	25	32	34	35	37	39	59	62	81	87	112	125	
40	29
0	2	3	4	5	7	8	9	10	11	15	24	29	32	34	35	39	40	48	50	56	58	73	81	84	93	97	112	122	
39	29
0	1	2	3	4	5	8	12	14	16	18	20	29	32	34	36	39	44	50	51	56	58	61	75	78	80	88	97	112	
38	28
0	1	2	4	5	6	7	8	9	10	11	14	15	18	24	25	32	34	39	51	56	80	87	88	93	97	112	122	
38	30
0	1	2	3	4	5	6	8	10	12	14	15	16	17	25	27	28	30	31	32	35	37	51	59	64	65	69	81	88	125	
44	31
0	1	2	6	7	10	16	17	22	24	27	29	32	34	35	36	42	48	49	54	59	61	63	64	69	75	81	88	97	112	125	
38	28
0	1	6	8	10	12	14	16	22	24	25	27	29	31	35	36	39	44	48	61	63	66	73	80	88	93	97	125	
44	31
0	1	2	3	6	7	8	11	16	19	22	27	30	34	35	36	37	39	42	48	49	56	61	73	75	78	88	93	107	112	122	
41	30
0	1	2	3	5	8	9	11	15	22	25	27	28	34	35	37	39	42	48	49	54	58	59	78	80	81	88	93	122	125	
32	27
0	1	3	4	6	7	8	10	11	12	14	17	19	22	24	25	30	37	41	48	50	51	59	61	73	81	97	
39	29
2	4	7	8	9	10	12	14	15	19	24	25	26	32	37	39	42	50	51	54	56	61	64	73	78	80	88	97	122	
37	30
0	1	2	3	4	5	7	8	14	15	16	17	18	19	30	31	35	37	42	49	51	52	54	61	69	75	80	81	93	97	
40	30
0	4	5	7	8	9	10	12	14	17	22	25	32	34	35	39	41	42	48	50	52	58	77	78	81	84	88	93	97	107	
38	29
1	2	4	5	7	10	12	14	15	16	18	19	24	25	32	37	39	44	51	54	61	62	63	65	69	77	80	81	88	
41	30
0	3	4	7	9	10	14	15	16	20	24	25	26	30	31	35	37	39	40	45	50	56	63	68	73	93	94	97	107	112	
36	29
0	1	2	3	5	6	7	8	9	10	11	12	14	15	19	25	27	32	34	39	42	49	51	63	66	73	78	84	112	
37	29
2	5	6	7	8	9	10	12	14	22	24	25	26	28	30	34	35	39	40	44	48	51	59	62	66	88	93	97	107	
38	31
0	1	2	6	7	9	11	12	14	15	16	18	20	22	27	30	31	34	35	39	42	44	48	50	51	58	63	80	93	97	125	
40	30
0	1	2	3	4	5	7	10	11	15	18	27	30	32	34	36	39	40	41	44	49	51	58	61	80	81	88	97	112	125	
34	27
0	1	2	3	4	5	7	8	9	12	15	17	31	32	34	39	42	44	48	50	58	64	65	73	78	81	93	
39	30
1	2	4	5	7	12	14	15	17	24	25	27	30	31	32	35	37	39	42	48	51	58	61	66	80	81	87	88	93	97	
37	30
0	1	2	4	7	8	10	11	12	14	15	18	24	25	28	31	32	34	39	44	49	51	54	64	69	73	78	80	88	97	
44	31
2	3	6	8	9	12	14	22	24	25	31	34	35	39	40	42	48	49	50	56	59	61	62	65	73	78	80	88	93	97	125	
40	31
1	3	4	5	6	7	8	9	10	14	15	16	18	19	30	31	34	35	44	48	50	54	56	58	61	63	73	78	88	93	97	
38	31
1	2	3	4	5	7	8	11	14	15	17	19	20	22	25	27	34	35	36	39	40	42	44	49	51	61	73	81	93	97	107	
35	29
0	1	2	3	4	5	6	8	9	10	11	15	24	25	27	32	35	37	39	42	44	49	51	65	75	80	81	88	97	
47	32
2	5	7	9	11	12	14	15	16	22	27	32	34	35	36	39	44	48	49	51	56	62	63	64	73	78	81	88	97	122	125	149	
38	29
1	5	6	7	8	9	10	11	14	20	22	24	25	27	30	36	41	43	44	49	52	59	62	64	68	81	87	88	125	
36	28
0	1	2	3	5	7	8	9	10	11	12	15	16	24	25	27	32	34	35	48	51	58	65	80	81	87	88	107	
40	30
1	2	3	4	5	8	10	11	12	14	18	22	27	28	32	34	37	39	42	45	48	56	64	65	80	81	88	93	97	107	
41	29
0	1	2	4	7	8	9	12	14	15	24	25	26	31	32	44	48	49	51	58	62	77	81	84	87	88	97	125	133	
39	31
1	2	4	5	7	9	10	11	12	14	16	18	21	22	24	25	31	32	34	36	37	39	41	48	59	61	69	80	88	93	107	
44	31
1	3	4	6	8	10	11	12	14	19	20	22	25	30	35	36	40	48	49	51	56	59	61	65	69	75	78	81	93	122	125	
39	28
1	4	5	6	9	10	11	12	15	18	24	25	30	32	37	40	44	48	50	56	59	61	64	65	77	81	107	112	
39	28
1	2	4	5	7	8	11	12	14	15	18	24	25	29	30	34	37	39	44	51	58	61	87	88	93	107	122	125	
38	29
0	1	2	3	4	8	9	12	14	24	25	31	32	35	36	37	39	40	48	52	58	61	65	73	75	80	88	93	97	
37	28
0	1	2	3	4	5	9	11	12	15	25	31	32	34	39	44	48	50	51	56	58	65	68	73	78	80	81	88	
33	28
0	1	2	3	4	5	7	8	9	10	11	12	15	18	24	25	30	31	32	34	39	40	41	51	80	81	88	112	
36	29
0	1	2	3	4	5	7	8	11	12	14	17	18	22	24	26	31	34	35	37	42	48	51	78	80	81	88	97	125	
38	28
0	1	3	4	6	7	8	12	14	15	20	24	25	27	30	31	32	35	40	51	61	63	66	69	73	97	122	149	
40	29
1	2	5	7	8	9	10	14	15	17	25	27	32	39	40	42	44	49	51	56	61	75	78	80	81	87	88	93	125	
38	28
0	3	4	7	8	10	12	14	15	21	25	27	28	31	32	34	39	44	52	62	64	65	75	78	81	88	97	107	
42	31
1	2	4	6	7	8	10	11	14	19	24	25	30	31	32	34	39	40	44	49	51	56	61	63	65	69	81	88	93	97	112	
34	29
0	1	2	3	4	5	7	9	10	11	12	14	15	22	25	30	31	32	36	37	39	44	48	49	64	87	88	93	97	
38	30
0	2	3	4	5	8	9	10	12	14	15	16	25	30	32	35	36	37	41	49	51	54	58	61	69	73	80	81	87	97	
32	26
0	1	2	3	4	5	7	8	9	11	12	15	18	27	28	34	35	36	39	48	50	56	65	93	97	112	
43	29
0	1	2	3	4	8	11	12	14	15	24	31	32	34	37	48	50	51	58	73	78	80	81	88	89	93	122	125	133	
37	28
0	1	2	3	4	5	7	8	9	10	12	14	15	18	32	39	40	42	48	50	56	58	62	63	80	81	93	133	
37	29
0	1	2	3	4	7	8	9	10	11	12	15	19	22	27	32	34	39	42	48	50	64	73	75	81	84	88	96	97	
37	29
0	2	4	5	6	7	8	9	11	12	14	17	20	24	25	29	32	34	37	39	44	50	65	68	75	78	80	97	112	
39	29
0	1	2	3	4	5	8	9	10	11	12	15	16	24	25	27	31	48	50	54	61	73	75	78	80	81	88	96	122	
40	29
0	1	2	3	4	5	9	10	12	15	16	22	25	31	32	37	39	44	48	54	58	61	66	73	78	80	88	133	149	
43	31
0	1	2	4	6	7	8	9	10	15	18	24	32	36	39	44	45	48	51	52	62	64	65	73	75	81	87	88	93	97	112	
38	30
0	1	3	4	8	10	12	18	19	22	24	25	31	32	34	36	39	41	42	44	50	54	62	64	65	73	81	88	89	93	
38	29
0	2	3	4	7	8	10	12	14	15	18	27	29	32	35	37	39	41	48	52	58	61	62	66	73	80	81	87	97	
45	30
2	4	7	9	10	11	14	15	17	18	25	26	27	30	39	45	48	50	52	56	58	66	69	80	93	97	107	122	125	149	
39	28
0	1	3	4	5	7	8	9	10	11	12	15	19	20	28	32	37	38	48	51	52	56	65	77	107	112	125	149	
37	29
0	1	2	3	7	8	9	10	12	14	15	16	24	30	32	34	35	36	37	39	41	48	50	58	59	81	93	112	122	
35	28
0	1	2	3	4	5	8	9	10	12	14	15	29	32	34	35	37	44	48	49	50	56	59	61	77	80	81	88	
39	28
2	4	5	7	8	10	12	14	15	17	25	28	29	34	35	36	42	48	52	59	61	66	69	73	87	93	122	125	
41	32
2	3	4	5	7	9	10	12	14	15	16	17	19	22	25	37	39	40	44	45	49	51	52	54	56	63	66	73	75	78	93	112	
43	32
3	9	10	11	14	15	16	18	19	20	25	27	31	35	36	37	39	40	41	44	45	49	51	56	64	73	81	87	93	97	107	112	
42	29
2	4	5	7	9	10	14	15	18	25	30	32	34	37	39	44	48	50	56	61	63	66	69	80	88	93	97	122	125	
38	30
1	2	3	4	5	6	7	9	10	11	12	14	15	22	24	25	29	31	32	39	45	48	49	51	59	75	78	88	112	122	
41	30
1	2	4	7	8	9	10	11	12	15	17	25	27	28	30	31	35	48	49	50	64	65	75	81	87	88	93	96	97	112	
43	30
1	3	4	5	8	10	11	12	14	22	28	31	34	35	36	40	44	48	49	50	52	65	73	81	88	93	107	122	125	149	
36	28
0	1	2	4	5	7	8	9	15	17	22	25	26	34	35	36	44	48	50	54	56	58	62	64	80	81	88	96	
37	30
0	1	2	4	5	7	8	10	14	15	16	24	25	28	30	31	32	34	37	39	40	44	51	52	61	62	73	81	93	112	
39	28
0	1	2	3	4	5	8	9	10	11	12	19	24	34	35	36	39	48	49	62	64	73	75	81	88	93	122	125	
35	29
0	1	4	5	6	7	10	11	12	15	17	18	19	22	24	25	28	30	35	40	48	50	52	59	65	77	81	88	97	
32	29
0	2	3	4	5	6	7	8	9	11	12	15	17	18	28	31	32	34	36	39	40	42	48	50	51	52	73	88	97	
36	28
0	1	2	6	7	9	10	12	14	15	16	18	19	20	24	25	27	30	39	40	44	51	61	80	88	93	107	122	
41	30
0	1	5	6	8	9	10	11	12	15	16	25	26	27	37	39	41	44	49	50	51	52	75	81	88	93	97	122	125	149	
38	28
0	2	3	4	7	8	12	14	15	17	18	27	31	34	37	44	49	50	51	56	61	66	75	77	80	81	97	125	
35	30
0	1	2	3	4	5	6	7	8	9	11	12	14	15	17	19	20	31	34	35	36	42	48	49	50	62	78	81	88	97	
37	29
2	3	4	6	7	8	10	12	14	15	17	25	26	27	32	34	35	42	48	50	52	59	61	66	73	77	80	81	97	
38	29
1	2	3	4	5	6	7	9	10	14	15	17	18	19	24	34	35	39	48	49	51	56	58	63	65	73	87	97	125	
43	31
0	1	2	5	7	8	10	12	14	16	17	21	25	27	35	39	42	48	50	58	59	61	65	67	69	75	78	81	87	89	93	
43	32
0	2	4	5	8	9	10	15	16	17	19	25	31	32	35	39	42	48	49	50	51	52	54	61	62	75	78	80	81	93	112	125	
38	27
0	1	2	4	5	8	9	11	12	15	24	28	34	36	39	42	48	50	51	64	75	81	89	97	112	125	149	
35	28
0	1	2	3	4	5	6	8	9	10	11	12	15	18	24	27	32	37	39	42	48	49	73	77	80	81	97	107	
34	27
0	1	2	3	4	5	7	10	11	12	15	19	29	31	32	34	37	39	42	48	51	56	59	61	81	87	122	
37	29
0	1	2	3	4	6	7	8	11	12	15	16	17	22	24	34	35	36	48	49	51	54	61	75	78	81	88	97	125	
38	28
0	1	2	4	6	7	8	10	11	12	14	15	17	24	25	29	30	40	50	56	61	62	75	78	80	88	93	122	
33	27
0	1	2	3	4	5	8	9	10	11	12	15	18	25	32	34	35	37	39	48	49	52	58	78	81	93	122	
38	29
0	2	3	4	5	6	7	8	9	12	14	15	25	31	32	34	37	39	44	48	50	64	65	73	78	80	88	93	112	
37	29
0	1	2	4	5	7	8	11	14	15	17	25	31	32	34	35	39	40	44	48	50	56	58	61	65	73	78	80	93	
36	28
0	1	2	3	4	5	8	11	12	15	18	25	28	34	35	36	39	40	48	50	52	73	78	81	87	88	93	112	
43	30
0	1	2	3	4	7	8	9	10	11	15	18	22	24	30	31	45	48	51	56	61	66	67	73	81	88	93	97	112	125	
44	32
1	3	4	6	7	8	9	14	15	17	18	19	20	27	31	32	34	35	41	48	54	56	58	61	62	63	69	73	80	93	97	125	
35	28
0	1	2	3	5	6	7	10	12	14	16	22	31	34	35	39	42	44	48	49	50	54	61	80	81	93	96	112	
38	29
1	2	4	5	6	7	8	10	11	12	14	15	16	25	27	32	35	44	50	51	56	59	61	67	78	81	88	93	96	
41	30
0	1	2	4	7	9	10	12	14	16	19	25	27	29	31	34	44	49	50	51	54	58	73	75	78	88	93	97	122	125	
38	29
2	4	5	8	9	10	11	12	18	22	24	25	32	34	35	37	39	40	42	49	50	51	64	65	75	80	81	112	122	
36	30
3	4	5	6	8	9	10	11	12	18	22	25	28	32	34	35	37	39	40	44	50	51	52	54	56	61	62	65	81	97	
39	29
1	3	4	5	8	10	11	12	14	20	22	24	25	32	39	41	44	45	48	49	61	65	69	73	75	80	88	93	125	
41	30
1	2	3	5	6	7	8	9	11	12	15	24	28	35	37	39	41	44	48	52	58	61	65	80	81	84	87	93	97	112	
37	29
0	1	2	3	4	5	6	7	10	11	12	14	15	16	27	28	29	31	36	39	49	51	69	73	78	88	93	97	122	
36	29
0	1	4	5	7	8	9	10	11	12	15	17	20	21	25	28	31	35	37	39	50	51	52	80	81	87	93	97	112	
33	27
0	1	3	4	5	7	9	12	14	15	16	25	31	32	34	35	42	44	48	51	52	58	65	66	69	81	97	
36	30
0	1	4	5	7	8	9	10	11	14	15	20	25	27	30	32	34	36	39	42	44	48	49	51	61	64	73	88	93	97	
41	30
2	3	4	5	8	11	12	14	15	18	24	25	28	32	34	39	48	49	50	51	65	75	78	80	81	87	88	94	97	122	
34	28
0	1	2	4	6	7	8	9	11	12	14	15	18	22	24	25	26	30	36	38	39	48	51	64	80	88	93	122	
39	30
0	1	2	3	4	5	6	7	8	9	14	15	18	25	31	32	34	39	44	51	54	56	61	66	73	80	81	87	88	97	
36	26
0	1	2	3	4	6	7	8	10	11	12	15	17	22	28	31	32	39	48	64	75	88	97	107	112	125	
32	27
0	1	2	3	4	5	7	8	10	11	12	14	19	25	28	31	34	36	39	40	42	51	52	59	78	88	112	
36	29
0	1	2	3	4	5	8	12	14	15	16	17	18	25	30	31	32	34	35	48	50	51	58	61	65	73	81	88	93	
35	30
0	1	3	4	5	7	8	9	10	11	12	14	15	22	27	28	30	31	32	39	40	42	44	48	51	56	63	81	88	97	
36	29
0	1	2	5	7	8	9	10	12	15	17	26	28	34	35	36	37	39	41	42	48	49	56	58	64	66	75	93	97	
34	27
0	1	2	3	4	5	6	7	8	9	10	11	12	14	15	22	32	34	35	36	51	65	75	81	88	97	122	
34	28
0	2	3	4	5	7	8	9	10	11	12	15	17	19	22	30	32	34	39	42	45	48	50	51	58	81	112	125	
37	28
0	1	2	3	5	6	9	10	11	12	15	16	22	34	35	36	39	42	44	48	50	51	75	81	93	112	122	125	
35	28
0	1	2	3	4	5	6	7	8	9	10	11	15	25	30	32	34	36	37	39	49	51	56	58	81	88	97	122	
40	29
0	1	3	4	6	7	8	10	12	14	16	18	19	29	31	39	40	44	51	52	56	61	65	73	80	93	97	122	125	
37	31
0	1	2	5	8	9	10	11	12	14	16	17	18	22	25	27	32	34	35	37	40	42	44	49	51	58	65	77	81	88	93	
41	29
0	2	4	5	6	7	8	10	15	25	27	28	31	32	34	39	44	48	50	62	64	68	73	78	87	88	93	107	112	
39	30
1	4	5	9	11	12	14	16	17	18	19	24	25	29	32	34	39	41	42	50	54	58	61	62	63	73	75	77	78	80	
43	33
3	4	5	7	8	9	10	11	14	15	16	22	24	27	28	30	32	39	40	41	48	49	51	56	63	73	75	77	81	84	87	88	97	
47	33
4	5	7	8	9	10	11	12	14	15	19	21	22	24	25	28	35	37	49	50	51	56	61	62	65	78	80	84	88	93	97	112	125	
39	29
0	1	2	3	5	7	10	12	15	17	18	24	25	28	32	35	37	40	42	51	56	58	73	75	80	81	87	88	112	
35	28
0	1	2	3	4	5	7	8	9	10	12	14	15	17	31	34	35	39	42	48	51	56	58	64	69	81	87	97	
36	29
0	1	3	4	5	6	7	9	10	12	14	16	18	29	31	32	34	37	39	42	44	51	52	63	65	78	80	97	112	
39	30
1	2	4	5	6	7	8	10	12	14	17	18	25	28	29	34	36	39	44	49	50	51	65	66	75	78	88	93	97	112	
40	30
0	1	2	3	4	5	6	9	10	11	12	14	15	24	25	32	34	40	44	50	51	56	63	64	65	73	80	81	88	112	
37	31
0	2	3	6	7	8	9	10	12	14	15	16	17	27	30	32	34	35	37	39	42	48	49	51	52	58	66	67	73	81	97	
37	29
0	1	3	4	5	7	8	9	11	12	14	15	18	20	21	30	31	32	39	45	50	51	61	65	73	75	80	88	122	
39	28
0	1	8	9	14	16	19	22	24	25	32	34	35	36	39	40	42	51	56	59	61	65	73	78	80	87	89	122	
38	29
1	4	7	10	11	12	14	17	18	22	26	27	28	30	35	36	37	44	50	51	52	58	61	65	77	78	80	93	125	
36	29
0	1	2	4	5	6	7	8	10	11	12	14	22	24	25	27	31	32	34	35	48	50	59	61	65	77	81	88	97	
41	29
0	1	2	4	7	10	11	12	14	15	18	24	30	32	34	35	40	44	51	58	59	61	66	69	73	80	81	112	149	
35	28
0	1	2	4	6	7	8	9	10	11	12	15	22	24	25	26	30	37	39	40	49	51	58	59	80	81	97	112	
36	29
0	1	2	3	4	5	6	7	8	10	11	12	15	18	19	25	27	32	35	37	39	49	51	56	64	67	81	88	112	
34	30
0	1	2	3	4	5	7	8	10	12	14	15	19	32	34	35	36	37	39	41	42	45	50	51	52	54	61	78	80	81	
38	31
0	1	3	4	5	7	9	12	14	15	17	18	19	22	26	30	31	32	39	42	45	48	51	52	58	69	78	87	88	93	97	
34	29
0	1	2	3	5	6	7	9	10	11	12	15	16	24	25	27	30	35	39	40	42	44	48	50	75	81	88	93	97	
39	31
0	2	3	4	6	7	9	10	15	18	22	28	29	30	31	34	35	39	41	42	48	49	50	56	58	59	64	65	78	93	97	
36	28
1	2	4	5	7	8	9	10	11	12	14	15	17	18	21	24	25	39	43	48	49	62	64	81	87	88	97	149	
40	29
0	1	2	3	4	5	7	9	10	15	18	32	35	36	39	42	45	48	50	52	58	62	66	75	80	87	93	107	122	
38	31
1	2	3	4	5	7	9	10	11	14	15	16	17	18	19	28	31	35	37	44	48	49	52	54	56	62	63	69	73	80	81	
40	31
0	2	3	5	6	7	9	11	12	14	15	16	17	18	20	22	28	31	34	42	44	48	50	59	61	65	78	80	93	97	125	
34	29
0	1	3	4	5	7	9	10	12	14	15	17	19	22	26	34	35	36	37	44	45	48	51	52	58	62	65	81	88	
40	29
0	1	2	3	4	6	9	10	11	12	14	15	16	19	28	30	32	36	49	51	64	75	78	80	81	87	88	112	125	
39	30
0	1	4	5	7	8	9	11	12	14	15	19	24	25	27	30	31	32	34	42	48	50	62	65	73	78	80	93	97	107	
38	27
0	2	3	4	5	7	9	10	12	19	34	35	39	42	45	48	51	52	56	62	69	75	80	81	93	107	125	
36	29
0	2	3	4	5	6	7	9	10	11	12	15	16	17	18	25	28	32	34	39	40	48	50	51	56	66	89	107	112	
36	30
0	1	2	4	5	6	7	8	9	10	11	12	14	17	24	26	29	31	34	35	36	40	51	54	65	75	78	88	93	97	
31	27
0	1	2	3	4	5	6	8	9	10	11	12	14	22	29	31	32	34	36	37	39	48	50	80	81	93	97	
39	30
0	3	4	5	7	8	9	10	11	12	15	17	21	24	27	34	35	39	41	42	45	48	49	63	73	77	87	97	107	112	
36	28
2	4	5	6	7	8	9	12	14	15	17	22	25	26	32	35	37	42	44	50	51	61	78	80	81	93	97	122	
40	30
1	3	5	6	9	11	12	15	16	19	21	25	26	28	32	34	35	36	37	48	49	56	62	65	67	87	88	89	96	122	
35	28
0	1	2	4	6	7	8	11	12	14	15	16	18	22	25	35	36	39	44	48	50	56	61	63	75	80	93	97	
32	27
0	2	3	4	5	6	9	10	11	12	15	24	25	30	32	37	39	40	44	48	50	51	58	78	80	81	97	
42	32
2	3	4	5	7	12	14	15	18	25	31	32	34	37	39	40	41	42	44	48	49	50	51	56	59	66	69	73	81	87	93	112	
39	29
0	1	2	3	8	9	11	12	14	15	21	22	24	25	30	32	35	37	39	43	48	56	62	80	88	89	93	107	122	
37	31
2	3	4	5	8	9	12	14	16	17	18	22	24	25	28	30	32	34	35	37	40	45	48	49	50	61	78	88	93	94	97	
35	28
1	2	4	5	7	8	9	12	14	17	22	24	25	31	32	34	35	37	39	48	49	65	66	78	80	88	93	97	
36	28
1	2	4	5	7	11	12	14	15	18	19	30	31	34	35	36	39	44	48	49	50	61	63	78	80	93	97	149	
35	30
0	1	2	4	6	8	9	10	11	12	14	17	20	24	25	28	29	32	34	36	37	38	39	40	48	56	80	81	93	97	
45	32
0	3	4	5	6	10	11	12	14	15	16	17	22	25	28	31	36	39	49	50	51	61	64	66	69	73	80	88	93	97	107	122	
41	30
0	1	7	8	9	12	14	15	22	24	25	26	27	30	34	35	39	42	48	49	50	52	58	66	80	93	97	112	122	133	
39	30
0	1	3	6	7	8	11	12	15	17	22	25	27	31	32	35	36	39	41	44	45	51	56	61	73	75	78	81	97	125	
40	29
1	2	3	7	8	11	12	14	15	24	25	28	32	34	39	42	44	51	54	56	58	61	69	75	81	87	88	97	149	
40	30
2	4	8	10	14	15	16	18	21	25	27	29	34	35	36	39	40	44	49	50	51	59	61	75	77	78	88	93	97	107	
40	29
2	3	4	7	8	9	10	11	12	14	15	20	24	25	30	31	39	40	49	51	56	58	59	62	73	78	84	112	122	
36	28
0	1	2	3	4	5	8	10	11	12	15	18	22	25	31	32	34	39	48	51	58	61	66	67	75	78	88	97	
37	29
0	1	3	4	8	9	12	14	15	19	20	25	27	28	30	34	35	39	48	49	51	58	65	73	80	81	88	93	97	
37	29
1	3	4	5	7	8	9	10	14	15	20	27	30	32	34	35	39	44	48	49	51	56	65	77	81	87	88	93	97	
38	29
1	3	4	5	6	7	9	10	12	15	16	17	18	24	27	35	37	42	51	52	54	61	65	66	75	81	87	97	125	
41	30
0	1	3	4	8	10	11	12	14	19	22	25	26	27	32	34	35	37	42	48	49	61	65	73	80	88	93	97	122	125	
37	27
0	1	2	3	4	5	7	8	10	11	12	15	25	28	31	34	35	39	48	56	61	75	88	93	97	112	125	
38	30
0	1	2	3	4	6	7	8	10	12	14	15	20	25	26	31	34	35	37	39	44	48	52	61	69	81	84	93	97	125	
42	30
0	1	2	3	5	8	9	11	12	15	18	19	28	30	31	32	34	39	41	48	51	56	58	61	75	81	88	112	122	125	
39	29
0	1	2	3	4	5	9	10	11	15	16	25	32	36	39	40	42	48	51	52	58	61	73	75	78	80	87	88	107	
40	29
2	3	4	5	6	8	9	10	11	12	14	15	17	24	25	27	37	38	48	50	51	73	78	81	88	97	107	122	125	
38	31
0	1	2	3	4	5	6	8	9	11	12	24	25	29	30	34	35	36	39	41	44	45	48	50	56	75	78	81	88	93	97	
41	29
0	2	4	5	8	9	10	11	12	14	18	25	32	34	35	39	48	49	50	58	65	69	75	78	80	81	88	112	125	
38	31
0	2	5	6	9	10	11	14	15	16	17	18	24	25	28	34	35	36	37	40	48	50	52	54	61	73	80	81	87	93	97	
36	29
0	1	3	6	7	8	14	15	16	17	18	19	20	25	27	30	31	32	35	39	49	51	52	61	75	88	93	97	107	
39	28
0	1	2	3	4	5	9	10	15	17	25	30	31	32	34	37	39	40	44	62	63	69	75	80	81	88	112	122	
39	30
0	2	4	5	7	8	9	10	12	14	15	16	28	30	32	34	40	44	45	48	49	50	51	56	61	81	84	93	107	125	
39	30
0	1	2	4	6	7	8	11	15	18	28	30	31	34	35	39	44	48	49	50	52	56	58	59	62	75	78	87	88	93	
38	28
0	1	2	4	7	8	11	12	15	16	17	24	25	26	31	34	36	48	50	56	58	61	78	80	81	93	97	122	
41	31
0	2	3	4	6	7	9	10	11	12	14	15	16	28	32	36	39	40	42	44	49	51	58	64	73	78	80	81	87	97	112	
40	31
0	1	3	4	5	8	10	12	14	15	22	25	28	31	34	35	36	39	40	44	51	54	58	64	65	73	80	81	88	93	97	
37	28
0	1	2	4	6	7	8	10	11	12	14	15	17	18	25	28	30	32	40	50	56	58	62	73	75	80	88	122	
41	30
0	1	2	4	5	7	8	9	12	14	15	17	24	28	29	34	35	44	45	48	50	62	75	78	81	87	93	97	112	133	
41	32
0	1	4	5	7	8	11	14	15	17	18	22	25	26	30	34	37	41	42	48	50	51	54	59	73	75	77	81	84	88	93	97	
39	30
0	2	3	5	7	8	9	12	14	15	25	27	30	31	35	36	39	40	42	48	50	51	52	73	78	87	88	93	122	125	
36	29
0	1	2	3	4	5	7	9	12	14	15	16	17	25	29	31	32	35	36	37	48	51	52	61	78	80	81	97	112	
36	30
0	1	2	3	4	5	8	10	11	12	14	15	17	22	26	29	31	32	34	37	42	45	48	50	51	59	73	81	88	133	
38	30
1	2	3	4	5	7	8	9	10	11	12	14	16	22	25	27	28	32	35	48	51	52	56	59	64	75	81	88	93	96	
41	31
1	2	4	5	6	8	9	14	19	21	24	25	28	32	35	36	39	44	45	49	51	52	61	75	78	80	81	88	93	97	122	
36	27
0	1	2	4	5	7	8	12	14	15	16	17	26	31	34	36	48	50	51	52	58	61	78	81	93	125	149	
38	28
0	4	7	8	9	10	11	12	15	17	19	22	24	25	31	32	37	40	50	51	61	64	73	75	81	97	112	122	
38	30
1	2	4	5	6	8	9	10	11	12	14	17	20	22	25	32	34	35	36	37	40	42	44	45	62	81	88	93	107	122	
32	27
0	2	3	5	6	7	9	10	12	14	15	16	18	20	22	25	27	29	35	36	39	51	52	69	88	93	125	
40	30
0	1	2	4	5	7	8	10	11	15	16	24	25	27	32	34	42	48	49	50	51	54	61	75	81	87	93	97	107	112	
47	32
1	5	7	8	14	15	16	22	24	25	27	31	32	35	39	42	48	49	51	52	64	65	69	80	81	84	88	89	97	112	122	125	
40	28
1	2	3	4	5	8	9	10	14	15	16	21	26	34	35	36	40	50	56	62	65	67	73	81	87	93	107	112	
34	28
0	1	3	4	5	6	7	8	9	10	12	14	16	18	24	25	32	34	39	44	48	51	52	59	65	73	88	107	
37	29
0	1	2	3	4	5	7	8	9	10	11	12	14	16	18	29	32	34	37	42	48	51	52	56	66	73	80	107	125	
38	28
0	1	2	3	5	6	10	11	12	15	17	18	25	26	29	32	36	37	39	43	58	61	62	73	80	81	112	125	
37	31
2	3	4	5	6	7	9	10	12	14	15	16	25	29	32	34	36	37	39	40	44	49	50	51	54	59	63	78	88	93	97	
43	30
1	4	6	8	9	10	12	14	15	18	25	27	34	35	42	43	49	50	51	62	65	69	73	81	84	87	93	97	107	112	
37	31
0	1	4	5	6	7	8	9	12	15	17	18	19	22	25	34	35	36	39	40	48	49	50	52	54	59	65	75	81	88	97	
35	29
0	1	4	5	7	14	15	22	25	27	28	29	30	31	32	34	37	39	40	42	44	51	52	58	61	73	77	81	97	
35	27
0	1	3	4	5	7	8	9	11	12	15	17	22	31	34	35	39	42	44	48	50	58	63	73	93	107	122	
39	29
0	1	3	4	8	11	15	17	20	25	27	32	35	36	39	44	45	48	49	51	56	61	64	66	75	80	81	97	112	
40	29
1	2	5	7	8	9	10	11	12	17	18	19	34	35	37	39	41	42	49	50	56	62	65	80	81	87	97	112	125	
43	33
1	2	4	5	7	8	10	14	15	16	18	24	25	27	32	34	35	37	41	42	44	49	50	51	59	65	67	75	78	80	88	93	112	
38	31
0	1	2	4	5	7	8	10	11	12	14	15	18	22	24	27	34	35	36	37	40	41	44	49	51	63	73	88	93	97	125	
37	27
0	1	4	6	7	8	9	10	11	12	17	21	22	24	25	34	48	51	56	58	59	65	75	81	93	97	125	
37	30
0	2	4	5	7	8	9	10	12	14	18	24	25	32	34	37	40	44	45	48	49	50	51	56	61	65	73	81	88	97	
39	30
0	1	2	4	5	7	9	10	14	15	16	17	18	24	32	34	36	37	44	50	51	54	56	62	63	73	75	87	93	112	
38	28
0	1	2	3	4	5	7	8	9	11	12	14	15	18	25	31	32	34	48	51	52	58	69	88	97	112	122	125	
39	28
0	1	2	4	6	7	8	9	14	15	17	22	24	26	34	35	37	42	59	61	63	68	75	77	89	93	97	122	
39	28
2	3	4	5	6	7	11	12	15	24	25	34	39	44	45	48	50	58	59	61	62	68	73	77	80	81	87	97	
40	31
1	2	3	4	5	7	8	9	12	14	15	17	18	27	31	34	39	42	44	48	50	51	52	65	66	81	87	88	93	97	107	
40	29
0	1	2	5	8	9	12	14	15	18	25	26	28	32	37	39	42	44	48	49	51	56	73	80	81	93	112	122	149	
36	28
0	1	4	5	7	8	9	10	11	12	14	15	22	25	34	35	39	42	44	50	51	52	65	73	84	93	112	125	
38	31
0	1	3	4	6	8	10	12	14	15	17	19	20	21	25	31	32	34	35	39	42	51	52	54	58	65	73	78	84	88	89	
41	31
0	2	3	4	5	6	8	11	12	15	18	24	25	30	31	32	34	35	36	37	39	48	66	73	75	78	81	87	88	97	122	
35	28
0	1	3	4	5	7	8	9	10	12	14	16	25	27	29	32	34	35	39	40	44	51	56	62	64	80	81	112	
39	28
0	1	2	3	4	5	7	8	9	10	14	15	24	25	32	35	37	39	48	58	59	69	78	87	93	94	107	122	
33	28
0	1	2	3	7	8	11	12	14	15	16	17	24	28	30	32	35	37	42	44	48	50	51	58	61	73	80	81	
40	30
2	3	4	5	7	8	9	12	14	15	24	25	29	30	31	34	35	39	40	48	49	52	65	66	73	75	88	89	122	125	
41	30
0	1	4	6	7	9	10	11	15	18	20	24	30	32	39	40	44	48	50	52	58	59	64	73	75	78	80	81	88	107	
41	30
0	1	2	3	6	7	8	10	12	14	17	19	25	35	38	39	40	42	49	51	56	61	62	64	73	75	87	88	97	122	
36	28
0	1	2	4	5	6	8	10	12	14	15	16	21	24	25	28	31	32	39	44	51	56	58	73	78	80	88	122	
42	30
0	2	4	5	7	8	9	10	12	14	18	19	25	32	37	39	40	44	52	58	61	62	63	64	73	81	89	93	97	112	
40	30
0	1	2	3	5	7	15	16	17	18	30	31	32	34	39	42	44	45	48	49	51	52	58	61	68	75	88	97	112	125	
39	30
0	1	2	3	4	5	7	8	10	11	12	22	25	31	34	35	37	42	50	51	52	54	61	73	75	81	88	93	96	125	
35	29
0	1	3	5	8	11	12	14	15	16	17	18	25	26	28	32	34	35	37	41	44	48	49	56	65	81	88	93	97	
38	27
0	1	2	3	4	5	10	11	12	31	32	34	35	39	44	48	50	51	56	58	59	61	73	78	81	122	125	
44	31
2	3	9	10	11	12	16	17	18	20	27	32	36	37	39	40	44	49	51	52	61	64	65	77	80	81	84	88	97	107	122	
41	30
0	1	2	3	4	5	6	7	8	10	12	17	18	32	39	42	44	48	50	51	58	61	62	64	65	78	81	87	97	133	
39	28
0	1	2	3	4	5	6	7	8	11	14	20	24	25	29	34	39	43	51	56	61	62	66	87	88	93	112	122	
36	29
0	2	3	4	5	8	9	12	14	15	19	25	31	32	34	36	39	44	45	48	50	51	52	58	73	81	84	88	112	
40	29
0	1	2	6	8	9	10	11	12	19	24	26	28	35	36	39	44	48	51	62	64	66	73	75	81	88	93	97	125	
37	29
0	1	2	3	5	6	7	8	9	10	11	14	15	17	24	25	32	34	35	37	39	41	56	62	73	81	88	97	112	
43	29
0	1	4	5	7	8	12	14	16	18	22	26	37	44	49	50	51	61	62	65	73	75	80	81	88	93	97	122	125	
40	30
0	1	2	4	5	7	14	15	16	17	18	24	26	34	39	40	41	42	45	51	52	61	65	66	77	87	89	93	97	122	
36	29
0	1	2	3	4	5	8	11	12	14	15	17	25	28	31	32	35	37	39	42	48	49	50	58	61	78	80	81	149	
37	28
0	1	2	3	4	5	7	8	9	10	11	12	14	15	31	34	36	39	49	50	51	59	78	80	88	97	107	112	
40	30
1	2	8	11	12	14	16	18	19	22	24	25	32	34	36	39	44	48	50	51	56	58	59	61	75	78	87	88	93	97	
36	28
0	1	2	4	7	9	10	12	14	15	17	25	27	29	30	32	35	40	42	51	52	58	63	66	81	84	97	112	
36	29
0	1	2	3	4	8	9	12	14	15	20	22	26	27	31	32	34	36	37	48	49	51	52	61	80	81	88	97	125	
35	30
0	2	3	4	5	6	8	9	10	11	12	14	15	19	22	24	25	28	32	35	37	39	40	48	50	51	81	88	97	125	
40	29
0	3	5	7	12	14	15	17	22	24	28	31	32	35	40	42	45	48	51	52	61	62	66	69	81	89	97	107	125	
41	30
0	1	2	4	5	7	8	9	10	11	14	15	24	25	32	34	35	48	51	52	54	58	61	65	75	78	81	93	122	133	
36	30
1	2	4	7	11	12	14	15	17	20	25	27	30	31	34	35	36	37	39	48	49	50	51	52	61	63	64	87	93	97	
36	30
0	1	2	3	4	5	6	7	8	10	12	14	18	24	25	32	34	35	36	39	44	50	51	54	61	65	67	69	80	88	
40	31
0	1	3	4	5	7	8	10	11	12	15	19	22	25	30	35	36	37	39	42	44	48	52	61	65	73	75	81	88	93	122	
41	28
0	1	2	6	8	10	12	14	15	19	24	25	28	35	36	37	39	51	61	73	80	87	88	93	97	112	122	125	
43	31
1	4	5	7	8	10	12	14	15	16	17	19	25	27	30	31	34	35	39	40	51	56	61	68	80	81	89	93	97	112	125	
42	29
1	2	3	4	9	10	11	14	15	17	18	30	31	32	34	39	48	59	61	62	63	67	73	80	81	87	88	93	125	
39	32
0	1	2	3	4	6	9	11	12	14	15	16	22	25	29	30	31	36	37	41	42	45	48	50	51	54	58	65	81	88	93	122	
35	29
0	1	2	3	5	7	8	9	10	12	14	15	16	17	24	27	28	35	37	42	48	49	50	66	80	81	87	93	97	
40	31
5	7	9	10	14	17	18	19	22	24	25	27	28	29	31	32	34	35	36	37	39	40	54	56	58	59	62	65	73	78	125	
36	29
0	1	3	4	5	8	9	10	11	12	14	18	21	22	25	30	32	35	37	39	40	48	52	56	61	65	75	93	122	
38	26
0	2	3	4	5	6	8	9	12	15	16	22	28	32	39	48	50	58	64	65	75	80	81	112	125	133	
38	28
0	1	4	5	7	8	11	12	14	17	18	22	25	32	42	44	48	49	51	58	61	64	65	73	93	96	97	125	
37	28
0	2	3	4	8	9	10	11	12	14	15	24	25	37	39	40	50	51	54	58	59	65	73	78	80	81	87	97	
40	31
0	1	2	3	4	5	7	8	10	15	24	25	27	28	31	35	37	44	48	49	52	54	58	61	63	73	75	78	81	88	93	
35	29
0	2	3	4	5	7	8	9	11	12	15	18	22	27	28	34	35	36	37	39	45	48	49	59	73	75	87	88	97	
39	31
0	1	2	4	5	7	8	9	10	11	12	14	22	24	25	26	30	36	37	39	44	48	49	51	61	64	65	87	93	97	122	
39	29
0	1	2	7	8	11	12	14	15	25	27	28	35	36	37	40	42	44	51	52	54	61	75	78	88	93	97	122	125	
37	29
0	1	2	3	4	5	7	8	10	11	12	14	18	20	25	28	34	35	36	40	42	51	58	65	77	78	88	93	122	
42	30
0	1	3	4	8	14	15	20	21	22	24	27	30	31	32	34	37	39	40	45	51	61	73	80	81	88	97	122	125	133	
32	29
0	1	2	3	4	5	6	7	8	9	10	11	12	14	15	16	17	18	25	27	30	31	32	35	49	51	81	88	97	
32	28
0	1	3	5	7	8	9	11	12	15	16	17	21	25	27	31	34	35	36	37	39	50	51	52	58	61	81	89	
32	27
0	1	2	3	4	5	7	8	9	10	12	14	15	16	17	19	25	30	32	37	44	50	51	56	80	81	112	
42	30
1	2	3	4	5	9	10	11	15	18	27	30	31	32	37	39	44	50	51	54	56	59	65	73	75	78	81	93	112	125	
39	31
0	1	2	3	4	6	7	8	9	10	12	15	16	20	24	27	32	34	36	39	42	43	44	51	75	78	81	84	88	97	133	
41	29
0	1	4	5	7	8	9	10	15	17	24	32	34	35	39	42	48	49	50	58	59	64	66	73	77	93	97	107	125	
38	29
0	1	2	3	5	6	9	10	11	15	16	20	22	25	27	28	29	32	36	39	48	61	73	78	80	87	88	93	125	
43	28
0	1	4	6	12	14	16	18	25	26	29	32	36	44	50	51	56	61	62	65	73	75	78	84	97	107	112	122	
39	30
0	3	4	5	7	9	12	14	15	20	22	25	28	30	31	35	37	40	44	49	51	52	59	61	65	73	81	88	97	112	
39	29
0	1	3	6	7	9	10	12	15	16	19	25	27	29	31	35	36	37	39	51	52	58	62	75	81	93	97	122	125	
36	27
0	1	7	8	14	15	17	18	22	25	27	31	35	36	39	40	42	45	48	61	66	69	73	80	93	97	125	
37	27
0	1	2	3	4	5	7	8	10	11	12	14	15	28	31	32	34	39	42	62	66	69	73	78	80	112	125	
38	30
1	2	3	4	5	7	8	9	11	12	14	16	17	18	22	24	27	32	34	42	48	50	65	66	67	78	80	81	93	97	
39	31
2	3	4	5	6	7	9	10	11	12	14	15	16	20	24	25	27	32	39	41	42	49	50	51	75	78	80	87	88	93	125	
36	29
0	1	2	4	5	6	7	8	10	11	12	14	15	22	24	25	27	32	35	36	37	50	56	61	62	63	78	88	93	
38	29
0	1	2	3	5	6	8	9	10	11	12	15	18	22	26	27	35	37	39	42	48	50	56	61	81	93	97	112	125	
37	30
0	1	2	4	5	7	9	14	15	17	18	24	25	30	31	32	34	35	48	49	51	52	54	58	62	78	87	88	93	97	
36	29
1	2	3	4	5	7	8	9	11	12	14	22	24	25	34	35	36	37	39	41	52	54	58	61	62	69	88	93	97	
36	28
0	1	4	7	8	9	12	14	15	20	22	26	27	32	34	37	44	48	50	51	52	58	64	73	80	88	97	125	
42	29
0	1	3	4	10	12	15	22	24	26	28	30	31	32	36	39	42	48	61	64	65	67	73	75	81	93	94	107	125	
34	28
1	2	3	4	5	7	8	9	11	12	15	21	22	32	34	35	36	37	39	40	48	49	58	65	68	81	93	97	
39	29
0	1	3	4	6	7	9	10	12	14	20	24	28	30	32	35	39	44	50	51	56	59	62	64	65	75	78	81	112	
38	30
0	1	2	4	7	8	9	11	12	15	20	22	27	28	30	31	35	37	39	42	48	49	56	58	59	62	69	75	81	97	
36	27
0	1	3	4	5	6	7	8	9	11	12	14	18	25	31	32	34	39	42	51	56	65	68	84	97	107	112	
34	29
0	1	2	4	5	6	7	8	9	10	14	15	17	18	20	26	27	30	32	37	42	44	49	51	54	88	93	97	125	
34	29
0	1	3	4	5	7	8	9	12	15	18	22	25	27	31	32	34	36	39	42	44	48	50	51	56	75	80	81	87	
36	28
1	2	3	4	5	8	9	11	12	15	22	24	25	28	32	34	37	39	44	48	51	58	69	80	81	88	97	107	
40	30
0	1	2	3	4	5	7	9	14	15	16	17	18	27	31	34	42	44	50	51	54	61	63	78	80	87	93	96	97	122	
41	29
2	3	5	7	9	10	14	16	24	26	27	31	32	34	35	37	39	45	48	59	65	73	80	87	88	93	97	107	112	
36	28
0	1	2	3	5	6	7	8	9	10	11	12	15	16	24	25	32	35	36	48	50	56	58	80	81	88	93	125	
36	29
0	1	2	4	5	7	8	9	10	11	12	14	15	24	25	27	32	35	36	37	40	49	51	58	61	78	88	93	112	
36	29
0	1	2	4	5	6	7	9	10	12	14	15	18	26	30	31	32	37	39	42	44	51	54	56	59	66	80	93	125	
37	30
0	1	2	4	5	6	8	10	11	14	15	17	18	24	25	27	28	31	32	34	35	39	49	51	65	75	81	88	97	112	
37	29
1	2	4	7	8	9	12	14	17	18	22	24	25	28	32	34	35	40	42	48	51	61	62	63	64	80	81	93	97	
42	29
2	4	7	8	9	10	14	15	18	22	24	27	30	32	35	37	39	45	56	61	62	65	69	73	78	80	97	112	125	
43	31
0	1	2	3	4	5	9	12	14	15	16	18	22	24	25	26	31	32	34	35	37	48	61	63	69	73	80	81	107	122	149	
36	28
1	2	3	4	5	7	8	9	11	12	14	22	25	32	34	37	39	44	48	51	58	61	69	73	81	93	96	97	
37	30
0	1	3	7	8	9	12	14	15	17	22	27	31	32	34	36	39	42	44	48	49	51	52	56	61	63	78	80	81	97	
33	27
0	1	2	3	4	5	6	8	9	10	11	12	14	18	25	32	35	37	39	44	48	56	62	64	75	80	81	
40	29
0	1	2	4	6	7	8	9	10	12	14	15	17	25	32	35	37	42	48	56	58	62	66	77	80	88	93	97	125	
40	31
0	1	2	4	5	6	7	9	10	14	15	18	24	25	30	31	34	39	44	48	49	51	56	58	65	66	80	81	88	93	97	
39	29
0	1	2	4	6	7	8	10	12	14	15	17	26	27	30	32	34	35	39	42	61	62	66	73	75	78	81	93	125	
42	30
4	6	7	9	10	11	12	15	16	24	25	27	30	32	39	40	44	48	51	56	58	59	65	73	77	80	81	87	97	122	
37	29
0	1	2	3	5	7	8	9	10	11	12	14	15	25	26	27	31	35	36	37	49	50	51	56	59	73	88	122	125	
37	30
1	2	4	5	7	8	10	12	14	15	16	17	18	22	25	26	35	36	37	39	42	49	50	51	58	61	78	81	93	122	
40	32
1	2	3	4	5	7	10	11	12	14	15	17	22	24	25	31	32	35	36	37	39	44	49	51	54	56	61	69	80	81	88	125	
41	27
0	4	5	6	7	8	12	14	15	17	22	34	44	50	51	52	61	65	66	73	78	81	88	93	122	125	149	
34	28
0	1	2	3	4	5	6	7	8	9	10	12	14	15	18	26	30	32	40	45	48	50	65	73	78	80	88	93	
37	29
2	4	5	7	8	9	11	12	14	17	19	24	25	31	32	34	36	39	45	48	49	51	69	78	87	88	93	97	125	
38	30
0	1	2	3	5	8	9	12	14	15	17	22	25	26	28	32	37	42	43	49	50	51	52	56	61	66	73	78	80	122	
43	34
1	2	3	4	5	7	8	11	14	15	17	20	25	30	31	32	37	39	40	41	42	48	50	51	54	56	58	59	65	73	78	80	88	93	
40	30
1	2	4	7	8	9	11	12	14	15	17	24	25	34	35	39	44	45	48	51	54	56	58	64	75	78	87	88	97	112	
37	29
2	3	4	5	7	8	9	10	11	12	15	19	25	28	31	34	39	48	49	50	51	54	65	78	87	88	93	97	122	
41	32
0	1	3	4	7	9	10	12	16	19	25	27	28	32	35	36	37	39	42	44	45	50	52	56	61	62	65	73	75	78	93	97	
38	30
0	1	2	4	5	7	9	12	14	15	16	18	26	28	32	34	36	42	44	48	50	52	54	67	80	87	88	93	97	125	
38	30
0	2	3	4	8	9	10	11	12	14	15	19	24	25	35	37	39	40	48	49	50	54	61	73	80	81	87	88	93	97	
37	28
1	3	4	5	7	8	9	10	12	14	19	22	25	31	34	36	37	39	42	50	51	73	87	88	93	97	122	133	
35	29
0	1	3	4	5	7	8	9	10	11	12	14	18	19	22	31	32	34	35	36	37	39	40	51	62	63	65	73	112	
39	31
0	1	2	3	4	8	9	11	12	15	18	19	24	27	30	31	32	35	36	37	42	44	50	51	61	64	73	75	81	88	125	
40	30
0	3	5	6	8	10	11	12	15	20	25	27	31	32	35	37	39	42	44	48	50	52	58	66	77	81	88	97	122	125	
37	29
0	1	2	4	5	7	8	10	11	12	14	15	17	30	32	34	35	36	42	45	48	50	58	61	62	69	88	93	125	
35	28
0	1	4	7	8	9	10	12	14	18	20	24	25	32	34	39	42	44	48	49	51	52	58	65	78	80	97	112	
36	29
0	3	4	5	8	9	10	11	12	15	19	20	24	25	31	32	37	39	42	50	51	54	69	73	78	80	81	87	94	
36	29
0	2	3	5	8	9	10	12	14	16	18	25	32	34	35	37	39	40	42	45	48	49	56	62	73	80	81	87	97	
35	28
0	1	2	3	4	6	7	8	11	12	15	18	22	28	31	32	34	36	39	42	48	51	58	78	84	88	97	112	
37	31
0	1	2	3	4	5	7	9	11	12	14	16	19	27	28	29	31	32	35	36	42	44	49	50	51	61	73	75	78	81	88	
39	28
0	2	3	4	5	7	9	10	11	12	15	25	29	30	31	32	39	40	42	48	62	63	64	80	87	107	112	125	
33	27
0	1	2	3	4	6	7	8	10	11	12	14	17	25	27	34	35	36	39	50	51	56	61	78	84	93	97	
34	29
0	1	2	5	7	9	10	11	12	14	15	17	18	28	30	32	36	37	42	44	49	50	51	54	58	62	75	84	93	
38	30
1	2	3	4	6	7	8	9	11	12	14	15	17	22	25	28	30	34	35	37	40	48	49	56	58	73	75	81	93	122	
38	30
1	2	3	4	5	7	8	9	10	11	12	14	15	18	19	31	32	39	40	42	49	51	52	56	65	75	78	80	93	112	
38	30
0	2	3	4	6	7	8	9	10	12	14	15	16	18	28	32	35	40	42	48	50	51	56	58	61	80	81	84	88	97	
36	28
0	1	2	4	5	10	11	12	14	16	17	18	22	25	31	32	37	40	48	50	58	61	63	64	73	77	78	97	
40	30
0	2	4	5	7	8	12	14	15	24	25	28	31	34	35	36	39	48	50	51	56	58	59	63	64	66	80	88	93	97	
41	31
0	1	2	5	6	9	10	14	15	24	25	27	28	32	34	35	36	41	44	45	51	54	58	62	73	75	80	81	88	93	122	
34	30
1	2	3	6	7	9	11	12	14	15	19	25	27	30	31	34	35	36	37	39	40	44	48	49	50	51	58	84	93	97	
39	29
0	1	2	3	7	8	10	11	12	14	15	16	17	18	24	28	32	36	37	48	51	61	62	63	73	93	97	122	125	
38	32
1	2	3	4	5	7	9	12	14	16	17	18	19	24	29	31	35	36	38	39	42	44	49	50	52	54	61	62	73	78	84	88	
38	29
0	1	2	4	5	8	9	10	11	12	14	15	22	24	25	32	35	37	39	44	48	51	56	58	61	80	88	112	122	
35	28
0	1	3	4	8	10	11	12	14	22	25	27	28	30	34	37	39	40	41	51	52	58	61	66	77	78	80	93	
38	28
0	1	3	4	5	6	7	8	9	12	16	17	19	24	26	27	31	34	35	48	56	58	59	73	75	81	122	125	
44	32
0	1	2	3	4	7	9	10	12	14	15	27	34	35	36	39	40	41	45	48	49	50	52	61	65	73	78	93	97	107	122	149	
38	29
0	2	3	5	6	7	9	10	11	12	14	16	18	22	31	32	34	35	36	40	44	48	50	61	88	93	112	125	133	
38	29
0	1	2	4	6	7	8	10	11	12	15	27	28	30	31	35	36	37	39	44	50	58	59	62	75	81	88	93	122	
38	29
0	1	2	3	4	5	8	9	10	11	12	14	15	22	25	32	36	37	39	48	51	58	61	73	75	78	84	93	125	
36	27
0	1	4	7	8	9	10	12	14	18	24	25	32	35	37	44	51	52	54	58	61	65	73	77	80	97	107	
39	29
0	2	3	4	5	6	7	8	9	10	15	24	31	32	34	35	37	39	48	50	56	58	65	69	73	75	81	97	112	
36	29
0	1	2	3	4	5	6	7	9	10	11	15	16	17	18	24	28	34	43	50	51	52	54	56	73	80	81	87	125	
40	28
0	1	2	3	4	5	7	8	9	10	12	15	24	32	34	39	42	48	51	65	75	80	81	88	97	112	122	133	
39	30
1	2	4	5	7	8	9	10	12	14	15	16	17	18	25	35	36	39	42	48	50	52	58	66	80	81	87	88	93	122	
34	28
0	1	2	4	5	6	9	10	12	14	15	16	18	30	31	32	36	37	39	44	50	51	54	58	62	81	93	125	
37	28
0	1	2	5	6	7	10	11	12	14	15	16	22	24	25	27	30	31	35	41	51	63	88	89	93	97	107	125	
39	30
0	2	3	4	9	10	14	15	19	25	27	28	31	32	34	35	37	39	40	44	45	58	61	62	73	78	80	88	93	97	
37	30
0	1	2	3	5	7	8	11	12	14	15	16	18	20	25	28	32	35	36	41	48	49	50	64	75	78	80	81	87	88	
42	30
0	1	2	4	5	9	15	16	18	24	26	31	34	35	39	40	42	48	50	52	58	62	75	78	81	87	93	96	122	125	
37	28
0	1	6	7	8	9	11	12	15	18	22	26	27	32	36	37	39	44	51	59	61	64	66	73	75	81	89	97	
37	29
0	1	2	4	5	7	8	10	12	14	17	19	20	25	34	35	36	39	42	43	44	48	61	65	69	73	93	97	125	
35	26
0	2	3	4	5	8	9	10	11	12	15	25	32	34	37	39	44	48	58	62	64	73	78	80	81	125	
34	28
0	1	3	6	7	8	9	10	12	14	15	16	19	25	27	32	35	36	39	42	49	51	56	64	73	80	88	97	
42	29
0	2	3	5	8	9	11	12	14	15	20	22	25	34	39	40	42	48	50	54	73	77	80	81	93	112	122	125	149	
36	29
0	1	3	4	5	7	8	9	10	12	14	19	22	25	26	27	30	34	39	40	42	51	52	59	65	73	81	88	149	
40	29
1	2	3	4	6	7	9	10	12	14	15	21	24	25	30	32	37	44	51	54	61	65	69	80	81	84	88	107	125	
32	28
0	1	4	5	6	8	9	10	11	12	14	18	22	25	27	32	34	36	37	39	42	44	51	52	61	65	73	93	
36	28
0	1	2	3	4	5	7	8	10	11	12	14	18	22	28	32	34	36	42	50	51	64	65	80	81	88	97	122	
34	28
1	2	4	5	6	7	8	11	12	14	17	18	22	24	28	34	35	41	48	49	50	51	63	65	81	87	88	97	
35	27
0	1	2	4	7	8	9	10	12	14	15	19	24	26	30	34	39	42	48	51	64	66	75	80	93	97	122	
34	27
0	1	2	3	4	5	6	7	8	11	12	14	22	24	25	31	34	35	37	48	50	66	78	88	93	97	125	
40	29
2	3	4	5	8	9	10	11	15	25	35	36	37	39	40	42	50	51	54	56	65	68	73	75	80	81	93	97	112	
36	29
1	2	3	4	5	6	7	8	9	10	11	12	15	27	28	30	39	40	48	51	52	54	56	65	66	80	81	87	93	
37	28
2	3	4	8	9	10	12	14	20	24	25	28	32	34	37	38	44	45	50	51	56	59	69	80	81	87	97	112	
39	29
0	1	2	3	4	5	9	12	14	16	22	25	31	32	37	39	42	44	48	54	58	61	65	75	80	88	93	97	107	
36	29
0	1	5	6	7	8	11	15	16	18	25	26	28	32	34	35	36	39	40	44	48	49	50	56	78	80	88	93	133	
35	30
0	1	2	4	5	6	7	8	9	10	12	14	17	18	19	25	27	32	35	39	42	44	48	50	52	58	64	65	75	81	
33	29
0	1	2	3	4	5	10	11	12	15	16	22	24	25	29	32	34	37	39	40	45	48	49	50	51	61	81	87	93	
34	29
0	1	3	4	5	6	8	9	10	11	12	14	19	22	25	27	31	32	34	39	41	42	45	51	62	73	81	88	93	
36	31
0	1	3	5	6	7	11	15	16	17	21	27	30	31	34	35	39	40	42	44	45	48	49	50	51	52	58	61	65	81	97	
35	27
0	1	3	6	8	10	11	12	15	22	25	27	28	31	32	37	39	42	44	51	61	64	73	75	81	89	122	
37	29
0	1	2	3	4	5	7	9	11	12	15	16	17	24	31	32	34	35	42	44	48	51	58	59	62	78	81	97	112	
40	30
1	3	4	5	7	8	12	14	15	20	22	24	32	34	39	42	44	50	51	52	54	61	64	65	66	80	81	88	93	122	
39	28
0	1	2	3	4	5	7	8	10	12	14	25	26	30	32	42	45	48	50	58	61	64	65	81	93	97	107	122	
37	29
0	1	2	3	4	5	8	10	15	19	25	28	32	34	37	39	44	48	49	50	51	56	61	66	75	78	80	87	93	
39	30
0	2	5	6	7	8	9	10	14	15	16	17	20	32	34	35	37	39	42	44	48	49	50	64	69	78	80	81	112	149	
36	28
0	2	3	4	5	6	7	8	9	11	15	25	27	28	34	35	36	39	42	48	50	65	75	78	80	93	97	122	
38	28
0	1	2	3	4	5	6	7	9	15	18	28	34	36	39	40	44	48	50	56	59	73	75	80	87	88	97	122	
35	27
0	1	2	3	4	7	8	9	11	12	15	24	25	31	32	35	36	37	48	51	58	61	80	81	88	97	133	
36	28
0	2	3	4	6	7	9	12	14	15	16	18	27	28	34	36	40	44	50	51	56	58	59	61	73	75	88	97	
43	30
0	1	2	5	8	9	15	18	22	25	26	32	36	37	39	44	48	51	56	58	61	62	73	75	80	87	88	89	97	107	
41	30
1	3	5	6	7	12	14	15	16	18	22	25	28	34	35	36	40	44	48	49	51	58	65	73	81	88	93	97	112	125	
35	29
0	1	2	3	4	5	8	9	10	11	12	14	15	22	24	25	32	34	37	39	40	42	45	51	61	73	81	93	122	
35	29
1	2	3	4	5	6	8	9	10	11	12	15	17	24	25	27	35	37	41	44	51	52	54	63	65	80	81	87	97	
36	29
1	2	3	4	5	7	8	10	11	12	15	19	31	32	34	37	39	40	44	48	49	51	56	61	65	73	75	81	93	
36	29
0	2	4	5	7	8	9	10	11	12	14	17	19	20	22	25	26	34	36	37	39	50	51	58	78	88	93	97	122	
43	30
2	4	6	8	9	10	11	14	15	16	17	18	25	32	34	35	39	50	56	58	59	62	73	78	80	81	84	88	97	122	
40	29
0	1	4	5	6	7	8	11	12	14	22	25	27	32	35	36	37	44	50	51	59	61	64	73	75	78	81	107	122	
38	30
0	1	2	3	4	5	7	8	9	10	11	12	14	15	22	25	28	39	40	42	48	51	58	59	65	73	78	87	93	97	
40	31
1	2	3	5	9	10	11	12	14	15	16	17	22	25	28	29	31	42	43	44	50	51	54	61	66	75	78	81	89	97	125	
36	28
0	1	2	4	7	8	9	10	11	12	14	15	24	25	27	32	34	37	42	50	51	56	64	80	81	88	97	125	
35	29
0	2	4	5	9	11	12	15	18	24	25	26	30	31	32	36	37	39	40	42	44	48	52	61	69	80	81	93	97	
40	29
0	1	2	3	6	8	9	10	11	12	14	16	17	24	27	34	35	37	42	51	58	65	73	75	81	93	97	122	125	
37	28
0	2	4	7	8	9	10	12	14	15	24	25	32	35	39	40	42	48	50	51	58	59	80	87	88	93	97	125	
40	30
0	2	3	4	5	6	8	9	11	12	14	17	24	29	34	35	37	40	48	50	52	58	61	65	73	75	80	81	88	125	
39	31
0	1	4	5	6	9	14	15	16	17	18	20	24	25	26	31	32	34	35	37	40	44	48	62	65	67	73	81	93	94	97	
36	30
0	1	2	3	4	5	7	8	10	11	12	14	15	18	25	26	32	34	35	37	44	48	49	50	73	75	78	84	88	97	
46	31
1	5	6	7	8	9	11	12	15	18	31	35	36	37	39	48	50	51	52	58	62	65	66	67	69	88	93	97	112	122	125	
39	29
0	1	2	3	7	10	11	12	15	17	22	24	25	27	28	34	35	42	44	48	54	56	61	65	73	75	97	125	149	
46	30
1	2	5	7	8	9	12	14	18	21	22	24	25	29	39	44	52	56	59	61	62	64	65	73	80	81	96	107	122	149	
35	28
0	1	2	3	4	5	8	10	12	14	21	22	24	25	28	31	32	34	35	37	48	58	63	65	66	81	88	93	
35	28
1	2	3	4	5	7	8	9	12	14	15	20	22	25	31	32	34	39	44	48	49	50	64	81	87	88	93	112	
37	29
0	1	3	4	5	7	8	9	11	15	20	25	30	31	32	34	36	39	44	48	50	51	56	58	65	73	75	97	133	
36	29
1	2	7	8	10	11	12	14	15	24	25	26	27	32	34	37	39	42	44	48	50	51	56	61	75	81	87	93	97	
38	31
1	2	4	5	7	8	9	11	12	14	15	17	24	25	28	29	31	32	34	35	37	44	48	49	51	59	65	73	78	97	112	
36	28
1	2	4	5	8	9	10	12	14	15	18	24	25	27	28	32	35	37	48	49	51	75	80	81	87	88	93	112	
38	29
0	1	4	5	8	9	10	11	12	15	16	18	24	25	32	34	35	37	42	44	51	59	65	69	73	80	81	93	122	
37	29
0	1	4	5	8	10	11	12	14	15	16	18	21	24	25	27	31	32	37	39	48	50	61	73	80	81	93	97	122	
38	30
1	2	3	4	6	7	8	9	10	11	12	14	15	17	22	24	25	30	32	35	37	48	49	58	75	77	81	88	93	125	
33	28
0	1	2	4	6	7	8	9	11	12	15	17	18	25	28	32	34	39	41	42	48	49	51	58	59	78	81	97	
35	27
0	1	2	3	4	5	6	8	9	10	11	12	14	15	22	25	30	32	37	44	51	58	80	81	88	122	125	
37	29
0	1	2	4	5	7	8	10	11	12	14	15	17	27	28	31	32	37	39	42	48	56	62	65	75	80	81	88	97	
37	28
1	2	4	6	8	9	11	12	14	15	16	17	22	25	27	32	35	36	37	42	58	61	62	63	64	80	97	112	
37	29
1	2	3	5	6	7	8	9	10	11	12	14	15	17	19	22	25	35	36	40	48	49	51	62	65	80	88	112	122	
43	31
0	1	2	4	5	8	11	15	16	22	24	26	28	29	32	34	35	48	51	54	58	61	65	75	77	78	80	81	88	97	122	
37	28
0	1	4	6	8	9	10	14	16	17	25	27	31	32	39	42	44	51	52	61	65	69	73	80	81	87	93	97	
38	28
0	1	2	3	4	7	8	9	10	12	14	15	16	18	27	32	39	42	51	52	56	58	66	73	80	97	107	133	
39	31
0	2	4	9	10	12	14	15	16	18	24	25	27	29	31	35	36	37	39	42	48	52	54	59	61	65	73	77	78	80	97	
40	29
1	2	4	5	6	10	12	14	15	16	17	18	22	25	31	32	37	39	44	51	58	69	77	78	81	88	89	112	125	
37	28
0	1	2	3	4	5	7	8	9	12	15	20	26	28	30	32	34	38	48	50	58	65	73	80	81	88	93	149	
32	28
0	1	2	3	4	5	6	7	9	10	12	15	16	20	25	29	32	35	36	39	40	48	51	52	75	80	81	88	
37	29
1	2	3	4	5	6	7	8	9	10	14	15	25	31	32	34	35	39	44	49	51	52	59	65	78	80	88	93	112	
43	32
0	1	2	3	4	5	6	8	9	10	11	14	17	18	22	25	34	35	36	44	49	51	54	58	61	69	73	78	88	97	107	122	
37	28
0	2	4	5	8	11	12	14	15	16	17	22	26	28	34	39	42	50	51	54	59	61	75	78	93	94	97	125	
38	30
0	1	2	3	5	10	11	12	15	18	20	25	27	28	35	36	37	39	40	44	48	49	54	56	59	78	81	88	93	122	
38	31
0	1	2	3	5	8	9	10	11	12	15	16	17	22	25	27	32	34	35	39	42	48	49	51	58	65	75	80	81	88	93	
37	29
1	4	6	8	11	12	14	18	22	25	27	28	32	36	39	40	41	44	50	51	52	56	61	65	75	77	78	81	97	
34	28
0	1	2	3	4	5	7	8	9	11	12	14	15	18	22	28	31	32	34	37	39	48	51	63	73	80	97	107	
36	28
0	1	4	5	10	12	14	15	20	25	27	28	32	34	36	37	40	44	49	50	51	56	61	64	65	73	80	107	
36	28
0	1	2	3	4	5	7	8	9	10	11	12	15	16	24	25	32	34	44	48	50	61	64	81	87	88	93	112	
39	29
0	2	3	4	5	7	9	11	12	14	15	17	18	30	31	32	39	40	48	49	58	65	73	77	80	87	88	97	125	
42	30
2	3	4	5	9	10	14	15	17	22	25	26	28	30	34	39	40	42	50	61	62	69	73	77	78	80	87	88	97	122	
35	29
0	1	2	3	4	5	7	8	9	10	11	12	14	24	25	27	35	36	37	44	48	49	52	56	58	61	78	88	93	
36	28
0	1	2	3	7	8	10	15	18	24	27	28	34	36	37	39	41	44	48	49	58	59	61	64	66	87	93	97	
36	30
0	1	2	3	4	5	7	8	9	11	15	20	22	31	32	34	35	36	39	40	42	48	49	51	52	58	61	81	97	107	
35	29
2	3	4	7	8	9	10	12	14	15	17	22	24	28	31	34	35	39	42	45	48	49	50	58	63	64	81	93	97	
35	28
0	1	3	4	5	7	8	9	10	11	12	14	15	25	27	31	35	37	39	44	48	69	73	78	84	93	94	96	
36	29
0	1	2	4	7	8	9	10	12	14	15	20	24	25	27	30	32	34	39	44	50	51	61	63	65	68	80	81	93	
36	27
0	1	3	7	8	11	12	14	15	17	19	22	27	31	34	35	36	39	48	56	58	61	75	81	88	97	125	
34	28
0	1	2	4	7	8	11	12	14	19	24	26	30	31	34	36	39	41	42	44	48	51	58	59	61	84	93	97	
41	31
0	2	3	5	8	9	10	11	15	24	25	28	30	31	32	34	37	41	48	50	51	52	54	58	61	73	78	88	97	122	125	
34	29
0	1	2	3	5	6	10	11	12	15	16	18	19	24	25	32	34	37	40	41	44	50	51	54	56	61	64	81	88	
42	31
1	4	5	8	12	14	15	17	21	22	25	28	30	31	32	35	36	40	42	48	49	56	62	65	66	75	78	81	88	97	122	
41	29
0	1	2	3	5	8	9	15	30	31	34	36	37	39	40	44	48	50	51	56	58	65	73	81	87	93	97	125	149	
33	28
0	1	2	3	4	5	7	8	9	11	12	15	17	22	24	34	35	36	37	40	42	48	49	58	73	81	93	97	
41	29
0	1	2	3	4	6	7	9	11	14	18	30	32	36	39	42	45	48	51	62	64	65	75	77	80	81	97	107	122	
37	30
0	1	5	7	8	9	10	11	12	14	15	16	17	25	34	35	36	37	41	48	49	50	52	56	77	81	84	87	88	93	
37	28
0	1	2	3	5	11	12	14	15	17	18	22	24	27	29	35	39	42	45	48	58	61	64	66	75	93	97	125	
34	27
0	1	5	7	8	10	12	14	15	17	22	24	25	27	30	31	37	42	44	50	51	61	73	81	87	93	122	
39	31
2	3	4	5	6	7	9	10	12	14	15	16	18	22	24	30	35	36	37	39	40	41	48	52	59	65	73	75	88	97	107	
38	29
0	1	3	4	5	6	7	8	9	10	12	14	15	22	25	32	35	37	42	51	52	58	65	66	73	78	88	93	122	
43	32
0	1	3	4	5	7	8	9	10	15	18	20	24	27	30	31	37	39	44	48	49	66	73	75	77	80	81	84	88	93	94	97	
34	28
1	3	4	7	8	11	12	14	15	16	22	24	31	34	35	36	39	44	48	50	51	52	58	63	78	81	88	89	
37	29
0	1	2	3	4	5	7	8	9	10	11	15	30	32	34	36	37	39	40	49	51	52	58	65	78	81	93	97	112	
39	30
0	1	2	4	5	7	8	9	10	11	12	14	15	22	24	25	27	30	32	37	50	51	63	78	81	87	88	93	97	125	
34	27
0	1	3	4	5	6	7	8	9	10	12	15	19	25	31	32	39	44	48	51	52	64	65	73	75	88	107	
36	29
0	1	2	3	4	5	8	10	11	12	22	25	32	34	36	37	39	44	45	48	50	51	56	58	61	65	81	93	97	
40	31
0	1	4	5	6	7	8	9	10	11	12	14	15	22	27	31	32	34	39	42	44	50	51	63	73	78	80	81	87	93	125	
43	31
2	4	7	9	10	12	14	16	22	27	28	32	34	36	37	40	42	44	48	50	61	63	69	75	80	81	87	88	93	97	133	
39	30
0	2	4	6	7	9	10	11	14	17	18	25	27	31	32	34	35	39	40	49	50	51	56	58	65	77	80	81	97	107	
39	27
2	4	5	6	9	10	11	12	15	18	24	25	30	31	37	44	48	50	61	69	73	80	88	93	107	112	122	
35	29
0	1	5	6	7	8	10	11	12	14	16	17	18	19	22	27	28	32	34	35	36	42	49	51	62	64	73	88	125	
39	28
0	1	2	4	8	9	11	12	14	17	22	24	25	31	32	35	37	50	56	58	59	61	62	80	81	88	97	112	
38	28
0	1	2	3	6	7	8	9	10	11	12	14	22	24	30	34	39	42	51	56	61	62	73	75	81	93	97	122	
38	29
0	1	2	3	4	5	8	10	11	12	14	18	19	22	25	29	30	32	37	39	40	51	58	61	80	88	97	112	122	
37	29
0	1	2	3	4	5	6	7	8	10	11	12	15	17	19	28	31	32	35	37	39	48	59	65	69	78	80	93	149	
37	30
0	1	4	6	7	8	9	11	12	14	17	20	24	25	30	31	34	36	45	48	50	51	52	61	65	66	81	84	88	93	
44	30
2	7	8	11	12	15	17	24	25	27	30	31	37	39	41	48	49	52	58	61	65	66	73	75	77	78	80	81	112	122	
36	30
1	2	3	4	5	7	8	9	11	12	14	15	16	22	24	25	32	34	39	44	48	49	50	54	58	64	75	80	81	88	
43	30
1	2	4	5	8	10	11	14	15	25	30	34	36	37	39	40	42	50	51	59	61	65	69	73	75	78	80	93	112	122	
40	29
0	1	2	3	4	6	8	9	10	11	12	15	18	25	32	39	44	48	51	56	58	63	64	73	78	81	88	97	107	
32	27
0	1	2	3	4	6	9	10	11	12	14	15	22	25	30	31	32	34	37	39	44	48	64	73	75	80	81	
40	30
0	2	3	4	5	6	8	9	10	12	18	25	28	34	35	37	39	40	42	48	50	51	56	61	65	73	75	93	122	125	
37	30
0	1	3	4	5	7	8	9	10	12	14	15	20	22	25	28	31	32	35	40	48	51	52	56	63	66	75	78	88	93	
33	27
0	1	2	3	4	6	7	8	10	11	12	15	17	18	25	28	30	31	39	48	49	51	64	73	80	88	122	
36	28
0	1	2	3	4	5	7	11	12	14	15	16	22	25	29	31	32	35	42	48	51	58	61	66	80	81	88	122	
42	31
0	1	2	4	5	6	7	8	10	12	14	15	17	24	25	31	34	35	37	39	45	48	64	66	69	75	80	84	93	122	125	
45	29
0	1	2	7	10	11	15	18	24	28	32	34	35	39	42	48	56	58	65	73	75	81	87	88	93	97	107	112	125	
40	30
0	2	5	6	8	9	12	14	15	17	24	26	27	30	31	34	36	37	40	48	50	56	59	61	78	80	81	93	97	125	
36	29
0	1	2	4	5	6	7	8	10	12	14	15	19	25	27	30	36	39	40	44	50	51	52	61	73	87	88	93	122	
37	29
1	4	5	12	14	15	16	18	22	25	28	31	32	35	39	41	42	44	48	50	51	56	58	61	73	78	80	81	93	
39	31
1	2	5	6	8	9	10	11	12	14	15	16	17	20	22	25	32	35	37	39	42	44	49	51	56	78	80	81	88	93	122	
40	30
0	1	2	4	5	7	9	12	14	15	16	17	18	24	25	26	31	32	37	50	51	58	61	64	77	81	88	93	97	112	
36	31
1	2	3	5	6	7	8	9	10	11	14	15	22	25	27	32	34	35	36	39	42	43	44	48	49	50	61	73	77	80	88	
34	27
0	1	2	3	4	5	7	8	9	10	12	14	15	24	25	27	32	34	35	44	51	58	65	81	88	93	107	
38	30
4	5	8	9	10	12	14	15	17	22	25	27	30	37	39	41	43	44	45	49	50	51	56	63	65	73	81	87	88	97	
38	28
0	1	2	3	5	9	12	16	18	29	31	32	34	35	39	41	48	49	51	56	58	73	75	78	81	88	97	122	
35	29
0	1	2	3	4	5	7	8	11	12	14	19	24	25	31	34	35	37	39	41	42	44	48	66	78	87	88	93	97	
37	30
0	1	2	3	5	8	9	10	11	12	14	17	18	22	25	31	32	37	39	40	41	49	54	56	58	59	61	62	64	81	
42	32
1	2	3	4	5	6	7	8	10	11	12	14	15	17	19	20	24	25	35	36	40	42	49	51	61	69	73	78	84	97	107	112	
37	30
1	2	3	4	5	6	7	8	10	11	12	14	15	16	17	18	25	27	32	37	49	50	51	58	61	62	78	81	87	97	
39	30
2	4	7	9	10	11	12	14	15	18	24	25	28	30	31	32	34	44	48	50	51	58	61	62	63	68	78	81	88	97	
37	30
0	1	2	4	5	6	8	9	10	12	14	24	25	29	32	34	36	37	40	44	48	49	50	51	56	65	81	88	97	125	
38	30
0	2	4	5	7	9	12	14	15	16	17	18	24	25	29	31	35	36	37	49	50	51	54	58	61	80	81	88	97	133	
37	27
0	1	2	3	4	5	8	9	11	12	22	24	32	34	35	39	48	49	56	58	65	73	81	88	93	97	125	
35	27
0	1	2	3	5	8	10	12	14	16	22	24	25	28	34	35	36	37	39	48	61	65	73	80	93	96	122	
38	28
0	1	2	3	4	6	7	8	11	12	14	15	26	31	34	39	42	50	51	58	59	61	65	78	80	87	97	112	
41	30
1	2	4	5	10	11	12	14	15	16	18	24	25	28	29	39	42	48	49	52	61	66	67	75	78	80	81	93	97	125	
37	29
0	1	3	4	5	6	10	11	12	15	16	17	18	19	22	24	32	37	39	48	49	51	58	65	73	81	87	88	125	
34	28
0	1	2	3	4	5	9	11	12	14	15	18	19	25	30	31	32	34	37	44	49	50	51	58	61	73	88	122	
37	29
0	1	2	3	5	6	7	8	12	14	15	18	24	25	26	27	30	31	32	34	50	51	56	61	62	80	88	93	107	
38	29
0	1	2	3	4	5	7	10	12	14	15	22	24	25	29	30	34	35	39	42	48	61	62	64	81	87	93	97	125	
43	30
0	1	3	4	5	7	8	9	10	11	14	15	18	21	30	32	39	48	51	52	56	65	75	77	93	96	97	122	125	133	
40	28
0	2	3	4	6	7	10	12	14	15	16	22	34	36	44	48	50	54	59	61	66	80	81	88	93	97	122	125	
32	28
0	1	2	3	4	5	7	8	9	10	11	15	18	25	27	28	31	32	34	35	39	48	49	51	73	78	80	88	
41	30
0	2	3	4	5	6	7	9	10	11	12	14	15	27	28	39	40	42	51	52	56	64	68	69	73	75	88	96	97	122	
33	29
0	1	2	3	4	5	8	9	11	12	14	15	18	22	25	31	32	34	37	39	42	45	48	50	51	81	87	88	93	
35	30
0	1	2	3	4	5	6	7	10	12	14	15	19	20	22	25	26	31	32	34	36	37	39	48	50	56	64	77	88	93	
35	29
0	1	2	4	5	8	9	10	14	15	17	18	22	25	27	32	34	35	36	39	42	48	51	73	78	80	81	87	93	
40	32
0	1	4	5	8	9	10	12	14	15	17	18	22	24	25	31	35	36	40	42	44	49	51	54	65	69	73	78	81	87	88	97	
35	28
1	2	4	5	8	9	10	11	12	14	17	22	25	29	31	32	34	35	36	37	39	48	58	77	81	88	89	107	
34	28
0	1	4	5	7	8	11	12	14	16	17	19	24	25	31	34	35	36	50	51	52	54	58	61	73	78	88	93	
41	31
0	1	2	4	5	8	9	11	12	14	15	18	22	24	30	35	36	37	42	44	48	51	56	62	73	75	81	88	93	97	107	
38	28
0	1	2	3	4	6	7	8	10	11	12	14	25	30	31	36	37	41	44	48	50	64	65	88	93	107	112	122	
37	30
0	1	3	4	5	6	8	10	11	12	14	15	19	22	25	27	32	34	35	37	44	45	52	54	61	62	65	81	88	149	
38	27
0	2	3	4	5	7	9	10	12	14	15	16	19	31	34	39	44	50	56	62	63	69	73	80	93	122	125	
40	31
0	1	2	3	5	6	7	8	11	12	14	15	19	22	24	25	32	34	35	37	39	42	48	52	54	61	78	81	112	122	149	
34	27
0	1	2	3	4	5	6	8	11	12	14	18	22	25	28	34	35	36	37	39	48	59	61	73	75	88	122	
34	28
0	1	2	3	5	8	10	11	12	14	15	16	17	22	28	31	34	35	39	42	48	50	52	61	73	81	93	125	
43	30
0	1	3	4	7	10	12	14	16	17	22	24	25	37	41	44	45	49	50	59	61	62	64	73	78	81	93	97	122	125	
37	28
1	2	3	4	7	9	10	12	14	15	18	24	30	32	39	42	44	50	54	56	58	59	62	63	64	78	81	93	
37	29
0	1	2	3	4	5	7	8	9	10	12	14	15	18	24	25	32	34	40	42	44	50	51	65	69	73	93	112	122	
40	29
0	2	5	7	12	14	15	16	18	19	24	25	29	31	32	35	37	42	51	52	61	65	66	69	80	81	97	112	122	
38	29
0	1	3	5	8	10	15	16	17	18	19	24	28	32	34	35	36	39	48	51	52	58	62	64	73	81	88	93	125	
36	30
0	1	2	3	4	5	8	9	10	11	12	14	17	18	21	22	31	32	34	37	42	45	50	51	54	62	81	88	97	125	
36	28
0	1	2	4	5	6	7	9	10	11	12	15	27	32	34	36	39	42	44	48	50	56	62	64	75	81	93	112	
40	29
0	2	3	4	5	6	7	10	12	14	18	29	32	34	35	37	39	40	50	51	56	65	68	69	73	88	93	112	125	
36	27
0	2	3	4	5	8	9	11	12	15	25	30	32	34	37	39	44	45	48	58	61	62	80	88	93	97	107	
35	28
0	1	2	3	4	5	7	8	9	10	12	14	15	22	34	35	36	39	40	42	50	51	65	73	81	88	93	122	
39	29
0	1	5	6	8	12	15	16	17	19	21	22	24	25	28	35	36	41	52	54	61	62	64	75	78	81	88	97	112	
44	29
0	2	5	12	14	15	16	17	18	25	28	30	31	34	42	44	49	51	61	68	73	78	87	88	93	107	112	122	133	
38	29
0	1	4	5	7	8	9	10	14	15	16	17	19	25	35	44	48	49	50	54	56	65	66	75	80	81	87	93	97	
43	30
1	3	5	8	14	15	19	20	24	25	27	29	35	39	42	44	45	48	51	59	61	63	66	73	75	78	81	88	122	133	
39	31
1	2	4	6	7	8	9	10	11	12	14	15	16	17	22	24	25	27	30	35	48	49	51	56	61	73	75	78	81	93	97	
36	29
0	1	2	4	7	8	10	11	12	15	18	22	24	25	30	34	35	36	37	40	50	51	52	61	80	81	88	93	112	
35	30
1	2	4	5	6	7	8	9	10	12	14	15	16	17	22	25	26	32	36	37	40	42	48	50	51	75	80	81	93	97	
36	29
0	1	2	3	6	7	10	11	12	15	17	24	25	27	28	30	31	35	40	42	44	48	51	58	65	80	81	88	122	
43	32
0	1	2	3	5	7	8	10	11	15	17	24	26	27	30	31	34	35	39	42	48	49	51	61	66	68	73	75	88	97	112	122	
36	28
2	3	4	5	7	8	9	10	14	15	25	30	34	35	36	39	44	48	49	50	58	64	69	77	87	88	93	97	
34	30
0	1	2	3	5	8	11	12	14	15	16	17	18	22	25	26	27	32	34	35	37	39	42	48	49	50	73	81	88	93	
38	30
0	1	2	5	6	7	8	10	11	12	15	16	18	25	28	32	39	41	42	44	48	49	51	58	61	62	78	88	97	112	
42	31
1	2	3	4	5	7	9	11	14	15	18	22	24	25	30	34	37	39	44	48	49	52	58	64	73	75	78	81	93	122	125	
37	29
0	5	6	7	8	11	12	14	15	16	22	24	25	28	32	34	41	42	49	50	51	54	58	61	66	73	81	97	107	
36	28
0	1	2	3	4	7	8	9	10	11	12	15	18	25	27	34	35	39	48	49	50	56	64	80	81	93	97	125	
40	30
0	1	3	4	5	7	8	10	12	15	22	25	26	28	29	30	35	37	39	44	48	51	61	62	65	73	75	93	112	122	
39	30
0	2	4	6	7	8	9	10	11	12	14	15	17	22	25	30	34	39	42	50	51	54	58	59	78	80	81	93	97	125	
41	29
0	1	5	6	7	8	12	14	15	20	24	25	31	32	35	37	41	48	51	52	66	80	87	88	93	97	112	125	149	
34	29
0	1	3	4	5	6	7	10	11	15	17	20	21	22	28	29	30	31	39	48	49	50	51	52	59	64	78	81	88	
35	30
0	1	2	4	5	7	9	11	14	15	17	24	26	27	34	35	36	39	40	41	42	44	45	48	51	58	66	73	93	97	
37	30
1	4	5	7	8	9	14	15	20	24	25	27	31	32	36	37	39	40	41	44	48	49	51	56	65	66	73	80	87	97	
37	29
0	1	2	3	4	5	6	7	9	11	14	18	22	30	32	34	36	39	40	48	50	51	65	69	73	75	87	97	133	
41	29
0	2	4	6	7	8	10	12	15	24	25	32	34	37	39	40	44	50	51	61	63	64	66	81	88	93	97	112	149	
34	29
0	1	2	3	4	6	7	8	9	10	11	12	14	15	16	22	25	30	31	32	35	39	42	50	51	61	80	81	112	
36	29
0	1	2	4	7	8	9	11	12	14	19	21	24	25	27	31	32	34	37	39	44	48	58	59	62	63	64	81	97	
42	30
1	2	5	6	8	9	12	14	15	18	21	24	25	27	28	35	37	39	40	44	48	63	64	69	73	80	93	107	112	122	
37	29
0	2	3	4	5	7	8	9	10	11	14	15	24	25	30	31	32	35	37	39	48	50	56	73	75	78	80	88	112	
41	31
0	2	4	7	10	11	12	14	15	16	22	25	26	27	28	30	34	35	40	42	44	51	61	66	75	81	87	88	93	97	107	
38	31
0	1	2	3	4	5	6	7	10	12	14	16	17	19	21	24	29	31	34	37	42	44	48	50	51	81	87	88	93	97	149	
34	27
0	1	2	3	4	5	7	8	9	10	11	12	15	27	28	29	32	37	39	48	50	56	64	75	81	93	112	
33	27
1	2	3	4	5	7	8	9	11	12	15	22	25	28	31	34	35	39	48	49	51	58	68	81	87	93	97	
41	30
0	1	5	9	10	12	14	15	16	24	25	27	28	29	32	35	37	40	42	51	56	61	65	73	80	84	88	96	97	122	
34	27
0	1	2	4	5	7	8	9	11	12	14	15	18	24	25	31	34	36	39	49	51	68	69	80	88	93	122	
38	29
0	1	3	4	7	8	9	10	11	12	15	18	24	25	31	37	39	41	48	49	51	52	58	67	77	84	89	122	125	
39	30
0	1	2	3	4	5	6	8	9	10	11	15	16	17	18	20	24	27	35	48	49	54	56	61	73	81	87	93	97	125	
35	28
0	1	2	3	5	6	7	9	11	12	14	15	16	17	25	27	28	34	36	40	49	51	68	73	78	88	89	122	
37	29
0	1	3	4	5	7	11	12	18	22	24	30	31	34	35	39	42	44	48	50	51	56	58	66	78	81	88	89	97	
36	29
0	2	3	4	5	8	9	10	11	15	18	24	25	26	27	29	34	35	39	42	48	49	52	73	78	80	81	93	125	
39	29
1	5	7	9	11	12	14	15	16	18	21	24	25	27	30	31	35	39	42	44	48	56	81	87	88	93	97	112	125	
33	28
0	1	2	3	4	5	7	8	10	12	14	15	17	19	24	28	30	31	34	35	42	48	51	52	65	81	88	112	
39	29
0	1	2	3	4	5	7	8	9	10	11	12	14	19	24	27	32	34	35	42	51	56	65	81	87	88	93	107	112	
36	30
0	1	2	3	4	5	7	8	9	10	11	12	14	15	16	21	26	32	34	35	42	44	48	51	56	75	81	84	88	97	
40	29
0	1	2	4	5	6	7	8	10	12	14	15	18	32	34	35	44	48	50	56	61	65	73	75	81	84	88	93	107	
37	30
0	1	4	5	6	7	9	11	12	14	15	17	18	19	22	25	32	35	40	42	44	48	51	52	56	64	66	81	88	122	
36	28
0	1	2	3	5	6	8	10	11	12	14	19	31	34	35	37	39	42	44	48	49	56	62	81	88	93	97	125	
34	27
0	2	3	4	6	8	9	10	11	12	14	15	25	28	30	32	39	40	48	50	56	58	75	80	81	93	97	
40	29
0	1	2	4	5	7	8	10	12	19	24	26	34	36	40	42	48	50	51	56	61	62	66	75	80	88	93	97	107	
38	29
0	1	2	3	4	5	7	8	9	11	12	15	22	24	25	34	35	36	37	40	48	51	58	73	75	88	93	107	122	
38	29
1	3	5	6	7	8	10	11	12	14	16	22	24	25	32	34	39	43	44	48	51	56	59	61	65	66	78	93	107	
36	29
1	2	3	4	5	7	8	9	10	14	15	17	24	25	27	32	34	35	37	39	48	49	59	73	77	78	87	88	93	
43	30
0	3	4	6	9	10	14	18	19	20	25	30	31	32	34	35	37	39	51	61	65	69	73	75	78	81	87	97	107	112	
39	31
2	4	5	6	7	9	10	12	14	15	16	18	19	22	25	32	35	36	37	40	42	43	44	51	61	64	65	69	75	87	112	
35	29
0	1	2	3	4	5	8	9	11	12	15	17	18	22	29	32	35	37	39	41	42	48	49	58	61	64	81	93	97	
40	29
0	1	3	5	6	8	9	10	11	12	19	21	25	30	31	35	39	42	48	49	50	59	62	64	73	88	107	112	122	
34	27
0	3	4	5	7	8	11	12	14	15	17	18	21	22	30	31	35	37	40	50	51	61	63	73	80	97	122	
37	30
0	1	4	5	9	10	11	15	18	22	25	27	32	34	35	36	39	40	42	43	44	51	52	59	65	73	78	80	81	93	
39	30
1	4	7	9	10	12	14	18	21	24	25	28	29	30	31	32	34	39	44	45	52	54	56	58	68	78	80	81	93	107	
41	30
1	2	3	4	7	8	10	11	12	14	15	17	18	19	27	35	36	37	39	48	51	56	61	73	77	80	84	97	112	125	
36	29
0	1	3	4	5	7	9	11	14	15	16	17	18	20	28	30	31	35	37	44	48	49	56	62	65	68	81	88	97	
42	29
1	2	3	4	6	8	11	12	14	16	18	19	28	32	34	42	48	51	56	64	65	75	80	81	88	93	97	112	125	
38	28
0	1	2	3	4	5	6	7	8	10	12	14	15	18	32	34	39	42	44	51	56	58	59	61	63	66	107	112	
41	30
0	1	3	4	8	9	10	11	12	15	20	22	24	32	34	37	42	44	49	51	54	56	64	65	75	80	81	97	107	125	
37	28
0	1	3	4	5	7	8	9	10	12	14	19	25	31	34	35	39	44	50	52	62	63	67	73	81	88	93	112	
35	28
0	1	2	4	5	6	8	9	10	11	12	15	24	25	26	32	39	40	43	48	51	56	58	73	75	80	81	93	
41	31
2	3	5	6	7	9	10	11	14	15	16	24	25	34	35	36	39	44	45	48	49	51	56	58	73	78	87	88	89	97	125	
36	29
0	1	2	3	5	6	8	9	10	11	17	18	20	24	25	34	35	37	39	41	48	50	56	59	62	73	81	88	96	
36	29
0	1	2	6	7	8	9	10	12	14	15	19	24	25	26	27	31	32	37	39	42	51	56	61	65	73	80	81	97	
37	28
1	4	5	7	8	9	11	12	14	15	17	18	31	32	34	35	39	44	48	50	52	63	73	87	88	93	107	149	
38	31
0	1	3	5	6	7	9	10	11	15	16	17	18	19	20	27	30	31	35	36	39	42	48	49	50	56	81	88	93	97	107	
34	27
1	2	3	4	5	7	8	9	10	11	12	14	15	22	25	32	34	39	42	49	51	58	69	78	88	93	122	
38	30
0	1	2	3	4	5	7	8	9	10	12	14	15	16	17	24	32	34	37	39	40	42	44	51	73	81	93	97	112	122	
33	29
0	1	4	6	7	8	9	10	11	12	14	15	17	22	25	27	32	34	36	39	41	42	44	51	52	58	81	93	97	
40	31
0	1	2	3	4	5	6	7	9	10	11	12	14	22	24	25	30	32	34	39	41	50	51	54	73	78	87	88	93	125	149	
37	30
0	4	5	7	8	12	14	16	19	24	25	27	28	30	31	34	35	39	40	42	50	51	52	61	68	78	80	81	93	97	
33	27
0	1	2	3	4	5	7	8	9	10	11	12	15	26	27	32	34	38	39	42	48	52	67	75	80	88	125	
35	29
0	1	2	4	5	8	9	12	14	15	16	17	18	24	25	28	32	34	35	44	48	49	51	64	73	81	88	93	97	
37	29
0	1	3	4	5	7	9	10	11	12	14	15	19	20	26	28	32	34	44	48	49	51	56	64	65	69	80	93	125	
35	27
0	1	2	4	5	6	7	8	9	10	12	15	24	25	32	34	37	39	44	51	62	75	81	87	88	93	112	
37	29
0	2	3	4	6	7	8	9	10	11	12	15	26	32	34	35	36	39	40	43	48	50	56	63	77	81	87	97	112	
35	29
0	2	3	4	5	6	7	8	10	11	12	14	15	22	24	29	34	35	36	37	44	48	50	61	66	81	88	93	97	
35	27
0	1	2	4	7	8	9	10	12	14	15	18	24	34	35	36	39	42	44	48	58	63	73	87	93	97	125	
35	30
0	1	2	3	4	5	7	8	9	10	12	14	16	20	22	28	31	34	35	36	37	39	42	50	51	52	78	81	93	112	
35	27
1	2	6	7	8	9	10	12	14	16	22	24	25	26	27	36	39	48	50	59	61	65	77	80	88	93	97	
38	28
0	1	2	3	4	5	6	8	10	12	14	16	24	27	28	32	35	37	40	61	63	65	66	68	80	93	97	107	
37	27
0	3	4	5	9	12	14	15	16	18	25	29	32	35	37	40	44	52	58	61	62	64	69	81	93	97	112	
38	29
1	2	3	4	5	6	8	10	11	12	14	15	18	22	24	25	32	37	44	51	54	58	63	64	75	81	88	93	125	
39	30
0	1	4	6	8	9	10	12	14	16	24	25	29	32	34	40	42	44	48	50	51	61	63	65	69	73	78	89	93	97	
36	30
0	1	2	3	4	5	6	7	8	10	12	14	16	17	18	19	32	34	35	37	40	42	48	52	58	64	75	78	81	88	
36	28
1	2	4	5	7	8	10	12	14	15	16	22	24	25	27	28	32	34	37	39	44	51	61	77	88	93	107	112	
34	28
0	1	2	3	4	5	6	7	8	9	10	12	14	16	22	24	25	30	35	37	39	45	52	61	62	81	93	122	
32	27
0	1	4	5	7	8	9	10	12	14	17	22	25	27	32	34	35	36	37	39	42	48	59	65	73	93	94	
37	29
1	2	3	4	5	7	8	9	10	11	12	14	15	25	30	31	32	34	39	42	48	49	50	78	80	88	93	112	133	
39	28
1	2	4	7	8	9	10	11	12	15	24	31	32	34	35	37	39	42	51	56	64	65	75	80	81	97	107	112	
35	28
1	2	3	4	5	7	8	9	10	12	14	15	25	26	30	31	32	39	40	42	49	51	80	81	87	88	93	112	
36	28
0	1	3	4	5	10	11	12	15	17	18	20	24	25	28	35	37	43	44	48	52	58	61	62	65	73	93	125	
38	29
0	2	5	6	7	9	11	12	14	15	18	22	24	25	27	35	42	43	44	45	48	50	61	65	88	93	97	125	149	
41	31
0	1	2	4	7	8	9	11	14	15	17	25	27	31	32	35	37	39	42	45	48	54	61	64	65	75	78	80	81	97	122	
35	28
0	1	5	7	8	9	12	14	15	16	17	18	22	24	25	34	35	42	44	48	49	51	56	65	73	80	97	125	
32	27
0	1	3	7	8	12	14	15	17	27	28	31	32	35	37	42	44	45	48	49	51	52	61	67	78	81	97	
46	31
0	1	2	3	4	5	10	11	12	14	18	22	25	39	40	48	50	58	61	69	73	75	78	80	81	87	88	94	96	97	122	
40	30
1	2	3	5	6	7	8	11	12	15	16	25	28	32	34	35	36	37	39	44	48	50	58	61	65	68	78	93	125	149	
36	29
1	2	4	5	6	9	11	15	16	18	20	22	24	25	26	30	35	37	39	44	48	49	54	58	59	62	69	81	122	
37	28
0	1	4	5	8	9	10	14	15	16	25	32	36	41	42	44	48	51	52	58	61	68	69	73	78	80	87	88	
35	28
1	2	4	5	8	9	10	11	12	14	15	22	24	25	27	32	35	36	37	39	48	61	63	69	80	81	88	93	
40	29
1	3	4	6	7	8	10	11	12	15	18	19	20	30	35	36	38	39	48	51	58	59	61	65	73	75	77	122	133	
40	31
0	1	2	3	4	5	7	9	10	14	15	19	30	32	34	35	36	40	44	48	49	51	54	65	66	69	80	81	88	97	122	
35	28
0	2	3	4	5	7	8	9	10	12	15	25	27	32	36	37	39	40	44	50	51	56	58	65	75	80	81	97	
37	28
1	4	5	6	7	8	9	10	12	14	16	17	25	30	44	48	49	50	52	58	59	61	62	65	80	81	87	88	
35	29
0	1	3	4	5	8	10	12	14	15	16	19	22	25	28	31	32	34	35	39	48	49	50	64	73	80	81	88	93	
37	30
1	2	3	4	5	9	11	12	14	15	16	19	21	22	29	31	32	34	36	39	48	50	51	56	62	75	78	81	84	88	
37	29
0	1	2	3	4	5	7	8	9	10	14	15	18	27	28	34	35	37	39	42	48	56	66	73	78	80	87	93	94	
35	29
0	1	4	5	9	10	11	12	14	16	24	25	27	32	37	40	44	45	48	49	50	51	52	59	61	65	69	73	78	
35	28
0	1	3	4	5	7	8	9	10	11	12	19	20	24	31	32	34	35	42	48	51	56	65	75	80	81	88	93	
38	30
0	1	2	4	5	6	8	9	10	11	15	18	24	25	27	30	31	32	37	39	49	50	51	62	65	75	78	81	97	112	
37	29
1	4	5	6	7	8	9	10	14	15	19	22	24	25	31	32	34	35	36	39	49	51	56	62	65	81	87	88	112	
43	30
0	1	3	4	5	8	10	12	15	20	22	30	31	34	39	42	44	48	50	56	61	65	66	75	78	80	88	93	107	122	
45	32
1	3	4	6	7	10	11	12	14	15	16	17	19	22	24	25	34	37	48	49	61	65	66	73	75	78	80	84	87	93	97	125	
43	30
1	2	3	4	5	6	7	8	9	11	14	24	25	27	29	39	44	49	51	61	65	75	78	81	87	88	89	97	122	133	
39	31
2	4	9	10	11	12	14	16	17	18	19	24	25	30	32	36	37	39	40	44	48	49	50	61	63	78	80	81	88	93	97	
36	29
0	2	3	4	5	7	8	9	10	11	12	14	25	26	30	32	34	35	37	39	40	44	48	50	65	73	93	107	112	
38	31
1	2	4	5	7	8	9	12	14	15	22	24	25	27	31	32	35	36	39	42	45	48	49	51	56	73	78	80	81	93	97	
37	30
0	1	3	4	8	10	11	12	14	17	18	22	24	28	29	30	32	37	39	41	42	44	48	52	61	80	88	93	97	122	
43	29
0	7	8	11	12	15	17	18	24	26	27	31	32	36	37	39	45	48	59	61	66	73	80	87	93	97	107	112	149	
35	29
0	1	3	5	7	9	10	11	12	14	16	17	18	19	31	35	36	37	44	45	49	50	51	52	61	65	66	80	112	
39	30
0	1	2	3	4	5	8	9	10	11	12	15	22	24	25	32	34	44	48	50	51	63	65	75	81	87	88	89	93	97	
40	30
0	2	3	4	5	7	8	12	21	25	28	31	32	34	36	39	40	41	42	48	50	51	56	75	77	78	88	93	112	133	
37	29
0	1	2	3	4	5	6	7	8	10	11	12	15	16	18	19	22	32	37	39	42	54	58	62	63	80	81	88	149	
46	29
1	2	3	5	7	8	10	12	14	16	18	28	32	34	36	48	51	65	66	68	78	88	93	97	107	112	122	125	133	
41	31
1	3	4	6	7	8	10	11	15	17	18	22	25	27	28	32	35	37	39	40	51	52	58	69	73	80	81	84	93	97	133	
33	28
0	1	2	3	4	5	6	7	8	10	11	12	15	18	24	25	28	32	34	41	48	50	51	65	73	80	81	88	
37	29
0	2	3	5	8	9	12	15	16	17	22	25	28	32	34	35	36	39	40	48	50	51	75	80	81	88	89	93	112	
36	30
1	2	3	4	5	6	7	9	12	14	15	16	17	18	21	25	27	31	35	39	48	49	50	51	78	81	87	88	93	97	
37	28
1	3	5	6	7	8	10	11	14	16	19	25	34	35	36	44	49	51	54	56	61	64	65	75	80	88	93	97	
36	28
0	1	2	3	4	5	6	7	8	10	11	12	18	22	27	28	34	35	39	48	49	78	84	88	93	96	97	125	
37	28
0	1	2	3	5	6	9	15	16	24	25	31	32	35	39	42	48	49	51	56	58	75	78	80	81	87	88	97	
37	31
0	1	2	3	4	6	7	8	9	10	12	14	18	20	25	26	30	32	34	35	36	39	44	48	51	56	59	61	73	80	88	
38	29
0	3	4	5	6	7	9	10	12	14	16	27	29	31	32	34	36	39	40	44	50	51	56	69	78	81	97	112	125	
35	28
0	1	2	3	4	5	7	8	9	10	14	15	18	27	32	34	35	39	42	49	50	51	56	62	65	78	80	112	
36	30
0	3	5	6	7	8	9	10	11	12	14	15	16	17	24	25	27	34	35	36	39	48	50	52	65	69	84	88	93	94	
38	29
0	1	4	7	8	11	12	15	16	17	24	25	26	31	32	34	37	42	44	48	50	58	73	78	80	88	93	97	107	
37	28
0	2	3	4	5	8	9	12	15	25	32	34	37	39	44	45	48	50	51	56	58	65	73	75	81	87	88	97	
38	28
1	4	5	7	8	10	12	14	15	16	25	26	28	31	32	34	40	44	49	51	52	61	68	81	93	107	112	149	
36	29
0	1	2	3	5	6	8	9	10	11	12	16	21	22	24	25	27	35	37	42	51	52	56	59	61	78	81	87	88	
34	28
0	2	3	6	9	10	11	12	14	16	17	18	27	29	32	34	35	36	37	38	49	51	62	65	78	80	81	97	
43	29
3	4	5	8	10	12	14	22	25	30	31	34	37	39	40	44	50	58	61	62	66	73	77	78	80	93	97	122	125	
35	28
0	2	4	5	8	9	11	12	15	17	18	25	29	32	34	36	37	39	41	48	50	51	65	73	78	81	93	112	
39	28
0	2	4	7	8	10	11	12	15	17	24	25	32	34	37	50	51	52	54	61	64	66	75	81	87	97	112	149	
33	27
0	2	3	4	5	6	8	9	10	11	12	15	24	25	26	27	32	37	39	48	50	73	75	78	80	81	97	
37	29
0	1	2	4	5	6	10	12	14	15	16	20	25	27	31	34	39	42	43	44	50	51	61	62	75	81	93	97	125	
36	27
0	1	2	3	4	6	7	9	10	11	12	15	19	24	30	32	34	44	48	51	56	58	63	69	73	107	125	
40	32
2	3	4	6	8	9	11	12	14	15	17	18	19	24	25	30	31	34	35	39	41	48	50	52	56	61	75	78	81	84	88	97	
44	31
0	1	2	3	5	11	12	14	15	16	22	28	31	32	34	37	39	44	48	49	56	61	63	78	80	81	88	93	97	107	122	
37	28
1	2	3	4	5	7	12	14	15	16	22	25	28	31	32	34	39	44	48	51	56	61	62	73	78	81	97	112	
36	28
0	1	2	7	8	10	11	12	14	15	16	22	25	27	30	35	42	44	48	49	50	56	61	63	80	88	93	122	
38	29
0	3	4	7	8	9	10	11	12	16	19	25	27	28	31	34	35	39	40	48	50	56	58	59	62	80	81	97	125	
39	29
0	2	3	4	5	8	9	12	15	24	25	26	29	32	36	39	42	44	45	48	56	62	73	75	78	80	81	97	125	
36	29
1	2	3	4	6	7	8	11	12	15	18	22	24	27	32	35	36	37	39	44	50	51	61	63	65	78	81	87	97	
40	28
1	4	5	8	11	12	15	17	24	25	32	37	41	44	45	50	51	52	58	61	64	67	69	73	81	97	107	112	
35	27
0	1	2	4	5	7	8	9	10	11	12	14	15	17	25	32	34	39	44	50	56	61	62	65	80	81	112	
41	29
0	2	4	5	6	8	10	11	12	14	15	25	31	34	37	39	44	49	50	51	66	73	78	81	88	93	112	122	125	
37	28
0	1	2	3	4	6	8	9	10	11	12	14	18	31	32	34	39	42	51	54	61	65	73	75	78	80	97	107	
40	30
1	2	3	4	5	6	7	8	10	12	14	16	19	27	28	31	32	34	35	37	45	61	62	64	65	78	80	81	93	133	
42	31
1	2	3	4	5	7	8	10	11	12	14	15	17	20	24	25	34	36	39	40	42	51	58	61	66	69	73	84	97	112	133	
36	29
0	1	2	5	7	8	9	10	12	14	15	16	20	24	25	27	30	35	36	37	39	48	50	61	65	73	93	96	122	
38	28
0	1	2	3	4	5	7	8	12	14	15	22	26	28	36	39	42	48	51	58	61	64	73	81	87	93	97	122	
39	29
0	1	2	3	4	5	7	10	12	15	16	27	32	34	39	42	44	48	51	54	56	61	62	66	75	80	81	88	112	
39	28
0	1	2	4	7	8	12	14	15	16	17	27	28	34	42	44	51	52	54	58	59	61	77	80	81	97	107	125	
39	29
1	4	5	6	9	10	12	14	15	18	31	32	36	39	42	44	45	48	50	52	58	63	65	75	78	80	81	93	107	
40	30
0	2	4	7	8	9	10	11	12	14	15	22	26	27	30	32	34	39	42	44	45	50	64	68	75	77	80	81	112	122	
43	30
0	1	2	3	4	6	7	8	11	12	14	15	16	18	25	45	48	50	52	58	64	65	73	80	87	88	89	93	112	122	
38	28
0	1	2	4	6	8	11	12	14	17	18	25	31	34	35	41	49	50	51	56	61	65	75	77	78	87	97	112	
36	29
0	1	3	4	5	7	8	9	14	15	17	20	27	28	30	34	35	37	39	48	49	50	58	62	65	73	81	93	94	
39	29
2	3	4	5	6	8	9	10	12	14	15	17	22	26	32	34	37	44	45	50	51	61	65	73	87	88	93	107	112	
41	31
1	2	3	5	7	11	14	17	20	24	25	28	31	32	35	37	42	44	49	50	51	54	56	59	61	62	75	78	88	97	112	
38	28
1	2	4	5	7	9	12	14	16	18	22	24	25	34	35	39	44	48	50	54	58	65	77	87	88	93	122	125	
37	28
1	2	3	4	5	6	7	8	11	12	14	15	16	22	25	32	34	39	44	51	58	61	66	73	77	80	88	122	
34	29
0	1	2	5	6	7	8	9	11	12	14	15	16	17	22	25	27	31	32	35	42	48	49	51	62	78	88	93	97	
36	28
1	4	5	7	8	10	11	12	14	22	25	32	34	35	39	42	44	49	50	51	54	56	61	65	78	80	93	133	
37	29
0	1	4	5	6	7	8	9	11	12	14	15	17	22	25	31	32	35	40	44	48	50	58	62	73	80	88	93	122	
34	27
0	1	2	4	5	7	8	10	11	12	14	15	19	28	32	34	39	42	44	48	51	56	58	61	73	81	149	
36	29
0	1	2	4	5	6	8	9	10	11	14	17	18	24	25	27	28	34	35	36	50	54	56	58	62	73	78	81	97	
36	29
0	2	3	4	5	6	7	8	9	12	14	15	22	32	34	35	36	39	42	48	50	51	52	65	78	80	81	97	125	
38	30
0	1	2	3	4	5	10	12	15	18	25	26	28	32	36	37	39	40	45	48	51	52	58	61	63	75	80	81	87	88	
40	29
0	1	3	4	5	6	8	9	11	12	14	15	18	24	27	31	35	39	44	45	48	73	75	81	96	97	112	125	149	
43	31
0	2	7	8	9	10	11	12	14	15	21	24	25	28	30	31	34	39	42	48	50	51	58	66	75	78	93	97	122	125	149	
38	30
0	1	2	3	4	5	7	9	10	12	14	16	17	19	28	31	34	35	39	48	49	50	58	63	68	78	81	87	93	97	
36	29
0	1	4	5	7	8	10	12	14	18	20	25	27	28	32	39	40	41	44	49	50	51	56	61	65	73	78	80	88	
39	29
0	1	2	3	4	5	6	7	8	11	12	14	15	17	24	25	28	32	34	42	51	58	61	65	73	80	81	122	125	
41	29
0	1	2	4	7	11	12	14	15	18	22	24	25	37	39	44	48	51	56	58	59	61	62	63	65	81	93	97	125	
39	30
0	1	5	8	9	10	11	12	15	16	17	19	26	30	34	35	37	39	42	45	48	49	51	65	73	75	81	97	112	125	
37	28
0	1	2	3	4	6	7	8	9	10	11	12	15	18	25	31	32	35	37	39	61	62	73	75	78	81	97	122	
44	32
1	2	3	4	8	9	11	14	18	21	22	24	25	28	31	32	35	37	41	48	54	59	61	63	69	73	75	78	81	87	97	112	
42	31
0	2	3	5	6	7	8	9	12	14	15	22	27	28	31	35	39	42	45	48	51	56	62	66	73	78	81	88	93	97	125	
41	30
0	1	2	3	4	5	7	8	9	10	14	19	20	25	27	34	36	39	44	49	51	59	78	87	88	89	93	97	107	122	
39	28
0	1	2	4	6	7	8	12	14	15	16	17	25	29	32	35	44	48	50	56	58	61	80	81	93	97	122	125	
35	29
0	1	2	3	4	7	8	9	11	12	15	17	22	24	25	35	39	40	42	44	48	50	54	58	75	80	81	87	97	
35	29
0	1	3	4	6	7	8	9	10	12	14	15	17	19	22	24	25	30	32	35	41	50	51	52	64	65	73	88	122	
33	28
0	1	3	4	7	8	11	12	14	15	19	22	24	25	30	31	32	34	35	39	42	48	50	61	73	75	78	81	
34	27
0	2	3	4	5	7	9	11	12	15	25	31	34	35	36	37	39	44	48	50	52	56	58	78	81	93	112	
39	29
0	1	2	4	6	7	8	9	14	20	22	24	25	27	32	34	35	39	40	42	51	61	63	65	73	93	97	107	112	
38	29
1	2	4	5	7	8	11	12	14	15	17	19	25	31	32	34	37	39	40	42	51	56	58	61	80	88	93	97	122	
41	30
3	5	7	9	10	12	14	15	16	18	24	25	27	30	35	37	39	40	41	44	51	52	56	58	81	88	93	107	112	122	
38	31
0	1	2	3	6	9	10	12	14	15	18	22	25	28	30	31	32	35	37	42	43	44	48	49	50	65	69	81	84	93	133	
37	29
2	3	4	6	10	11	12	14	18	22	29	30	34	36	37	39	40	48	49	50	51	58	66	73	81	84	88	93	97	
39	28
0	2	4	5	6	10	11	12	14	15	18	24	30	32	34	37	39	44	51	56	62	66	69	73	81	93	112	125	
41	30
4	7	9	14	15	16	18	25	27	28	31	32	34	36	37	39	40	44	48	50	56	58	59	75	80	87	88	93	97	122	
40	32
1	2	4	8	9	10	11	12	14	15	16	17	18	20	24	25	31	34	37	39	40	44	48	51	56	58	66	73	75	81	87	97	
33	28
0	1	3	4	6	7	8	10	12	14	15	16	20	25	27	28	32	35	36	41	44	51	52	61	80	81	88	97	
40	30
0	1	2	5	7	8	9	10	12	14	18	25	30	32	35	37	42	44	48	49	51	56	59	62	64	65	73	88	93	122	
34	28
0	2	3	4	5	7	9	10	12	14	16	19	28	29	31	34	36	39	40	42	44	51	52	59	73	78	81	112	
38	30
0	2	4	6	7	8	9	10	11	12	14	18	22	30	32	34	36	39	40	42	44	48	49	61	62	65	73	80	97	125	
41	30
1	2	3	4	5	8	9	10	14	15	25	27	32	34	35	37	39	44	48	51	58	65	75	78	81	88	89	93	96	107	
35	30
1	2	3	4	5	7	8	11	12	14	15	17	18	19	25	32	35	36	39	44	45	48	49	50	52	61	77	80	81	88	
34	28
0	1	2	3	4	5	7	8	9	11	15	22	24	25	34	35	36	37	39	48	50	52	54	58	78	81	93	122	
41	31
0	1	3	5	8	10	12	14	15	16	17	20	22	24	28	32	42	44	48	50	51	52	56	58	61	64	66	73	78	80	107	
38	29
1	3	4	5	8	9	10	11	12	15	22	25	27	28	32	34	36	37	39	48	49	56	61	64	69	75	93	94	125	
37	30
0	1	2	4	5	6	7	8	9	10	14	15	16	17	21	25	27	30	32	34	35	42	44	54	58	62	66	73	93	122	
42	29
1	4	5	7	9	10	14	15	16	25	27	31	32	34	39	44	48	51	52	62	65	66	78	80	87	97	112	122	149	
36	30
1	2	3	4	5	7	9	10	14	15	16	24	25	28	29	32	34	37	39	40	44	49	51	54	77	81	87	88	93	97	
37	30
0	1	2	3	4	5	6	7	9	12	15	18	22	31	35	36	39	42	44	45	48	50	52	58	65	73	75	78	81	93	
36	28
1	4	5	7	8	9	14	15	16	17	19	25	31	34	35	36	39	43	48	50	52	58	62	77	80	81	88	122	
36	30
0	1	2	3	4	5	7	8	9	10	12	14	15	18	19	20	25	32	34	36	39	44	45	48	51	56	75	87	88	112	
33	27
0	1	2	4	5	6	7	8	9	10	12	14	15	16	17	22	24	25	35	44	51	54	66	88	93	97	125	
38	31
2	7	8	9	10	11	12	14	15	16	17	19	24	26	27	28	30	35	37	41	42	50	51	54	56	61	65	78	80	81	97	
42	30
0	1	3	4	5	7	9	11	12	14	16	18	25	31	32	34	37	39	48	52	56	64	73	75	77	78	93	94	112	122	
40	31
1	2	4	5	7	8	9	10	11	15	17	18	24	25	31	32	34	35	37	39	44	48	49	56	65	68	73	78	88	93	112	
36	27
2	4	5	6	7	8	9	12	14	15	18	25	31	34	35	44	48	50	52	61	66	77	78	87	93	97	133	
35	27
0	1	2	3	4	5	6	7	8	9	10	14	15	17	18	24	32	35	37	42	62	65	67	73	80	93	122	
35	28
1	2	3	4	5	7	8	9	14	15	17	22	24	27	34	35	37	39	42	48	49	58	73	81	84	87	93	97	
35	29
1	2	4	6	7	9	10	12	14	15	17	24	25	27	30	32	39	40	42	44	49	51	52	58	63	75	81	87	97	
34	27
0	2	4	5	9	11	12	15	16	18	19	24	25	31	32	34	37	39	44	50	51	58	61	64	78	81	112	
38	28
0	1	2	6	7	8	9	10	11	12	15	17	24	25	36	40	41	48	50	51	58	62	68	78	88	97	112	122	
34	28
0	1	2	8	9	10	11	12	14	15	16	17	24	25	27	28	32	37	39	42	48	49	62	64	80	81	84	97	
36	29
0	1	3	4	5	6	7	8	10	12	14	20	25	26	27	32	34	35	37	39	42	48	52	61	65	66	93	97	122	
37	28
0	1	7	12	14	15	17	20	25	26	27	30	31	32	40	42	44	50	51	54	58	61	62	63	66	73	93	125	
38	30
0	1	3	4	5	6	9	12	14	16	17	18	22	24	25	26	28	31	36	44	50	51	54	56	61	73	78	81	97	122	
44	32
0	1	3	5	8	9	12	14	15	17	18	22	24	25	27	29	32	35	39	42	48	51	56	64	75	81	84	87	88	93	122	149	
45	31
0	1	6	7	11	18	22	24	27	28	30	35	36	40	42	44	48	49	51	52	59	64	66	67	69	78	80	97	107	122	125	
41	30
0	1	2	3	4	5	6	7	8	10	11	12	14	15	31	32	34	35	37	42	45	51	65	66	78	80	88	107	112	125	
38	28
0	1	2	3	4	7	8	10	11	12	14	17	22	24	25	30	40	50	51	58	61	65	75	77	88	93	97	122	
33	28
0	1	2	4	7	8	9	11	12	14	15	17	24	25	31	32	34	39	41	42	48	49	51	58	73	81	87	97	
38	30
0	2	3	5	9	10	11	12	14	15	16	17	22	27	29	32	34	36	37	39	48	51	52	58	61	66	69	80	81	125	
41	32
1	2	3	4	8	10	11	12	14	15	18	19	20	27	29	30	32	34	35	36	37	39	44	51	56	58	61	78	84	88	93	107	
41	31
1	4	5	6	8	10	12	15	16	19	25	30	31	34	35	37	39	41	44	51	52	54	58	61	65	75	78	81	89	93	112	
35	28
0	1	2	3	6	7	9	12	15	17	24	26	28	34	35	36	39	40	44	48	51	56	58	73	75	88	94	97	
40	29
1	2	3	4	6	7	8	9	10	14	15	16	20	24	25	32	35	39	48	51	56	58	59	78	80	88	97	112	122	
34	26
0	1	2	4	5	6	7	8	9	10	11	12	14	15	19	24	25	32	37	51	62	75	88	93	112	125	
37	28
0	1	2	3	4	5	7	8	9	10	11	12	31	32	34	35	39	44	48	51	56	65	73	75	81	93	97	112	
41	29
0	1	2	4	5	8	11	14	15	25	28	31	32	34	35	39	48	51	62	64	69	73	78	80	81	88	89	97	112	
37	30
0	1	2	3	5	7	9	11	12	15	16	17	18	21	22	24	25	32	34	35	36	40	48	50	56	61	77	81	93	125	
41	29
1	6	7	8	11	12	14	16	17	18	22	24	27	40	42	44	48	49	56	61	62	65	66	80	81	88	93	97	125	
37	29
0	1	2	3	4	5	6	7	8	9	10	12	14	16	17	24	32	34	35	36	44	51	65	66	78	81	88	93	112	
