1000 
44	28
0	2	4	5	7	8	9	16	18	21	22	23	24	29	39	45	54	55	60	67	73	75	76	86	107	108	112	118	
36	29
0	1	2	4	5	6	7	8	12	13	14	21	23	24	25	31	32	33	35	39	45	46	54	55	60	74	86	92	96	
44	29
0	4	8	12	13	15	17	21	22	24	25	27	29	31	33	34	39	54	55	58	60	73	75	76	86	92	108	112	119	
40	28
1	2	4	7	8	10	12	13	14	16	17	22	23	24	29	34	35	37	40	50	58	63	66	73	75	108	115	119	
42	30
0	1	3	5	7	8	10	13	15	16	18	21	22	24	25	28	30	31	41	45	50	55	58	63	73	75	76	88	115	118	
40	29
0	1	4	8	10	13	14	16	20	21	22	23	24	25	28	29	30	31	33	39	49	55	58	60	63	75	100	108	119	
45	31
1	2	5	7	8	11	13	15	16	17	18	21	23	24	29	30	32	37	39	40	45	50	55	58	75	76	84	111	117	118	119	
43	28
1	4	7	11	13	14	16	17	23	24	27	28	29	32	34	40	46	50	58	63	67	75	77	90	92	108	112	153	
36	27
0	1	7	8	10	11	12	13	15	16	18	21	22	25	28	30	31	39	45	55	58	60	73	75	78	88	104	
44	29
6	8	14	16	17	19	20	24	25	28	29	37	40	41	43	45	49	50	54	55	58	66	73	76	92	95	108	115	127	
38	29
0	1	3	5	6	10	13	14	16	17	20	21	23	25	30	33	39	40	41	46	49	50	55	60	63	66	76	88	104	
44	29
0	3	4	5	10	12	13	15	16	19	21	23	24	28	35	39	45	54	55	58	66	73	75	78	86	88	108	115	118	
40	28
0	1	5	8	11	12	16	19	21	23	24	25	29	30	31	34	35	45	50	54	55	58	63	66	73	86	100	112	
35	28
1	7	8	10	11	12	13	16	17	18	19	21	23	25	29	34	35	37	39	40	45	50	54	55	63	67	78	92	
42	30
1	3	4	7	8	10	12	13	14	19	21	24	25	28	31	33	35	36	40	41	46	54	60	63	66	75	96	108	112	115	
40	29
0	1	2	4	8	13	15	16	21	23	24	29	33	34	35	39	40	41	45	49	55	58	66	73	78	88	92	112	118	
41	29
3	4	10	11	12	13	16	17	21	22	23	25	28	29	31	32	46	49	54	55	58	60	63	66	73	75	78	88	108	
41	29
0	1	2	3	4	8	12	13	16	21	22	24	25	26	29	30	31	39	40	54	55	63	66	73	75	78	86	108	118	
41	28
1	2	6	7	13	14	16	18	20	21	22	25	29	34	35	40	43	45	50	54	55	58	66	86	96	108	112	118	
37	27
0	1	4	6	10	11	18	21	22	24	25	29	31	34	35	39	45	46	50	55	63	66	73	86	88	90	127	
42	29
1	2	3	5	6	13	15	21	22	23	24	28	29	32	39	40	41	45	50	54	55	60	66	67	74	86	92	112	115	
40	31
1	2	3	7	9	10	13	20	21	22	23	24	25	29	31	32	33	35	37	39	40	45	46	55	60	73	74	75	77	86	112	
45	29
0	1	2	7	10	16	21	22	23	25	27	30	32	33	34	35	39	41	45	66	67	75	86	104	108	111	112	115	127	
37	28
1	4	5	6	12	14	15	16	21	22	23	25	29	30	33	34	35	40	41	49	55	58	59	63	66	67	73	100	
45	29
0	1	8	11	14	16	17	20	21	22	25	29	30	34	35	40	45	55	58	63	73	75	76	88	95	108	115	121	132	
46	31
7	8	9	10	12	13	16	17	19	22	23	24	25	29	31	32	34	35	37	39	55	58	66	67	73	76	78	108	111	115	119	
39	29
4	5	6	10	11	13	19	21	25	29	30	31	32	34	35	37	40	45	46	50	54	58	63	66	73	74	76	78	86	
38	27
1	2	4	7	8	12	14	19	21	22	23	24	25	28	29	34	35	39	41	54	55	73	86	88	104	111	119	
41	28
0	1	8	10	12	14	16	19	21	23	25	28	29	34	35	39	45	50	54	55	60	66	73	86	88	96	108	112	
43	28
4	7	8	12	13	15	16	21	22	23	25	29	31	34	35	37	46	58	63	66	73	75	76	77	92	100	108	153	
44	31
1	5	6	12	13	14	17	18	21	23	24	28	29	30	31	35	40	41	45	46	49	54	55	63	66	67	75	88	104	112	118	
43	31
0	2	6	7	10	13	14	15	17	18	22	23	25	29	32	35	37	39	40	43	45	54	58	60	63	66	76	77	92	112	119	
45	33
1	4	6	7	10	11	13	14	16	17	18	23	24	32	34	35	36	37	39	40	41	45	49	50	55	64	74	75	78	84	92	100	127	
41	28
1	4	5	7	8	10	13	16	20	21	23	24	26	29	31	32	39	41	45	50	54	55	58	63	66	108	127	153	
43	32
0	1	2	4	5	8	10	12	14	16	17	18	19	21	23	24	25	28	29	30	31	32	39	60	63	75	76	78	92	95	107	119	
42	29
0	1	4	5	7	10	11	13	16	21	22	25	29	30	31	34	39	40	54	55	60	63	67	73	75	76	78	118	119	
43	31
0	1	3	4	5	7	8	10	16	17	18	19	20	21	22	23	24	25	28	29	30	33	37	55	58	66	88	100	104	108	115	
39	27
0	1	2	4	5	10	11	12	13	21	23	24	25	26	35	39	40	54	55	58	60	63	66	75	86	112	115	
38	28
0	2	4	6	10	12	13	15	16	19	21	25	30	31	33	34	45	46	49	55	58	60	63	66	73	75	88	132	
38	28
0	4	5	8	9	10	11	12	13	14	16	17	18	21	23	25	29	31	39	60	63	66	73	76	78	88	92	112	
41	29
0	1	4	6	9	13	15	16	21	22	25	27	28	29	30	31	35	40	45	58	60	63	66	73	86	88	96	115	127	
46	31
1	3	4	6	7	8	10	11	12	13	15	16	17	23	24	28	31	34	39	46	49	60	67	76	86	96	100	108	112	119	132	
39	30
1	2	4	5	7	8	10	16	17	18	19	21	23	24	28	29	34	35	36	39	41	45	55	63	66	73	75	78	86	108	
38	28
0	1	2	4	6	13	15	16	20	21	22	24	25	28	29	36	38	39	45	54	55	58	60	66	75	78	92	108	
41	26
0	2	3	4	11	15	21	23	24	25	29	32	33	35	37	39	45	50	66	86	100	108	112	118	119	127	
42	30
1	2	4	7	8	11	14	17	20	21	22	24	26	27	32	34	35	40	41	46	49	54	63	66	73	76	86	104	115	127	
40	29
1	3	4	7	10	13	16	17	18	22	24	25	27	28	29	33	34	39	41	46	49	58	63	66	75	92	112	118	119	
42	29
1	2	7	8	10	14	15	17	23	29	30	32	35	36	37	39	40	41	45	54	55	63	66	67	73	76	86	118	153	
38	28
1	2	4	5	7	8	10	12	13	16	20	21	22	24	28	29	34	35	40	43	50	54	55	60	63	66	108	112	
40	29
0	1	3	4	7	9	11	12	16	17	18	23	24	29	30	33	34	36	39	49	54	55	63	73	76	77	92	107	118	
41	29
1	4	5	7	10	11	13	16	17	18	20	21	23	29	34	35	37	43	45	50	54	60	66	67	73	75	78	104	108	
44	29
1	4	8	10	13	16	17	21	23	24	25	29	30	32	33	34	39	43	58	60	63	73	76	92	96	100	108	119	121	
34	27
0	1	4	5	8	9	10	11	12	17	21	24	25	26	29	30	31	33	35	39	60	63	73	75	76	86	96	
39	28
0	1	2	4	7	8	12	13	14	15	18	21	24	25	31	35	45	46	50	54	55	60	63	86	88	92	96	115	
38	27
7	8	10	13	16	18	20	21	22	25	28	29	30	31	40	43	49	50	55	58	63	66	67	75	78	88	108	
40	28
0	1	2	4	8	11	14	16	19	21	23	25	29	30	34	35	41	45	55	58	63	66	73	75	86	88	115	118	
46	29
0	2	8	10	11	16	21	22	26	28	29	30	33	35	39	40	43	58	60	63	67	73	75	86	100	108	112	115	118	
36	26
0	2	4	8	9	11	13	16	17	20	21	25	31	35	36	39	45	49	55	60	63	75	78	86	108	127	
39	26
1	2	7	11	12	14	17	18	20	21	23	29	32	33	35	40	41	45	55	58	76	86	100	108	119	153	
36	29
1	2	6	7	8	10	11	12	14	18	20	23	25	31	32	37	39	41	43	45	46	49	55	60	63	66	73	75	88	
42	29
1	2	4	7	10	11	12	13	16	17	24	25	29	31	34	37	39	40	41	45	55	63	67	73	76	84	100	108	153	
43	30
0	1	2	5	6	7	8	10	16	17	19	20	23	24	25	29	32	33	35	36	41	66	67	75	86	96	104	108	112	127	
39	27
0	1	7	8	9	12	13	16	21	24	25	31	35	39	40	41	45	50	54	55	58	60	73	78	86	108	127	
42	29
1	2	3	4	5	8	10	11	12	13	16	20	21	23	24	25	27	36	39	55	58	63	66	67	75	86	104	112	119	
47	30
1	2	4	5	7	8	11	13	16	17	18	21	23	34	37	39	43	45	49	50	54	55	67	71	75	100	107	108	119	153	
47	31
1	2	5	8	9	13	14	16	21	22	24	28	29	32	33	34	39	41	45	60	67	73	76	78	86	95	96	100	108	112	132	
40	31
1	2	4	5	8	10	11	12	14	16	17	20	21	24	25	29	31	32	35	36	39	41	45	49	55	60	63	73	92	108	115	
40	29
0	1	2	5	8	13	14	16	18	21	22	23	24	25	30	31	33	34	36	39	43	49	50	63	66	108	112	115	127	
44	29
0	1	2	7	8	12	14	16	19	20	23	25	29	33	34	35	45	55	58	59	60	66	73	76	86	96	108	112	115	
43	28
0	12	15	16	18	19	20	21	22	23	24	29	30	33	39	40	54	55	60	63	67	73	76	77	86	100	118	127	
43	29
0	1	2	6	7	9	13	16	18	20	21	22	25	31	32	35	39	41	45	55	63	76	78	86	90	100	119	127	132	
43	31
0	1	2	4	8	16	19	20	21	25	28	29	30	31	33	34	35	39	41	45	54	59	60	63	67	71	75	88	92	96	115	
40	28
1	2	3	4	5	10	11	13	21	24	25	27	30	31	34	37	40	49	50	54	58	60	75	76	78	86	92	153	
43	29
0	2	5	6	14	16	17	18	19	21	23	26	28	34	35	39	41	45	46	49	55	73	74	88	100	104	108	115	118	
41	27
0	1	2	4	8	11	13	15	16	18	21	22	24	26	30	39	49	55	60	63	67	73	75	104	115	118	119	
42	29
1	2	4	13	16	18	20	21	23	25	29	31	32	33	34	45	46	49	54	58	60	66	67	75	76	78	86	104	108	
41	30
0	2	4	7	11	13	15	21	23	25	28	29	30	31	32	33	34	35	37	39	46	50	58	63	66	75	86	92	100	127	
39	29
1	5	8	10	11	13	14	16	18	20	21	22	24	25	28	29	34	39	40	43	45	55	60	63	66	73	75	108	121	
42	28
1	2	3	4	8	10	13	16	24	25	29	31	32	33	34	39	45	55	58	60	73	75	84	86	92	95	119	153	
40	29
0	4	5	12	13	15	16	17	19	22	24	25	31	33	34	35	36	40	49	50	55	58	75	76	78	86	88	92	108	
44	29
0	1	4	5	7	10	12	13	15	17	18	25	28	31	45	46	49	54	55	60	66	74	75	78	84	88	104	108	112	
43	30
1	4	6	7	8	10	11	13	16	18	21	23	24	25	28	30	35	39	45	49	50	60	66	67	78	88	96	100	112	127	
41	29
2	4	7	8	12	16	18	19	22	24	25	28	29	31	33	35	36	39	41	49	60	71	75	78	86	92	108	119	127	
39	29
1	2	4	6	7	8	10	13	15	17	21	22	25	30	32	33	34	39	40	41	50	54	63	66	67	73	75	88	118	
41	31
1	2	4	5	6	7	10	12	13	14	15	16	21	23	24	25	28	30	31	33	41	45	46	54	55	60	73	88	96	112	127	
41	29
4	8	10	12	13	16	17	18	20	21	24	25	31	33	37	45	46	49	50	55	58	59	60	74	75	76	78	92	108	
39	29
1	2	4	5	7	10	13	14	16	17	18	19	21	22	23	24	25	28	32	36	41	54	58	60	66	75	92	108	118	
37	30
1	4	5	8	10	11	12	13	14	15	16	17	21	23	24	25	26	28	29	32	34	37	39	43	45	54	60	67	108	119	
41	28
1	2	8	10	11	12	13	14	16	21	23	33	34	39	40	45	50	55	58	60	67	73	75	76	78	88	96	115	
39	28
0	1	6	7	8	12	13	15	16	18	21	24	25	26	28	29	31	39	41	45	58	60	73	75	76	88	115	153	
46	30
0	1	2	4	6	13	16	17	20	21	22	24	25	29	34	36	39	40	49	54	55	58	63	77	78	100	104	108	118	119	
44	28
0	1	4	5	12	13	14	16	23	28	29	33	39	40	41	54	55	58	60	63	67	73	75	76	86	100	112	118	
38	28
0	1	2	4	5	7	8	10	11	12	13	14	16	21	25	31	33	34	35	43	45	58	63	66	86	111	115	118	
45	31
1	2	3	6	9	10	12	13	16	17	20	29	31	33	35	39	40	43	45	50	58	63	66	73	74	76	78	86	88	112	127	
39	28
0	1	3	4	5	6	8	10	12	13	16	19	21	23	25	34	37	43	46	49	50	58	60	76	88	104	112	115	
37	28
0	1	2	5	7	8	9	11	13	14	16	18	21	23	25	32	35	37	39	45	49	50	55	60	63	96	104	127	
40	29
1	5	7	8	10	12	13	14	16	20	21	22	29	31	35	37	40	41	45	54	55	58	63	67	73	76	86	88	115	
41	27
1	2	4	7	10	11	13	17	23	25	32	33	34	40	41	45	46	50	54	58	60	63	75	86	115	118	153	
40	29
0	1	7	8	12	16	17	18	21	23	24	27	28	29	31	32	34	35	36	39	41	54	67	76	78	92	104	112	118	
41	28
0	4	7	8	9	10	11	12	17	23	24	25	29	32	34	35	37	54	58	63	66	73	75	84	86	92	108	112	
36	25
0	1	2	4	8	9	13	16	19	21	22	25	34	35	41	54	55	60	63	66	73	75	78	86	108	
39	28
4	6	10	12	13	16	18	21	22	24	25	28	29	31	32	34	39	45	49	55	58	59	66	76	84	92	108	118	
36	28
0	1	2	4	5	6	7	8	10	12	13	16	20	21	22	24	29	34	35	39	43	45	60	66	73	86	112	118	
39	29
2	4	7	8	11	12	13	16	20	21	24	25	27	33	37	39	40	41	43	45	49	55	58	60	75	78	88	92	153	
37	28
0	2	4	7	10	12	13	15	16	17	22	23	24	25	29	32	33	34	35	39	50	60	63	66	67	75	86	118	
50	31
0	1	4	11	12	16	17	24	25	26	31	34	35	39	40	41	43	45	54	55	63	66	75	78	96	104	108	111	115	119	127	
48	30
0	1	2	8	11	13	16	17	21	23	24	28	31	32	35	39	41	49	54	55	58	66	77	92	100	112	115	118	127	132	
35	29
1	4	6	7	10	12	13	14	16	18	20	21	23	25	29	33	34	35	37	39	41	45	49	50	55	63	66	75	88	
43	29
1	4	7	8	10	11	12	13	15	16	21	24	25	27	29	30	31	39	54	55	58	60	63	66	86	88	108	115	127	
44	28
0	4	6	10	11	12	13	16	19	21	23	31	39	40	45	49	55	58	60	63	66	78	86	88	104	112	117	127	
44	30
1	5	7	8	13	16	17	18	21	23	24	27	29	30	31	33	35	39	45	46	50	54	55	63	66	92	104	108	118	127	
38	29
0	1	2	4	5	6	7	10	11	13	18	24	25	29	30	31	33	35	39	41	55	60	63	66	67	73	75	86	96	
43	30
1	2	3	4	6	8	12	13	14	16	21	22	23	25	29	31	33	34	35	39	55	63	66	75	86	88	92	100	108	112	
42	29
0	2	7	8	11	12	13	15	18	21	23	24	25	28	31	34	45	46	50	54	55	63	74	75	88	92	96	115	119	
42	31
4	8	12	13	15	16	18	21	22	24	25	27	28	29	31	33	37	39	40	43	45	49	58	63	66	67	75	86	92	100	127	
48	29
0	1	4	8	12	13	16	21	23	28	34	35	39	40	45	50	54	55	58	66	75	78	86	88	92	104	108	112	153	
39	29
1	2	3	4	7	8	11	12	13	14	16	17	18	21	23	24	29	30	34	45	49	58	63	67	76	92	96	115	118	
42	29
5	10	13	16	18	19	20	21	22	23	24	26	29	31	34	35	39	46	49	54	60	63	74	75	76	78	108	117	118	
42	28
0	1	4	5	8	10	11	12	20	23	26	29	30	32	33	35	39	54	55	58	60	63	66	75	76	104	115	127	
41	27
0	6	7	8	10	11	19	21	22	24	25	31	35	36	49	50	55	58	60	63	73	75	78	86	88	100	108	
40	29
1	2	4	7	9	13	18	21	23	25	28	29	31	32	34	35	39	40	45	54	55	58	60	63	73	75	78	86	108	
40	29
0	4	7	8	10	12	13	16	17	22	24	25	29	32	33	36	37	39	40	43	54	55	60	63	73	75	88	112	118	
42	30
0	2	4	7	8	13	16	17	21	22	24	25	28	30	31	34	39	40	45	50	54	58	66	75	76	78	86	88	96	108	
38	28
1	2	3	4	7	8	9	13	14	16	18	22	24	25	29	31	34	36	39	45	58	60	63	73	86	96	100	104	
46	27
0	7	8	11	13	21	22	25	27	28	31	32	33	50	54	55	60	63	75	76	78	88	92	115	118	132	153	
38	29
0	4	8	9	12	13	17	18	19	21	25	28	29	31	32	33	34	35	36	39	45	54	55	60	66	71	92	96	108	
41	30
0	1	3	4	6	10	11	12	13	16	17	21	25	28	30	31	33	34	35	39	54	55	63	66	75	78	86	88	90	119	
40	28
0	1	4	6	10	13	15	16	20	21	23	24	27	29	30	34	35	39	40	54	55	58	73	78	86	108	111	118	
34	27
0	1	2	4	6	8	10	11	12	13	15	16	17	21	25	28	31	35	39	43	45	55	60	63	75	88	119	
33	28
0	1	2	4	7	8	10	12	13	14	16	21	22	23	24	25	29	31	32	33	34	35	39	55	60	63	86	92	
42	28
0	3	4	5	6	11	12	15	21	24	25	28	32	35	36	45	46	55	58	60	66	73	77	86	88	100	108	115	
44	30
0	1	3	4	7	8	11	13	14	24	25	26	27	28	34	38	39	43	46	55	58	59	60	63	73	75	92	107	108	112	
36	28
1	2	4	5	7	10	12	13	16	17	19	21	24	25	28	30	31	33	34	43	46	50	54	58	60	66	96	108	
50	30
1	4	6	7	11	12	13	14	15	22	31	33	39	41	45	54	55	60	66	67	73	74	75	78	86	92	112	118	127	153	
37	27
1	2	5	13	16	18	19	21	22	24	27	29	30	31	33	39	40	41	49	55	58	66	73	74	75	108	118	
41	29
1	2	4	7	10	11	13	15	16	21	22	23	25	26	28	31	32	35	36	46	58	60	63	66	73	75	104	112	115	
45	30
1	2	13	14	16	17	18	21	22	23	25	26	29	31	34	35	39	45	55	67	73	75	76	78	86	88	92	100	104	108	
43	29
0	2	4	6	7	12	13	14	16	17	21	22	25	30	34	39	40	41	45	54	55	67	73	75	96	115	118	119	127	
35	26
1	3	4	5	9	11	12	13	15	16	17	21	23	25	26	29	30	46	54	55	58	60	63	66	75	100	
40	29
0	1	2	3	4	5	7	8	12	13	15	16	21	25	28	29	33	41	45	49	54	55	58	60	66	75	92	104	108	
37	28
2	4	5	7	8	10	12	13	16	17	21	22	23	24	25	29	30	31	40	45	54	55	58	59	60	78	88	115	
38	29
4	5	7	8	10	12	13	14	16	20	21	24	25	26	28	29	31	39	45	46	49	55	58	63	75	76	78	88	100	
44	30
0	1	2	4	10	18	19	20	21	22	23	24	30	34	35	39	43	45	46	50	54	60	63	66	73	75	86	112	115	127	
42	28
0	1	2	7	9	10	11	19	21	22	23	24	25	34	35	43	50	55	60	63	66	67	75	78	86	96	107	108	
46	29
8	9	11	12	16	17	18	19	20	24	25	29	31	33	34	37	41	54	55	58	66	73	76	78	92	108	112	118	153	
43	30
0	4	5	9	10	11	12	13	14	18	21	23	24	25	28	33	34	35	36	39	40	45	55	78	86	100	108	117	118	127	
42	30
4	10	12	13	14	15	16	21	23	24	28	29	30	31	32	34	35	36	39	41	46	50	63	66	76	77	86	100	104	108	
36	25
0	1	8	10	11	13	21	22	23	24	25	31	34	35	39	45	50	54	55	60	73	78	86	107	112	
45	29
0	1	4	10	13	15	16	19	21	23	31	34	35	39	40	41	45	54	63	67	75	76	78	86	92	96	115	119	153	
43	31
1	4	12	13	15	18	19	21	22	25	29	31	32	33	34	35	37	39	41	46	49	54	55	58	63	66	67	75	90	100	118	
43	30
0	1	5	8	10	11	12	13	18	21	22	23	24	25	34	35	37	40	46	49	55	60	63	67	75	76	92	107	111	115	
38	28
4	8	10	13	14	15	17	21	22	23	25	29	31	32	34	39	40	41	45	49	50	55	60	63	77	88	100	112	
38	28
1	4	10	12	16	18	19	21	23	24	25	28	29	33	34	39	41	43	45	50	55	58	63	66	73	75	92	117	
42	29
2	4	5	8	12	13	15	16	21	22	23	25	27	29	33	39	41	49	55	58	60	63	73	75	86	90	92	108	119	
43	29
0	2	7	8	10	11	13	19	21	22	23	24	25	31	33	35	39	46	49	55	60	63	74	75	78	86	108	115	153	
41	30
0	1	4	6	8	10	11	13	14	15	18	21	22	23	24	28	29	32	35	39	43	45	54	55	66	73	75	104	118	127	
48	31
0	1	2	4	5	6	7	11	12	16	22	23	25	34	37	39	40	41	45	54	60	63	73	75	78	92	108	112	117	119	132	
44	29
0	1	5	8	10	13	14	16	21	23	25	29	30	33	34	39	45	49	50	54	55	58	63	76	96	104	108	112	118	
41	30
0	1	2	4	8	12	14	16	19	20	21	24	25	29	31	32	34	40	41	45	49	55	58	63	66	73	75	78	104	115	
37	27
1	4	5	7	10	11	13	14	16	17	18	20	21	23	28	29	30	35	50	54	60	63	66	67	75	92	127	
42	29
0	1	2	4	7	8	10	13	16	17	19	21	23	25	28	29	31	33	34	39	55	58	73	78	96	100	112	119	127	
45	30
1	4	8	12	13	14	16	19	21	25	29	32	33	34	37	39	43	45	54	55	58	60	63	67	73	77	86	108	117	127	
43	29
2	4	5	6	11	13	16	17	22	26	30	31	32	33	34	35	39	43	58	63	66	71	75	76	92	96	118	127	132	
42	28
2	4	8	10	13	14	18	20	21	22	25	29	34	35	40	45	54	55	58	63	66	73	74	78	86	88	100	108	
38	27
0	8	10	11	13	19	21	22	23	24	25	29	31	32	34	35	39	45	54	55	58	66	78	86	92	100	112	
43	30
1	2	3	4	5	13	15	21	22	23	24	25	29	32	35	38	40	45	54	55	59	60	63	66	73	77	78	92	96	104	
37	28
0	1	4	8	10	12	16	19	20	21	22	23	24	28	29	31	32	34	35	39	41	63	67	73	78	92	108	118	
41	30
2	6	7	8	10	11	13	17	21	22	23	25	29	32	34	35	37	39	43	45	46	50	55	58	66	67	75	78	88	153	
41	30
0	1	2	3	7	8	10	11	13	14	15	17	19	23	25	29	30	31	33	34	35	46	55	74	76	78	86	88	108	153	
40	27
2	4	5	9	10	13	16	17	18	19	20	21	22	23	29	46	49	55	58	60	73	78	88	90	100	104	108	
37	28
1	2	7	8	10	12	13	16	17	18	21	23	25	28	29	30	31	35	41	49	55	58	60	63	75	78	92	108	
45	31
0	2	6	7	9	10	12	13	17	21	23	24	25	28	31	33	41	43	45	54	55	63	64	66	67	74	75	86	92	115	121	
43	30
1	3	7	8	9	10	13	14	16	18	19	21	23	25	33	34	37	39	43	45	50	54	55	60	63	86	92	108	115	127	
41	29
1	2	4	7	8	12	13	15	16	18	21	24	25	28	29	30	31	34	54	58	60	63	66	74	76	86	88	90	108	
45	30
1	4	5	7	10	13	14	15	18	23	24	27	28	29	37	43	45	46	50	54	55	66	73	76	77	92	96	108	118	127	
43	31
0	2	3	4	5	8	11	12	13	14	17	21	23	24	25	29	31	34	35	39	45	55	58	60	63	66	71	76	78	100	119	
42	28
4	7	10	12	13	21	22	23	24	25	29	33	34	35	37	39	46	54	55	58	63	66	75	76	92	100	108	115	
50	29
0	4	5	6	7	8	12	13	16	21	28	37	39	45	50	54	58	66	73	77	78	92	96	100	104	108	112	118	127	
38	28
1	4	7	8	10	12	13	17	21	22	24	25	28	29	33	34	35	37	40	46	50	54	58	63	66	73	108	115	
44	29
1	2	4	5	6	8	11	12	14	16	31	33	34	35	39	41	45	58	60	63	66	73	75	76	86	96	104	108	115	
39	27
1	4	7	8	12	13	16	21	23	24	25	28	29	30	34	37	40	54	55	58	59	60	63	75	92	100	108	
43	29
0	1	4	8	10	13	15	21	23	24	25	28	29	33	34	35	39	43	46	54	55	58	63	75	86	107	108	112	118	
41	29
0	7	8	11	13	14	16	21	23	25	26	28	30	31	32	34	35	41	46	49	55	58	63	73	88	92	100	111	115	
44	31
1	7	8	10	12	13	15	20	21	23	24	25	28	29	34	35	39	40	41	45	49	55	63	66	67	78	92	96	100	108	112	
41	27
2	6	7	12	17	18	19	22	23	24	25	29	30	35	40	41	54	55	58	63	66	67	75	86	108	118	119	
41	30
0	2	4	7	10	12	13	17	21	22	23	24	25	29	31	33	34	35	39	45	46	55	58	66	75	78	92	96	108	112	
43	29
1	2	5	7	11	13	17	18	21	22	23	24	25	29	31	33	35	38	40	45	55	58	66	78	100	108	118	119	127	
48	30
3	4	8	11	12	14	15	17	18	24	25	29	30	35	39	41	43	50	60	63	75	76	77	78	86	88	104	118	127	153	
42	29
1	4	8	11	12	13	16	18	21	24	25	28	29	33	39	40	45	49	50	54	55	58	66	73	78	86	88	100	121	
40	28
0	1	8	9	12	13	14	19	21	24	25	28	31	34	35	39	43	46	49	54	55	58	60	78	86	108	112	115	
39	30
4	9	10	11	12	13	14	16	17	21	23	25	26	29	30	31	32	34	39	40	46	58	60	63	73	75	76	88	92	96	
42	30
1	2	4	7	8	12	13	14	24	25	29	31	34	35	39	40	43	45	50	55	58	60	63	67	73	76	78	86	92	96	
40	29
0	6	7	9	12	13	14	16	17	20	22	24	25	29	30	35	36	37	40	43	45	54	58	66	78	96	108	121	127	
42	28
0	1	8	10	13	15	16	19	21	22	23	24	25	31	34	35	46	49	55	59	60	63	66	78	100	108	112	119	
37	28
0	1	3	4	5	10	11	12	13	16	21	22	24	25	29	31	34	39	46	54	55	58	60	63	66	75	76	95	
36	26
1	3	7	8	10	11	12	13	14	16	18	21	25	35	37	45	49	55	58	60	63	66	67	75	92	115	
47	30
1	4	7	12	13	16	17	19	21	24	25	29	31	34	35	43	45	50	58	60	63	75	76	77	86	92	104	115	118	119	
41	27
0	1	2	4	5	11	12	13	14	16	18	21	23	25	30	45	55	58	60	73	75	78	86	88	104	115	118	
39	28
0	1	2	3	4	8	11	12	13	15	16	19	21	23	29	35	39	43	45	55	63	66	67	73	88	96	108	112	
44	30
0	1	2	3	6	7	8	11	12	16	21	24	25	29	30	31	35	39	40	54	55	58	63	66	67	77	86	104	112	127	
40	29
4	5	8	9	12	13	15	16	17	18	21	22	24	29	31	32	33	39	45	49	55	58	60	73	75	78	96	100	118	
39	28
0	1	2	4	6	8	9	13	14	16	22	24	25	29	33	34	39	41	45	60	73	74	76	78	86	95	100	112	
39	30
0	1	3	4	5	7	8	10	12	13	14	22	24	25	31	34	35	36	37	39	46	49	58	60	63	75	77	86	96	104	
36	28
1	4	5	7	8	10	11	12	16	17	18	20	21	22	24	25	29	30	35	36	39	41	60	63	66	73	108	127	
43	28
5	10	11	12	13	16	21	23	25	27	30	33	34	41	43	50	54	58	60	63	66	67	75	76	78	92	104	112	
43	32
1	3	4	7	8	13	16	17	18	19	21	25	27	28	29	30	31	32	34	35	39	46	54	60	63	64	67	75	78	92	96	118	
43	27
1	3	4	7	8	12	15	17	25	29	31	32	39	40	41	45	54	55	60	63	67	86	104	107	115	119	132	
41	27
0	2	4	5	6	9	13	15	16	20	23	25	29	32	39	45	55	58	60	66	67	78	86	96	100	108	119	
44	29
0	1	2	4	5	8	12	16	18	19	21	25	26	28	30	33	35	49	54	58	63	66	71	73	76	108	112	115	127	
42	28
0	1	4	5	7	8	10	11	13	21	22	23	24	29	35	37	39	54	55	58	63	67	73	76	88	104	118	121	
44	29
1	3	8	11	12	13	15	16	17	21	24	25	29	30	34	39	45	49	50	58	63	67	71	88	92	108	111	112	118	
47	31
0	1	4	8	12	14	18	19	21	23	24	25	29	30	34	35	39	41	45	59	60	63	66	73	78	92	96	112	117	118	127	
41	28
0	3	4	8	11	12	15	16	18	20	21	24	25	29	31	34	35	45	55	58	63	73	84	86	88	100	108	118	
37	29
1	4	5	7	8	10	13	17	18	19	20	21	22	24	27	29	34	35	37	39	40	45	54	60	63	73	86	88	108	
44	29
1	2	4	8	10	13	15	16	21	23	24	25	33	34	35	37	39	46	49	54	58	63	66	96	100	112	115	119	127	
40	29
0	2	4	8	10	12	14	15	16	19	21	24	25	33	34	35	39	43	45	46	49	55	60	63	75	96	100	104	118	
42	31
1	2	7	8	10	13	14	15	16	19	21	22	23	24	25	30	32	33	35	39	45	46	54	55	60	73	75	78	86	115	118	
38	29
1	2	3	7	8	9	13	14	16	17	18	19	21	24	25	30	32	34	35	41	49	54	55	58	60	66	75	78	115	
42	30
0	1	2	5	10	11	12	13	16	17	22	23	24	31	33	36	39	40	41	45	55	60	63	66	75	76	86	88	115	132	
44	30
3	4	7	8	10	12	13	16	17	21	22	24	25	28	30	33	34	35	39	50	54	60	63	75	76	78	88	104	108	112	
39	28
0	2	4	6	7	10	13	16	17	21	22	25	26	28	30	31	35	40	55	58	60	63	73	75	77	86	92	115	
42	30
2	4	8	11	13	14	15	18	21	22	24	25	28	29	31	32	34	39	40	41	60	63	73	75	76	86	92	96	112	115	
37	28
0	1	4	5	7	8	10	11	12	17	18	23	24	25	28	29	30	34	35	37	50	54	63	67	75	78	88	119	
44	31
2	3	4	5	8	10	11	12	14	17	18	21	22	24	30	31	33	34	35	39	41	46	60	63	67	78	86	104	111	118	119	
39	28
0	1	4	5	8	10	14	16	19	21	22	23	24	25	31	33	35	36	39	41	55	66	73	78	86	108	121	127	
39	26
1	2	4	5	10	11	13	16	17	21	23	25	33	34	35	37	46	50	58	63	66	75	112	115	117	127	
40	29
0	1	4	6	8	10	11	13	16	18	19	21	23	24	28	29	32	34	39	41	46	55	58	66	73	74	100	112	118	
38	30
4	7	8	11	12	13	15	16	17	19	21	24	25	28	29	31	32	34	35	39	41	43	45	49	50	54	63	86	108	118	
39	27
0	1	2	4	6	10	11	15	16	17	21	23	29	34	35	39	45	50	55	60	63	66	73	78	88	104	118	
39	29
1	2	4	5	7	13	15	16	19	20	21	23	25	28	29	32	33	34	35	40	45	55	60	67	73	92	96	108	118	
43	30
1	4	5	10	11	12	13	14	19	22	23	24	28	29	31	35	39	40	49	50	54	58	60	67	75	78	84	86	118	119	
44	29
1	4	5	6	10	13	16	18	20	21	24	25	28	29	31	34	37	45	58	60	67	73	75	92	96	100	104	115	118	
40	26
0	4	8	10	13	16	19	21	22	23	24	31	39	40	45	50	60	63	67	75	76	78	86	104	118	127	
37	28
0	8	10	12	13	16	18	19	21	25	28	31	32	33	34	39	40	45	46	49	55	58	63	67	73	78	88	108	
40	28
0	1	4	5	10	12	14	16	18	20	23	24	25	28	29	30	41	55	58	63	66	67	73	75	77	78	86	127	
37	27
0	2	4	8	12	13	16	17	24	25	33	34	37	41	43	45	46	49	50	54	55	58	60	63	76	92	108	
43	30
4	8	12	13	14	15	18	21	23	25	26	32	35	37	39	40	45	46	49	50	54	55	63	66	73	78	86	88	108	118	
34	27
0	1	4	5	7	10	12	13	21	22	23	24	25	28	29	34	35	41	46	49	55	58	63	66	75	77	92	
48	30
0	1	2	5	9	12	14	19	24	25	28	33	34	38	39	43	45	55	58	60	63	66	73	92	96	107	108	112	115	132	
40	29
0	2	4	5	7	8	12	13	15	17	21	23	24	28	29	32	40	41	45	49	54	55	63	66	67	73	76	108	118	
39	28
0	4	7	8	12	13	16	17	21	22	25	27	30	32	34	35	37	40	50	55	57	58	60	63	75	78	88	104	
48	31
1	4	11	12	14	15	16	17	19	20	24	25	28	30	31	33	34	41	46	73	75	78	86	90	92	95	104	108	115	118	127	
40	28
0	1	2	4	6	7	10	11	12	13	16	17	21	23	24	25	34	35	45	50	54	58	66	78	95	115	118	127	
45	32
2	3	8	12	13	14	16	17	21	23	24	25	28	29	30	33	37	40	41	43	46	55	58	63	67	75	76	78	86	88	100	108	
40	27
0	4	5	7	12	13	16	19	20	22	24	25	26	29	33	34	37	54	55	60	66	75	78	88	108	115	118	
41	27
4	5	7	10	11	13	16	18	20	21	23	25	28	29	39	43	45	58	60	73	75	78	88	104	112	118	127	
44	31
4	6	8	11	12	13	14	16	17	18	19	21	25	29	34	37	39	41	45	49	54	55	59	67	71	73	78	86	96	108	118	
42	28
1	2	4	8	12	13	14	15	17	21	23	24	29	33	34	39	41	45	54	55	60	76	86	92	100	111	112	118	
46	30
1	2	4	5	7	10	12	13	14	16	19	22	23	25	27	29	35	46	50	54	55	60	63	66	67	75	104	108	118	127	
44	28
0	1	5	10	11	13	17	18	21	23	24	29	31	34	35	45	54	55	60	66	75	76	88	92	108	112	117	118	
38	28
0	1	2	4	5	8	10	13	16	21	22	24	25	29	31	32	33	35	39	49	55	60	63	73	75	92	108	117	
43	29
0	1	2	8	10	11	12	13	19	24	25	26	28	31	33	35	40	50	54	55	58	60	63	66	67	75	88	108	112	
45	29
0	1	2	4	7	11	12	15	16	18	22	23	24	26	31	39	46	49	54	60	63	75	76	77	100	108	117	119	132	
42	30
3	5	6	7	9	12	13	14	16	17	18	21	24	28	29	34	39	43	45	50	54	55	58	60	66	73	77	88	96	108	
40	29
0	1	4	5	10	13	14	16	18	21	22	23	25	28	29	30	31	33	35	50	54	60	63	67	73	75	88	92	127	
43	28
1	7	8	12	13	14	15	16	17	19	23	24	25	29	31	39	45	50	55	58	60	63	76	86	100	104	108	127	
43	29
0	4	8	9	10	16	17	19	21	24	25	26	28	31	34	35	45	60	63	66	71	73	75	76	78	86	88	104	115	
39	29
1	2	4	5	7	12	13	15	16	20	21	23	24	25	29	33	34	43	45	46	55	58	60	63	66	86	92	96	108	
40	28
1	3	4	8	11	13	15	16	17	18	21	23	25	31	39	40	43	45	49	55	58	60	63	73	88	104	115	127	
38	28
1	4	7	8	10	12	13	15	17	20	21	23	24	29	30	33	37	39	41	46	55	58	63	66	76	77	108	127	
43	28
1	5	6	10	11	13	16	18	21	24	29	31	33	34	39	46	49	55	58	60	63	73	75	92	100	104	112	118	
36	28
1	4	8	9	10	13	14	15	16	18	21	23	25	28	29	32	34	36	39	40	41	49	55	63	88	90	108	112	
41	28
0	2	4	8	9	15	16	17	19	20	21	23	24	25	28	34	37	45	50	54	55	58	75	86	92	100	108	119	
40	30
1	2	4	5	7	8	10	13	16	19	21	22	24	26	28	29	32	33	35	39	43	45	58	67	73	75	76	78	112	118	
40	29
0	2	4	6	7	8	11	12	18	21	24	25	32	35	37	39	45	49	50	54	55	63	67	73	75	76	84	88	92	
42	29
0	1	2	4	5	8	12	15	16	19	21	24	25	26	29	31	35	39	50	55	60	63	66	73	75	92	96	112	118	
39	28
0	4	5	8	9	10	14	15	16	17	18	19	21	25	31	34	35	39	40	46	55	63	73	78	86	100	108	112	
44	29
0	4	5	6	8	11	13	15	16	18	21	24	27	30	31	34	49	54	55	60	63	73	78	86	92	96	100	107	118	
42	28
1	2	4	8	11	13	16	19	21	22	23	26	29	34	37	39	45	49	50	54	55	58	67	73	78	100	118	153	
41	28
0	4	10	13	14	18	19	25	31	32	35	37	40	43	45	46	50	55	58	60	63	66	73	75	77	78	86	108	
40	28
0	3	4	6	12	13	15	16	17	18	20	21	22	28	29	33	34	35	39	58	63	66	74	76	92	104	108	118	
38	27
0	4	8	12	13	16	18	21	24	25	26	30	31	34	39	43	45	49	50	54	58	66	76	78	88	107	108	
42	29
2	7	8	11	12	13	15	16	19	21	22	23	25	29	35	41	45	46	55	60	63	66	67	73	86	88	92	112	115	
40	27
0	2	4	7	8	10	12	13	15	16	19	21	22	24	25	31	46	55	60	63	66	73	75	76	108	115	118	
43	30
0	1	2	3	5	8	11	13	16	17	20	24	25	26	34	38	39	43	45	46	54	58	60	67	75	78	84	108	112	118	
43	29
0	2	3	8	9	13	14	16	18	21	22	25	29	30	32	35	37	45	50	58	60	63	67	84	86	92	112	118	132	
40	30
2	4	5	7	8	12	14	15	16	19	20	21	24	25	26	29	31	34	36	38	41	45	49	54	58	73	78	96	108	153	
40	29
0	2	4	5	7	10	11	12	13	17	19	22	25	31	32	33	35	39	41	46	55	60	73	75	78	86	88	104	112	
38	30
0	1	2	4	5	6	7	8	10	13	16	17	18	22	23	24	25	27	29	30	32	33	39	41	55	63	66	75	121	132	
45	31
0	1	2	4	7	8	12	13	14	21	22	23	24	25	32	33	37	39	41	46	49	55	58	63	66	67	78	92	100	127	153	
38	30
1	2	3	5	8	11	12	13	14	16	17	23	24	25	29	34	37	39	40	41	43	45	46	54	55	58	60	75	78	100	
46	29
0	2	3	7	9	14	19	22	23	24	25	34	40	41	43	45	54	55	60	75	76	78	88	95	96	107	112	115	127	
41	27
0	1	5	8	10	13	15	16	18	21	22	27	29	31	34	39	45	50	54	58	60	73	86	104	108	112	127	
47	30
1	3	5	7	8	9	10	13	19	21	24	25	30	31	32	35	45	55	58	59	60	63	64	66	73	75	92	119	127	153	
42	28
0	1	7	8	10	11	15	16	18	20	21	23	28	33	34	39	46	54	58	63	67	73	75	76	78	108	112	127	
39	30
0	1	2	7	8	13	14	16	21	22	23	24	25	28	31	34	36	39	40	43	45	49	58	60	63	73	90	92	95	118	
44	29
1	2	8	12	13	16	21	24	25	28	30	31	33	34	39	45	49	54	55	58	60	67	71	73	75	78	112	115	118	
44	30
1	3	4	7	10	11	13	17	18	21	22	24	25	28	33	34	39	40	41	43	54	60	63	75	76	86	92	104	108	153	
38	27
0	1	4	7	8	12	13	15	16	17	18	21	22	24	26	28	29	39	43	60	63	73	75	86	108	112	118	
41	30
1	2	4	7	10	13	16	17	20	22	23	24	25	27	29	33	35	37	39	40	43	46	55	60	66	75	92	108	112	115	
42	29
0	1	4	10	13	15	16	18	19	21	23	24	25	29	30	31	33	34	39	40	55	58	76	86	96	104	108	118	119	
48	30
0	1	4	5	8	12	19	21	24	25	28	29	31	32	35	37	45	55	60	63	73	78	88	92	95	100	107	108	127	132	
37	27
0	1	4	10	11	12	13	16	17	21	23	24	29	31	34	39	45	46	54	55	60	63	66	76	88	96	118	
37	27
1	2	4	5	6	7	13	14	16	18	21	24	25	28	29	31	35	45	49	58	66	75	76	90	92	108	118	
37	28
0	2	4	7	8	9	10	12	13	17	22	25	29	30	31	33	34	43	45	49	50	54	60	63	74	78	88	108	
41	27
8	10	12	13	16	19	21	24	25	26	31	35	36	45	49	50	54	55	58	60	63	75	78	86	92	115	127	
41	28
0	2	3	4	9	12	13	14	15	23	24	25	27	29	30	34	45	49	50	54	66	67	77	88	96	100	108	112	
43	30
0	1	2	4	5	10	13	14	16	18	21	25	28	30	31	33	34	45	49	55	58	66	67	74	75	76	88	95	104	127	
42	27
0	3	4	5	7	8	10	12	13	19	21	22	24	29	31	35	39	54	55	63	66	76	104	108	118	127	132	
36	29
0	2	4	8	10	13	16	18	20	21	22	24	25	29	30	31	32	35	39	40	43	49	55	60	63	76	78	86	92	
42	30
4	8	10	12	13	16	21	24	25	27	28	29	30	31	34	35	39	40	41	46	54	58	59	66	76	78	86	96	104	108	
45	29
0	2	4	10	13	16	18	20	21	22	23	34	39	40	43	45	49	54	55	58	60	73	76	78	96	112	115	118	127	
38	30
0	1	7	8	10	13	14	15	17	18	23	24	25	29	30	33	34	35	39	43	45	46	55	60	75	76	77	78	86	92	
46	32
1	2	4	6	7	8	10	12	13	15	16	17	21	22	25	29	30	31	35	45	55	58	60	67	73	75	77	78	86	92	104	115	
42	30
0	1	2	4	5	6	12	14	15	16	17	19	20	21	23	28	40	43	45	58	63	66	73	75	76	77	88	92	96	108	
44	30
1	3	7	10	13	14	15	17	18	22	23	25	28	29	32	35	40	46	54	60	63	66	67	75	77	86	88	96	104	121	
41	29
0	3	7	10	12	13	14	15	16	17	19	23	24	25	29	33	37	39	41	45	46	60	75	92	96	108	112	117	121	
44	31
1	2	3	4	7	8	10	12	13	16	21	25	29	31	34	35	37	39	40	45	49	50	55	63	66	67	75	78	104	108	115	
37	28
0	4	5	10	11	12	13	16	21	22	23	25	27	29	31	33	34	37	39	55	58	60	66	67	73	78	88	96	
39	27
0	1	3	4	8	9	10	11	15	17	18	22	24	25	35	37	39	55	60	63	73	75	86	95	96	108	119	
37	27
1	2	3	4	7	8	12	13	16	19	21	23	24	26	29	34	38	40	45	50	54	58	66	73	96	112	115	
41	32
1	2	4	5	6	7	8	14	18	22	24	25	26	29	30	31	33	35	39	40	41	43	45	49	59	60	64	67	75	86	92	100	
41	29
0	1	3	4	6	10	11	13	14	16	17	22	24	25	29	32	34	37	46	50	54	60	63	66	75	76	78	112	115	
45	30
0	1	2	4	5	7	14	15	18	21	22	23	24	27	31	33	35	40	54	58	66	67	73	75	77	86	92	108	112	118	
45	30
2	3	4	5	6	13	14	17	20	22	23	24	25	29	31	37	39	45	46	49	54	55	66	75	78	88	115	119	127	153	
48	30
3	4	5	7	11	12	13	14	17	19	24	25	27	28	33	35	45	58	67	76	77	78	86	88	95	96	108	115	127	153	
40	28
2	4	5	7	8	10	12	13	16	17	21	25	28	30	31	33	40	43	50	54	58	60	63	78	92	96	108	127	
44	29
0	2	3	4	6	8	11	12	14	19	21	23	24	33	34	35	39	54	55	67	73	75	76	78	86	96	108	112	115	
47	31
4	7	8	10	13	14	15	19	20	21	22	25	26	29	30	32	33	39	40	50	54	55	58	63	66	88	92	108	112	121	127	
41	30
0	1	2	4	7	8	10	12	13	19	21	22	24	29	35	39	41	45	46	49	54	55	60	63	66	74	86	88	96	127	
41	28
1	3	4	5	11	12	13	14	15	19	21	22	24	26	31	33	35	40	66	67	73	75	78	86	88	100	108	118	
47	29
0	1	2	3	4	5	6	7	13	16	20	21	22	24	25	28	33	50	58	60	63	66	86	92	104	108	112	127	153	
41	29
1	3	4	5	8	11	13	16	17	21	24	25	27	29	30	34	35	37	41	49	58	60	63	74	76	86	92	118	153	
39	28
2	4	5	7	8	10	12	13	14	16	21	22	23	24	25	29	33	38	43	50	54	55	60	63	88	92	104	108	
43	30
0	1	2	8	10	11	12	13	17	20	24	25	28	31	33	34	35	37	43	45	54	55	58	73	75	88	95	104	108	112	
45	30
0	1	2	6	12	16	17	21	25	28	29	31	34	35	36	39	41	45	49	58	67	73	77	78	84	96	104	108	112	115	
41	28
0	1	4	8	9	10	13	14	16	23	24	29	34	37	39	40	41	45	59	60	73	76	78	88	95	111	112	118	
44	27
2	4	5	12	16	17	18	22	24	29	35	37	41	49	50	58	60	63	73	76	84	92	95	107	108	119	127	
42	27
0	2	3	8	12	13	14	15	16	17	21	22	24	25	29	33	37	39	55	60	75	86	108	112	115	132	153	
44	32
2	6	8	12	14	16	17	18	21	22	23	25	31	33	35	37	39	40	41	43	45	46	49	54	55	60	67	86	92	104	119	127	
46	30
1	2	4	5	13	14	18	19	24	29	31	32	33	34	39	43	45	46	55	60	66	73	75	78	86	92	96	115	121	153	
45	29
4	6	10	13	14	15	16	20	23	24	28	29	31	34	35	37	39	45	58	60	63	66	73	76	100	104	111	112	118	
41	27
0	2	4	13	14	16	18	21	22	23	24	25	31	34	39	40	45	49	60	73	76	78	104	107	111	112	127	
38	28
2	3	4	5	7	11	12	13	16	21	23	24	25	26	28	30	31	34	36	46	54	63	74	77	88	92	100	108	
39	27
1	2	4	8	10	13	14	16	21	22	23	25	32	33	34	35	41	54	55	58	63	66	73	75	86	108	127	
42	30
0	1	2	4	5	7	10	13	19	21	23	24	25	29	31	32	34	35	39	40	43	45	54	55	58	75	107	108	112	127	
43	30
0	2	4	7	13	21	22	23	24	27	29	30	31	32	34	35	39	41	49	50	54	63	66	73	74	77	78	96	108	115	
39	29
1	2	4	7	10	12	13	15	16	17	21	23	24	25	34	35	40	45	46	49	50	54	60	63	66	75	86	96	115	
41	29
0	4	5	11	13	16	21	23	24	25	27	29	30	31	34	36	39	40	45	50	54	55	58	60	63	75	96	100	118	
38	29
1	2	4	7	8	10	12	13	14	15	19	21	24	25	30	31	33	37	39	41	46	54	55	60	66	75	78	88	108	
42	29
3	4	10	13	14	16	18	19	21	22	23	24	25	29	31	32	39	45	49	54	55	67	76	78	88	90	96	127	153	
42	30
1	2	4	10	14	15	16	20	21	22	23	24	28	29	32	33	35	41	43	45	49	50	58	66	67	74	86	107	108	112	
45	29
3	7	8	10	13	14	16	19	21	23	25	29	34	35	36	37	45	50	58	63	66	76	78	86	92	104	108	112	115	
40	29
1	2	4	8	9	11	12	13	14	16	19	20	21	22	23	29	35	39	45	49	54	55	60	63	66	86	88	100	115	
42	28
4	8	10	12	13	14	16	18	21	22	23	29	31	32	34	35	40	58	60	63	67	73	75	78	88	111	115	118	
42	29
0	1	2	5	7	8	10	12	13	14	16	20	21	22	23	24	29	33	39	55	60	63	67	75	76	86	100	118	119	
47	30
1	4	5	7	8	12	13	14	20	21	23	24	29	31	40	45	46	50	55	58	63	66	73	75	78	88	92	108	111	153	
39	28
1	3	4	5	8	10	12	13	14	16	18	21	23	24	29	31	39	45	50	58	60	63	66	73	75	76	92	108	
45	27
0	1	2	4	5	6	8	11	14	16	23	34	39	50	54	60	63	66	71	76	78	84	96	104	107	112	115	
45	30
0	2	5	8	11	12	13	16	18	20	21	23	25	28	29	35	39	50	54	55	58	60	63	67	74	78	88	92	112	118	
44	31
1	3	4	6	7	8	12	13	15	16	17	21	23	25	30	33	34	35	39	45	46	54	55	58	63	66	75	96	112	115	127	
40	27
0	4	6	7	10	12	13	18	21	22	24	25	29	30	34	35	39	41	54	58	66	88	96	108	112	118	132	
37	27
1	2	4	10	11	13	16	18	21	23	25	27	30	32	33	34	35	49	55	58	63	66	67	75	76	88	115	
41	31
2	4	7	8	10	16	19	20	21	24	25	26	28	30	31	32	34	37	39	40	41	46	49	54	55	63	86	90	95	104	132	
44	30
3	4	8	13	14	16	18	20	21	24	26	27	28	31	33	34	40	45	46	55	59	60	66	73	74	75	86	108	111	118	
41	28
0	2	5	7	8	12	13	14	15	19	21	22	23	24	25	28	34	39	45	54	55	60	76	78	100	107	108	115	
39	27
1	2	4	8	10	13	16	17	18	21	22	23	24	29	32	39	49	50	55	58	60	63	75	78	86	112	118	
35	28
0	1	4	5	6	10	12	13	16	19	21	23	24	28	29	33	36	39	43	45	46	49	55	60	63	66	88	118	
41	28
0	1	2	4	5	6	13	14	18	19	21	24	33	37	43	46	49	50	55	60	63	66	78	86	88	92	112	115	
37	27
0	1	4	8	10	11	12	13	16	21	24	25	29	31	34	35	39	45	58	63	66	73	76	84	86	92	118	
40	27
1	2	4	5	8	13	14	16	18	20	21	22	24	25	29	34	50	54	55	60	63	73	76	86	92	108	112	
44	28
0	1	2	4	5	6	7	12	13	16	28	30	31	33	35	39	45	60	67	73	74	76	96	104	108	112	115	127	
44	27
0	1	2	3	4	5	12	13	14	16	19	21	23	25	33	50	55	58	66	67	75	86	88	108	112	115	153	
45	29
1	4	5	7	10	11	12	13	14	16	17	20	21	23	31	39	45	54	60	63	67	72	73	75	76	86	118	127	153	
41	28
4	7	8	12	14	15	16	17	20	24	25	29	31	37	39	41	45	58	63	66	73	75	76	84	88	95	104	118	
37	27
0	1	4	8	11	13	16	17	21	23	24	27	29	30	34	35	39	45	50	54	58	66	76	78	86	92	118	
47	29
0	1	7	12	16	18	21	23	28	29	34	37	43	45	46	54	55	63	66	67	73	76	78	92	96	108	112	117	118	
41	28
1	2	3	4	5	6	7	11	14	16	17	23	24	27	28	34	39	40	41	49	50	66	75	104	107	112	117	118	
39	30
0	1	2	4	5	6	7	10	12	13	14	16	21	23	25	29	33	34	35	39	41	45	50	55	58	66	73	75	96	112	
48	30
3	4	6	8	12	13	15	16	17	20	21	23	24	29	31	41	45	55	58	60	63	66	73	75	86	100	104	108	118	132	
42	29
1	2	5	8	10	11	12	13	14	16	21	23	24	25	27	34	36	45	46	50	55	58	60	75	86	88	111	112	115	
44	29
1	5	7	8	12	13	14	15	18	21	23	24	25	26	29	35	37	39	45	54	66	73	78	96	112	115	118	119	127	
46	31
4	7	9	10	12	13	14	16	17	19	20	24	25	28	29	30	37	41	46	49	54	58	66	67	73	75	96	108	115	118	119	
40	29
1	3	7	8	10	11	14	15	16	18	19	20	21	22	24	25	30	33	34	39	40	41	58	67	73	108	112	118	127	
37	27
0	1	2	4	8	12	13	14	16	21	23	25	29	30	33	34	37	39	49	50	58	63	67	88	96	108	112	
42	29
0	1	4	5	7	8	10	11	13	15	16	19	22	25	29	30	34	35	36	50	55	60	63	75	86	92	117	118	127	
35	30
0	1	2	7	8	10	12	13	14	16	17	18	21	23	24	25	29	31	32	33	34	35	39	45	46	55	60	66	78	86	
39	28
1	4	7	10	12	16	17	19	21	22	24	25	29	31	34	35	39	41	45	54	63	73	76	86	90	92	107	127	
40	27
0	1	2	4	5	6	8	12	13	16	17	18	21	22	24	29	45	50	54	55	60	78	86	88	112	115	118	
40	29
0	4	7	8	11	13	15	17	20	21	24	25	27	32	33	35	37	45	46	50	55	58	60	73	77	78	86	92	108	
44	31
10	11	12	13	17	18	19	21	23	24	25	29	31	35	36	37	39	45	49	55	58	60	63	76	78	86	88	90	92	96	100	
46	30
0	2	4	9	10	12	13	14	16	21	22	23	26	29	31	33	34	39	45	54	55	58	66	76	92	104	107	112	118	132	
47	29
1	4	7	12	13	21	22	24	25	28	29	32	35	39	40	46	50	55	60	63	66	71	73	86	88	104	118	127	153	
43	29
0	1	2	4	5	7	8	10	11	13	17	21	22	24	29	31	34	36	39	45	55	58	63	66	92	108	118	119	153	
43	28
2	4	7	10	12	13	17	21	23	24	25	29	34	35	40	45	50	54	55	58	63	71	73	75	88	108	118	119	
41	30
1	2	5	6	7	11	12	16	17	18	20	21	23	24	31	32	35	39	41	45	55	58	59	66	73	76	77	78	95	118	
40	28
0	1	5	8	10	13	16	18	21	22	25	29	30	31	33	34	39	40	49	55	58	63	67	73	88	108	115	127	
38	28
2	3	4	5	6	7	13	15	16	18	21	25	28	29	30	31	33	40	45	55	58	60	63	73	86	88	92	100	
40	30
0	1	2	4	6	8	16	20	21	24	25	27	28	31	34	35	39	40	41	45	49	58	60	67	73	74	75	76	84	100	
38	28
0	1	7	10	13	18	21	22	23	24	25	30	31	33	35	37	45	46	49	54	55	63	66	71	75	78	88	115	
44	30
0	1	4	5	6	7	8	10	16	17	19	21	23	24	28	29	34	35	39	45	54	59	60	63	78	96	100	104	118	127	
41	29
0	4	5	8	12	13	14	21	24	25	26	31	33	35	37	38	39	45	46	50	55	60	73	75	78	86	92	115	118	
43	29
6	7	12	13	16	17	23	24	27	28	33	37	39	43	45	49	50	55	58	59	60	63	66	67	75	76	78	92	108	
46	32
0	3	4	5	6	7	8	10	17	20	23	24	28	29	30	33	35	37	39	40	45	54	55	58	67	75	76	78	86	104	108	115	
44	29
1	8	10	12	13	15	16	19	21	23	25	28	29	31	34	39	45	54	55	58	59	63	66	73	78	92	108	112	115	
39	28
1	2	5	6	8	11	13	14	16	18	20	21	22	23	24	25	26	29	34	35	41	54	55	63	66	108	119	153	
39	28
0	2	10	11	13	16	19	20	21	23	24	31	32	35	37	40	41	45	46	49	54	55	63	66	86	100	108	117	
44	30
0	1	2	4	5	10	12	13	16	19	21	22	24	30	31	32	33	40	50	55	60	63	67	73	75	76	88	92	108	118	
41	27
1	2	4	7	12	13	16	19	21	24	25	28	29	30	31	33	34	55	58	63	66	86	88	100	108	118	127	
45	30
0	1	2	4	8	10	11	16	18	21	23	25	34	35	36	45	46	47	54	55	59	60	63	66	75	78	88	108	117	119	
45	28
0	1	3	4	7	8	13	16	21	22	25	31	34	35	39	45	46	54	63	67	71	96	100	108	115	118	121	127	
50	31
0	1	2	4	8	13	21	22	24	25	29	33	34	35	36	41	45	49	54	55	60	66	75	84	92	100	111	112	115	118	119	
43	31
1	4	5	7	8	10	12	13	15	21	24	25	26	31	34	35	36	39	40	41	45	54	55	63	66	73	74	75	76	78	153	
46	29
0	1	2	5	11	14	19	23	28	32	33	35	36	37	39	45	50	58	59	60	63	73	75	76	96	104	107	112	115	
39	31
1	2	4	5	6	7	8	10	13	16	18	21	22	23	24	25	29	30	31	34	41	45	46	49	55	58	60	75	86	92	112	
44	27
0	1	2	3	4	5	11	17	18	22	24	35	45	46	54	55	58	60	66	75	76	86	92	108	115	118	119	
44	28
0	1	2	3	5	8	11	13	14	16	21	23	24	25	33	49	54	55	58	60	63	66	75	95	108	112	115	127	
43	26
0	1	2	4	8	12	13	16	17	23	24	34	40	45	50	54	58	66	75	76	86	104	108	111	118	119	
37	27
1	2	4	6	8	13	16	17	19	21	23	24	25	29	34	35	37	39	45	50	54	55	58	78	86	100	108	
50	32
1	4	7	9	10	12	13	15	23	24	25	27	32	33	35	37	39	41	45	59	66	67	75	77	78	86	88	96	108	112	127	153	
42	28
2	4	7	8	9	10	12	13	16	19	21	22	25	34	35	46	49	54	55	60	63	66	73	92	96	108	112	115	
40	30
1	2	6	7	8	11	13	14	15	16	19	21	22	24	25	34	37	39	45	46	49	50	55	58	60	67	73	86	92	112	
46	31
1	10	13	14	15	17	21	23	24	25	29	32	33	34	35	37	39	40	49	54	59	60	63	73	75	76	88	92	100	112	127	
41	29
1	4	5	7	8	10	13	20	21	22	24	25	27	29	30	34	35	37	40	54	58	63	66	71	86	88	90	112	118	
39	28
0	2	3	4	5	8	10	12	13	16	21	22	24	27	29	31	33	34	35	39	54	58	67	86	92	108	118	119	
46	30
1	2	4	6	7	10	13	16	17	21	25	30	31	32	34	35	40	55	58	59	60	63	66	67	73	75	78	104	108	127	
47	29
0	1	4	5	13	15	16	17	18	21	23	25	29	32	33	35	37	55	58	63	64	66	73	100	108	112	115	118	119	
37	28
0	1	7	8	9	12	13	14	19	22	23	24	25	29	30	35	37	40	41	45	54	55	60	63	71	88	96	115	
38	28
1	2	4	5	8	9	12	13	16	17	22	24	25	29	33	34	39	40	41	54	55	58	63	66	73	86	88	104	
46	31
1	7	12	13	15	16	17	18	19	21	23	29	33	35	37	39	41	45	55	58	63	66	67	72	73	78	86	88	92	118	127	
42	28
1	4	6	8	9	13	16	18	24	25	28	29	33	39	45	49	50	54	55	58	60	66	73	78	86	88	104	115	
41	29
0	1	2	4	5	8	13	16	21	24	25	28	29	30	33	36	37	41	49	54	55	63	66	75	76	88	92	118	119	
41	31
1	4	5	7	8	10	11	17	18	19	22	23	24	25	28	29	33	34	35	39	40	41	46	55	58	73	76	86	88	104	111	
42	30
2	4	7	8	12	13	16	17	18	21	24	25	29	31	32	34	35	39	45	49	54	55	60	63	73	78	86	92	104	108	
39	27
0	3	4	5	8	10	13	15	16	17	25	31	33	34	35	39	40	49	58	63	74	76	78	86	108	112	127	
41	27
0	4	5	7	9	12	13	14	15	16	19	21	22	28	29	34	36	58	63	66	73	74	88	100	108	112	118	
34	27
0	1	4	5	8	10	11	13	14	16	20	21	22	24	29	34	35	37	39	40	41	55	63	66	73	76	108	
44	31
0	1	4	8	9	10	12	16	21	22	24	25	29	30	32	33	34	35	36	39	54	55	60	63	66	75	84	92	96	104	111	
40	28
0	4	5	7	10	13	16	17	18	21	22	24	25	28	29	33	43	45	54	55	58	66	75	77	92	95	108	118	
45	33
4	6	7	8	12	13	14	16	17	20	25	28	29	30	31	34	35	37	39	41	43	45	46	49	55	63	73	75	84	88	100	112	118	
42	28
0	1	4	8	10	13	15	16	21	24	25	30	34	35	39	40	49	50	55	58	63	73	75	78	92	108	118	132	
36	29
0	3	6	7	8	10	11	12	13	14	18	21	23	24	25	26	28	34	35	39	43	45	49	55	60	66	92	96	107	
42	28
1	4	7	9	10	13	14	15	16	19	21	24	25	29	34	35	37	41	49	55	63	66	73	100	108	112	118	119	
38	28
0	1	4	7	10	11	14	15	16	21	23	25	26	31	33	35	37	39	45	46	58	63	66	75	78	86	104	118	
42	29
0	1	2	5	8	12	13	21	23	24	25	29	30	31	32	33	34	35	41	54	55	63	67	86	92	96	108	112	115	
42	27
0	2	3	8	13	14	15	16	18	21	25	26	34	37	45	50	55	58	60	66	74	75	77	86	104	108	119	
46	30
0	1	2	6	7	8	10	12	17	21	22	24	25	35	39	45	49	54	55	58	60	63	67	76	77	86	88	104	115	127	
42	29
4	10	12	14	15	16	17	21	22	24	25	28	29	32	33	34	35	39	41	60	63	66	67	73	75	92	96	119	153	
44	29
0	8	12	13	16	21	22	24	25	31	34	35	39	40	43	45	47	54	55	58	66	73	75	77	78	86	100	108	118	
34	26
1	4	8	10	13	15	18	21	23	24	25	27	29	30	34	39	40	45	50	54	55	58	60	76	78	86	
43	28
2	4	12	13	14	16	18	19	21	22	25	31	34	35	39	40	45	59	66	73	78	86	88	96	104	108	115	127	
45	31
1	3	4	5	7	11	12	13	16	23	24	25	26	31	33	34	37	45	46	49	50	54	60	63	73	75	92	96	104	108	118	
41	27
0	1	4	8	10	11	13	16	21	23	25	29	30	34	35	37	39	55	60	63	66	73	75	108	115	117	127	
37	27
0	2	3	5	7	9	13	14	16	19	20	21	22	25	29	34	35	49	50	54	55	58	60	66	78	96	108	
43	30
1	7	8	9	13	14	16	17	21	22	23	24	29	31	32	33	34	35	39	41	54	58	63	66	76	78	86	96	115	153	
42	29
1	4	5	7	10	12	13	15	20	22	23	24	26	28	29	40	41	46	50	55	58	63	66	73	75	77	86	119	127	
41	30
1	5	12	13	15	16	18	19	21	24	25	28	29	30	31	33	34	36	39	40	49	50	55	58	60	66	74	75	100	118	
43	31
1	2	4	7	8	11	13	15	16	17	19	21	24	29	30	31	34	35	37	39	59	63	66	73	74	75	78	90	92	96	108	
41	29
0	1	4	6	8	10	12	13	14	16	18	21	22	25	28	34	35	39	41	45	55	66	67	73	78	86	104	118	127	
41	30
0	1	4	6	7	8	10	11	13	14	16	17	23	24	28	29	32	33	34	37	40	45	50	58	66	73	75	107	112	115	
41	29
1	2	4	8	13	14	16	21	24	25	29	32	33	34	35	39	40	41	45	49	55	58	60	73	78	86	100	112	118	
41	30
2	3	4	7	8	10	12	13	19	21	22	23	24	25	30	35	36	39	40	46	50	54	55	63	66	67	78	86	88	108	
41	30
2	4	6	10	12	13	16	19	21	22	23	25	28	29	31	34	39	41	43	45	54	55	58	60	63	66	73	78	86	118	
40	29
1	3	7	8	10	13	16	18	21	22	24	25	29	31	32	33	34	40	45	49	55	58	60	66	75	77	88	112	132	
40	33
0	2	3	4	5	12	13	14	16	17	18	23	24	25	28	29	30	31	33	34	35	36	39	40	41	45	55	58	66	75	78	86	92	
45	30
0	1	4	6	7	8	13	14	16	20	23	24	28	29	34	35	37	39	41	45	60	66	73	75	78	96	112	115	118	153	
41	30
2	4	6	7	10	11	13	14	15	16	17	21	23	24	25	29	32	39	40	43	45	50	54	60	63	66	86	92	100	104	
45	30
1	5	8	10	11	13	16	17	24	25	30	31	32	33	34	36	39	40	45	55	58	60	75	78	86	95	100	104	108	115	
40	28
1	4	5	7	8	11	12	13	16	20	21	23	24	25	26	29	30	39	43	54	55	58	60	63	86	108	118	127	
44	29
1	2	4	6	7	10	13	16	17	19	20	23	25	29	32	33	37	39	40	41	55	58	66	75	111	112	119	127	153	
38	28
1	4	5	7	8	10	11	12	13	14	15	16	21	24	25	28	29	31	36	45	54	60	63	66	75	96	108	115	
40	29
4	5	7	8	11	12	13	14	18	21	23	24	25	26	29	34	35	37	45	46	50	55	58	63	86	92	96	104	108	
40	29
1	2	4	7	8	10	13	14	16	21	24	25	29	32	34	35	39	40	41	45	49	58	66	73	76	86	111	112	118	
40	29
1	2	4	5	10	13	16	17	18	23	24	25	29	30	32	33	34	36	39	41	55	58	63	66	67	75	86	104	127	
40	27
0	2	4	5	11	12	19	21	22	24	29	35	36	40	41	43	54	55	63	66	67	75	78	88	96	115	119	
41	29
0	1	4	5	11	12	13	14	16	17	19	20	21	25	30	31	40	43	54	55	58	60	63	73	75	76	78	92	108	
42	30
1	2	5	7	10	11	13	22	23	24	25	29	30	31	35	37	41	45	46	49	50	54	55	58	60	74	75	88	119	127	
41	29
0	1	4	8	9	12	14	17	18	19	21	22	23	24	29	35	37	45	49	54	63	66	71	76	78	88	96	104	115	
38	27
1	3	4	5	8	12	13	16	17	23	24	25	27	29	30	33	34	50	54	58	60	63	66	76	92	96	104	
43	30
1	2	3	4	7	10	11	13	17	18	24	25	33	34	35	38	40	43	45	46	55	58	66	75	78	86	95	108	115	127	
41	29
1	2	4	6	11	12	13	15	16	18	21	22	25	34	35	36	39	45	46	50	54	55	58	63	66	73	75	100	118	
42	29
0	1	2	8	11	14	18	19	20	23	29	30	32	34	35	39	40	45	50	55	58	60	63	73	76	86	95	100	127	
43	30
2	4	6	8	12	13	14	18	21	23	24	25	28	34	35	37	39	41	45	49	54	55	58	63	67	73	86	108	127	132	
43	30
1	2	3	6	10	11	13	16	21	23	24	28	32	35	36	39	40	43	45	46	54	58	59	60	67	73	92	112	118	127	
43	30
1	4	7	8	12	13	15	16	20	22	29	30	34	35	39	41	43	45	46	49	55	60	63	66	74	75	84	100	112	118	
45	29
1	3	6	7	8	10	15	18	19	23	30	32	33	34	35	39	41	54	55	60	67	73	75	76	86	96	112	118	153	
43	31
0	2	4	6	8	14	15	16	19	21	23	24	25	28	30	32	33	34	35	37	40	46	60	63	76	86	92	96	104	112	121	
42	28
1	2	5	8	13	14	17	18	22	30	31	34	40	41	43	49	50	54	55	58	63	66	74	75	86	88	100	108	
39	27
0	1	4	5	9	10	11	12	13	16	21	23	24	28	29	35	39	55	60	63	66	73	78	88	96	112	118	
40	29
1	2	4	7	8	11	14	16	17	22	23	24	25	32	33	34	35	39	41	46	54	63	66	75	78	86	92	104	121	
41	29
0	1	5	7	8	10	11	12	13	14	17	18	23	29	35	37	39	43	45	50	54	55	66	74	75	88	96	117	118	
38	26
0	1	2	4	8	11	18	21	22	23	24	30	34	35	39	40	46	54	55	63	66	76	86	115	118	119	
35	28
0	1	3	4	5	6	10	11	12	13	15	17	21	23	24	25	28	34	39	41	45	46	54	55	58	66	86	112	
38	28
0	1	2	4	8	13	14	16	21	23	24	25	28	29	30	33	34	39	41	50	55	58	63	64	66	75	86	100	
38	29
0	1	2	5	10	11	13	17	21	22	23	24	25	29	30	31	35	36	40	41	54	55	60	63	67	73	75	86	92	
38	28
0	1	2	3	5	6	7	8	10	11	13	17	21	23	24	35	37	39	45	46	50	55	66	67	78	88	112	118	
41	28
0	1	4	5	10	11	12	13	17	23	24	29	31	34	35	37	39	45	54	55	58	66	73	75	78	107	117	118	
43	30
0	1	4	8	10	12	16	18	19	21	23	28	30	34	35	36	37	39	43	49	55	58	60	63	73	75	78	107	108	115	
40	29
0	1	3	4	8	9	10	11	13	16	21	24	25	28	32	34	35	45	49	54	55	58	60	63	66	75	76	92	108	
39	28
1	7	10	13	14	15	16	17	18	21	22	23	24	28	29	31	34	39	45	50	54	55	60	73	75	92	108	127	
40	27
2	4	7	8	11	12	13	14	16	21	22	25	30	31	34	35	49	54	58	60	63	75	88	92	100	108	118	
38	29
0	1	2	4	5	6	12	14	17	22	24	25	26	34	35	36	40	41	45	46	49	54	58	66	67	73	74	75	115	
38	27
0	1	2	4	9	12	13	16	17	20	23	24	25	33	35	39	40	41	45	50	66	78	86	96	108	112	127	
44	30
0	1	4	7	9	10	11	13	16	21	23	25	26	31	33	34	35	37	45	58	63	66	67	75	78	86	90	104	108	118	
42	29
0	1	5	6	8	10	11	13	18	19	21	23	24	29	31	34	35	36	37	45	55	66	73	78	86	100	108	112	119	
41	29
1	4	5	8	10	11	13	16	18	21	22	25	29	30	34	41	46	54	55	58	60	63	73	74	75	76	78	86	92	
39	28
1	4	12	13	15	16	17	18	19	21	23	29	30	33	34	35	39	41	49	50	55	58	63	66	74	86	100	108	
38	27
0	1	4	5	6	8	12	14	16	19	21	22	23	25	29	31	34	39	54	55	60	63	73	76	86	117	118	
47	30
0	2	4	6	7	10	13	15	17	21	22	24	25	26	32	34	39	50	55	63	66	75	78	90	92	96	104	112	121	132	
42	30
1	8	10	13	16	17	18	21	23	28	29	31	34	35	39	40	41	45	46	49	54	55	58	63	66	67	78	86	112	118	
43	29
0	1	5	7	9	11	12	13	14	15	16	21	23	25	28	32	39	45	54	55	60	73	75	78	86	96	100	104	118	
40	26
1	4	5	6	7	11	13	16	18	19	21	22	24	28	29	33	34	50	73	75	92	100	112	115	118	127	
41	30
1	2	3	7	8	13	17	18	22	23	24	25	26	29	32	34	37	39	43	46	49	54	55	58	60	63	75	86	108	117	
46	30
0	1	2	4	7	13	16	17	18	20	21	22	25	27	29	34	35	37	39	46	60	66	67	73	75	104	108	112	115	153	
44	30
0	2	4	7	8	10	13	16	17	21	23	24	25	28	29	33	34	41	45	50	58	63	74	75	76	78	92	100	108	127	
47	29
0	1	4	11	13	14	17	18	20	21	23	29	30	34	35	46	54	55	63	66	74	75	76	88	104	112	115	118	119	
46	30
1	4	7	8	10	13	15	16	17	22	23	24	29	31	32	35	39	46	55	58	63	66	73	76	86	96	108	112	119	121	
42	29
1	3	8	12	13	15	16	17	21	22	24	25	28	29	30	34	39	40	50	58	63	67	73	75	76	86	96	108	112	
39	29
0	1	2	4	5	7	12	13	16	17	19	20	21	22	24	30	31	35	40	41	43	59	60	63	73	75	88	104	127	
45	30
0	2	5	7	13	16	18	19	21	22	23	24	25	29	32	33	39	50	54	55	58	60	66	67	75	76	84	88	112	117	
38	28
1	2	4	8	11	13	14	16	17	21	23	24	25	28	29	30	32	33	34	39	50	58	60	63	67	71	115	118	
39	28
0	1	4	5	6	9	10	11	12	13	16	18	21	24	25	29	30	31	35	39	58	63	66	73	74	108	118	127	
41	29
4	5	8	12	13	15	16	17	19	20	22	23	25	27	29	31	33	35	37	49	58	63	66	75	86	92	108	119	127	
41	29
1	4	7	8	10	11	13	17	21	25	26	29	31	32	34	35	39	40	41	45	46	54	63	71	75	88	100	118	153	
37	29
0	1	4	5	6	10	11	13	14	15	16	17	21	22	25	28	29	33	34	35	39	40	41	55	58	63	73	108	118	
39	29
0	1	2	5	6	16	17	19	20	21	23	24	25	28	30	31	35	40	41	46	49	55	60	73	75	77	88	100	127	
46	30
0	1	2	5	7	8	12	13	16	19	24	29	30	31	33	35	40	43	50	55	60	66	67	75	86	96	108	112	121	127	
42	29
2	4	5	7	8	9	12	13	14	16	18	21	22	24	32	34	35	36	49	54	55	63	74	76	92	95	104	108	112	
41	29
0	4	8	10	12	13	16	18	24	25	31	32	33	34	35	37	39	41	45	50	55	60	66	73	75	78	86	112	115	
42	29
1	3	8	10	11	13	15	16	21	25	29	31	32	34	35	37	39	40	41	59	60	63	67	73	75	92	112	118	132	
43	28
0	1	4	9	12	13	14	16	21	23	24	28	33	39	40	45	50	58	66	67	73	78	86	92	96	108	112	127	
41	27
0	1	2	3	4	5	8	13	16	18	22	24	29	30	33	39	50	55	60	63	67	74	76	86	100	112	127	
42	28
2	4	5	6	7	9	11	17	21	22	29	32	34	35	40	41	49	60	63	73	76	78	86	88	96	104	108	111	
37	29
0	1	2	4	7	8	10	12	13	14	16	19	21	22	24	25	29	31	32	33	34	39	43	60	63	86	96	118	127	
37	28
0	1	2	4	5	6	7	8	13	14	16	19	20	28	30	35	39	40	46	49	55	60	67	74	76	88	96	108	
42	29
2	7	8	13	14	15	16	19	20	21	22	23	25	27	29	32	35	45	54	58	60	63	71	75	86	90	92	108	112	
43	28
0	1	7	8	11	12	20	21	23	25	29	31	32	34	35	45	55	58	60	63	73	76	78	86	88	100	108	127	
38	30
0	1	5	6	7	8	10	12	13	14	15	16	18	23	24	28	29	31	34	37	39	41	45	55	60	66	73	76	86	118	
41	29
0	1	2	4	8	10	11	13	16	21	23	24	25	29	31	33	34	35	39	45	60	66	67	75	86	92	111	112	118	
41	30
0	1	2	3	8	12	13	14	15	16	21	22	23	24	25	32	33	34	36	37	39	41	45	58	78	86	92	112	127	153	
43	28
0	1	4	6	7	10	11	17	20	21	23	24	34	35	37	39	54	60	63	66	73	75	76	78	88	112	118	119	
41	29
1	2	3	4	5	6	8	12	13	14	15	21	24	30	33	34	37	39	49	54	55	60	63	66	75	76	77	115	118	
40	29
0	1	2	5	8	12	13	14	15	16	18	19	22	24	26	29	30	45	46	49	50	55	58	60	63	75	88	100	118	
35	26
0	1	4	6	7	10	12	13	14	16	22	25	29	31	32	39	40	54	55	58	60	63	72	73	76	86	
47	30
1	5	7	8	10	13	14	16	18	19	21	22	23	28	29	30	31	35	37	49	55	58	60	67	104	108	115	118	127	153	
38	29
0	1	2	4	5	13	16	17	21	22	23	24	25	26	29	30	32	39	40	41	49	50	54	63	66	67	74	78	100	
44	29
1	2	4	5	6	11	13	14	17	21	24	34	35	39	40	45	46	49	50	58	60	67	73	78	86	104	107	117	118	
39	30
0	1	4	6	7	8	10	12	13	16	18	21	23	25	29	32	34	35	37	39	41	45	49	55	58	63	88	92	100	115	
37	28
1	2	3	4	5	6	8	11	12	13	14	16	17	20	21	24	31	33	35	39	40	50	55	63	66	75	108	112	
46	30
0	1	2	5	7	11	12	13	14	17	20	21	23	24	39	41	43	45	54	55	60	63	67	75	76	86	100	104	115	119	
42	31
0	2	4	6	7	8	10	11	14	15	16	17	20	24	25	29	33	34	35	37	39	40	45	63	66	76	77	90	104	108	115	
44	28
0	1	4	6	12	16	17	20	21	24	25	28	29	30	37	38	41	49	55	63	66	73	84	108	111	117	127	153	
39	28
3	4	5	10	11	12	13	14	16	17	20	22	23	25	29	30	31	34	37	46	54	63	66	75	76	104	117	127	
44	29
0	2	8	12	13	15	16	17	25	29	31	32	33	35	36	39	41	45	46	55	58	60	75	86	104	108	111	112	118	
45	30
0	1	4	8	13	14	16	17	21	22	23	28	33	34	35	39	41	46	49	50	55	58	63	66	76	78	104	108	115	127	
41	29
0	4	5	8	10	12	13	21	24	25	28	29	33	34	39	41	43	45	49	55	58	60	66	71	75	78	86	100	127	
37	28
1	3	4	8	10	13	14	15	16	19	21	23	24	25	29	30	35	37	39	41	55	60	63	73	75	78	86	108	
43	29
4	7	8	12	16	19	20	21	22	24	25	26	28	29	33	36	39	41	49	54	55	63	76	86	88	92	107	108	153	
38	28
1	3	4	5	8	10	11	12	13	16	19	21	22	25	29	30	35	39	41	55	60	63	73	74	86	88	92	111	
41	28
0	3	4	7	10	12	13	14	15	17	22	24	25	29	33	37	45	46	54	60	66	74	75	78	86	108	115	119	
46	28
0	4	8	9	11	14	18	19	20	21	24	25	26	35	37	45	49	55	63	66	88	100	104	108	111	112	115	117	
40	27
0	2	3	8	12	13	16	19	22	24	25	28	31	33	35	49	50	54	55	58	60	63	75	86	92	108	112	
38	29
0	1	3	5	6	8	12	16	18	19	21	22	24	25	26	28	29	31	35	39	45	55	58	59	60	73	75	86	127	
41	29
1	2	4	7	8	10	11	16	17	21	25	30	32	34	35	40	41	46	49	58	60	63	73	75	86	92	96	115	118	
46	28
1	2	4	10	13	16	19	23	25	28	33	37	39	49	50	58	59	60	63	73	76	78	95	96	108	112	119	127	
42	27
3	5	7	8	12	13	17	21	24	25	28	31	32	33	45	46	50	54	55	58	60	63	75	88	108	132	153	
39	28
0	2	4	5	6	9	11	13	14	17	23	26	28	30	35	39	41	46	49	58	63	66	67	74	75	76	117	127	
38	29
1	4	5	6	7	8	12	13	14	16	17	18	21	23	24	27	29	30	32	37	39	50	58	60	73	76	78	86	108	
44	32
1	2	4	7	8	10	13	14	16	17	18	21	22	24	25	29	31	33	36	37	39	40	45	55	58	60	63	75	76	108	115	118	
39	28
0	4	5	6	7	10	13	14	18	19	21	22	25	29	30	32	35	37	41	55	60	66	67	73	77	78	86	153	
38	29
4	8	9	10	11	12	13	16	17	18	21	23	24	25	28	29	31	32	34	39	45	54	55	58	63	66	86	92	112	
40	30
2	3	4	6	7	8	10	11	17	20	21	24	25	26	28	29	31	32	35	36	39	41	45	55	66	73	86	92	132	153	
41	28
1	2	4	13	14	16	18	20	21	22	24	26	27	28	31	33	34	43	46	54	60	73	75	76	92	108	127	153	
38	29
0	4	7	8	10	13	17	19	21	23	24	25	28	29	31	34	35	39	40	41	45	49	54	55	63	86	92	100	104	
42	29
1	5	6	10	13	14	18	19	20	21	22	24	29	31	34	35	36	40	45	54	58	66	73	75	88	92	112	115	127	
46	30
1	2	5	8	11	16	21	24	25	26	30	33	37	39	41	45	47	49	54	55	58	66	67	78	86	88	100	107	108	115	
34	28
1	2	4	6	7	8	10	12	13	16	19	21	22	23	24	25	28	29	39	41	45	49	55	58	60	66	88	92	
41	29
3	4	5	7	8	12	13	16	17	18	20	21	28	31	33	34	35	45	58	59	63	67	75	76	77	78	88	90	108	
41	28
1	2	10	11	12	13	16	17	21	23	24	33	34	35	39	41	45	46	50	55	60	66	67	74	88	100	112	115	
43	28
0	1	2	3	4	8	10	14	16	17	19	23	28	40	41	45	46	49	50	54	63	67	76	96	107	115	127	153	
45	31
1	2	3	5	6	7	11	16	22	23	25	29	31	32	35	39	41	45	46	54	55	60	63	73	75	78	86	88	92	104	119	
43	28
0	4	5	7	10	11	12	16	19	20	23	25	28	33	34	37	54	58	60	66	67	73	75	76	78	104	108	112	
46	31
1	7	8	12	13	15	17	18	20	21	22	24	25	28	29	32	33	34	39	40	45	54	60	66	67	73	108	112	118	127	132	
46	29
0	3	8	12	13	16	18	21	22	23	25	26	30	34	43	45	54	55	58	66	67	78	88	92	96	100	104	108	127	
41	28
1	2	3	4	10	12	13	14	16	21	24	25	28	29	31	33	39	45	49	50	55	58	66	75	100	108	118	119	
39	30
1	2	4	7	8	11	12	14	18	21	24	25	33	34	35	36	37	39	41	45	46	49	54	55	60	73	78	86	92	104	
37	30
0	2	5	8	10	13	16	18	20	21	23	24	25	26	29	30	31	32	35	37	43	45	49	50	54	55	66	73	78	96	
42	28
2	4	7	8	12	13	15	16	17	20	21	22	24	29	33	38	40	45	58	66	67	75	88	96	108	112	118	127	
36	28
0	1	2	4	5	8	10	12	13	16	17	23	24	25	29	31	33	34	39	45	50	58	60	74	76	86	95	96	
43	29
0	1	4	10	11	14	16	19	20	21	23	25	28	29	33	35	46	49	55	58	63	66	73	75	77	88	112	115	127	
42	29
0	1	3	4	8	13	14	16	22	23	27	31	34	35	39	40	41	43	46	50	55	58	63	66	76	77	86	108	153	
42	31
1	3	4	8	10	11	13	14	16	17	20	21	22	24	25	29	30	32	34	35	39	40	46	54	55	60	63	75	100	112	118	
36	24
0	1	2	8	13	14	15	16	21	23	24	33	37	39	45	50	60	67	76	78	86	104	112	127	
39	27
1	2	4	7	8	10	11	12	13	16	17	21	25	34	35	45	49	54	55	60	63	66	75	84	88	100	115	
43	30
0	1	5	7	8	10	13	14	15	16	17	18	22	26	31	37	39	45	46	54	58	60	71	75	78	86	90	95	104	118	
43	29
0	1	2	4	5	10	12	17	18	21	22	24	31	34	35	39	46	49	50	55	63	73	78	84	88	92	104	107	108	
39	30
0	1	3	8	10	12	13	14	16	20	21	22	23	28	33	35	36	37	39	40	43	46	49	63	66	76	77	88	108	112	
43	29
4	7	8	9	14	19	21	22	23	24	25	29	31	32	35	37	39	41	49	58	66	67	78	84	86	92	104	115	153	
43	29
0	1	4	6	7	12	13	16	21	25	28	30	31	33	34	35	39	40	46	55	58	63	66	73	78	88	108	127	153	
39	28
4	8	10	11	12	13	14	16	18	20	21	25	31	33	34	35	39	45	58	60	63	73	75	76	78	86	96	104	
41	31
1	5	7	8	9	10	11	12	15	16	17	22	23	25	26	29	31	34	35	39	40	41	49	50	54	55	63	73	78	119	127	
47	29
0	1	10	16	18	21	23	28	30	31	34	35	36	39	45	46	50	54	58	63	66	67	73	96	100	111	112	115	127	
38	28
0	4	5	8	10	11	12	13	16	18	21	22	23	25	28	35	39	43	46	54	55	63	66	67	73	78	88	104	
41	29
0	1	2	4	5	7	9	13	16	17	19	21	23	24	28	35	37	40	45	46	54	55	58	60	66	75	100	108	118	
38	28
0	1	2	4	7	8	10	11	14	17	21	23	25	28	29	30	32	35	37	39	50	55	60	63	88	96	119	132	
42	30
1	4	5	6	7	8	10	11	21	24	28	29	31	34	35	37	39	40	41	45	50	60	63	66	71	73	75	96	104	115	
42	32
0	1	2	6	7	8	9	13	14	16	21	23	24	30	31	34	36	39	40	41	43	45	46	49	50	55	58	67	78	92	118	132	
48	31
3	6	7	8	10	11	12	13	15	18	21	22	23	24	29	30	39	45	49	50	55	60	63	66	67	88	92	100	115	132	153	
37	28
1	4	6	8	10	12	13	16	17	19	21	22	24	25	29	30	34	36	39	41	60	63	73	74	76	86	92	119	
43	29
1	2	3	4	5	8	10	12	13	14	21	22	24	29	31	34	35	40	45	54	66	73	78	86	92	100	115	118	127	
44	28
7	8	11	12	13	16	17	21	25	30	34	35	43	49	54	55	58	63	67	75	76	78	86	90	92	96	108	112	
41	29
0	1	2	3	4	6	7	10	11	15	21	24	25	30	32	35	36	39	46	49	55	63	66	75	92	96	104	118	121	
41	27
0	1	2	4	8	11	12	13	16	21	22	24	34	35	39	45	50	55	60	63	66	73	74	86	115	118	127	
40	28
0	2	4	6	8	12	14	15	18	19	21	22	23	24	31	35	37	46	60	66	67	78	86	88	92	96	115	119	
41	28
1	4	10	14	15	16	18	19	21	22	23	25	29	30	33	34	40	41	55	58	63	75	76	86	88	108	117	119	
38	28
1	4	7	10	20	21	23	24	25	28	29	32	34	35	39	40	41	45	46	54	55	63	66	73	78	84	96	115	
40	26
0	3	4	5	9	11	12	13	14	16	17	23	25	28	30	54	55	58	63	66	75	84	86	108	118	119	
40	27
1	2	3	8	11	12	13	16	21	22	31	32	40	43	46	49	50	54	55	58	60	63	66	74	86	115	119	
43	29
0	1	2	4	8	9	12	13	16	21	24	25	28	33	34	39	45	46	49	55	58	73	75	92	96	104	108	118	127	
43	31
1	4	5	8	10	13	17	22	23	25	28	29	32	33	35	36	39	40	43	46	49	54	55	58	60	63	75	78	86	108	118	
41	29
0	1	3	4	9	12	13	14	15	18	21	23	24	25	28	29	34	37	41	45	50	54	55	63	66	86	100	107	115	
43	30
0	4	7	8	12	15	16	17	20	23	24	25	29	30	32	33	34	37	50	55	58	59	63	67	75	77	78	86	92	108	
44	29
0	3	5	11	12	13	16	17	18	21	22	23	24	28	31	36	37	43	45	54	60	66	73	96	107	108	112	118	127	
37	29
1	4	7	8	10	13	14	15	16	17	21	22	23	24	25	27	29	32	33	37	40	46	50	54	60	63	75	92	108	
41	29
2	3	7	12	13	14	16	17	20	21	23	24	27	28	29	30	35	41	46	49	54	55	58	66	74	96	108	118	127	
40	28
0	4	5	6	8	9	10	12	13	14	19	23	24	25	31	34	37	45	49	50	54	60	66	78	96	103	112	127	
42	29
0	1	4	5	8	10	13	15	20	21	24	25	30	33	34	35	37	45	49	54	55	60	75	78	88	92	100	104	127	
39	30
1	4	6	7	10	12	14	16	17	18	19	23	25	27	28	29	34	35	39	41	45	46	54	58	63	66	75	86	96	119	
37	26
0	1	2	4	5	12	13	14	16	23	25	29	34	35	39	41	50	55	58	63	66	75	77	86	92	112	
41	29
1	2	3	4	5	6	11	13	14	17	19	21	25	28	29	30	31	32	35	40	54	55	60	67	73	86	96	108	153	
39	29
0	2	4	5	8	9	10	13	14	16	17	20	24	25	31	34	39	40	43	45	46	50	60	63	74	76	78	108	111	
41	28
0	1	4	5	9	10	11	13	15	18	21	24	25	28	29	30	31	39	60	63	73	75	84	88	96	108	118	127	
43	30
1	2	4	6	7	15	16	17	20	21	25	29	30	31	32	33	35	39	41	45	55	59	60	67	75	86	96	100	115	119	
44	30
2	3	4	11	13	14	15	18	19	21	22	24	25	26	31	32	33	37	55	60	63	66	67	71	75	86	88	96	108	132	
48	31
1	7	8	9	10	13	17	20	22	24	25	28	30	33	34	35	39	43	46	49	50	54	58	60	63	104	107	108	111	115	117	
39	27
4	5	8	10	13	15	17	21	24	25	29	31	34	37	39	40	45	50	54	55	58	60	63	73	86	112	132	
39	27
1	4	7	8	12	14	16	17	19	23	30	32	35	37	39	41	46	49	54	63	67	76	78	92	115	118	119	
46	29
0	1	3	4	6	11	12	14	16	17	23	25	28	29	34	35	37	39	45	54	55	75	88	104	112	115	118	127	153	
40	29
1	2	4	7	8	10	12	13	16	17	20	21	23	24	28	29	34	36	39	45	50	54	55	58	67	76	78	112	127	
41	27
1	2	4	7	9	12	13	16	22	24	25	29	30	34	39	46	55	58	60	63	66	73	77	86	100	104	119	
40	30
2	5	8	10	11	12	13	15	19	20	21	23	24	26	29	34	35	37	39	45	46	50	55	58	63	66	67	73	76	118	
41	28
1	4	5	7	10	16	17	19	21	22	24	29	32	35	37	39	40	41	54	55	58	60	67	73	96	100	108	112	
34	28
1	2	3	4	5	8	10	11	12	13	14	16	19	21	22	24	25	29	32	35	39	41	55	60	63	66	73	75	
50	30
1	2	4	5	6	12	13	15	16	19	26	32	34	35	43	49	54	58	60	63	66	67	74	75	96	104	108	112	119	153	
41	28
0	1	2	4	5	8	12	13	14	16	22	25	26	27	28	32	36	50	54	55	58	66	75	77	92	96	108	118	
39	29
0	1	8	10	12	13	16	18	21	22	23	24	29	30	31	32	33	34	39	45	46	49	55	66	76	88	108	112	118	
40	30
1	3	4	5	10	12	13	14	16	18	19	21	22	24	29	31	32	33	35	37	40	50	60	67	73	75	78	86	88	115	
43	29
7	12	13	16	18	21	24	25	28	29	31	34	35	36	39	41	45	50	54	55	58	60	63	74	75	84	88	100	118	
43	29
4	7	8	11	12	13	14	16	17	22	25	29	31	32	35	45	46	54	55	60	63	66	67	73	75	78	86	103	108	
48	30
1	2	4	7	12	13	16	17	21	23	24	25	29	34	35	41	45	49	50	55	58	66	75	84	108	111	112	118	121	127	
43	28
0	1	4	8	10	12	13	17	18	23	24	29	33	34	35	37	39	50	54	55	63	66	76	86	108	112	115	118	
41	31
1	4	6	8	12	13	14	16	17	19	21	22	23	24	25	28	29	30	31	34	37	45	46	49	55	60	63	92	112	115	118	
45	30
0	1	7	8	13	14	16	21	22	23	24	25	27	28	29	35	39	40	45	55	58	60	73	76	86	88	100	104	108	121	
40	29
2	4	5	8	12	13	14	16	19	21	25	26	29	31	32	33	35	39	45	49	58	60	63	67	73	75	96	108	118	
44	29
2	4	7	8	10	12	13	17	23	24	33	35	39	40	43	46	50	54	55	58	63	67	75	76	78	86	95	108	112	
39	29
0	4	5	7	8	9	10	12	13	14	16	20	22	23	25	26	27	28	29	39	41	58	60	63	67	73	88	112	118	
38	28
0	1	4	5	8	10	11	13	14	16	21	22	25	28	29	30	35	40	41	49	55	58	63	66	75	88	118	119	
41	29
0	1	2	3	4	5	13	16	20	21	22	24	25	30	33	34	40	41	45	47	55	58	66	73	78	86	104	107	127	
42	32
1	3	6	8	10	11	13	16	21	25	28	29	30	31	34	35	37	39	40	41	45	49	54	55	58	60	63	67	76	78	86	92	
48	28
0	4	12	14	16	18	21	23	24	28	29	36	39	40	50	58	63	66	73	75	76	84	86	108	112	117	118	153	
45	28
4	5	7	8	13	14	15	18	21	24	25	29	37	39	45	49	60	63	66	67	77	88	96	100	108	112	115	118	
42	30
1	4	5	6	8	10	12	13	15	17	24	28	29	31	33	34	37	39	41	45	54	58	60	67	76	88	92	96	104	108	
42	30
0	1	2	4	8	10	11	12	13	16	21	23	24	25	32	33	34	39	43	45	55	58	60	73	78	84	86	95	108	118	
43	29
0	2	4	6	13	15	16	17	21	25	26	34	35	37	40	41	45	49	55	58	66	73	75	77	84	96	108	112	127	
39	26
0	4	8	11	12	13	16	18	21	25	29	31	34	39	45	46	49	55	58	73	78	88	104	108	117	127	
43	29
0	4	8	10	11	15	18	21	22	23	25	26	28	29	32	34	35	39	46	54	55	63	66	73	86	100	112	117	121	
44	30
0	2	3	4	5	6	7	9	12	13	16	17	27	28	29	30	31	33	39	55	58	60	63	66	75	84	88	100	115	118	
41	29
0	1	2	3	8	11	12	13	19	20	21	24	25	28	29	31	34	35	39	40	45	54	55	88	96	108	112	119	121	
41	28
0	4	5	7	8	10	12	13	14	16	21	23	30	33	34	35	39	50	54	55	58	63	67	71	78	86	107	118	
38	28
0	1	7	8	10	13	14	16	21	25	28	29	30	31	34	35	36	39	40	45	50	55	58	63	71	86	104	118	
42	31
0	4	5	8	10	13	16	17	20	21	22	24	28	29	32	33	34	37	39	40	45	46	50	58	66	67	73	78	86	112	127	
41	27
0	2	4	8	11	13	16	19	21	22	23	25	31	34	46	50	54	60	63	67	71	75	76	86	92	108	118	
42	30
1	2	4	6	7	8	10	11	13	14	16	17	18	19	22	26	32	34	35	39	49	50	58	73	75	78	96	104	118	127	
41	28
0	5	11	12	13	14	16	19	20	21	23	25	30	34	35	40	41	49	54	55	58	63	76	78	92	100	107	108	
43	30
0	2	4	5	7	8	12	13	16	19	21	24	25	31	34	35	40	41	45	46	50	54	58	73	78	92	96	108	115	121	
41	28
0	1	3	4	8	9	12	13	15	16	19	21	22	25	28	29	35	37	39	54	55	67	90	96	108	111	112	127	
41	29
1	2	4	6	7	13	16	18	19	20	21	22	23	24	25	29	31	34	39	46	66	73	74	75	77	88	104	118	127	
36	30
0	1	2	3	6	7	8	9	10	12	13	15	16	20	21	23	25	29	30	31	32	39	41	45	54	55	58	63	66	92	
42	28
0	1	4	8	10	11	12	13	16	21	23	25	29	35	37	39	40	41	55	60	63	73	78	88	104	108	112	119	
40	28
0	2	5	7	8	9	12	13	14	15	17	23	25	29	33	34	41	45	49	54	55	66	74	78	86	104	108	115	
40	28
1	4	7	8	12	13	15	17	21	23	24	29	32	33	37	39	41	45	54	55	58	60	63	66	78	86	115	118	
48	30
0	1	2	5	7	8	12	13	14	17	18	21	24	29	30	31	35	45	50	54	55	63	76	88	100	108	112	115	117	121	
34	27
1	7	8	10	13	15	16	17	18	20	21	24	25	28	29	31	33	34	37	40	45	55	58	66	73	92	108	
44	29
0	4	7	8	11	13	15	16	17	21	24	25	28	29	34	41	43	46	49	54	63	78	92	95	100	108	112	115	118	
41	28
1	4	7	8	10	12	13	15	16	17	21	24	25	30	31	35	36	40	50	54	55	58	63	75	88	108	111	118	
39	28
1	4	8	12	13	14	16	17	21	22	23	28	29	31	33	34	35	39	41	50	58	63	66	75	76	86	104	108	
37	28
1	2	3	4	6	8	12	13	15	16	21	24	25	28	29	39	40	45	49	50	55	58	60	66	67	73	75	92	
45	30
1	3	5	7	13	15	16	18	21	22	24	27	28	29	31	33	34	39	41	58	66	67	75	76	86	92	108	117	119	132	
41	30
0	1	2	5	7	8	9	13	23	24	25	26	29	30	32	33	34	35	36	41	45	50	54	55	58	60	66	78	100	117	
38	28
0	1	3	4	5	8	11	12	14	16	17	18	22	24	29	31	34	35	39	49	58	60	63	76	86	92	104	118	
43	29
0	1	2	4	7	12	13	16	24	25	27	28	31	33	34	39	40	58	60	63	73	76	77	88	92	95	96	108	112	
39	26
1	2	4	14	16	17	19	21	22	24	25	29	32	34	35	39	41	50	71	73	78	86	104	108	118	127	
38	27
4	5	8	11	12	13	16	17	19	21	22	25	29	31	34	35	39	54	55	58	60	63	71	86	88	92	100	
43	29
2	4	7	8	10	12	13	14	16	19	20	21	22	23	25	28	33	34	54	58	60	63	73	75	76	92	108	112	118	
40	29
0	1	2	5	7	8	10	13	16	18	21	22	24	29	32	33	39	40	41	45	55	58	60	67	73	75	78	108	118	
48	31
0	2	4	5	6	12	13	14	15	21	22	24	25	30	31	40	45	46	49	58	60	66	75	78	88	92	104	107	112	118	127	
46	29
1	3	4	5	10	12	13	14	16	21	23	28	29	31	33	39	45	58	63	66	73	76	88	92	100	112	118	127	132	
37	28
1	3	4	6	8	10	13	16	18	20	21	22	23	24	28	31	32	35	39	45	49	59	60	75	76	88	112	127	
46	30
0	1	2	3	4	6	8	11	13	15	16	21	23	29	31	34	35	39	45	54	63	67	86	88	92	96	100	117	118	153	
43	29
0	2	3	4	8	14	23	24	26	33	35	36	37	38	40	41	45	50	58	60	67	73	75	76	86	92	96	112	115	
41	29
1	2	4	6	7	10	11	12	13	22	24	25	29	32	33	34	35	37	45	46	55	58	60	66	73	75	78	115	153	
42	30
0	4	7	8	10	12	13	16	21	23	24	31	33	34	35	39	45	47	49	50	60	63	66	73	75	78	90	95	96	127	
34	27
0	1	2	4	5	7	8	10	11	12	13	15	20	21	22	24	25	38	39	46	49	55	58	60	63	88	108	
45	29
0	3	4	8	12	13	16	17	18	21	23	25	29	30	32	34	35	46	54	55	63	78	88	92	100	108	118	119	121	
50	32
4	5	9	11	12	15	16	17	18	20	21	22	29	31	37	39	41	43	49	50	54	58	63	73	75	76	92	96	108	118	127	153	
43	28
2	5	8	12	13	16	18	21	22	23	27	30	31	33	34	35	50	54	58	63	66	67	78	92	95	108	112	132	
43	28
7	8	12	13	15	16	17	21	25	28	29	31	33	35	41	45	50	54	55	63	75	76	88	92	96	108	118	132	
36	28
0	1	6	7	8	10	11	12	14	18	20	21	22	23	24	29	31	34	35	39	45	46	55	63	66	73	118	127	
41	30
1	4	6	7	10	13	15	17	18	21	24	28	30	31	34	37	39	40	45	46	50	54	59	63	66	74	78	86	96	127	
46	31
0	1	2	4	7	8	10	14	16	17	18	19	20	21	22	25	28	29	32	34	45	50	55	58	59	92	104	108	115	118	119	
41	28
1	7	8	10	11	12	13	14	18	21	24	25	34	35	37	39	45	49	54	55	75	78	84	88	92	104	115	132	
40	28
0	1	2	7	8	12	13	16	21	22	23	24	27	33	34	35	38	39	50	54	55	58	67	75	78	92	108	112	
43	29
0	1	4	5	10	12	13	14	16	21	23	25	28	31	33	39	40	49	50	55	58	60	63	73	75	78	108	112	119	
45	31
0	1	4	6	7	12	15	16	19	20	21	23	28	29	30	31	32	34	35	40	49	58	59	66	86	92	96	100	104	108	118	
44	30
0	1	4	6	7	12	13	14	15	17	18	22	24	29	31	39	45	54	55	58	59	60	66	67	74	75	76	86	92	118	
37	28
0	1	2	4	5	6	10	12	13	15	21	24	25	30	33	34	36	43	49	54	55	60	63	66	67	73	74	75	
45	29
4	8	10	12	13	16	17	18	21	25	29	32	37	39	41	45	49	54	58	60	66	73	75	78	96	104	112	121	127	
46	30
0	1	2	4	5	8	9	13	14	18	20	24	25	28	30	37	43	54	55	63	74	76	77	78	86	90	92	100	108	127	
42	29
0	1	2	4	6	12	13	18	19	22	23	24	25	29	31	34	35	39	40	45	54	58	60	76	86	108	111	115	119	
43	28
3	4	5	7	8	10	12	13	14	16	21	28	30	31	35	40	41	54	55	58	59	63	76	88	100	108	118	127	
39	29
2	4	7	8	9	13	16	18	20	21	25	29	31	32	34	35	39	45	46	49	54	55	60	75	78	86	88	96	108	
40	29
0	1	2	7	8	12	13	14	15	16	21	23	25	29	31	34	35	39	40	45	50	58	60	73	78	92	96	104	112	
50	31
0	1	4	5	12	13	15	17	21	23	24	29	31	33	45	46	54	55	60	63	66	74	75	76	78	92	96	104	107	108	119	
42	28
2	4	5	10	11	12	13	17	23	24	25	26	34	35	37	45	50	55	58	59	63	66	75	90	92	96	108	119	
41	27
1	3	4	7	8	13	16	17	18	21	24	25	28	29	34	45	49	58	63	66	75	92	96	112	115	118	127	
36	29
0	1	4	7	8	10	11	14	16	21	23	24	25	29	30	32	33	35	37	39	40	41	45	55	60	63	73	92	100	
39	28
4	5	10	11	13	14	16	19	21	22	23	25	29	30	31	32	35	49	54	55	58	63	66	67	73	75	88	132	
41	28
1	7	9	10	13	16	17	18	20	21	22	23	24	29	33	35	36	37	39	49	60	63	67	100	108	112	118	127	
33	28
0	1	4	6	8	9	10	12	13	14	16	17	18	21	23	24	25	28	29	33	34	39	45	55	60	66	73	92	
43	29
0	2	4	6	7	8	10	11	21	22	23	24	28	34	35	38	40	46	50	54	55	58	63	66	86	92	100	104	108	
47	31
1	4	6	7	8	12	13	15	16	21	25	31	33	35	39	41	45	46	49	54	63	66	75	78	88	92	96	112	117	118	127	
41	29
3	4	11	12	13	14	16	17	22	23	25	26	29	31	34	35	39	40	41	45	50	58	63	66	76	92	100	104	127	
42	30
1	2	4	5	7	8	13	15	16	17	21	24	25	29	33	37	39	41	45	49	50	55	60	71	74	86	88	96	108	115	
39	27
1	2	4	10	11	13	18	19	21	23	24	29	34	35	37	45	46	49	55	58	63	66	84	96	100	115	127	
45	33
5	7	10	15	16	17	21	22	23	24	25	28	29	30	31	32	33	35	39	40	41	43	49	55	60	63	73	75	77	84	86	112	115	
40	28
1	2	5	10	13	15	17	19	23	24	25	31	36	37	39	40	41	45	50	54	55	58	60	64	75	86	108	127	
44	29
4	8	10	12	13	15	16	17	18	21	23	29	30	34	39	41	45	54	55	58	63	66	67	73	78	86	104	118	132	
38	28
0	2	4	5	6	13	14	16	18	20	21	22	23	25	29	31	39	40	45	60	63	66	73	76	84	88	92	112	
41	29
0	1	3	4	6	7	8	10	11	12	17	21	22	24	25	29	34	35	37	39	45	50	63	75	86	92	104	118	153	
44	31
1	7	10	12	13	16	17	18	21	24	25	29	30	32	35	37	39	40	41	45	54	55	58	63	67	75	76	77	90	92	153	
42	29
0	2	4	8	16	20	21	25	26	27	28	29	34	36	39	40	41	45	49	50	54	55	58	67	73	96	108	115	118	
37	27
1	4	7	10	12	13	14	15	16	17	21	22	23	24	29	31	34	39	46	55	60	63	66	73	77	100	118	
42	29
1	4	7	8	10	11	12	17	21	24	25	26	28	29	31	34	35	41	45	50	55	58	60	63	73	75	86	115	153	
41	28
0	1	4	8	11	12	13	16	21	24	25	28	34	39	41	45	46	47	55	58	63	66	72	73	75	100	118	121	
39	28
0	2	4	5	8	10	12	13	16	18	21	22	23	24	26	31	36	39	50	58	60	63	67	74	75	78	86	108	
40	28
0	1	2	4	8	9	10	11	16	21	23	24	29	30	32	34	35	39	55	58	63	66	67	73	75	78	100	118	
43	29
1	2	4	5	6	8	11	12	13	15	16	17	25	31	34	35	36	45	55	58	60	66	75	86	88	96	100	108	119	
50	32
1	2	4	10	12	14	16	17	23	25	26	28	33	34	35	41	45	46	50	54	63	67	73	75	76	78	88	92	104	108	115	127	
50	32
1	2	4	5	6	7	13	14	21	24	25	29	31	35	37	39	41	46	54	58	59	63	66	73	76	86	88	92	112	117	119	121	
39	28
1	4	6	12	13	14	16	17	18	21	24	26	29	31	33	34	39	40	45	50	60	63	73	76	86	92	100	118	
38	27
0	2	4	6	11	12	13	14	16	17	18	20	21	23	37	40	45	46	50	58	66	67	73	78	88	104	108	
49	31
0	1	2	3	4	8	13	16	18	21	22	26	29	31	39	45	49	54	55	63	66	67	74	75	78	86	92	104	107	112	118	
41	28
0	6	7	10	16	19	21	23	25	28	31	34	35	39	40	41	45	46	55	58	63	73	77	78	88	104	115	127	
41	30
0	1	4	5	7	10	11	13	16	18	19	21	23	24	29	30	31	32	33	35	40	49	63	66	74	75	96	108	118	127	
41	29
1	4	8	10	12	13	14	15	16	17	21	22	23	24	25	28	29	31	34	39	41	60	63	78	92	104	119	121	127	
42	28
0	1	4	5	7	8	10	11	13	16	21	24	25	30	39	40	43	54	55	58	60	63	77	78	95	108	118	127	
40	29
1	4	7	8	10	13	15	16	17	21	24	25	29	31	33	34	35	37	39	45	50	55	60	63	73	75	78	86	153	
39	27
0	1	2	4	5	6	10	11	13	14	15	16	18	21	23	25	30	37	50	54	63	66	84	88	112	118	127	
46	30
0	1	2	3	4	8	11	16	19	20	21	22	23	28	34	35	40	45	54	66	71	73	76	84	86	92	104	107	112	115	
47	32
1	2	10	13	16	21	22	23	24	25	26	29	31	33	34	35	37	39	40	41	45	58	60	73	76	78	88	92	107	112	115	127	
45	29
1	3	4	8	12	13	15	16	18	19	21	25	29	30	33	34	35	40	41	54	55	58	75	77	100	108	111	119	153	
44	30
1	2	4	5	7	8	11	13	15	16	17	18	19	21	25	26	30	34	49	58	63	66	73	76	86	88	92	100	107	115	
38	28
0	1	2	6	8	10	11	12	13	14	16	21	22	24	25	34	35	39	43	45	55	58	60	66	73	75	112	115	
38	28
1	3	4	5	6	7	8	11	14	16	17	22	24	25	26	28	29	34	35	39	50	57	60	63	71	76	104	115	
42	29
1	4	7	8	10	12	13	14	16	24	25	28	29	30	31	34	39	40	46	55	58	60	63	73	74	75	100	104	108	
43	30
2	4	5	6	7	10	12	13	16	17	21	23	25	28	31	32	35	39	40	45	49	54	55	58	60	77	95	108	115	153	
37	27
0	1	2	4	5	8	11	12	14	19	21	22	23	24	29	34	35	39	41	54	55	63	66	73	96	104	127	
40	30
0	1	2	4	7	8	10	12	16	17	19	20	23	24	25	26	28	29	33	34	35	45	58	60	66	73	76	78	115	118	
46	31
1	2	4	5	8	11	12	13	16	21	23	24	25	28	30	33	34	41	43	46	54	58	60	63	67	73	92	100	112	115	118	
44	29
1	2	7	10	13	18	20	21	23	24	25	28	29	34	39	41	43	45	55	60	66	67	73	75	78	92	104	111	153	
41	29
1	4	7	8	9	10	11	13	16	23	24	25	30	33	35	37	39	46	50	55	60	63	64	73	78	86	88	96	100	
36	28
0	1	2	4	7	8	12	14	16	19	20	21	22	23	25	29	31	34	35	36	37	40	58	73	78	88	104	108	
42	30
1	2	4	5	10	14	17	19	21	24	25	28	33	35	37	39	40	41	43	45	49	54	55	60	73	75	88	108	115	127	
35	26
1	2	4	6	8	12	13	14	16	20	21	24	25	29	31	32	34	39	45	55	60	73	86	96	112	115	
43	30
0	3	5	8	11	12	14	15	17	21	23	24	25	26	34	35	37	39	43	49	55	63	73	75	78	88	96	108	112	118	
41	30
0	1	2	7	8	10	12	13	15	18	19	22	23	24	29	30	31	33	34	39	49	55	73	74	76	77	86	96	108	112	
44	32
0	1	4	6	8	12	13	14	16	17	21	23	25	28	29	30	31	32	33	34	41	46	54	60	63	67	75	76	92	96	111	115	
43	29
1	4	11	12	13	14	18	19	23	24	26	29	32	37	39	43	46	49	50	58	60	73	75	76	86	92	104	108	112	
41	28
1	2	3	4	7	11	12	13	15	16	23	24	25	30	31	35	38	49	54	60	63	64	66	74	75	108	111	115	
41	27
1	8	9	11	12	13	14	16	20	21	23	31	33	34	39	45	50	58	67	75	76	78	86	88	104	108	112	
38	29
4	6	8	10	11	12	13	18	20	21	22	23	31	34	35	39	40	43	45	46	49	55	63	66	74	76	78	88	127	
44	27
0	1	4	8	13	16	17	18	21	25	31	34	35	47	50	58	60	63	75	76	78	86	88	104	108	112	115	
43	29
3	4	5	6	8	10	11	13	16	18	24	25	29	31	33	35	39	45	50	58	60	75	76	78	86	92	104	108	127	
40	26
0	1	4	12	13	16	17	21	23	25	29	35	37	39	40	45	50	60	73	78	88	96	104	111	112	127	
40	29
1	2	4	5	10	11	12	19	20	21	22	24	25	27	30	33	34	40	41	43	54	55	58	66	75	76	78	115	119	
43	29
0	1	2	4	6	7	8	13	14	21	23	24	25	28	32	34	35	43	45	54	55	58	60	66	77	100	104	107	115	
46	30
1	3	6	8	10	15	18	19	21	23	24	29	30	31	35	39	40	41	45	54	55	58	63	66	92	108	115	118	119	127	
41	29
0	1	2	4	7	13	14	15	17	18	20	23	24	28	29	36	37	41	45	46	54	63	75	76	78	88	100	112	115	
39	27
4	5	7	8	12	13	16	17	21	22	24	25	27	28	29	31	33	39	54	55	58	60	63	88	108	115	118	
41	28
0	4	5	8	10	13	16	19	21	22	24	25	28	29	31	32	36	50	54	60	71	74	75	76	86	92	108	127	
40	31
0	1	2	4	7	8	10	11	13	14	15	21	22	24	25	29	30	33	34	35	39	43	45	46	55	58	63	86	92	100	118	
42	29
0	1	2	4	11	12	13	16	23	24	25	29	31	33	34	35	39	45	50	58	59	60	63	66	73	75	86	118	127	
43	28
0	1	4	7	8	10	12	13	16	21	29	31	34	38	39	45	54	55	58	59	60	63	73	77	78	100	108	118	
40	30
0	3	4	5	8	12	13	14	16	17	19	25	26	28	29	33	35	39	43	45	46	49	55	60	63	67	75	95	100	118	
44	32
1	4	6	7	8	9	11	12	13	14	20	21	22	24	25	30	33	34	35	39	45	46	60	66	67	73	74	76	86	92	111	112	
46	29
0	1	4	5	6	12	13	14	16	17	18	21	31	33	34	39	41	45	50	54	55	73	78	86	104	107	108	117	153	
40	29
0	4	6	7	10	12	13	15	16	18	21	25	29	31	33	39	41	45	46	49	55	58	60	63	66	75	88	111	118	
43	28
0	1	2	4	10	18	21	22	23	24	25	29	34	35	45	49	50	54	55	63	66	73	74	75	84	108	112	127	
42	27
0	1	4	10	13	15	16	19	21	22	23	26	31	33	35	39	49	55	60	63	66	88	100	108	111	115	118	
40	29
1	2	5	8	10	16	20	21	23	28	29	31	32	34	35	39	40	41	45	49	50	55	58	60	67	71	76	104	108	
42	30
2	4	5	6	7	8	9	10	12	13	16	17	21	24	25	30	31	33	34	41	45	50	54	66	73	75	76	104	112	118	
37	26
0	1	4	8	10	11	13	16	21	25	29	31	34	35	39	40	45	55	58	60	73	75	78	86	100	104	
40	30
1	4	5	7	8	10	13	16	17	18	20	22	24	25	27	29	30	33	40	43	46	54	55	58	60	75	76	78	88	112	
42	29
0	1	4	7	8	12	13	15	16	21	23	24	26	29	33	35	37	39	45	50	54	55	60	63	66	86	104	118	127	
49	30
2	4	7	9	12	13	19	21	22	24	26	31	32	33	34	39	40	54	60	67	73	75	76	78	88	112	115	118	127	153	
42	29
1	3	4	8	10	12	13	14	15	16	20	25	28	30	31	36	39	45	50	54	55	58	60	75	86	95	96	108	119	
42	28
0	7	8	10	11	13	16	17	21	22	25	28	31	35	39	45	50	55	59	60	63	75	76	78	88	92	104	132	
47	30
2	3	4	8	11	13	14	15	18	24	25	33	34	35	39	45	46	55	60	66	73	75	77	78	86	92	96	108	115	153	
42	30
1	2	4	6	7	10	11	12	13	14	16	19	21	25	28	29	31	32	39	40	50	54	55	60	66	88	92	96	108	112	
41	29
0	1	2	4	10	12	13	16	18	21	23	25	29	30	34	39	41	45	50	54	55	58	63	66	75	78	88	92	112	
48	31
1	5	7	9	10	11	13	15	16	23	27	29	31	32	33	36	40	41	45	54	55	58	60	63	66	77	100	104	118	119	127	
43	29
1	3	6	8	9	12	13	16	24	25	28	29	31	34	39	40	41	43	45	55	58	60	63	73	86	92	119	127	153	
44	29
0	1	4	10	13	17	21	23	24	25	29	31	32	33	34	35	39	45	54	55	60	66	75	78	86	100	112	118	119	
43	30
0	1	2	4	5	6	7	8	10	11	13	16	18	19	21	23	24	45	49	55	60	66	67	71	74	75	76	96	108	115	
43	29
0	1	2	4	7	8	13	15	21	23	24	30	31	32	33	39	41	45	50	54	58	60	66	73	78	96	104	118	127	
36	28
3	4	6	7	10	12	13	16	18	19	20	21	22	23	24	28	31	35	39	45	49	54	66	67	76	88	92	127	
38	30
0	1	2	3	6	9	10	12	13	15	16	21	22	23	24	25	29	30	31	33	34	35	45	46	54	55	66	92	108	112	
43	28
0	4	7	11	12	13	18	21	23	25	29	30	32	41	43	46	49	54	55	58	63	66	75	86	115	117	118	127	
41	30
0	1	2	7	8	14	19	20	21	23	24	25	28	31	34	39	41	43	45	46	50	55	60	63	73	78	86	92	96	108	
49	30
1	5	10	13	16	21	22	24	28	29	32	33	34	39	41	43	45	50	55	58	60	67	75	76	86	100	104	108	112	153	
43	30
1	2	4	5	7	8	10	12	13	16	21	23	24	25	28	33	35	39	41	45	54	55	63	66	67	92	96	104	108	127	
40	28
1	4	8	10	11	13	15	16	17	21	23	25	29	30	34	37	39	40	50	54	60	63	66	74	76	88	108	118	
41	27
0	2	4	5	8	9	11	12	14	15	19	22	24	28	30	43	55	60	63	66	73	74	88	96	107	108	118	
48	32
1	4	7	12	13	15	18	23	24	28	29	31	32	33	34	35	36	37	39	49	60	63	67	75	76	78	86	92	100	104	112	118	
44	30
0	1	3	4	10	11	12	13	15	16	17	21	23	24	28	29	31	39	45	55	63	66	73	75	78	84	92	108	112	118	
39	27
3	4	8	10	13	14	15	16	18	21	22	23	24	29	30	39	45	49	50	55	60	63	67	76	118	119	127	
36	26
0	1	4	8	10	13	16	19	21	22	23	25	29	35	37	39	49	50	55	60	63	73	78	86	88	108	
39	29
1	2	4	7	8	12	13	15	16	19	21	23	24	25	29	30	32	33	40	41	46	55	60	63	86	88	96	108	118	
39	29
0	1	2	3	4	5	6	7	8	11	12	14	15	17	24	26	31	33	34	35	39	55	59	63	76	86	96	112	127	
41	29
0	1	2	5	10	11	12	13	16	17	18	19	21	23	25	31	33	35	49	55	63	66	67	73	75	78	88	108	112	
45	30
1	3	8	12	13	15	16	17	18	21	23	25	28	29	30	31	35	38	50	54	55	58	63	66	75	86	92	108	112	118	
42	28
1	2	3	4	5	6	13	16	18	21	23	24	25	33	45	46	50	54	55	58	60	66	71	76	88	92	108	119	
38	29
0	2	3	8	12	15	16	18	21	23	25	29	33	34	35	37	39	40	41	45	55	60	63	67	73	74	77	92	96	
43	29
0	1	2	4	10	13	16	18	21	25	29	32	33	34	36	43	45	47	50	55	58	60	63	86	88	90	100	108	115	
39	28
0	1	2	3	4	7	8	11	12	15	19	21	23	24	29	31	34	35	39	49	55	63	66	92	96	108	112	119	
41	28
1	2	4	8	11	13	16	21	23	24	25	28	30	31	32	33	34	54	58	60	63	66	75	76	86	96	108	119	
42	30
1	7	8	9	12	13	16	19	20	21	24	25	28	30	31	34	36	39	46	49	54	55	58	60	63	66	86	88	108	111	
39	28
0	1	2	4	8	10	11	13	16	21	24	25	30	34	35	39	40	43	49	55	58	60	63	73	75	86	108	118	
43	31
0	1	2	4	5	7	8	12	13	14	16	17	25	26	28	31	34	39	40	41	45	46	54	55	75	78	88	96	104	112	127	
43	28
0	1	8	10	13	16	21	22	25	26	29	31	35	36	39	40	49	58	60	63	73	78	86	88	112	118	119	127	
48	27
0	5	15	16	18	19	21	24	25	28	31	39	49	54	55	58	60	67	71	78	88	107	108	112	115	127	153	
42	30
0	4	6	10	12	13	15	17	18	21	23	24	28	29	33	36	41	43	45	50	54	55	58	60	66	75	90	92	96	108	
38	28
0	4	8	11	12	13	14	15	16	17	21	24	25	29	31	34	39	45	49	54	55	60	71	73	78	86	88	100	
40	28
1	2	4	6	7	10	12	13	16	17	24	28	29	31	33	34	35	43	45	58	66	67	73	74	76	108	115	118	
47	32
0	4	8	10	12	16	17	18	21	22	25	28	29	34	36	37	39	40	43	47	54	55	58	63	67	73	75	78	86	108	112	115	
45	30
3	4	7	10	11	12	13	14	15	23	24	25	33	37	39	41	43	45	54	55	60	63	66	67	75	78	95	100	108	115	
48	32
2	4	5	11	12	13	16	19	21	22	24	28	30	31	34	35	37	47	50	55	60	63	66	74	75	78	86	90	92	96	118	119	
42	30
1	2	3	4	5	8	12	15	16	18	21	23	29	33	35	37	39	41	45	55	58	59	64	66	67	73	75	76	96	118	
43	30
1	5	6	7	10	14	16	21	24	27	28	29	30	31	32	35	36	40	41	45	54	58	67	73	76	86	88	96	115	153	
38	27
2	4	12	13	16	17	19	21	23	25	29	34	35	39	41	45	49	54	58	59	63	66	67	73	78	96	100	
44	28
0	1	2	4	8	9	16	19	21	22	23	24	31	34	40	49	54	60	63	66	76	78	88	96	107	108	118	119	
38	30
0	2	3	6	7	8	13	14	17	21	23	24	25	28	29	33	35	39	40	41	43	45	54	55	60	76	84	86	88	92	
39	29
3	4	6	10	11	13	16	17	18	20	21	24	25	26	28	39	41	45	46	49	58	63	66	67	73	75	76	92	104	
41	28
1	2	4	8	10	11	13	16	18	21	22	24	26	29	31	34	50	54	55	58	60	63	66	73	77	78	86	108	
41	28
0	1	4	8	12	13	16	17	22	24	25	28	30	33	39	45	49	50	54	55	58	60	73	75	78	86	108	118	
40	28
0	1	4	7	8	11	12	13	15	17	21	25	29	31	32	35	37	41	54	55	63	66	71	84	88	92	108	112	
42	30
1	3	4	7	8	10	11	12	17	18	21	23	24	25	28	33	34	35	37	39	41	45	54	66	75	92	100	108	112	119	
43	30
0	1	2	4	8	12	15	16	20	21	22	24	25	29	32	34	35	39	41	45	54	73	76	78	84	86	96	108	112	119	
47	31
1	2	5	8	13	16	17	18	21	23	24	31	32	33	34	35	39	43	45	54	55	58	60	73	75	76	86	108	112	118	127	
39	27
1	2	4	5	8	13	14	16	21	22	23	25	29	31	34	40	45	50	55	58	60	63	76	86	88	108	117	
41	29
0	1	4	5	6	10	11	13	15	16	19	21	29	30	31	34	35	37	40	54	58	63	66	67	73	88	96	108	118	
42	30
0	3	4	8	10	11	12	13	15	18	21	22	23	24	25	27	28	29	30	34	37	54	55	58	75	88	92	108	115	119	
41	29
0	1	7	10	12	16	17	18	21	23	24	28	29	33	34	35	39	45	50	55	60	63	66	67	73	76	88	96	127	
46	32
1	2	4	7	8	9	10	13	16	18	19	21	22	26	28	31	33	40	41	46	54	60	63	66	67	73	75	76	78	92	108	118	
37	27
0	1	3	4	7	8	10	11	12	13	14	16	25	30	31	37	46	49	55	58	60	63	73	76	84	88	108	
40	29
1	4	7	10	12	13	14	16	20	21	23	25	29	30	32	33	34	39	40	55	58	60	63	73	75	76	78	88	112	
40	29
0	1	2	4	8	11	12	14	16	18	21	23	24	30	32	33	39	40	43	45	55	58	66	74	76	86	92	107	118	
37	28
1	4	7	10	15	16	19	21	23	24	28	29	31	32	34	35	39	40	41	45	54	55	63	66	73	92	96	108	
41	28
1	7	8	13	15	16	18	20	21	22	23	24	28	29	31	34	39	45	50	55	58	60	63	73	86	100	104	115	
42	29
0	1	4	8	10	12	13	16	17	25	29	31	32	33	34	35	39	45	60	63	66	73	76	86	88	95	96	108	115	
37	28
0	1	2	4	5	7	9	13	14	16	17	21	23	25	28	33	35	39	40	43	45	55	60	73	76	96	108	127	
38	28
0	1	2	4	5	7	8	10	12	13	16	17	22	24	25	33	35	39	41	43	55	60	63	66	74	75	108	115	
40	27
1	4	5	7	8	10	11	12	13	16	21	23	24	28	29	39	50	55	58	60	63	66	73	76	88	112	118	
46	30
4	6	7	12	13	14	17	21	23	24	25	28	29	30	33	35	40	50	58	60	63	73	75	78	88	92	96	108	118	127	
40	29
1	3	4	6	7	8	10	13	16	17	18	21	22	23	24	25	28	36	39	40	45	54	55	58	66	67	112	115	127	
40	28
4	5	7	8	9	10	13	15	18	21	24	25	29	30	31	34	37	39	45	46	54	66	88	96	100	108	112	118	
44	29
1	2	4	8	11	13	15	16	17	18	19	21	24	25	30	34	39	49	54	55	63	73	74	75	77	90	115	118	153	
38	28
1	2	3	5	8	11	12	14	18	21	23	24	25	26	29	34	35	39	41	45	55	58	66	73	78	96	108	111	
43	29
1	3	4	7	8	13	15	19	21	25	27	31	32	33	34	35	39	40	45	54	55	60	63	86	96	108	117	118	127	
38	30
3	6	7	8	9	10	11	12	15	17	19	21	22	23	24	25	31	32	35	37	39	41	46	49	55	60	63	86	118	119	
46	29
2	4	6	7	8	13	17	22	24	25	29	31	35	37	45	49	54	58	60	66	75	77	86	88	92	108	115	119	127	
45	31
2	4	7	10	12	15	16	17	19	24	25	28	29	31	34	35	37	41	45	50	58	63	66	67	75	76	78	84	88	108	119	
41	30
0	2	5	6	7	8	12	13	14	17	23	24	25	29	31	34	35	39	45	46	50	55	60	74	76	77	78	86	92	112	
47	29
0	1	12	13	14	16	21	23	25	28	35	37	39	40	41	45	55	58	60	66	73	78	86	96	100	104	108	112	127	
40	28
1	2	8	12	13	14	16	21	23	24	25	29	32	33	34	35	36	39	45	55	58	59	60	66	86	108	112	115	
42	29
1	2	4	5	7	8	10	12	13	16	21	22	24	29	30	35	40	41	46	55	58	60	63	67	73	88	108	118	119	
42	30
1	2	3	4	7	10	12	13	18	19	20	21	22	23	24	29	33	34	35	39	40	55	60	64	76	86	92	100	107	108	
39	26
0	4	5	8	10	13	15	16	17	21	22	24	28	33	34	39	50	58	60	63	73	76	84	108	111	118	
44	29
0	2	3	4	5	13	14	15	17	20	21	23	24	25	30	35	49	50	54	55	63	66	67	75	78	88	100	104	127	
37	29
3	4	5	7	8	12	14	16	17	19	21	22	23	24	25	28	29	34	35	37	39	41	50	58	63	67	78	96	104	
38	28
1	2	4	7	8	12	13	16	20	21	23	24	25	28	30	34	38	45	46	49	54	55	58	60	71	92	118	121	
40	28
0	1	3	4	7	8	11	12	13	16	17	18	21	23	24	31	34	45	50	54	58	60	66	75	78	86	108	127	
44	30
1	2	4	5	6	8	11	14	16	21	23	25	28	33	34	35	39	40	41	45	50	55	58	73	75	84	104	108	117	118	
42	28
1	4	7	8	12	13	14	16	17	21	22	24	25	28	29	39	40	43	60	63	73	74	75	86	100	108	112	118	
42	29
0	1	4	6	8	11	12	16	17	21	23	24	25	28	29	30	31	34	35	54	55	58	63	75	92	96	104	108	112	
39	29
0	1	2	4	7	13	16	21	22	23	24	25	27	28	31	33	34	35	36	39	40	41	55	58	73	75	108	121	127	
44	30
2	7	8	9	10	13	14	16	20	21	22	24	25	26	27	32	34	35	49	54	58	60	73	74	75	76	92	108	112	115	
43	30
0	2	5	9	10	12	13	15	16	19	21	22	23	25	28	30	31	34	46	50	58	60	63	67	73	75	88	92	104	112	
38	29
0	1	2	4	6	7	8	11	12	14	16	18	21	23	34	35	36	37	39	40	45	46	50	55	58	63	73	100	118	
42	28
1	3	7	8	9	12	13	16	21	22	23	33	34	35	37	39	40	50	54	55	58	63	67	75	78	92	108	153	
36	28
1	2	4	7	8	9	11	12	13	15	16	20	24	25	31	33	34	35	39	45	46	58	60	64	73	86	96	108	
43	28
2	3	4	7	12	13	14	16	18	21	22	25	30	33	34	35	41	54	58	63	66	74	75	86	108	112	118	119	
38	28
1	4	7	8	10	11	13	14	16	21	23	24	25	28	29	34	35	37	39	43	55	58	63	73	77	86	100	112	
39	27
0	2	4	5	7	10	13	16	19	21	22	23	25	26	31	35	45	46	54	58	63	66	75	76	108	115	118	
34	25
1	3	4	5	8	11	12	13	14	16	21	25	28	29	30	31	41	55	58	60	63	73	75	88	100	
43	31
0	2	3	4	5	6	7	8	12	16	17	19	21	24	25	26	28	34	39	45	46	47	60	63	73	75	92	96	108	115	118	
43	29
7	10	12	15	16	17	19	21	22	24	25	26	29	31	34	35	41	45	50	54	55	63	66	73	75	76	115	127	132	
40	31
1	4	5	7	8	9	10	11	17	18	20	21	23	25	29	31	32	33	34	35	39	40	41	46	60	63	66	73	76	112	115	
38	26
0	4	5	7	8	12	13	15	16	21	25	29	31	34	40	45	50	55	58	60	63	73	88	92	100	108	
44	29
0	4	5	11	12	13	17	22	23	24	28	32	34	35	39	45	46	54	55	58	59	60	76	78	86	88	100	108	117	
43	30
1	3	4	7	8	10	12	13	15	16	22	24	25	30	31	33	34	37	40	45	50	54	55	60	63	73	75	92	132	153	
44	29
0	4	6	7	11	12	13	14	16	21	24	25	30	39	41	45	49	54	55	60	63	66	67	73	78	86	100	111	127	
38	28
1	4	5	8	10	12	13	16	19	20	21	22	24	28	29	31	34	35	39	54	58	59	60	74	76	78	86	127	
44	31
0	3	4	5	7	8	13	15	16	17	21	24	25	28	29	31	33	34	39	40	41	45	54	74	76	78	86	112	115	118	119	
38	30
0	1	2	3	4	6	9	10	12	13	14	16	17	19	21	23	24	25	34	39	43	45	46	50	55	60	63	66	92	100	
44	31
0	1	4	5	6	7	8	9	13	16	21	23	25	30	31	32	37	39	40	41	46	49	50	54	63	76	78	104	115	118	127	
38	28
0	1	2	3	4	6	7	13	15	16	21	22	23	25	34	35	37	39	40	41	49	55	63	67	73	104	119	127	
43	29
0	1	2	4	7	10	11	12	13	14	20	22	23	24	25	31	35	40	54	58	60	63	66	75	76	86	104	108	115	
40	29
0	1	2	5	6	10	11	13	18	22	24	25	26	30	31	33	40	41	43	45	54	55	58	60	73	75	88	118	119	
42	28
0	3	4	6	7	11	12	13	15	16	21	23	25	30	31	46	49	55	58	60	63	73	77	88	96	100	108	127	
41	31
0	1	8	9	10	11	16	20	21	23	25	28	29	30	31	32	33	34	35	37	39	40	45	55	60	73	75	86	96	115	132	
36	27
0	2	4	6	7	8	10	12	16	18	20	21	22	23	31	34	35	39	45	60	63	66	67	73	76	78	127	
43	30
0	4	9	10	12	16	19	21	25	26	27	28	30	31	34	37	39	45	46	49	55	58	66	75	78	88	92	104	112	117	
40	29
1	2	3	5	9	10	11	13	14	16	21	22	23	25	29	32	35	39	46	49	58	60	63	66	75	76	96	112	118	
39	29
0	2	3	7	8	10	13	14	16	19	20	21	22	24	25	26	33	34	35	40	46	49	58	66	75	88	108	112	118	
44	28
2	4	5	13	15	16	17	23	25	26	30	33	34	37	45	50	54	58	66	67	74	75	76	86	92	104	118	127	
43	31
0	3	4	5	6	7	8	9	10	11	13	15	16	17	19	21	25	28	31	34	40	45	46	50	63	75	77	88	104	127	153	
36	28
0	4	5	6	9	11	12	13	14	16	18	19	21	23	24	25	29	30	39	49	55	58	66	67	76	78	88	92	
41	29
1	4	10	12	13	14	16	17	20	21	23	24	25	28	29	33	34	35	39	55	60	63	66	67	75	77	86	112	127	
41	27
4	5	8	10	11	13	16	18	21	23	24	25	28	29	34	39	50	58	60	63	67	73	78	88	100	112	118	
42	28
1	2	4	7	10	11	13	16	21	23	25	28	29	30	31	34	37	39	50	58	63	73	75	96	104	115	119	127	
41	28
2	3	4	5	10	13	15	19	20	21	24	25	29	37	45	49	50	54	55	58	60	63	66	73	75	78	86	108	
49	32
1	3	5	7	9	13	15	16	23	25	29	31	32	33	35	37	40	45	46	54	55	60	63	66	78	88	92	96	104	108	115	118	
39	27
1	4	8	10	13	16	20	21	24	25	28	31	32	34	35	39	55	59	60	63	73	75	78	86	90	96	112	
39	28
0	1	4	10	13	16	17	21	22	24	26	28	29	31	33	39	43	47	49	55	58	60	63	66	75	92	108	118	
37	28
0	1	2	3	4	7	8	10	12	13	14	15	17	19	21	22	30	37	40	46	50	54	60	63	67	74	88	108	
37	30
1	4	7	9	10	12	13	14	16	17	19	20	21	23	25	29	30	32	34	35	36	37	40	49	55	60	63	75	92	108	
34	27
0	1	2	3	4	8	9	11	13	15	16	21	22	25	30	32	34	35	40	46	49	54	55	63	76	88	108	
42	29
0	2	4	6	7	10	11	13	21	22	24	25	26	29	30	31	35	36	45	54	60	63	75	76	86	92	100	118	132	
46	29
4	5	7	8	10	11	12	13	18	20	21	23	24	28	29	40	45	50	54	58	66	75	77	90	96	108	112	127	153	
39	28
1	3	4	6	10	11	13	16	21	24	25	29	30	31	32	34	35	40	41	54	55	58	63	66	73	75	108	127	
38	28
0	1	7	8	10	12	13	21	22	23	24	29	31	35	36	37	39	40	46	54	55	58	63	67	76	78	88	108	
42	30
0	1	2	4	6	7	12	13	16	17	21	23	24	26	27	36	39	40	41	46	59	60	63	73	74	76	88	90	108	112	
51	31
4	5	6	8	13	14	18	19	21	24	28	29	31	34	37	43	50	58	67	75	76	78	86	88	92	96	108	112	115	117	127	
45	30
2	4	5	7	8	12	13	14	19	21	22	23	24	25	31	35	37	41	49	54	58	63	66	67	78	86	111	115	121	127	
46	29
0	1	2	4	5	7	13	15	16	21	25	26	28	34	41	45	46	49	50	55	58	71	73	76	104	108	119	121	153	
45	29
4	5	7	10	11	16	21	23	25	28	29	32	34	35	39	41	45	55	58	60	63	73	75	78	88	100	104	108	118	
43	31
0	4	6	10	11	15	16	17	20	23	24	28	29	30	31	33	34	35	36	39	45	50	58	60	73	74	75	86	92	111	127	
43	29
1	2	3	4	10	13	15	16	19	21	23	24	25	29	30	33	34	43	50	54	55	58	76	86	92	96	108	112	117	
44	28
0	1	5	6	7	8	10	13	15	16	21	29	30	39	45	49	50	58	63	66	67	77	88	96	108	112	118	127	
42	28
0	1	8	11	13	14	19	21	23	25	26	30	32	33	34	35	39	49	55	58	60	75	86	96	108	111	112	115	
44	28
0	1	4	5	9	11	12	13	18	22	24	29	34	37	43	45	46	55	58	59	66	77	86	104	107	108	118	119	
35	26
1	4	8	10	13	14	15	16	21	24	25	29	30	34	37	39	41	50	55	60	63	66	73	77	78	86	
37	29
0	1	2	4	6	8	10	12	13	16	18	21	22	24	25	29	31	34	35	39	41	43	45	55	58	66	86	118	119	
41	29
1	2	3	4	7	8	9	12	13	14	16	22	23	24	25	29	33	34	35	45	54	55	60	66	74	96	104	115	119	
41	29
0	2	4	7	8	11	13	19	20	21	24	25	31	34	35	40	45	46	49	54	55	58	63	66	88	92	96	108	119	
44	29
1	2	4	11	12	13	14	16	21	23	25	31	33	35	39	41	45	49	58	63	73	75	76	86	96	104	108	118	127	
42	29
0	1	2	3	7	9	10	13	14	15	16	17	21	23	24	30	34	35	40	45	54	55	66	73	78	107	115	118	127	
39	29
1	3	4	8	10	11	13	16	18	21	22	24	25	31	32	33	34	35	37	39	55	60	63	73	74	75	86	92	104	
41	28
0	4	5	6	7	12	13	16	19	22	24	28	29	34	37	39	41	46	54	55	58	66	76	77	88	108	112	117	
41	29
1	4	6	8	11	13	18	23	24	27	28	29	32	33	34	37	39	43	45	50	55	58	60	67	73	75	86	100	108	
46	31
2	3	5	6	7	9	11	12	13	16	21	24	29	30	31	33	36	39	45	49	54	55	64	66	67	75	86	100	112	115	118	
32	27
1	2	4	8	10	12	13	14	15	16	21	22	23	24	25	29	31	32	33	39	45	49	55	60	73	78	92	
44	28
2	4	12	13	18	21	22	23	24	32	34	35	39	45	46	49	50	54	55	58	66	75	76	88	92	108	112	153	
44	30
0	1	5	8	10	12	16	17	19	21	23	25	28	31	32	35	39	40	45	46	55	58	60	63	78	86	104	112	115	119	
35	29
0	1	4	5	6	10	12	13	18	21	23	24	25	28	29	31	34	39	41	43	45	46	49	54	55	58	66	73	75	
45	30
1	4	7	8	10	13	21	22	28	30	31	33	35	37	39	40	45	50	54	55	58	60	67	74	78	86	88	96	115	127	
39	28
0	2	4	5	7	10	11	12	13	14	16	19	21	25	31	35	39	45	49	54	58	63	66	75	88	92	104	118	
39	28
1	2	4	7	8	14	16	19	21	23	25	26	29	32	33	34	35	39	41	46	58	66	75	76	86	104	108	112	
47	30
3	4	5	11	12	13	14	21	23	28	29	32	33	34	35	40	50	58	60	63	67	73	74	76	84	88	92	100	112	115	
41	29
5	7	9	10	11	13	14	16	18	20	23	24	27	29	30	33	36	43	49	55	58	60	66	67	75	76	78	104	127	
41	28
1	7	8	10	13	16	20	21	23	24	29	34	35	37	39	40	46	50	54	55	60	63	66	67	86	96	108	112	
33	28
2	4	7	8	9	10	12	13	16	17	20	21	23	24	25	29	31	33	35	37	39	45	49	50	55	60	78	88	
37	28
1	2	3	5	7	8	9	10	11	12	13	15	16	21	22	24	25	29	30	50	55	58	60	63	66	67	73	75	
41	27
0	4	6	7	12	13	16	17	22	24	25	31	33	34	35	45	54	58	66	75	78	86	88	96	108	118	127	
40	29
1	2	3	4	6	9	10	12	13	14	15	16	20	21	23	24	29	30	40	43	45	50	55	73	75	88	108	111	112	
36	26
1	4	5	10	13	14	16	18	21	22	23	24	25	29	32	37	46	49	55	58	60	63	66	90	100	115	
43	30
0	1	2	4	5	12	13	16	18	21	23	24	27	28	29	30	33	34	43	45	54	55	60	63	66	73	76	100	111	118	
45	31
0	4	7	8	10	12	16	18	20	21	24	25	30	32	33	34	39	40	41	45	49	58	67	73	75	76	78	112	115	119	127	
46	30
0	1	4	8	11	12	15	16	17	18	21	24	25	31	35	36	39	40	54	55	63	66	67	75	78	86	107	108	112	115	
36	28
1	7	8	11	12	13	14	16	17	21	24	25	28	29	31	33	36	37	39	45	49	50	58	60	75	92	95	108	
40	30
1	2	4	5	6	11	12	13	14	16	17	21	24	25	29	34	36	39	45	46	49	54	58	60	73	76	78	86	96	115	
37	28
1	4	8	10	11	12	13	14	16	20	21	22	24	25	29	30	34	39	41	45	54	55	63	66	73	76	86	118	
40	27
0	4	8	11	12	13	16	17	21	23	25	37	39	43	45	49	54	55	58	60	66	73	75	78	88	104	108	
48	30
0	5	8	12	13	15	16	17	19	21	23	24	25	29	31	39	40	54	55	60	63	67	78	88	92	100	104	108	112	118	
43	29
1	7	8	10	13	15	16	17	18	21	22	23	28	34	35	39	41	45	50	54	59	71	75	78	90	92	104	115	117	
42	28
1	4	5	7	11	12	13	15	17	18	20	21	24	25	29	37	45	49	54	60	71	73	75	88	108	118	119	127	
42	29
0	4	5	7	12	13	15	16	17	19	21	25	28	29	31	33	34	39	45	58	60	63	67	78	88	96	104	108	119	
39	29
0	1	2	5	8	9	10	13	17	20	22	23	24	25	29	31	33	34	35	38	45	55	58	74	88	90	92	100	108	
39	29
0	1	2	5	6	8	10	14	16	17	21	23	24	28	29	32	35	36	39	40	45	50	55	60	67	88	92	104	118	
46	29
1	3	4	12	15	16	17	19	21	22	23	24	37	39	41	43	49	59	60	63	66	78	84	96	107	108	118	119	127	
48	32
1	2	7	8	12	13	16	19	22	23	24	25	29	32	33	39	40	41	45	46	54	55	60	67	76	78	86	90	92	108	112	153	
38	28
4	8	10	12	13	16	18	21	23	24	25	28	29	31	32	34	39	45	49	55	58	63	66	73	78	88	96	108	
41	32
3	4	5	6	7	8	9	10	11	12	13	14	17	18	19	24	28	29	31	34	35	39	40	45	46	50	60	73	78	86	108	119	
41	28
0	3	4	7	8	11	12	13	16	17	21	23	24	25	31	39	43	45	54	55	60	63	64	66	86	108	118	127	
36	27
0	1	4	6	7	10	12	13	16	18	21	23	25	28	34	39	41	45	46	54	55	58	63	66	73	78	127	
39	29
0	1	4	5	8	10	12	13	15	16	21	24	25	29	30	31	33	34	37	39	55	60	63	66	73	74	78	92	108	
41	30
2	4	5	7	8	14	15	18	19	21	23	24	25	29	30	31	34	35	41	49	54	55	63	72	75	76	78	86	92	111	
44	29
1	6	10	13	18	19	20	21	22	24	27	29	31	34	35	39	40	46	50	54	58	67	73	74	86	108	118	121	127	
41	29
1	4	6	7	10	14	15	16	17	18	21	23	29	30	33	34	35	39	40	41	50	63	67	71	73	96	100	118	119	
40	28
1	4	5	7	10	11	12	13	16	17	23	24	26	28	29	33	43	45	50	58	60	63	66	67	74	75	104	115	
40	28
1	2	4	6	7	13	14	18	22	24	25	29	31	35	39	40	41	49	54	55	58	60	63	73	75	86	104	108	
38	29
0	1	4	8	10	12	13	14	16	20	24	25	29	31	32	34	39	41	45	46	54	55	58	60	76	78	86	88	95	
41	30
4	6	7	8	11	12	13	14	15	16	17	21	25	26	31	33	34	35	39	41	45	58	63	73	75	76	78	86	104	119	
41	28
2	3	4	10	11	12	13	16	19	21	25	29	30	31	32	39	49	50	55	58	60	63	76	78	86	96	104	119	
42	31
1	2	4	6	7	10	12	14	16	19	21	23	25	29	31	33	34	35	36	39	41	45	50	55	63	73	78	86	88	100	119	
37	27
1	2	4	7	8	13	14	16	19	21	23	24	25	29	30	34	37	43	49	50	55	58	63	67	88	108	118	
41	29
0	1	7	8	10	13	16	18	21	24	25	29	30	31	32	34	39	43	45	55	58	60	63	66	73	75	92	118	127	
47	32
2	4	6	8	9	10	13	17	19	21	22	24	26	29	33	34	35	36	37	45	60	66	67	72	74	75	76	92	96	112	115	118	
42	30
0	2	3	4	6	7	9	13	16	22	24	25	29	31	33	34	35	39	41	45	46	55	60	66	75	78	86	100	112	127	
