1000 
16	16
1	2	3	4	6	8	9	12	14	18	22	28	32	36	41	50	
19	19
1	2	3	9	12	21	22	29	31	34	35	36	39	42	45	46	58	60	61	
20	18
2	5	6	7	8	10	13	28	31	32	34	37	41	46	47	48	83	100	
17	16
1	2	6	11	12	17	18	22	28	32	41	42	48	52	55	79	
17	17
1	5	6	8	10	11	13	14	19	29	30	32	34	41	46	50	61	
19	17
1	2	6	7	17	19	25	27	36	40	44	46	47	51	61	70	95	
19	18
3	6	7	8	12	18	20	21	22	24	25	28	31	34	47	55	58	79	
17	16
4	7	8	10	14	21	23	28	29	31	34	36	46	50	61	79	
20	18
0	1	4	6	10	12	25	28	31	38	40	44	47	49	50	59	61	113	
20	18
2	6	7	10	11	14	25	29	35	36	37	38	41	42	46	52	83	95	
17	16
5	6	11	12	14	18	20	22	28	29	35	36	46	47	61	70	
18	17
2	7	10	12	14	19	20	26	28	29	30	31	48	49	55	61	79	
17	17
1	3	6	9	10	11	14	18	25	28	31	42	44	46	49	59	61	
19	18
1	3	6	9	10	12	13	28	32	34	41	42	46	47	49	58	59	79	
19	18
3	4	9	16	17	20	21	22	25	28	29	36	42	44	47	55	57	79	
17	17
1	5	6	7	9	10	12	23	26	28	31	32	36	40	44	49	61	
21	18
0	2	12	13	18	19	28	29	31	36	44	46	49	53	58	61	79	113	
17	16
1	3	5	8	17	18	26	28	32	36	42	45	49	55	61	79	
18	17
0	2	6	7	9	14	19	20	21	22	28	29	32	36	46	49	79	
16	16
0	4	5	7	8	12	14	19	20	21	22	24	29	31	48	55	
22	20
2	6	10	12	19	21	22	24	27	31	32	35	42	44	46	48	49	55	79	83	
19	17
0	2	3	8	12	14	16	22	26	28	29	36	42	48	55	79	86	
20	17
1	4	7	9	14	17	22	28	29	31	32	36	44	48	51	95	113	
17	16
1	3	4	6	7	12	21	22	24	28	32	36	45	55	59	79	
19	17
3	5	8	11	12	14	18	19	26	28	29	32	36	55	60	81	95	
17	16
7	11	12	14	20	22	26	28	29	31	32	36	49	55	58	95	
18	17
0	2	3	5	9	11	12	13	18	19	26	32	39	42	46	49	83	
20	19
1	3	5	10	12	14	19	22	23	24	31	35	40	42	45	46	49	61	79	
18	17
2	9	11	14	17	18	22	25	26	28	29	31	32	44	49	59	79	
17	17
2	5	6	10	12	14	18	20	22	28	32	41	46	47	48	60	61	
17	17
3	4	5	7	8	12	18	22	28	31	36	45	46	48	49	58	61	
18	17
0	2	3	4	7	8	9	12	14	22	28	29	32	36	46	49	79	
17	16
6	9	11	12	14	19	20	28	32	36	40	44	48	49	50	79	
20	20
0	1	2	5	8	9	18	21	22	24	25	28	31	35	37	41	49	53	57	58	
16	15
7	8	12	18	19	21	22	28	31	32	36	42	46	47	79	
18	16
1	5	6	11	12	17	22	31	32	36	38	40	46	47	61	113	
18	17
0	3	4	7	8	12	18	20	22	29	32	44	46	48	60	61	83	
16	16
1	2	5	7	14	20	21	22	31	36	39	41	51	53	55	59	
21	20
2	4	6	7	8	14	19	27	28	34	35	41	42	44	45	47	55	58	59	79	
19	17
6	9	12	14	17	18	19	20	21	24	32	34	36	37	38	46	113	
16	16
2	3	7	8	9	10	28	29	35	36	41	42	47	49	50	57	
17	16
4	5	8	10	12	13	18	19	22	29	31	39	49	53	61	79	
17	16
1	2	6	7	13	14	18	22	28	32	36	42	47	49	55	79	
20	17
4	6	7	9	10	16	19	26	28	31	34	36	41	60	61	79	113	
19	17
0	1	3	4	6	8	19	22	28	32	42	46	48	55	61	79	95	
19	18
3	4	6	10	13	14	26	27	32	34	40	42	46	48	49	50	55	95	
18	17
4	6	10	12	17	18	22	26	34	36	42	44	46	47	49	61	79	
17	17
7	12	16	18	20	25	26	28	29	31	35	36	39	44	46	47	61	
20	18
1	7	8	14	16	17	20	23	28	31	44	45	46	47	50	51	79	81	
19	17
4	7	8	9	10	13	18	19	22	23	28	32	34	46	48	70	100	
17	16
0	5	7	8	12	14	17	18	27	28	29	31	46	51	61	83	
17	17
0	2	3	4	5	6	10	12	22	24	29	36	39	44	45	46	61	
18	18
0	1	2	11	12	13	16	17	22	24	28	31	32	36	42	50	52	53	
20	18
4	5	6	9	10	11	31	32	34	36	38	39	40	44	46	57	79	95	
16	16
1	4	5	6	9	12	14	22	24	28	29	31	32	36	46	50	
20	17
3	4	12	14	22	25	32	38	42	44	46	48	49	60	61	83	113	
19	18
0	2	6	10	12	17	20	21	28	29	36	41	42	46	47	49	55	83	
18	17
0	1	2	5	6	12	22	32	35	38	44	48	49	51	55	61	79	
16	15
0	7	13	14	18	20	22	28	29	36	44	45	46	52	83	
17	17
0	9	10	13	16	25	28	29	32	35	36	38	41	47	49	58	60	
18	18
1	3	4	8	10	11	18	19	22	28	32	34	38	41	46	49	55	58	
19	15
2	3	5	6	7	9	14	18	26	28	32	36	79	83	113	
18	17
2	4	6	8	9	11	14	25	28	32	36	37	42	47	49	61	79	
18	16
0	2	3	20	22	25	29	31	32	35	39	40	41	46	52	113	
18	16
2	5	6	7	20	22	25	28	32	43	46	48	50	58	79	83	
19	17
0	1	2	6	11	14	17	18	29	32	38	46	49	50	58	79	81	
20	18
6	7	8	10	13	14	19	22	26	28	29	32	36	42	46	49	50	113	
19	18
3	5	6	8	10	13	14	20	22	28	31	32	48	49	57	58	61	83	
19	18
3	4	6	9	10	11	20	25	26	31	39	41	44	46	48	49	60	79	
17	16
4	6	8	9	10	12	18	20	22	28	31	36	46	47	48	79	
20	18
0	5	7	9	13	16	20	22	24	25	26	36	38	41	42	49	70	79	
17	16
1	2	3	6	7	8	10	14	20	28	36	46	48	49	61	81	
20	18
9	12	14	17	19	20	21	26	28	29	31	43	44	46	49	59	79	81	
19	17
2	3	4	6	7	8	12	13	28	32	35	36	47	49	50	58	113	
17	17
3	5	6	7	8	12	14	16	22	24	28	31	36	41	42	46	49	
20	18
0	1	5	6	10	11	12	13	14	18	24	26	31	32	46	49	61	113	
16	16
5	6	12	14	18	19	20	22	27	29	31	32	44	48	58	61	
19	19
2	3	6	8	10	14	17	26	31	32	35	36	41	42	43	44	50	59	60	
17	17
0	1	8	17	21	22	24	28	29	31	32	41	42	45	46	47	58	
18	17
2	5	6	8	11	13	14	25	26	28	31	32	45	48	52	58	83	
16	15
6	8	12	14	19	22	24	28	29	31	32	37	44	48	79	
19	17
1	4	7	8	10	17	18	22	28	32	42	49	55	59	61	79	83	
15	15
1	2	6	7	8	9	12	14	25	26	28	36	39	49	50	
18	17
1	6	9	10	12	24	26	28	31	40	41	42	44	46	47	59	81	
16	16
3	9	12	13	14	20	22	27	28	31	32	35	44	48	50	59	
20	19
8	20	21	22	26	32	36	45	46	47	49	50	51	55	58	59	60	61	100	
18	16
1	4	10	13	20	22	24	31	32	36	41	45	46	48	49	113	
17	16
2	7	9	10	19	22	28	32	34	41	42	46	48	49	60	70	
19	18
5	7	13	21	22	23	26	27	28	31	32	41	42	46	47	58	60	79	
18	17
1	3	4	5	6	8	14	18	22	27	32	35	39	41	42	50	79	
19	18
0	2	4	10	14	16	22	23	24	28	36	37	40	41	44	45	46	83	
18	18
1	3	4	9	10	17	24	28	32	38	41	42	45	46	49	51	55	61	
18	17
2	9	11	14	17	18	22	28	31	34	39	42	46	49	50	59	79	
19	16
1	5	6	7	10	14	20	28	32	36	44	47	49	55	83	113	
18	17
2	6	7	8	10	11	14	16	19	22	46	47	49	50	51	58	79	
19	17
2	3	6	8	12	19	25	28	29	31	34	36	42	45	49	81	83	
18	18
0	7	10	12	13	18	21	26	28	29	31	44	48	49	51	57	60	61	
18	18
4	6	7	8	9	11	16	22	24	25	31	36	39	47	49	58	60	61	
18	17
1	2	6	7	8	11	17	19	20	21	22	32	41	49	51	55	79	
18	18
1	2	3	7	8	9	18	19	22	25	28	32	36	42	45	46	47	53	
20	19
1	2	3	8	9	10	18	19	24	28	31	32	35	42	49	50	53	59	83	
19	18
0	1	2	4	6	12	13	20	22	25	28	31	36	44	50	59	61	95	
20	19
0	2	4	6	7	9	10	13	19	20	22	28	31	32	38	47	50	60	95	
17	17
1	4	7	8	11	12	13	14	18	24	28	31	32	42	46	53	59	
18	18
1	5	6	7	10	12	14	18	19	20	21	23	28	31	34	36	48	49	
18	17
7	9	10	12	14	21	24	29	32	34	37	41	44	46	48	50	95	
17	17
2	5	6	12	14	16	19	20	23	24	28	29	31	44	47	51	60	
17	17
0	1	7	8	16	18	21	29	31	36	42	44	46	48	49	50	61	
17	16
2	3	5	6	7	10	20	22	28	32	45	46	49	55	61	81	
17	16
0	5	6	7	10	17	22	23	29	31	32	36	41	46	47	95	
17	16
9	10	13	14	22	25	28	29	32	36	42	46	47	49	55	79	
23	19
0	4	9	14	17	20	24	31	37	40	46	47	50	58	59	60	70	79	113	
15	15
0	5	7	8	10	13	14	22	24	28	29	31	36	39	50	
18	18
1	9	16	18	20	24	27	28	31	35	36	41	42	45	46	47	55	61	
17	17
1	4	6	10	12	18	20	22	28	29	31	39	41	44	58	60	61	
20	18
2	7	9	12	14	16	21	25	27	32	36	37	44	47	49	59	70	81	
20	17
1	4	5	6	11	17	28	29	35	39	41	44	46	49	61	79	113	
19	17
2	3	6	9	14	21	26	28	29	36	42	44	46	55	61	83	95	
17	17
1	3	6	7	9	10	12	14	18	21	25	26	31	44	47	50	61	
20	19
7	9	11	12	14	19	20	23	26	40	41	44	45	46	47	49	53	58	79	
21	19
2	5	9	12	22	24	28	29	32	41	46	49	55	57	58	59	61	79	81	
20	16
3	5	7	10	13	19	28	29	34	35	36	41	45	79	100	113	
19	18
2	3	5	7	10	12	13	18	22	28	29	31	35	42	49	55	61	79	
19	17
2	6	14	17	20	22	25	26	28	36	44	47	49	50	55	58	113	
19	18
1	2	3	9	11	12	13	14	19	25	28	29	32	46	48	49	60	100	
17	17
1	2	7	10	11	19	20	28	29	31	32	39	44	45	46	49	50	
17	16
0	2	3	6	7	10	12	20	21	22	24	25	32	45	46	81	
18	18
0	3	6	11	17	18	22	31	32	39	41	46	47	49	52	55	58	61	
21	17
4	6	7	9	10	13	14	28	29	31	36	39	44	57	79	83	113	
20	18
0	4	12	14	16	22	24	25	28	29	31	32	42	46	48	55	70	81	
17	17
0	1	2	7	10	14	20	24	28	29	35	36	41	42	46	49	58	
20	17
5	6	7	12	20	22	27	29	32	39	44	48	49	51	58	81	113	
19	18
4	6	7	9	13	14	18	21	28	29	31	39	41	45	49	53	61	83	
17	16
0	2	3	12	13	16	20	22	31	34	35	39	41	46	49	81	
16	16
0	1	2	3	5	6	9	12	13	14	25	28	36	41	44	49	
16	16
2	5	6	12	14	20	22	28	29	31	32	46	48	50	60	61	
18	18
5	12	16	17	18	21	22	31	32	36	40	41	42	45	46	53	59	60	
19	18
0	7	9	12	18	20	22	25	28	31	34	41	44	46	47	49	60	83	
18	18
2	4	6	7	8	10	19	22	25	28	31	42	45	48	49	55	57	59	
19	18
0	2	4	5	6	9	13	17	19	28	29	31	32	42	47	52	61	83	
17	17
3	6	7	8	10	22	26	28	31	32	35	37	42	45	47	55	61	
20	18
3	5	8	24	29	31	35	36	38	42	44	45	47	49	55	61	83	100	
16	16
2	3	4	8	9	11	14	16	22	29	31	32	36	48	49	50	
17	16
6	12	13	14	17	18	28	29	31	36	40	42	45	60	61	83	
18	17
2	6	8	10	11	14	17	19	20	25	32	35	36	47	49	51	70	
16	16
0	1	6	8	10	12	22	31	35	40	44	47	48	49	55	61	
20	19
7	8	13	17	18	19	22	26	28	29	31	41	49	51	53	55	57	58	79	
21	19
2	7	10	13	19	23	24	25	28	31	35	40	45	47	59	60	61	79	83	
18	18
0	3	4	7	10	14	18	19	26	28	29	31	37	42	47	49	53	55	
18	17
2	5	6	7	10	13	14	18	21	22	27	28	32	41	47	49	79	
21	18
8	9	11	12	18	21	28	32	34	40	41	46	48	49	57	60	81	113	
19	18
4	12	17	20	23	25	26	28	31	32	36	39	42	48	51	55	61	79	
19	17
0	3	4	12	19	21	22	28	29	32	40	44	45	49	55	59	113	
17	17
2	3	4	6	8	22	25	29	36	41	42	44	46	47	49	55	61	
15	15
1	6	8	10	11	12	14	17	31	34	35	36	39	40	55	
19	17
2	5	8	22	28	29	31	32	36	42	45	46	47	49	55	58	113	
19	18
2	4	9	10	17	25	28	29	32	34	42	44	46	49	55	60	61	83	
21	18
3	7	11	12	13	18	19	28	32	34	35	36	44	47	58	70	79	100	
18	17
0	1	2	14	16	19	20	22	28	29	34	36	47	50	55	57	79	
19	18
3	6	7	8	12	18	19	25	26	28	31	36	45	47	58	60	61	79	
16	16
5	7	8	12	18	22	29	31	39	44	46	47	50	58	60	61	
20	18
3	4	6	7	10	14	20	22	26	28	32	42	47	49	50	55	79	83	
18	17
0	1	7	8	12	18	26	28	31	36	37	39	40	47	49	61	79	
18	18
1	3	6	7	8	13	19	21	24	31	32	36	41	42	45	46	47	49	
18	18
0	4	5	7	8	10	12	20	26	28	29	31	34	38	40	42	46	47	
17	17
2	3	5	10	12	18	20	25	29	31	34	44	46	47	49	50	61	
19	17
2	3	6	10	14	17	20	22	28	29	32	41	44	49	61	79	95	
22	18
4	5	6	9	10	11	18	28	31	34	42	46	48	57	61	79	83	113	
18	16
1	2	3	7	10	11	12	14	16	18	25	27	36	46	50	113	
19	17
5	6	7	9	12	13	18	20	21	26	29	31	47	58	61	79	86	
19	18
1	2	6	10	12	14	19	21	24	28	31	36	42	44	47	48	59	100	
19	18
5	7	8	16	18	26	31	32	36	40	41	44	46	49	50	57	59	81	
18	16
2	4	6	8	9	12	17	18	22	25	29	31	58	61	83	95	
21	19
0	6	7	12	18	19	21	25	26	28	32	39	46	47	50	55	57	58	113	
18	17
1	4	6	13	20	24	25	28	31	32	36	42	46	48	49	61	79	
19	18
6	9	10	12	14	17	24	31	32	35	39	41	46	47	49	55	60	79	
21	18
7	8	9	10	14	17	18	31	36	38	45	46	55	57	61	79	83	95	
20	19
1	12	13	17	19	21	22	24	25	28	32	36	40	41	42	47	50	52	70	
18	18
4	7	10	12	13	22	24	26	28	29	35	38	41	45	46	47	49	51	
17	16
1	2	7	11	14	28	29	31	32	35	36	42	44	49	55	79	
18	17
3	4	7	10	12	18	20	28	29	32	38	41	44	46	47	49	79	
19	17
2	6	7	8	14	28	31	32	36	37	45	46	49	50	51	79	81	
19	17
3	7	9	12	13	14	18	20	29	36	40	41	48	49	50	83	100	
21	18
1	2	8	10	11	12	22	28	29	31	32	38	50	51	61	79	81	83	
18	18
2	3	4	7	9	14	18	21	22	24	25	28	29	32	36	39	47	49	
17	17
6	10	13	14	18	19	20	22	26	28	29	31	32	34	44	45	51	
16	16
5	6	9	12	14	18	20	23	27	28	32	41	42	46	49	61	
21	18
1	2	5	8	9	10	12	14	16	17	19	25	31	36	42	59	79	113	
20	17
0	3	4	6	13	20	22	27	29	31	32	38	46	50	58	79	113	
21	18
0	1	7	12	14	17	20	24	26	28	31	35	36	40	49	60	70	113	
19	18
0	1	2	3	4	5	18	35	36	41	44	46	47	49	50	57	58	79	
19	18
2	3	5	6	7	8	22	24	26	28	31	32	36	37	46	48	53	83	
17	16
6	9	10	12	13	14	19	22	28	29	31	32	35	44	46	95	
17	16
0	2	3	4	5	10	14	19	22	31	40	42	44	50	58	81	
19	17
7	9	10	13	14	16	19	23	24	28	29	31	46	49	58	79	83	
20	17
6	9	12	25	26	28	31	32	41	42	44	47	55	58	61	83	113	
17	17
0	6	7	12	13	14	18	20	22	27	31	36	37	42	45	46	49	
16	16
0	1	3	4	7	11	13	18	22	31	36	41	42	44	48	50	
17	16
2	6	12	14	17	20	28	29	31	42	44	47	50	55	58	79	
21	18
1	10	11	13	14	20	22	25	29	31	44	46	52	58	60	61	79	113	
19	17
0	2	10	12	13	21	25	28	29	32	36	44	46	49	50	60	113	
20	18
8	11	12	14	16	18	28	31	32	36	40	42	46	47	50	51	55	113	
19	18
3	6	7	10	12	18	22	28	29	31	36	41	45	46	51	58	60	95	
19	18
1	5	7	9	10	11	12	19	21	22	28	32	34	36	42	47	58	79	
20	19
0	1	2	5	7	9	14	18	22	24	26	32	39	41	46	58	59	60	79	
17	16
2	3	7	8	11	14	22	25	28	29	31	36	49	50	59	79	
19	17
0	4	6	10	13	18	19	31	40	42	44	46	47	48	50	79	81	
20	19
0	3	8	10	12	14	19	24	25	28	32	36	38	45	53	55	60	61	81	
17	17
4	6	14	18	19	22	28	29	32	36	38	41	44	46	47	52	61	
17	17
0	3	4	6	8	9	10	12	22	24	36	41	42	44	45	47	57	
16	16
1	2	5	7	14	16	18	20	22	29	36	38	40	44	46	55	
20	17
7	9	12	14	18	20	27	28	31	32	42	46	49	50	61	79	113	
20	18
1	2	3	6	12	13	18	19	22	27	28	36	42	44	47	55	79	83	
18	17
6	8	12	14	18	22	26	27	28	32	35	37	42	46	50	61	83	
17	17
2	6	9	10	11	12	17	22	31	32	36	39	45	46	58	60	61	
17	17
1	7	14	18	20	22	28	29	31	32	36	38	40	47	49	50	52	
18	18
5	6	8	10	12	13	14	16	18	22	28	31	35	40	41	49	60	61	
19	17
1	2	6	7	14	18	20	21	28	29	31	32	44	45	51	83	95	
16	16
1	8	9	10	12	14	24	28	29	32	40	41	42	49	50	58	
16	16
6	9	10	14	17	19	28	32	35	42	46	47	48	49	51	55	
19	18
3	6	9	11	14	16	20	28	31	32	36	39	40	41	42	49	51	79	
18	17
2	3	7	8	9	16	20	22	32	42	44	45	49	50	51	57	79	
16	16
0	3	4	6	7	8	10	22	28	29	32	38	39	46	49	61	
18	18
3	4	6	9	11	12	14	16	25	31	32	40	41	46	49	50	55	57	
21	18
2	4	7	10	14	17	18	19	22	29	35	36	44	46	47	79	95	100	
18	17
2	3	5	8	14	21	22	28	29	32	36	46	47	49	55	58	95	
19	18
2	3	6	8	9	10	12	13	14	16	18	28	31	36	40	46	49	79	
19	17
0	4	7	8	10	13	14	25	29	32	34	45	46	49	50	79	83	
18	17
2	4	6	8	12	14	19	22	23	25	28	31	32	41	42	55	79	
17	17
1	5	6	9	10	11	26	28	29	31	32	39	42	45	46	50	60	
16	16
8	12	13	14	17	21	28	29	31	32	34	36	40	44	46	52	
18	17
4	6	7	12	13	14	22	24	29	34	36	39	46	47	49	59	100	
21	18
0	6	9	14	17	22	29	32	35	36	41	46	49	58	59	60	79	113	
19	17
2	3	4	5	12	14	22	25	29	32	34	35	41	46	47	79	95	
18	18
8	12	14	18	26	27	29	31	37	40	41	42	44	46	49	57	58	61	
18	17
0	2	5	6	12	13	14	18	26	29	32	36	41	46	49	50	81	
20	18
0	4	5	9	17	18	22	24	27	28	32	36	44	45	49	50	60	113	
17	16
0	3	4	5	14	17	18	19	29	32	34	39	40	41	49	79	
20	17
4	13	14	18	22	25	26	29	32	35	39	46	48	55	79	83	95	
19	17
2	4	7	12	16	17	18	22	28	29	32	34	44	49	50	61	113	
17	17
0	1	5	6	7	11	12	14	18	22	25	28	31	32	35	36	55	
19	18
0	5	6	11	14	19	22	24	25	28	31	32	36	47	50	55	59	95	
18	17
0	1	6	17	19	20	29	31	34	36	38	39	42	55	58	59	79	
18	17
1	2	6	8	10	13	18	20	22	28	36	41	45	46	49	60	70	
18	17
0	4	6	8	13	17	18	22	25	27	29	32	34	36	47	49	95	
17	16
0	3	5	6	9	12	25	26	28	29	36	38	42	46	47	79	
19	18
0	3	5	6	9	20	25	26	28	32	35	39	41	46	47	48	58	79	
19	18
2	3	4	10	17	24	25	28	29	37	38	44	46	47	48	49	61	95	
17	17
3	10	12	13	14	20	22	26	28	29	31	32	38	51	57	58	60	
17	17
0	2	5	7	9	10	13	18	22	26	28	31	32	44	48	49	61	
17	16
6	13	18	19	20	21	22	29	31	36	41	46	47	49	59	79	
18	17
2	3	4	9	17	18	22	25	28	32	36	42	48	49	52	55	83	
18	17
3	5	6	11	12	13	18	22	24	26	28	34	46	48	52	55	79	
19	18
4	5	6	8	9	12	20	22	28	29	32	45	48	49	58	60	61	79	
16	16
0	6	10	18	19	22	23	32	37	38	39	44	46	47	49	50	
19	18
3	6	7	10	12	18	26	29	32	35	40	41	47	48	53	59	61	79	
19	18
3	4	5	8	18	21	22	26	31	37	40	42	44	48	55	58	61	79	
20	18
1	6	10	12	16	17	21	22	24	28	31	35	46	47	59	60	61	113	
18	16
0	1	3	4	12	13	16	18	20	21	22	31	39	44	49	113	
17	17
4	5	8	12	14	17	20	21	22	29	32	36	42	44	46	47	49	
21	19
8	9	13	14	18	19	21	25	28	31	32	35	36	44	46	48	49	57	113	
17	16
0	6	13	14	20	22	28	29	32	36	46	49	51	60	61	83	
17	17
1	2	5	6	10	13	14	16	17	23	28	31	32	35	36	48	55	
16	16
2	3	8	10	11	22	28	29	32	38	41	42	45	46	49	60	
17	17
0	6	8	9	12	13	14	17	26	29	31	32	39	44	49	60	61	
17	17
4	5	6	9	10	12	13	21	22	29	31	32	39	41	45	46	61	
17	17
0	3	7	10	13	14	20	25	26	28	31	32	36	40	49	51	61	
19	16
2	5	12	13	14	18	20	22	26	29	32	36	44	49	70	113	
19	17
3	4	7	12	14	19	20	21	26	28	31	32	35	44	49	60	113	
17	16
1	6	12	14	18	19	22	26	29	32	44	46	47	48	50	83	
21	19
3	6	9	21	22	25	29	31	36	41	44	46	47	48	49	50	61	79	95	
18	17
1	4	8	10	12	17	20	22	28	29	36	44	47	49	55	61	79	
18	16
2	6	7	10	20	22	25	28	32	49	50	51	55	60	79	83	
18	18
1	6	8	9	10	13	17	18	19	22	24	29	31	44	46	47	48	61	
18	17
6	9	11	14	18	19	22	28	29	39	40	41	44	45	47	49	79	
18	17
6	8	13	14	20	22	31	32	42	44	46	48	49	50	53	58	79	
17	17
0	1	2	6	9	14	20	22	24	25	28	36	41	44	45	49	61	
18	17
3	7	8	9	10	14	18	27	28	31	32	42	46	49	55	61	100	
17	17
1	7	11	13	14	22	24	25	28	36	44	49	50	55	59	60	61	
17	16
5	12	13	14	17	20	22	24	26	28	29	31	32	34	36	81	
18	17
4	7	12	14	18	20	25	27	28	29	31	32	42	46	49	50	79	
18	17
0	1	2	3	9	10	14	25	26	28	36	41	44	49	50	55	70	
17	17
0	3	5	6	8	9	11	18	28	31	32	36	39	44	46	49	61	
17	17
0	1	4	6	7	9	12	18	25	28	29	31	35	36	40	41	49	
20	18
3	4	8	17	18	22	27	28	31	32	36	40	45	49	55	61	70	79	
16	16
1	5	6	9	12	13	14	20	22	29	32	46	48	49	50	60	
16	16
0	5	6	10	13	14	19	20	22	28	32	34	41	45	48	49	
19	16
2	3	4	6	10	11	18	22	24	28	31	42	46	49	79	113	
19	17
2	4	6	10	12	19	20	26	31	44	46	52	55	60	61	79	83	
18	17
1	4	8	12	13	14	24	25	27	29	46	49	50	55	58	61	83	
17	16
0	1	6	9	13	14	25	26	28	29	32	35	36	49	55	79	
20	18
2	3	5	7	10	16	20	21	24	28	29	32	35	44	45	46	47	113	
18	18
2	9	13	14	18	20	28	29	31	32	34	36	39	46	47	48	49	60	
18	17
2	5	8	9	14	17	22	25	28	29	32	36	40	49	59	61	79	
17	16
0	1	2	4	6	12	14	18	19	22	28	29	32	38	46	83	
21	17
4	6	12	14	17	20	28	31	32	36	38	40	44	52	81	83	113	
18	18
0	1	6	7	10	13	19	22	25	31	32	34	37	39	42	47	50	61	
17	17
2	4	9	11	16	17	18	21	22	25	28	32	41	44	50	57	58	
20	18
8	12	19	21	22	24	26	28	31	32	36	45	47	49	51	58	70	79	
20	18
0	2	4	9	11	13	18	22	23	28	31	32	35	36	39	42	52	113	
18	17
0	3	4	5	9	10	12	14	22	24	26	29	32	35	42	61	81	
17	17
2	3	6	8	10	13	14	17	28	32	36	40	42	46	48	49	53	
19	17
0	8	12	13	17	18	22	31	32	36	40	44	47	49	61	83	100	
20	18
2	3	6	8	12	14	21	28	31	32	40	46	49	50	58	61	70	79	
16	16
2	3	10	12	20	25	28	29	31	36	44	46	47	49	50	55	
17	17
6	7	8	12	19	22	25	26	28	36	40	42	47	49	52	55	58	
18	16
2	6	7	8	9	10	12	14	25	27	28	31	42	48	70	79	
18	17
0	6	7	9	14	19	20	28	29	32	35	36	42	45	46	49	83	
18	18
0	3	5	7	12	13	21	28	32	39	41	44	47	49	50	55	60	61	
21	18
4	6	10	12	14	17	18	22	25	32	36	41	47	49	50	55	70	113	
17	17
2	6	8	10	12	13	18	19	20	22	31	32	36	41	46	47	49	
17	16
1	2	10	11	13	20	24	27	28	31	41	45	49	51	55	79	
17	16
5	6	10	12	13	18	20	28	29	31	36	39	46	49	61	83	
20	17
3	4	5	17	21	28	31	34	35	38	42	48	50	53	57	79	113	
17	17
1	2	3	4	9	13	18	19	20	22	25	28	36	44	46	48	55	
18	17
6	7	9	10	14	17	19	28	32	40	42	47	48	49	50	58	79	
17	16
6	7	9	10	13	14	18	20	22	25	28	31	44	47	49	83	
17	17
6	7	8	10	11	22	24	27	28	29	39	41	46	49	50	55	58	
17	16
5	6	9	12	17	18	22	25	26	29	32	35	41	46	50	79	
16	16
1	2	3	8	11	12	13	19	20	22	28	31	32	39	42	50	
19	17
0	5	6	7	11	13	19	20	26	29	31	34	36	49	61	79	81	
18	17
0	1	6	7	14	22	27	28	29	31	32	37	45	53	55	60	95	
19	18
0	2	8	12	21	23	24	28	31	35	36	42	50	51	58	59	60	79	
17	16
0	6	12	13	14	19	22	28	29	31	32	37	44	49	55	83	
18	18
0	5	6	10	12	13	17	18	25	26	28	32	48	55	57	58	60	61	
20	18
3	6	8	13	20	26	28	36	41	44	46	48	52	53	60	61	79	83	
20	17
7	8	12	21	22	23	28	31	41	42	47	58	60	61	79	81	95	
19	18
1	3	6	9	11	14	18	26	28	29	31	32	39	40	42	46	51	79	
17	17
1	2	5	6	9	10	12	13	14	17	22	29	31	35	41	46	50	
16	16
1	2	5	6	8	9	10	14	28	29	31	35	36	42	44	46	
18	17
0	2	3	20	25	28	29	31	35	39	42	47	48	49	59	60	79	
19	17
2	6	12	13	20	22	28	29	32	35	49	50	51	55	60	79	83	
16	16
0	3	6	10	12	17	22	25	26	28	32	45	46	55	60	61	
20	19
1	5	8	10	14	18	22	24	25	29	32	35	39	48	49	55	58	60	70	
18	17
2	6	7	9	10	22	27	28	31	38	40	42	45	46	49	55	83	
18	18
2	3	4	7	9	10	12	14	16	17	24	28	29	31	32	42	55	58	
16	16
5	7	8	10	12	22	24	29	31	35	40	46	49	53	55	61	
17	17
3	5	9	10	12	14	16	19	28	29	32	36	38	46	49	50	60	
17	17
2	4	6	7	8	10	12	13	28	29	31	35	42	46	47	48	52	
20	20
1	6	9	10	16	18	20	22	25	28	29	32	34	42	44	45	50	55	58	61	
18	17
3	6	7	10	12	18	27	28	29	31	40	45	46	48	50	61	95	
21	18
5	6	8	12	18	19	20	24	28	31	36	37	38	44	58	59	79	113	
17	16
3	6	8	9	12	14	19	22	28	31	37	42	44	47	49	79	
18	17
5	6	8	9	12	17	21	25	28	29	31	34	36	40	44	50	79	
19	19
5	7	8	9	12	17	22	27	28	29	31	32	36	40	41	46	49	51	61	
19	18
1	2	5	6	9	12	13	22	28	36	42	44	49	50	55	60	61	79	
19	16
0	12	13	18	30	31	32	36	40	42	46	47	49	57	83	113	
17	17
1	5	11	19	25	26	28	32	34	36	38	40	42	44	46	48	55	
18	17
1	5	6	9	10	14	17	18	19	23	28	32	42	47	50	53	81	
21	18
0	2	6	10	17	19	20	24	25	26	28	32	36	46	48	55	70	113	
17	17
3	5	6	9	10	18	27	28	29	31	37	39	41	44	49	58	60	
22	18
1	5	8	9	12	17	18	19	22	28	29	32	36	42	53	79	95	113	
19	18
4	5	6	11	20	22	24	28	31	32	35	36	41	46	47	50	58	79	
17	17
4	6	9	12	14	27	28	31	32	40	41	42	46	49	58	59	61	
15	15
0	7	10	12	14	19	20	22	31	32	35	39	46	48	59	
21	18
2	4	9	17	18	20	25	28	29	31	35	38	42	44	49	50	70	113	
17	17
0	2	3	6	7	8	13	14	17	22	25	36	42	44	47	49	55	
19	17
3	4	6	9	10	18	19	28	29	31	34	41	44	46	49	79	100	
21	18
1	2	6	8	9	11	12	19	21	24	26	28	31	35	51	58	79	113	
19	17
3	6	7	8	10	16	19	22	28	32	41	42	46	48	49	51	113	
19	18
0	1	3	10	12	22	26	28	31	42	44	48	49	51	53	55	61	79	
19	17
4	7	10	12	18	20	21	25	26	31	32	35	36	39	49	60	113	
18	16
1	2	5	6	7	8	10	18	24	28	31	36	38	49	61	113	
18	17
1	2	4	7	8	10	12	18	19	22	31	32	42	44	45	50	83	
16	15
1	3	5	8	9	14	22	24	29	31	32	35	42	50	83	
18	18
1	2	5	8	12	13	14	18	22	28	29	31	32	34	35	36	49	58	
19	18
2	4	6	8	10	12	13	17	18	19	26	29	31	45	47	60	61	83	
21	19
0	1	2	6	24	26	27	28	29	32	36	38	42	46	47	49	55	61	113	
21	18
3	5	6	7	10	12	20	22	24	32	36	41	48	53	57	60	79	113	
21	19
1	2	6	7	8	14	19	22	28	31	32	35	40	41	44	46	48	79	95	
19	19
6	10	12	13	17	18	19	24	28	29	31	32	35	36	44	46	49	53	55	
18	17
0	1	2	6	7	9	12	24	28	31	40	46	49	59	60	61	81	
17	16
4	7	9	11	18	24	27	28	31	39	44	45	49	50	51	79	
21	18
1	4	6	7	8	10	13	14	18	27	28	31	39	41	60	61	100	113	
17	17
1	2	3	6	8	9	14	22	36	37	39	41	44	49	50	59	61	
18	17
4	6	7	12	14	17	18	21	22	29	32	40	41	45	46	55	81	
20	19
2	4	5	7	11	14	18	25	28	29	31	36	39	46	51	52	59	61	83	
20	17
6	8	12	13	22	25	31	36	39	42	44	49	52	55	79	83	95	
17	17
1	3	6	8	12	18	19	22	28	32	35	36	39	45	46	55	61	
18	18
1	2	4	5	8	11	18	25	26	32	35	36	38	42	47	55	58	61	
19	17
0	2	5	8	14	28	31	42	47	48	49	50	58	59	61	70	79	
17	16
0	3	13	20	28	32	35	36	37	39	40	41	45	47	50	83	
18	17
1	2	6	10	14	18	19	20	29	31	35	36	39	46	49	61	79	
19	18
3	4	6	10	14	17	22	26	28	31	32	41	46	47	48	49	61	81	
19	19
3	4	6	12	13	17	22	24	28	32	36	41	42	47	48	49	50	55	61	
18	18
0	2	3	5	6	7	9	11	12	14	17	18	29	31	37	46	49	55	
17	17
0	4	6	9	12	17	21	22	23	31	32	34	35	41	42	46	52	
19	17
6	8	13	14	18	22	28	29	31	36	38	39	42	46	49	79	81	
19	18
0	4	5	6	12	20	25	28	32	36	38	41	42	46	48	49	61	83	
18	17
1	2	9	12	13	17	22	25	28	29	32	36	38	42	49	50	79	
19	17
0	2	3	7	12	22	29	32	34	35	40	47	55	58	60	61	113	
19	18
7	9	12	14	18	21	22	25	31	35	38	42	46	48	49	50	53	83	
16	16
0	6	9	12	14	19	22	24	28	29	31	32	38	44	49	60	
20	18
0	7	8	10	18	21	24	25	28	32	34	36	42	43	48	53	60	113	
18	16
0	1	2	3	4	6	17	22	23	34	36	42	48	53	55	113	
18	17
2	6	9	10	12	13	17	28	31	32	36	40	41	47	50	60	95	
17	16
3	5	6	7	8	9	10	17	26	32	35	41	42	44	61	79	
17	16
0	6	9	10	11	13	14	18	19	25	28	29	44	47	59	83	
17	17
0	1	5	6	8	9	14	18	22	24	29	32	41	44	47	49	60	
19	17
0	2	3	7	8	9	14	22	24	29	32	35	47	49	50	60	113	
19	18
0	3	4	5	6	9	10	22	25	28	29	31	32	41	44	49	52	79	
16	16
4	12	14	18	22	29	32	36	38	39	46	48	51	52	55	59	
18	15
2	6	9	12	14	18	21	24	28	31	44	50	60	79	113	
17	16
2	3	6	7	8	10	12	13	25	28	31	36	41	42	49	79	
19	18
0	8	10	14	17	19	22	25	29	36	39	40	42	44	46	47	50	70	
18	18
1	2	3	4	8	10	13	14	18	20	21	22	28	31	32	49	51	59	
18	18
1	6	12	13	18	27	31	32	36	39	42	46	47	49	52	58	60	61	
18	16
2	3	5	14	18	20	25	28	31	32	37	49	50	52	83	95	
18	18
2	5	7	9	10	11	12	18	20	24	28	29	31	35	37	41	44	49	
17	16
1	5	7	14	18	20	21	22	29	32	39	41	44	49	55	79	
16	16
4	6	7	8	12	14	18	19	22	25	29	31	32	36	47	51	
17	16
0	3	6	10	12	21	22	25	26	28	32	34	42	46	61	70	
17	17
1	2	3	4	7	14	19	20	23	25	28	35	36	42	44	50	60	
18	18
0	1	6	7	9	11	12	18	19	21	22	24	29	31	32	46	49	60	
17	17
3	7	9	18	19	22	28	29	31	32	35	39	44	50	51	53	57	
15	15
0	4	6	12	14	18	22	24	29	31	32	41	46	47	53	
18	17
0	2	3	5	8	12	14	19	21	22	25	28	29	31	36	49	79	
17	16
7	8	10	12	24	28	29	31	35	39	41	46	47	50	57	79	
16	16
1	3	6	7	10	20	22	24	28	29	32	36	42	46	49	51	
18	17
5	6	7	8	10	12	13	14	17	18	28	32	35	36	46	55	79	
19	18
0	2	6	11	17	25	29	32	36	38	41	42	46	48	49	55	59	79	
16	16
1	2	4	6	12	14	17	18	22	28	29	32	35	41	47	55	
16	16
1	3	6	10	18	20	24	25	32	38	39	41	44	45	46	61	
17	17
2	6	9	10	13	18	20	22	24	28	32	36	45	46	49	55	60	
19	18
0	2	5	10	11	17	21	25	29	31	40	42	45	46	47	50	58	79	
19	17
2	8	12	14	17	19	26	29	32	35	36	46	47	49	60	70	100	
20	17
0	7	9	10	12	19	21	22	24	25	29	31	36	46	79	81	83	
17	17
3	6	9	25	27	28	29	32	35	36	41	42	46	47	48	49	55	
17	17
0	1	2	3	4	6	8	9	12	18	19	24	25	26	32	38	41	
18	17
0	1	6	7	10	12	20	28	31	36	40	44	47	49	55	61	79	
19	18
0	4	9	10	11	13	18	25	28	29	31	36	41	46	49	55	58	83	
18	18
0	2	3	6	11	12	18	19	22	28	31	36	41	44	45	46	59	60	
17	16
1	2	6	8	9	10	14	28	31	35	36	42	49	50	53	100	
17	17
0	3	5	6	7	10	11	13	17	18	22	25	28	34	41	55	57	
18	18
0	6	7	12	13	18	21	24	29	31	38	40	42	45	48	55	60	61	
18	16
3	4	12	14	18	22	26	28	29	32	45	46	49	61	79	83	
19	18
0	2	4	6	9	18	21	28	31	32	34	38	42	48	58	59	61	83	
20	18
1	2	4	8	17	18	19	27	31	32	36	38	40	42	45	47	51	113	
20	17
3	7	9	14	22	28	29	32	36	40	46	48	49	57	58	79	113	
18	16
0	4	8	10	12	13	14	17	28	34	36	41	47	49	70	79	
18	17
0	3	6	10	16	18	19	20	22	28	29	32	42	44	55	61	79	
19	17
0	3	4	5	6	10	14	17	22	24	28	29	38	41	46	79	100	
17	16
2	3	5	8	9	12	13	28	29	34	35	36	39	42	60	79	
18	17
0	3	4	9	12	14	17	19	24	25	28	29	32	36	47	55	95	
19	18
4	6	10	13	18	20	22	24	25	26	29	31	39	42	46	49	60	79	
17	17
3	5	8	10	12	14	19	20	24	27	29	32	40	41	45	50	55	
18	17
8	12	13	14	18	20	22	25	28	32	35	44	49	50	55	58	81	
17	15
5	6	12	14	17	18	24	26	28	31	32	42	50	58	113	
17	17
0	2	6	7	14	18	26	27	28	29	31	37	45	46	49	53	59	
20	18
7	8	12	17	19	20	22	25	29	32	36	40	41	42	49	50	55	113	
20	19
5	6	7	8	10	12	17	19	22	27	29	32	35	39	41	44	49	58	79	
17	16
0	2	3	4	12	18	22	25	29	31	44	46	47	49	61	100	
19	18
1	3	7	9	10	12	17	29	32	42	46	47	48	55	58	59	60	95	
18	16
0	1	2	3	5	6	7	10	16	29	36	42	48	50	79	83	
19	17
0	2	3	8	9	12	14	19	20	32	46	49	51	58	59	61	113	
19	17
0	1	4	7	8	12	14	20	22	28	29	43	46	57	60	79	100	
18	17
1	7	10	12	14	18	20	25	29	31	32	45	46	49	55	61	95	
21	20
5	6	16	17	24	25	28	31	35	36	39	40	41	44	47	50	55	58	59	79	
18	17
2	3	6	9	17	21	22	31	32	36	40	41	44	46	47	49	95	
16	16
3	4	6	8	10	12	13	22	29	30	31	32	39	41	46	53	
18	17
2	6	7	11	19	20	22	28	30	31	32	42	44	52	60	61	79	
17	16
0	1	8	9	17	18	25	28	29	31	41	42	45	53	55	83	
18	17
0	1	3	9	10	13	20	24	31	32	34	37	44	45	59	60	95	
17	17
1	3	6	9	11	14	18	19	22	28	31	32	39	40	44	55	60	
20	19
6	7	10	11	12	14	18	19	23	28	29	31	35	36	46	58	60	61	79	
19	18
0	1	2	7	18	20	21	22	27	28	32	37	47	49	50	55	60	79	
17	16
0	2	3	6	12	14	17	18	22	26	32	39	40	47	55	81	
18	18
1	4	6	12	14	22	25	26	28	32	36	39	40	49	51	55	59	61	
17	16
1	3	6	8	12	20	22	26	31	36	42	44	47	49	61	79	
17	17
0	1	2	3	5	6	7	20	22	28	31	32	36	42	46	47	57	
17	16
2	4	6	9	11	13	14	18	22	25	26	28	32	46	59	83	
16	16
1	6	7	9	14	24	28	31	32	36	44	47	49	55	59	60	
20	19
4	7	10	12	22	23	24	25	26	28	31	35	37	41	52	55	59	60	95	
17	17
0	3	5	8	9	10	14	17	19	21	32	41	44	49	55	58	61	
17	17
3	4	6	8	12	13	14	19	20	22	23	32	41	42	47	57	61	
18	16
5	9	10	12	14	17	19	25	27	28	32	42	48	49	79	83	
19	18
1	3	4	5	6	7	14	17	18	20	22	28	31	32	35	44	51	79	
19	18
1	2	6	8	20	23	26	28	31	32	36	42	46	47	48	55	61	79	
20	18
2	3	6	10	12	14	21	28	31	32	34	46	47	48	50	59	60	113	
21	18
0	9	12	18	22	24	25	26	28	32	44	48	49	58	60	61	95	113	
18	17
3	6	8	9	10	22	28	29	31	35	36	42	44	46	47	49	79	
18	16
0	7	10	11	14	20	28	29	31	32	36	46	49	60	70	79	
18	17
0	1	2	3	4	6	8	11	12	17	28	29	38	42	46	60	79	
19	18
0	3	4	8	9	10	14	19	22	31	32	41	44	45	49	60	61	79	
18	18
4	6	10	13	14	18	20	22	25	26	28	29	31	42	44	45	50	59	
17	16
1	4	9	12	17	18	21	22	28	32	34	36	42	46	47	79	
18	17
0	6	7	10	11	16	20	22	27	31	32	35	44	46	50	59	79	
19	18
2	5	6	7	8	9	13	18	22	25	28	31	32	53	55	58	61	83	
17	16
3	6	8	9	14	17	21	22	28	32	36	42	49	52	55	79	
16	16
2	3	4	6	8	10	12	13	22	29	31	32	37	46	47	49	
20	18
7	9	12	14	22	36	41	42	44	45	46	47	49	55	58	60	79	83	
18	18
0	6	7	12	14	18	24	26	28	29	31	32	35	44	46	48	49	57	
18	17
7	10	12	14	18	19	25	32	41	44	47	48	49	50	55	60	79	
17	16
0	1	5	6	10	11	14	20	29	35	36	37	42	48	49	79	
18	18
0	1	2	5	6	9	10	13	14	19	21	25	32	39	41	46	47	50	
19	17
2	3	6	10	20	22	28	34	35	38	42	45	46	47	49	83	95	
16	16
2	3	4	6	7	10	20	22	28	29	32	41	42	43	46	49	
18	17
3	6	9	10	13	16	18	19	22	28	29	31	41	46	49	58	79	
16	16
0	3	5	9	10	11	14	24	25	28	32	37	38	42	45	50	
19	17
2	8	10	11	12	14	16	21	22	28	31	32	42	46	55	83	95	
19	19
0	1	2	8	9	10	11	19	25	28	35	37	44	45	48	51	55	58	61	
17	17
3	4	6	8	12	14	18	22	24	29	31	41	42	46	53	59	61	
17	17
5	6	7	12	13	14	24	28	29	31	32	34	36	47	48	51	55	
17	17
0	1	2	3	5	6	12	22	28	32	34	42	46	48	55	60	61	
16	16
0	2	3	6	9	12	14	20	22	24	32	36	46	49	50	58	
18	16
0	1	3	4	10	20	22	28	29	32	36	42	45	50	55	113	
19	18
0	8	9	10	14	19	20	28	29	31	41	46	47	49	58	59	61	79	
17	17
0	3	5	8	13	14	19	22	28	29	31	32	43	48	49	50	57	
19	16
0	1	5	11	17	18	20	22	32	35	36	38	49	70	79	83	
21	17
0	4	6	7	10	12	13	17	18	20	32	42	48	55	83	95	113	
20	18
5	6	9	10	12	17	19	25	31	32	40	44	46	47	50	61	81	100	
16	16
0	2	3	8	9	12	14	22	25	26	27	31	35	49	50	51	
18	18
2	4	8	13	18	21	26	28	32	40	41	42	45	46	49	52	58	61	
18	18
0	6	10	12	13	14	17	22	29	32	36	42	46	49	50	55	57	60	
19	18
9	10	11	12	14	18	22	24	28	29	39	41	42	46	49	50	57	79	
16	16
2	4	6	8	10	12	14	17	19	25	32	35	36	55	60	61	
17	16
0	8	10	14	19	22	28	38	41	42	46	47	48	49	50	79	
16	16
0	1	5	6	7	11	12	18	24	26	28	31	46	48	49	61	
21	19
0	1	6	7	8	9	19	22	25	27	28	29	31	32	46	47	50	58	113	
16	16
0	2	4	6	8	11	12	19	20	21	22	24	25	32	38	48	
20	18
2	3	5	9	10	12	14	19	20	28	32	41	44	46	49	60	61	113	
17	16
2	3	4	9	12	13	18	22	25	28	32	37	39	46	59	81	
19	17
2	5	7	8	10	12	20	21	26	34	36	46	49	51	55	86	100	
16	16
2	4	10	17	18	22	28	29	31	34	41	44	45	46	49	61	
22	19
3	7	9	12	13	18	22	25	28	29	32	41	44	47	50	58	61	79	113	
18	18
3	6	9	13	16	18	21	22	28	31	32	35	36	42	44	47	59	60	
17	17
0	1	2	7	8	12	18	22	28	31	34	36	40	44	46	49	61	
18	17
2	5	14	17	20	22	25	26	27	28	29	31	35	39	44	59	79	
19	18
5	7	12	14	22	24	25	35	36	40	42	49	50	55	59	60	61	70	
17	17
2	5	6	7	9	14	18	20	25	27	28	31	32	36	44	49	50	
20	18
1	3	4	12	16	17	26	28	29	32	34	36	42	49	55	58	61	113	
20	18
2	5	6	7	10	12	17	18	32	36	41	44	46	49	55	61	70	81	
21	18
3	4	5	6	11	12	18	25	27	28	31	32	36	39	49	51	95	113	
20	17
1	10	11	12	18	21	27	31	42	44	47	49	51	58	61	95	113	
16	16
2	4	6	7	12	14	17	19	20	21	22	23	28	31	40	50	
17	17
5	6	10	11	12	13	19	22	24	28	29	36	38	39	44	46	49	
19	19
4	6	8	9	10	14	16	25	28	29	31	32	35	36	41	42	46	49	60	
18	17
4	6	10	11	12	14	16	17	18	19	22	40	41	47	50	53	70	
16	16
1	2	5	6	8	10	11	13	14	22	26	28	31	32	36	46	
20	19
0	3	4	11	20	21	25	27	28	29	32	34	36	46	47	52	57	61	79	
19	18
0	2	3	9	14	21	27	29	32	34	36	44	46	49	50	55	57	81	
16	16
2	5	8	11	12	17	22	29	34	39	41	44	49	55	58	61	
20	17
0	2	3	5	10	12	18	20	22	31	34	49	50	55	79	81	95	
19	17
2	5	9	10	17	19	22	28	29	32	41	44	46	48	49	79	81	
20	17
2	5	9	10	11	18	23	28	31	32	46	47	49	58	61	83	113	
20	19
0	4	8	9	11	12	14	17	20	22	31	32	38	39	44	50	58	61	70	
18	17
0	5	6	9	13	17	18	22	25	32	38	42	47	48	55	57	83	
20	18
2	8	9	14	18	22	31	35	38	41	42	46	49	50	55	59	70	79	
18	18
2	3	6	7	10	14	19	22	23	25	28	31	32	42	49	50	53	55	
18	16
1	2	3	4	6	7	10	13	16	20	28	31	41	42	49	113	
17	17
0	3	4	12	13	14	17	22	28	29	32	35	41	42	49	50	55	
20	18
0	1	2	10	13	14	17	23	28	29	31	32	44	46	58	60	79	81	
20	18
5	6	9	10	13	20	22	28	32	35	46	47	48	49	55	60	61	113	
18	17
5	9	12	13	16	17	19	24	25	26	28	32	41	42	49	58	83	
19	17
1	4	6	9	12	17	28	32	39	40	44	48	49	58	61	81	83	
19	18
0	1	3	4	6	7	14	18	24	32	34	39	41	42	49	57	60	79	
19	18
5	6	7	10	11	13	17	22	24	28	32	35	39	46	49	55	59	83	
16	16
2	6	7	9	10	12	13	20	22	24	31	32	35	38	46	60	
16	16
0	3	4	8	11	12	18	22	27	28	29	31	35	37	47	59	
21	17
4	5	6	22	28	29	32	41	42	45	46	47	49	58	79	95	113	
18	17
1	2	3	4	6	8	10	12	18	19	22	28	32	45	46	55	83	
19	18
1	2	9	10	13	14	18	19	24	28	31	34	37	44	45	49	60	79	
17	17
0	1	5	6	10	12	14	18	20	21	22	29	31	32	35	38	53	
17	17
1	6	10	11	12	16	18	20	21	22	28	31	35	40	41	45	46	
18	17
2	6	9	26	28	31	36	42	44	45	46	49	57	59	60	61	79	
16	16
1	6	9	11	14	18	22	28	32	39	40	41	44	45	46	55	
19	18
5	7	9	11	12	14	18	19	32	34	40	44	46	47	48	49	57	79	
19	17
1	5	9	11	12	29	31	32	34	39	44	49	50	55	58	61	113	
20	17
1	5	6	7	11	12	18	21	28	31	32	42	45	48	61	79	113	
18	18
3	8	11	18	22	24	28	32	35	39	41	44	45	46	48	49	55	60	
19	16
7	18	19	25	28	36	44	48	49	50	51	55	58	79	81	83	
16	16
2	6	7	12	13	14	20	21	28	29	31	32	36	39	59	60	
17	16
5	6	8	12	17	21	22	29	32	41	46	47	49	58	61	81	
18	18
7	8	11	12	13	14	19	21	27	28	31	32	36	39	42	47	55	59	
19	17
1	3	4	6	8	10	14	16	19	20	22	31	34	37	48	79	81	
19	18
1	4	8	12	13	18	19	22	25	28	31	35	36	46	55	58	61	81	
16	16
0	3	5	7	10	13	19	20	22	28	32	35	37	46	48	51	
17	17
1	3	4	6	8	11	18	22	32	41	42	44	46	47	55	57	61	
20	18
1	5	6	7	10	11	14	17	21	26	28	29	31	32	45	46	58	113	
17	16
1	6	7	9	10	12	18	22	26	32	44	46	50	57	60	83	
21	18
4	6	9	10	12	20	22	28	29	32	38	42	46	49	61	79	83	95	
19	18
3	4	5	7	8	9	12	18	22	23	32	41	42	47	48	50	61	100	
20	18
0	9	10	11	12	14	20	22	32	34	36	38	41	44	47	49	81	86	
19	16
7	13	18	22	25	28	32	41	44	46	49	55	58	79	81	83	
18	18
2	5	6	7	9	11	18	22	28	29	31	32	35	45	49	53	58	61	
17	16
1	5	6	8	10	14	22	31	36	42	44	45	47	50	59	79	
18	16
0	1	2	8	9	14	18	20	28	31	32	42	44	50	57	113	
18	16
5	9	12	14	17	19	20	28	32	41	42	44	46	49	61	113	
17	17
0	2	7	11	18	21	25	30	31	34	40	41	44	46	48	49	55	
17	17
0	1	2	6	10	13	17	24	28	36	42	44	45	46	48	49	59	
17	17
6	7	9	12	13	14	18	19	22	27	28	29	32	41	49	50	55	
18	18
0	7	12	17	19	22	24	27	28	29	31	41	42	44	48	49	60	61	
20	17
1	4	10	12	16	17	18	26	31	32	34	42	49	51	55	83	113	
16	16
0	1	7	10	17	20	22	29	31	37	40	44	45	46	60	61	
20	19
1	2	4	7	9	10	12	13	17	21	22	28	31	36	46	51	57	59	83	
19	18
9	11	12	13	14	20	24	28	29	31	34	45	48	49	51	55	58	79	
18	17
0	1	7	9	14	18	19	27	28	31	32	40	42	49	50	57	83	
18	18
1	2	6	7	14	22	28	32	35	36	41	42	44	47	49	50	55	60	
18	18
1	2	3	12	18	20	21	22	24	30	32	35	44	46	47	48	49	58	
19	19
3	7	9	10	14	16	17	18	20	25	31	32	37	41	44	45	48	55	61	
18	18
0	3	6	9	12	14	19	22	28	29	32	40	44	46	49	50	58	59	
18	18
1	6	9	10	12	13	17	22	23	24	27	28	35	36	42	46	49	51	
18	16
1	11	19	24	26	28	30	31	34	37	38	40	44	46	55	113	
17	17
0	1	4	6	9	12	18	21	23	32	38	39	41	42	44	46	61	
18	18
0	2	5	6	8	9	10	12	17	22	29	31	45	46	47	53	58	61	
20	17
2	3	6	7	10	11	14	20	25	28	29	31	48	49	55	95	113	
16	16
1	2	6	10	12	14	18	20	29	35	36	39	41	42	46	47	
17	17
0	1	9	11	14	18	19	24	26	28	32	38	39	41	47	49	61	
19	17
4	6	9	10	19	20	22	29	36	41	44	46	49	50	60	79	83	
16	16
0	2	6	7	10	11	14	22	24	28	31	36	42	45	46	49	
18	17
0	7	11	12	14	18	23	26	28	34	37	44	46	48	55	60	79	
17	17
1	2	6	10	11	13	14	19	22	28	32	35	38	41	42	45	46	
16	16
0	4	6	10	12	14	18	22	26	28	32	36	46	47	55	61	
17	16
5	7	9	10	12	14	20	26	29	31	32	44	46	49	61	79	
18	18
7	9	14	16	18	19	25	28	29	32	34	36	39	46	47	48	50	59	
18	17
0	7	10	19	20	21	22	24	28	29	32	36	38	42	46	47	95	
17	16
2	4	8	12	14	18	19	21	26	28	29	31	50	52	58	79	
20	18
1	6	7	9	14	16	17	18	27	28	29	40	45	47	50	58	60	113	
17	16
1	5	6	7	9	12	14	18	28	29	32	49	50	55	61	81	
18	17
0	1	3	4	6	12	14	22	28	29	32	40	41	49	60	61	79	
21	18
3	4	7	8	9	28	29	31	35	36	41	46	48	53	55	58	79	113	
18	16
8	9	12	14	17	22	28	29	32	34	35	49	50	59	79	83	
18	17
3	5	7	8	12	18	21	22	28	31	32	36	41	46	49	61	100	
21	18
0	2	6	10	11	20	22	28	29	31	39	41	46	47	59	61	79	113	
18	18
0	3	8	9	10	13	14	18	19	28	29	31	35	36	49	51	59	60	
17	16
4	6	8	10	11	19	20	26	28	31	34	45	46	50	61	79	
17	16
3	6	10	20	24	27	31	32	41	42	44	46	49	50	53	79	
16	16
0	3	4	12	18	22	25	28	29	32	36	46	48	50	57	59	
19	18
0	1	5	6	9	10	14	19	24	28	29	32	35	41	48	49	58	79	
17	17
4	6	8	9	10	14	17	18	22	25	26	28	29	31	44	47	49	
19	16
2	4	8	11	12	18	22	24	28	32	48	49	53	60	70	113	
18	18
5	6	9	10	12	13	14	21	22	32	40	42	44	46	48	49	55	60	
19	18
1	2	4	11	14	17	19	22	24	25	28	32	41	46	49	59	60	79	
17	17
1	7	8	10	12	14	19	20	28	29	32	38	44	46	48	49	50	
18	17
1	6	9	10	11	12	13	17	22	24	28	32	40	42	48	49	79	
20	18
3	5	6	7	10	11	12	20	22	26	29	31	37	42	45	46	79	95	
20	19
3	10	17	18	20	31	32	36	38	39	47	48	49	50	52	59	60	61	79	
18	18
1	3	6	9	12	13	18	31	36	39	44	46	48	49	50	52	58	61	
16	16
3	6	8	9	10	14	22	28	31	32	42	44	45	49	52	55	
19	18
1	2	3	4	6	20	24	32	36	41	42	46	49	50	53	59	61	86	
17	17
4	13	17	19	25	26	27	28	29	32	34	36	42	47	49	55	58	
20	17
1	2	3	5	8	10	14	21	22	32	36	39	41	44	49	79	113	
20	18
8	11	14	17	25	28	31	32	37	45	46	50	52	59	60	61	83	95	
18	17
0	2	3	5	10	12	17	19	25	29	31	36	42	47	48	52	83	
16	16
7	8	9	10	18	24	31	32	36	39	44	45	47	49	50	55	
19	18
2	3	5	8	9	11	14	17	18	22	29	31	32	40	50	52	60	79	
17	17
3	6	8	9	11	14	20	22	28	29	31	32	41	47	49	58	60	
17	16
0	1	6	8	17	18	19	22	31	32	36	42	45	46	61	83	
21	17
7	10	12	13	18	20	22	32	44	45	47	49	60	61	79	81	113	
18	17
6	8	10	11	12	13	14	18	19	21	22	28	31	42	47	61	83	
21	19
1	3	4	9	10	12	14	22	24	25	26	31	36	40	46	47	53	70	79	
20	17
6	19	20	22	23	28	29	31	39	40	41	44	46	47	50	79	113	
17	16
2	4	6	9	12	18	22	25	29	31	44	46	47	49	50	79	
17	17
9	17	18	20	22	25	26	31	32	41	44	46	47	48	49	55	58	
18	18
3	5	6	7	10	18	20	28	29	31	34	41	44	46	47	49	50	58	
20	17
2	7	10	12	14	17	18	20	24	28	32	34	48	49	50	86	113	
17	17
0	2	3	6	12	13	14	22	24	31	36	40	42	44	46	47	61	
22	17
2	6	8	12	13	22	25	29	32	36	46	49	60	70	79	100	113	
18	17
1	4	13	14	18	21	22	28	32	40	41	44	45	46	49	55	79	
17	17
6	8	10	14	18	19	20	22	25	26	28	29	31	36	44	48	61	
19	17
1	3	4	6	7	9	12	14	28	31	35	44	46	49	55	79	83	
16	16
2	3	4	5	9	14	16	28	29	32	40	41	42	46	49	50	
17	17
3	6	8	9	12	13	14	19	29	31	40	41	44	46	47	49	61	
18	17
2	4	10	13	14	25	28	29	32	34	36	41	42	46	49	55	79	
17	16
2	3	5	9	12	14	22	26	28	34	36	44	45	49	60	81	
17	16
0	1	4	5	6	8	19	22	25	31	44	47	48	55	61	79	
18	17
4	8	11	12	19	20	21	22	23	28	29	31	41	46	57	59	79	
19	18
1	5	8	9	12	14	16	18	19	20	21	25	32	41	45	47	49	79	
18	17
2	8	13	14	17	18	26	29	32	38	39	43	44	45	46	49	83	
20	18
2	7	9	10	14	17	19	26	28	31	32	36	40	41	42	55	83	95	
18	18
1	3	4	6	7	12	18	20	25	26	28	34	36	46	47	50	53	58	
17	16
0	6	7	9	13	14	20	28	29	31	32	37	44	60	61	79	
16	16
0	2	3	4	6	9	10	22	25	28	32	42	48	49	55	61	
16	15
5	9	12	14	18	22	25	32	35	38	42	46	51	53	83	
18	18
5	6	8	19	21	26	28	29	31	34	36	40	41	42	44	46	49	55	
17	17
0	2	3	6	7	8	14	16	22	29	31	32	46	49	50	58	60	
18	17
2	4	6	8	12	19	21	24	32	40	44	45	46	48	49	58	83	
20	17
4	7	9	10	12	13	27	28	31	32	35	36	37	41	44	95	113	
20	16
0	10	12	17	18	21	22	24	25	29	42	48	53	70	86	113	
17	17
3	6	8	10	13	22	25	28	29	31	32	37	41	46	49	59	60	
17	17
0	2	6	9	11	18	24	26	28	29	31	42	44	45	48	49	60	
20	19
2	3	7	11	12	18	20	24	28	32	35	36	41	42	46	49	53	59	81	
21	16
3	6	9	12	13	28	35	36	44	47	58	61	79	81	83	113	
21	18
6	7	12	17	19	22	27	29	31	34	35	37	40	46	53	61	83	113	
17	17
0	2	5	6	9	12	13	17	28	31	32	34	36	37	42	45	49	
20	18
0	5	6	12	14	20	21	24	27	31	32	36	41	42	45	49	59	113	
20	18
2	4	6	7	18	22	25	32	36	42	44	47	48	49	50	60	79	95	
18	17
1	4	8	12	14	18	22	24	31	32	38	41	42	46	47	55	100	
19	18
4	6	10	12	14	19	22	24	27	28	31	41	42	44	47	53	61	79	
19	17
0	2	4	5	6	11	12	18	22	24	28	31	32	45	60	83	95	
17	17
3	4	6	7	8	10	17	18	19	21	22	31	32	40	44	46	57	
20	18
3	4	8	12	13	19	22	26	29	32	34	37	41	42	47	59	61	113	
17	17
0	1	6	8	10	12	13	14	18	20	29	31	41	44	47	59	61	
20	18
5	7	10	12	19	20	22	24	28	29	31	32	37	39	44	53	60	113	
17	16
0	1	4	5	6	11	14	22	25	36	41	44	48	49	61	79	
22	19
1	6	13	20	21	26	28	29	31	32	38	39	40	46	49	58	61	79	113	
18	16
5	6	10	12	13	23	29	31	32	35	42	46	49	50	52	113	
21	19
0	8	9	11	12	14	20	22	28	32	44	47	49	53	55	58	59	70	79	
17	16
1	5	6	11	18	21	22	28	29	31	32	37	41	44	46	79	
18	17
2	5	7	9	11	16	18	22	24	25	26	28	31	41	44	49	81	
20	18
2	6	7	9	10	25	26	28	31	40	44	46	49	57	59	60	70	79	
17	17
5	6	9	10	12	14	20	29	31	32	34	41	44	47	49	50	55	
17	17
2	5	6	8	10	14	20	23	27	29	31	35	39	41	44	46	61	
17	15
4	6	12	14	18	20	22	28	29	32	45	46	61	70	83	
20	17
0	2	3	6	7	10	12	14	21	24	32	36	40	46	59	79	113	
20	17
0	5	12	14	17	18	19	22	32	34	42	47	48	49	55	79	113	
17	16
1	3	6	7	8	14	19	22	29	31	32	38	39	44	61	83	
17	16
0	2	7	18	22	25	28	31	32	40	42	45	46	49	51	83	
21	18
0	1	3	5	9	10	12	14	20	22	25	29	32	45	48	49	100	113	
18	18
2	3	5	16	19	20	22	25	28	29	31	32	42	46	48	51	53	58	
18	18
0	1	6	7	9	12	13	18	26	28	29	36	41	46	49	57	60	61	
20	20
2	3	11	12	21	22	27	28	29	31	32	34	36	39	41	42	46	50	58	61	
17	17
1	4	6	9	10	11	14	22	28	29	32	36	42	44	46	49	55	
18	16
0	3	5	7	10	11	13	19	26	28	32	37	40	42	45	113	
20	18
2	8	9	12	14	17	20	21	22	29	31	46	53	57	59	60	79	81	
19	18
1	4	7	8	12	13	14	19	24	28	29	30	32	36	46	48	55	79	
17	16
3	5	6	8	9	10	22	23	28	29	32	39	41	44	46	79	
21	18
0	5	6	7	9	19	24	27	28	31	32	34	36	41	46	48	79	113	
17	17
0	1	3	5	6	12	21	22	28	31	32	34	46	48	52	58	61	
17	16
0	6	9	14	19	28	29	32	34	36	38	49	53	55	60	79	
20	17
1	2	6	7	12	22	31	32	42	44	46	47	48	50	60	79	113	
18	18
0	3	5	7	9	12	13	21	22	25	32	34	36	42	46	50	52	59	
18	17
1	7	12	13	18	19	20	22	28	32	35	37	44	46	58	61	83	
19	18
3	5	9	13	16	19	24	25	26	28	32	44	47	49	50	53	61	83	
17	17
0	2	6	8	9	11	12	13	18	25	26	28	32	46	48	60	61	
17	16
0	1	5	8	10	14	17	29	34	36	39	40	49	55	59	79	
18	17
1	8	12	14	19	20	28	29	32	36	38	41	42	45	46	55	95	
19	18
4	6	7	10	18	20	21	22	28	31	39	41	45	46	49	59	61	81	
23	19
7	10	16	19	28	36	39	41	47	48	51	53	57	58	59	60	79	100	113	
15	15
0	1	2	5	6	12	14	16	22	31	32	46	48	50	51	
18	17
1	2	4	10	12	13	19	20	21	22	28	29	31	36	44	47	79	
19	18
0	2	3	5	6	9	18	21	22	32	36	39	40	41	44	45	59	79	
19	16
4	5	6	7	11	12	18	20	22	23	34	37	41	79	81	95	
21	17
2	3	4	8	12	18	19	22	25	26	28	31	36	61	81	83	113	
18	18
4	9	10	18	22	25	26	27	28	32	41	42	45	46	49	55	58	59	
18	17
0	5	9	14	18	19	20	21	22	25	28	32	44	49	51	57	83	
17	17
0	1	10	12	17	18	19	20	22	30	31	32	35	42	47	48	49	
20	19
0	3	4	7	9	12	14	18	25	28	32	36	40	41	49	50	58	61	79	
18	18
3	5	6	7	12	17	19	20	22	26	28	32	36	41	44	55	58	61	
18	17
0	5	6	7	10	13	18	28	30	31	32	35	36	41	42	47	70	
17	16
1	9	11	12	13	18	20	21	25	29	31	45	46	49	50	79	
18	18
1	2	10	11	12	16	18	21	22	28	29	32	39	40	42	46	50	58	
19	17
2	3	5	7	12	13	14	18	19	22	28	29	32	45	58	79	83	
18	17
3	6	8	10	21	22	25	28	31	32	35	41	42	46	49	61	83	
17	17
4	5	7	8	9	10	12	14	16	20	28	29	32	35	46	48	49	
20	18
5	7	18	19	21	22	25	27	31	34	36	40	49	50	55	59	79	95	
21	19
5	6	7	9	10	13	16	18	20	29	31	36	39	40	48	51	55	79	83	
19	16
3	4	5	7	9	11	12	18	20	22	32	41	46	58	100	113	
17	15
0	1	2	5	6	7	11	16	23	31	36	42	48	49	113	
17	17
5	8	9	10	14	18	19	32	40	41	42	44	46	47	50	58	61	
18	18
6	14	17	18	20	27	29	32	36	43	44	45	46	49	55	57	58	61	
17	17
7	8	13	14	16	20	24	28	29	34	36	41	42	46	48	49	55	
18	17
4	5	6	9	12	13	14	17	22	25	28	31	32	36	42	48	79	
16	16
4	5	8	12	13	14	18	20	21	28	32	34	35	41	51	52	
18	17
0	2	3	5	8	9	12	18	21	28	32	44	49	50	58	61	79	
20	17
0	6	8	9	13	19	27	28	29	31	32	36	42	45	49	79	113	
19	17
0	12	13	14	16	18	24	28	31	45	48	49	50	58	61	79	83	
18	17
6	8	12	14	18	22	28	29	31	32	36	46	50	55	60	61	100	
16	16
2	4	6	8	10	12	13	14	18	19	22	31	32	36	46	61	
18	18
0	8	12	22	23	24	25	31	36	38	39	42	44	48	49	50	55	61	
21	18
1	4	5	9	14	17	19	20	25	28	32	35	36	41	44	45	79	113	
17	17
0	3	4	9	11	12	13	18	22	23	28	31	36	44	53	55	61	
18	18
0	3	7	9	14	17	18	27	28	29	31	35	44	45	48	55	60	61	
17	17
3	5	7	9	10	12	17	19	20	22	28	31	40	41	44	49	51	
18	18
2	4	6	7	8	9	10	12	14	24	28	29	30	31	37	41	42	47	
17	15
1	2	3	6	8	9	10	12	36	47	49	50	59	79	95	
16	16
0	1	6	8	9	10	11	12	24	25	31	32	39	42	53	59	
17	16
1	2	3	4	6	10	12	20	22	29	32	36	42	46	47	95	
19	19
3	6	9	12	14	17	22	28	31	32	35	41	42	44	45	46	48	50	61	
17	17
6	11	17	25	26	28	29	36	40	42	44	46	47	49	55	58	61	
21	19
6	10	14	18	20	28	31	32	36	41	44	46	47	50	52	55	61	81	95	
18	18
0	1	4	6	9	10	14	25	26	27	29	31	32	41	44	46	49	50	
18	18
2	6	8	10	12	18	20	21	23	24	26	28	29	32	46	47	48	57	
19	18
2	5	9	10	14	20	32	35	36	41	42	45	46	49	55	58	61	81	
20	18
6	10	12	14	22	26	28	31	32	40	42	46	47	55	58	60	79	95	
18	18
0	5	6	7	8	9	14	22	23	26	29	31	35	40	44	46	47	55	
17	17
0	2	4	6	7	8	10	12	17	19	22	24	36	41	48	49	61	
18	17
1	7	10	12	14	18	23	28	29	32	37	42	46	48	55	60	79	
19	17
2	6	8	9	14	22	24	25	26	27	31	36	44	49	50	52	113	
17	17
0	6	10	13	28	29	32	36	38	40	45	46	49	55	58	60	61	
18	18
1	2	7	12	18	20	24	25	30	36	38	40	43	45	46	55	60	61	
17	17
2	3	6	7	18	20	22	27	34	40	44	46	48	49	50	55	58	
20	18
0	1	5	7	11	14	18	19	25	29	31	32	39	46	49	59	79	95	
16	16
1	4	6	10	13	18	20	23	28	31	32	36	42	44	50	51	
16	16
1	6	9	12	14	18	22	24	26	28	29	36	40	44	46	58	
20	17
3	7	10	14	20	21	28	32	37	41	44	49	57	58	60	79	113	
18	18
0	3	9	13	18	20	29	31	32	39	41	42	46	47	48	49	51	61	
18	16
2	3	7	8	10	12	16	18	22	31	40	44	46	47	51	113	
17	17
6	7	8	9	10	14	18	20	25	28	32	36	47	49	55	58	61	
16	16
6	10	11	12	13	18	20	22	24	32	38	41	42	46	47	61	
20	19
1	2	3	4	5	6	7	10	14	17	24	28	32	41	47	49	60	61	95	
17	16
4	6	8	12	13	17	18	20	22	31	37	40	41	47	49	83	
19	18
4	5	8	10	11	14	16	22	24	28	29	31	32	44	45	46	55	83	
19	17
5	6	12	20	21	25	28	31	32	38	41	44	49	58	60	61	113	
19	17
0	3	6	12	13	17	18	25	26	28	29	31	42	44	58	61	113	
17	17
5	6	7	8	9	12	14	18	25	28	29	31	36	41	44	55	61	
20	19
3	7	9	12	13	17	19	21	25	28	31	42	44	46	47	49	50	59	79	
19	18
1	2	4	6	7	11	18	22	26	28	29	31	32	35	47	55	61	79	
17	16
6	8	9	13	16	29	31	32	39	46	48	49	50	51	57	81	
21	18
0	8	9	10	17	18	20	31	41	42	44	45	46	51	53	57	79	113	
17	17
0	1	2	5	6	10	14	19	22	26	28	34	36	41	45	46	53	
19	18
0	2	4	5	9	10	11	12	14	19	22	24	40	44	46	50	58	79	
17	17
4	6	9	12	13	20	22	24	29	34	36	41	44	46	49	58	61	
20	17
3	5	6	8	10	12	22	25	28	31	32	44	53	60	61	79	113	
17	17
0	1	7	10	11	12	13	18	24	28	31	39	42	46	49	60	61	
18	17
0	1	6	7	18	22	25	27	29	31	34	44	47	50	58	60	79	
19	17
2	3	7	8	9	11	14	28	29	31	35	36	49	53	59	60	113	
17	17
1	2	4	7	18	19	25	28	31	36	37	44	47	48	50	58	60	
17	16
3	7	9	11	12	18	26	28	29	31	46	47	49	59	61	79	
18	16
1	2	3	4	7	14	18	20	21	22	31	36	44	55	79	81	
19	18
5	6	9	12	13	18	21	22	24	28	29	36	39	44	49	53	58	79	
19	17
2	3	6	7	9	12	13	20	22	25	31	36	44	46	50	79	81	
17	17
1	3	5	9	10	12	13	18	19	21	23	31	32	39	44	49	61	
17	17
6	9	10	12	17	25	28	31	32	35	39	46	47	48	49	50	57	
17	17
1	2	5	6	8	12	14	20	22	25	28	31	32	36	52	59	61	
20	18
0	1	2	7	9	18	22	26	28	31	36	42	44	48	55	60	81	83	
18	17
6	7	10	12	17	22	26	28	31	35	39	42	44	46	47	49	79	
17	17
2	6	7	10	11	12	14	18	20	22	24	28	32	36	45	46	61	
20	18
1	2	3	8	12	17	18	22	31	32	36	39	42	48	49	59	61	113	
19	17
5	6	9	12	16	19	28	29	32	36	41	44	46	55	60	79	83	
20	18
1	3	4	9	12	14	16	18	22	32	35	36	44	48	49	55	59	113	
17	17
3	5	6	8	12	13	18	22	28	29	31	36	39	44	48	60	61	
18	18
1	3	7	9	10	12	18	19	22	31	32	35	44	45	46	48	57	61	
17	17
1	2	4	6	8	10	11	12	14	16	22	28	31	32	36	46	61	
18	18
2	3	6	9	10	13	19	25	26	28	29	31	35	44	46	49	50	59	
20	19
4	6	7	12	14	18	20	25	28	29	31	40	42	47	48	55	57	61	79	
18	18
1	4	9	14	17	18	21	24	28	29	31	32	40	42	45	49	50	53	
19	17
3	5	6	11	12	17	18	26	27	29	46	47	48	50	57	70	79	
17	16
2	4	5	6	7	8	10	12	13	18	19	22	31	38	47	95	
18	17
2	3	7	9	10	12	14	17	21	25	28	29	31	44	49	60	79	
19	18
3	4	5	6	8	10	22	32	37	40	42	46	48	51	55	57	61	79	
19	17
8	9	10	13	14	28	29	31	32	46	47	48	49	50	57	60	113	
17	17
0	4	9	14	17	19	20	24	25	27	28	29	36	42	44	51	59	
16	15
6	11	12	13	14	17	18	22	28	29	31	32	39	40	95	
20	17
1	6	8	10	11	12	20	22	31	32	36	41	42	50	79	83	95	
18	17
3	8	9	10	12	13	14	28	29	31	36	42	44	47	50	60	79	
19	18
1	5	7	8	9	10	12	28	29	35	38	40	46	49	50	55	58	81	
22	18
1	2	6	10	14	17	18	19	28	29	36	46	47	49	50	79	81	113	
19	17
1	2	7	22	28	31	32	35	39	40	45	46	50	51	59	83	100	
19	19
1	2	6	8	10	11	12	14	17	18	19	26	35	36	41	44	55	58	61	
17	17
0	1	2	9	13	14	17	18	21	22	25	28	32	42	44	58	60	
19	18
5	7	11	20	24	26	28	29	30	31	36	38	45	46	50	55	61	83	
18	17
0	1	6	8	13	19	21	22	29	31	38	46	48	49	50	59	79	
19	17
0	4	7	8	9	10	13	14	19	29	32	48	49	53	55	61	113	
18	17
0	5	6	8	18	23	28	32	34	36	39	40	41	45	49	55	83	
20	18
2	9	12	13	14	28	29	32	36	38	39	41	49	50	51	52	70	95	
19	17
0	2	3	4	7	9	11	12	18	20	22	32	35	46	48	61	113	
18	18
0	2	4	6	7	8	9	12	14	17	21	22	31	40	42	49	50	60	
17	16
2	3	5	7	9	12	14	18	19	22	28	32	48	49	50	81	
18	16
0	6	7	9	13	14	28	31	32	36	42	45	46	47	79	83	
19	18
1	3	5	6	7	8	9	10	12	21	28	29	32	42	45	46	48	79	
18	17
0	2	3	4	5	7	17	22	29	32	36	39	41	48	55	61	79	
18	18
1	2	5	7	9	10	18	19	20	22	28	31	32	36	42	44	45	46	
17	16
6	7	13	14	18	20	22	29	31	32	42	44	48	49	61	79	
19	18
0	1	3	7	8	14	17	19	20	22	31	32	36	38	47	49	58	100	
18	18
3	4	8	11	12	14	19	21	28	32	36	46	47	48	50	55	58	61	
18	17
5	8	12	18	20	21	22	25	28	31	35	39	41	50	57	59	79	
22	18
2	4	6	14	18	20	28	31	32	40	41	46	50	52	61	79	83	113	
18	17
5	6	9	12	14	18	20	22	25	28	29	32	41	45	46	55	79	
18	18
3	5	6	9	10	11	12	14	19	22	25	28	31	32	37	42	46	52	
19	17
1	2	5	6	8	18	23	32	36	39	40	44	49	50	61	81	83	
17	17
0	1	7	8	9	14	19	20	28	29	32	35	46	49	53	55	58	
18	17
0	3	21	22	23	28	32	35	36	39	41	42	47	49	55	60	83	
17	17
5	7	10	12	13	14	17	18	26	28	31	32	48	49	55	57	59	
18	17
3	8	11	12	14	16	22	27	28	29	31	46	47	58	59	61	79	
18	18
0	3	10	16	18	20	22	26	28	29	31	35	42	45	48	50	51	55	
18	17
0	1	2	6	8	10	12	13	14	18	20	23	25	36	37	49	79	
17	17
0	1	3	5	9	10	12	14	22	24	26	31	35	38	42	46	50	
18	18
3	6	7	8	10	12	13	14	17	19	25	28	29	31	36	40	44	49	
17	16
2	6	8	10	12	14	22	28	36	44	46	47	49	55	60	79	
16	16
6	7	12	13	14	20	22	24	28	29	31	41	42	44	55	58	
18	17
0	1	4	6	8	9	12	18	20	25	28	29	31	41	47	57	83	
21	18
3	6	14	18	22	28	29	32	36	41	45	46	49	60	61	79	83	95	
20	18
1	3	9	13	14	20	22	31	32	35	40	41	45	46	50	58	79	83	
20	18
2	5	10	16	18	19	20	24	25	28	31	36	45	46	53	61	79	81	
18	17
3	7	9	10	12	13	18	19	28	29	31	32	36	41	46	47	79	
18	17
1	2	3	6	11	12	18	22	25	28	29	36	41	45	51	55	79	
17	17
0	2	3	6	7	8	9	11	12	14	24	28	32	36	39	41	48	
18	17
3	8	12	14	17	19	25	28	31	32	36	42	46	48	50	55	79	
18	17
1	5	6	14	17	18	22	28	31	34	36	40	45	46	59	61	79	
16	16
0	2	3	5	6	7	10	18	20	22	28	29	36	46	47	61	
18	16
7	8	9	11	14	17	22	31	32	42	44	49	58	59	60	113	
19	18
3	5	7	9	12	14	19	20	22	23	31	32	42	44	46	47	49	79	
18	17
2	4	6	12	14	18	22	26	28	29	36	39	46	50	55	59	83	
17	17
5	6	8	10	12	22	24	25	28	31	44	47	48	49	52	55	61	
18	15
7	12	14	18	19	22	29	32	36	44	46	47	79	81	83	
17	16
8	11	12	14	16	17	22	24	25	28	32	42	48	49	55	79	
17	16
0	1	7	10	12	20	22	24	28	29	31	36	46	49	55	83	
19	18
0	1	6	7	18	21	22	24	28	31	32	36	46	47	49	52	55	81	
17	17
2	3	7	8	9	13	14	25	27	28	32	35	36	47	48	49	59	
18	18
0	2	5	7	13	14	18	19	27	28	29	31	36	41	42	53	59	60	
18	17
0	5	8	9	10	13	14	26	28	31	32	34	46	48	49	61	95	
18	18
0	1	3	4	12	17	18	19	24	28	31	42	44	47	48	53	58	61	
17	17
2	3	4	7	9	10	11	14	22	24	28	29	31	32	42	46	49	
17	17
1	2	4	10	12	14	17	19	22	28	29	31	36	37	42	44	55	
17	17
1	2	4	6	7	9	10	14	18	27	28	29	31	41	45	46	47	
18	17
2	4	6	9	11	17	18	21	25	28	32	39	41	45	49	50	79	
16	16
1	3	4	8	9	12	20	22	28	29	32	36	46	47	55	57	
17	17
0	2	3	10	14	18	22	26	28	31	32	35	42	46	48	50	57	
20	17
3	5	7	8	9	10	11	12	24	28	29	32	41	46	49	70	113	
18	17
5	10	11	14	17	18	22	23	28	29	32	35	41	42	46	50	79	
17	15
1	6	9	11	14	22	25	28	36	44	47	48	49	70	83	
17	17
3	5	7	9	12	17	18	22	24	25	27	28	32	45	48	49	50	
16	16
5	6	9	11	14	18	19	20	22	24	32	41	44	46	49	61	
15	15
2	3	4	11	12	20	22	28	29	34	36	44	45	46	49	
20	17
0	3	4	7	18	22	28	32	40	41	46	49	55	61	79	83	95	
18	16
5	11	12	14	17	18	22	31	32	34	38	41	51	59	70	79	
19	17
2	4	6	7	10	12	17	18	20	22	25	28	32	48	55	59	113	
16	16
2	6	8	12	17	25	29	31	32	36	39	45	49	51	55	58	
16	16
1	2	4	5	6	7	9	12	14	22	23	25	28	31	32	36	
16	16
2	7	14	18	20	22	29	31	39	40	41	44	46	48	49	52	
22	18
1	2	5	12	13	25	28	31	32	35	36	39	49	59	61	79	100	113	
17	17
1	2	3	6	13	22	28	31	38	39	42	44	46	47	50	57	60	
18	18
1	2	3	6	9	12	14	20	24	26	29	32	41	46	49	50	53	58	
20	18
6	12	13	14	17	18	22	26	31	32	35	36	42	45	50	55	79	81	
18	17
4	7	8	12	17	20	21	28	29	31	32	36	42	45	46	47	79	
20	19
4	7	10	12	18	19	20	22	24	31	36	39	45	47	48	49	58	60	79	
17	16
0	1	6	8	9	10	11	12	20	28	31	34	36	42	46	79	
18	17
2	4	8	12	17	19	22	24	29	32	37	41	47	48	49	58	83	
16	16
3	5	7	12	13	18	26	29	31	36	46	49	50	55	58	61	
18	17
6	7	14	18	26	28	29	31	32	34	36	45	46	58	60	61	79	
20	18
2	5	9	11	12	18	22	28	32	35	40	46	49	58	59	61	79	83	
17	16
3	4	6	7	8	14	18	22	28	31	41	46	47	49	55	81	
17	17
0	2	3	4	7	8	9	12	16	22	28	29	31	45	46	48	61	
20	17
1	4	6	8	10	13	19	20	22	24	25	31	32	44	48	79	113	
18	17
0	7	14	18	20	29	31	34	36	38	40	44	45	46	51	59	79	
17	17
0	1	2	5	6	7	9	10	14	16	21	36	38	41	49	50	60	
19	19
0	2	5	6	9	10	13	14	18	24	28	31	32	34	42	46	49	50	58	
14	14
0	1	6	8	9	10	11	14	28	31	32	36	42	45	
17	17
6	7	9	10	12	20	31	32	36	40	41	44	46	49	59	60	61	
16	16
3	5	6	8	10	12	14	18	21	22	28	32	36	46	49	55	
16	16
5	6	8	13	14	21	28	32	34	36	42	44	46	48	49	55	
18	17
2	6	8	10	13	18	20	22	25	29	31	32	36	47	49	61	81	
20	18
0	2	3	9	14	19	21	22	25	28	31	32	46	47	49	60	61	113	
17	17
0	3	9	10	14	20	28	32	35	37	38	46	47	48	49	59	61	
18	17
7	9	10	12	13	19	27	28	31	32	35	41	42	44	46	49	83	
21	19
2	4	12	16	22	24	28	29	31	34	38	46	48	49	50	51	55	79	95	
20	18
2	7	18	28	29	31	36	41	46	47	48	49	51	53	59	61	79	95	
18	18
0	3	8	10	12	13	20	25	26	28	29	31	35	40	42	46	50	61	
18	17
2	3	6	14	19	21	22	26	28	32	37	44	46	47	49	50	81	
17	17
1	2	4	6	7	8	12	13	22	25	31	32	48	50	55	58	61	
17	17
0	1	3	6	7	20	22	27	28	31	32	36	42	46	47	49	61	
19	17
0	1	4	5	6	9	10	12	13	17	22	28	29	31	58	79	95	
19	18
8	9	10	12	22	25	28	29	31	32	35	36	41	42	44	49	58	83	
17	17
1	6	9	10	12	13	18	22	28	31	36	40	42	44	45	46	55	
19	18
2	10	11	17	19	21	26	27	28	29	31	35	45	46	47	59	61	79	
19	18
3	9	13	14	21	25	28	29	32	35	36	41	42	46	49	55	58	79	
20	17
6	7	8	10	12	14	18	20	23	25	29	31	34	41	55	100	113	
18	17
0	2	5	6	7	10	14	19	22	24	27	36	44	46	48	50	79	
17	17
1	2	3	4	5	6	7	9	11	12	13	18	24	25	28	31	38	
21	17
2	3	6	16	18	25	27	28	34	42	46	47	48	55	79	83	113	
19	18
0	1	2	3	6	9	10	16	24	31	32	34	35	42	47	50	60	79	
18	17
2	5	8	10	11	14	21	22	28	32	41	46	49	55	57	60	79	
19	16
3	5	6	12	13	14	20	22	28	29	32	36	44	61	83	113	
18	17
3	5	8	12	22	24	25	28	29	32	36	41	45	46	48	49	83	
20	19
4	5	12	16	18	20	24	26	29	32	35	36	39	41	46	49	57	58	79	
19	18
1	3	5	6	9	14	18	20	21	32	35	36	41	42	44	49	51	95	
18	17
8	10	12	14	22	28	32	44	46	47	49	55	58	59	60	61	81	
17	17
6	7	8	10	12	20	28	32	36	38	46	47	49	55	57	60	61	
20	19
0	5	8	10	12	14	17	18	32	39	40	44	46	47	49	55	59	60	95	
18	17
2	3	5	6	8	10	20	22	24	28	32	36	39	45	46	49	83	
17	17
1	3	4	5	6	9	11	19	28	31	32	36	40	44	47	49	61	
19	17
6	7	10	12	16	17	24	26	28	31	32	45	47	50	55	79	81	
18	17
2	4	12	14	22	28	29	34	36	44	49	53	55	58	59	61	79	
19	17
1	2	6	7	8	10	11	12	21	25	31	36	42	44	53	79	83	
17	17
3	6	8	12	13	14	18	22	31	32	36	42	44	46	50	51	53	
17	17
0	1	3	4	6	9	10	13	22	28	31	32	44	45	47	60	61	
20	17
0	1	7	8	10	11	16	17	23	28	29	31	32	42	48	79	113	
21	18
3	4	5	7	14	17	20	21	22	24	26	29	35	36	44	61	79	113	
21	18
0	1	2	13	25	26	28	29	31	36	39	46	48	55	60	70	81	83	
17	17
2	7	11	14	17	22	28	29	31	32	36	40	42	44	46	47	49	
19	18
0	5	6	9	12	13	17	18	22	28	29	31	32	35	43	46	61	83	
20	18
1	2	6	7	9	14	17	24	28	31	39	41	42	49	58	61	79	81	
16	16
0	3	7	10	12	13	17	18	25	27	29	34	35	39	42	49	
20	18
2	3	6	7	8	10	12	17	18	20	31	32	36	42	53	55	61	113	
19	18
2	3	4	6	8	12	14	17	18	19	28	31	36	42	49	50	60	79	
18	16
0	1	6	9	12	18	27	28	30	31	35	39	42	48	83	100	
17	17
1	6	7	8	9	14	17	18	22	29	31	32	42	44	46	49	50	
19	18
2	4	7	9	10	12	13	18	19	22	31	32	35	44	48	55	61	81	
19	18
0	1	2	5	6	10	13	29	35	36	39	41	44	46	49	55	58	79	
18	17
0	1	6	13	19	28	29	31	32	34	36	39	46	49	57	61	79	
17	17
0	2	6	9	23	25	26	28	29	31	35	41	44	46	49	57	58	
18	17
1	2	4	6	8	9	11	12	13	24	28	29	31	58	60	61	79	
19	17
5	6	7	8	10	12	18	31	32	36	39	44	46	49	50	55	113	
18	17
6	17	18	19	22	28	31	32	39	42	46	47	48	49	50	57	79	
18	18
3	5	10	12	14	17	18	19	29	32	35	41	46	47	49	50	55	60	
17	17
0	1	7	11	16	18	19	24	26	28	31	32	36	44	46	48	61	
18	17
2	3	5	7	9	10	14	28	29	31	36	40	45	46	49	59	100	
19	17
1	7	10	14	18	24	25	28	31	32	36	42	44	47	50	60	113	
20	19
2	4	6	12	13	18	20	25	29	32	37	41	46	49	52	53	59	60	79	
17	17
2	4	6	8	11	12	18	22	25	28	31	32	36	40	46	49	55	
18	18
1	2	3	4	6	7	9	10	12	13	26	28	29	32	36	40	41	60	
21	20
1	8	9	12	13	22	25	29	32	35	37	39	44	45	48	51	58	60	61	100	
18	17
0	1	2	5	6	10	12	14	22	25	28	29	36	48	49	50	79	
20	17
2	3	7	9	14	16	18	20	24	28	32	35	44	48	60	83	113	
18	17
0	1	2	6	8	9	11	17	18	29	32	38	45	46	60	61	79	
18	17
5	6	8	9	10	13	27	29	31	39	40	46	47	52	59	61	83	
18	18
6	8	14	18	22	23	24	27	28	31	36	43	44	45	46	49	52	60	
19	17
1	3	7	10	11	14	21	24	25	28	31	37	42	46	50	59	113	
17	17
0	2	4	6	13	14	22	23	31	36	42	44	45	46	47	49	60	
