1000 
21	17
0	3	6	12	15	19	21	22	26	30	34	35	38	52	61	82	89	
19	16
3	4	5	11	12	19	21	28	30	31	32	36	38	49	77	82	
19	16
0	5	6	11	15	19	22	25	26	28	34	36	38	49	78	82	
22	18
0	4	5	6	7	11	15	22	26	28	29	30	36	40	61	70	78	82	
16	16
0	3	4	5	11	15	19	21	25	28	30	31	34	35	36	38	
21	18
0	5	8	19	20	22	23	28	30	32	34	35	36	38	39	49	50	73	
20	17
4	5	6	12	15	19	21	28	29	30	34	35	40	41	49	50	82	
16	15
0	6	8	11	18	19	21	22	25	28	36	38	39	40	78	
21	18
3	4	5	6	11	19	21	22	26	28	29	34	36	38	42	53	66	82	
17	16
0	3	5	11	19	22	25	26	30	31	34	36	38	39	42	73	
20	16
0	3	4	5	6	11	19	22	28	38	39	41	48	61	77	82	
20	18
0	3	5	6	7	19	21	22	25	27	28	29	30	32	38	40	49	50	
18	16
5	6	11	15	19	20	22	26	27	28	29	36	38	39	49	82	
24	19
3	4	5	8	11	19	21	22	23	28	36	38	40	42	46	49	70	77	82	
24	18
0	4	6	12	13	16	19	22	26	30	32	34	38	48	50	78	89	124	
23	17
0	5	11	15	21	22	26	28	35	36	38	48	49	52	61	69	82	
24	18
4	8	11	12	13	19	21	22	27	33	36	38	39	50	59	78	89	124	
21	16
3	4	5	11	12	19	22	28	29	36	38	46	48	53	73	82	
22	17
0	3	4	5	6	12	16	19	22	30	32	38	40	48	49	77	124	
19	18
3	4	5	10	11	15	16	18	19	21	27	28	31	35	38	39	41	82	
20	17
0	5	6	11	15	19	21	25	26	28	30	31	38	39	48	70	77	
21	17
3	5	6	7	15	19	22	25	27	28	29	30	31	38	66	89	124	
21	17
0	3	5	10	15	18	21	22	30	34	35	36	38	41	48	73	124	
22	19
0	3	10	11	12	13	14	15	22	25	30	32	35	36	39	40	52	77	82	
22	18
0	5	8	11	12	16	18	20	22	31	34	35	38	41	42	70	82	124	
19	18
0	3	4	5	6	10	19	21	22	26	28	31	34	36	39	40	42	53	
20	16
0	3	7	9	11	19	21	22	28	31	38	41	53	66	77	78	
24	18
6	8	11	13	15	21	26	27	29	30	33	35	41	69	73	79	82	124	
20	17
0	5	7	9	11	12	19	21	22	26	35	36	38	39	40	73	124	
21	18
3	5	8	11	14	15	16	19	21	25	28	31	34	35	39	69	73	77	
16	15
3	5	6	10	11	15	19	22	24	28	30	32	34	38	77	
19	18
0	3	4	6	8	12	15	16	21	22	23	28	30	31	34	38	39	89	
24	17
3	4	5	6	9	13	19	22	23	29	38	49	61	77	78	89	124	
20	17
0	5	6	11	13	14	21	24	28	30	35	38	39	40	49	50	59	
21	18
3	5	6	11	15	22	26	28	29	30	31	32	36	38	40	49	66	89	
16	16
0	3	5	11	13	19	21	25	28	29	31	34	35	36	38	39	
21	17
0	3	11	12	19	20	22	25	28	30	35	36	41	48	66	73	82	
21	17
3	5	11	15	19	22	24	28	31	32	38	40	41	49	59	78	82	
22	16
0	3	4	12	13	19	20	34	35	36	39	52	77	82	89	124	
24	18
0	5	6	7	8	12	13	19	22	25	30	34	40	41	59	61	73	183	
18	16
0	3	5	11	15	19	20	22	24	28	29	36	38	41	77	82	
18	16
0	3	4	5	9	11	19	22	28	29	30	39	40	42	48	66	
22	17
0	3	6	8	19	21	22	28	30	35	38	39	48	69	73	77	82	
20	17
0	3	4	6	12	13	15	19	21	30	34	35	36	42	48	61	82	
20	16
0	5	11	12	13	14	16	18	19	26	28	38	46	49	70	82	
17	15
0	3	5	11	15	19	20	21	28	31	34	35	38	70	82	
23	17
0	5	12	19	21	24	26	29	30	38	39	48	50	52	59	73	79	
20	17
3	4	5	6	11	12	15	28	29	31	35	38	40	41	50	73	77	
22	18
3	6	8	15	19	21	22	28	29	30	35	36	38	39	48	49	78	82	
20	17
0	3	5	6	7	11	15	22	26	28	29	30	34	35	38	48	124	
22	18
0	3	4	5	12	21	23	26	28	30	32	35	36	40	48	49	50	70	
20	16
3	5	9	11	19	22	29	30	33	36	38	39	49	73	77	78	
19	16
0	3	4	5	6	11	19	22	28	32	34	36	38	66	79	82	
19	18
0	3	4	5	15	21	22	25	26	28	30	32	36	38	39	40	42	82	
25	19
5	6	7	10	13	14	19	25	26	29	32	35	38	39	49	66	69	82	124	
21	18
0	4	12	18	19	21	22	26	27	28	31	32	38	40	41	48	61	89	
19	17
3	4	5	6	11	12	14	19	24	26	28	30	36	38	41	48	66	
20	18
0	5	7	8	15	19	21	22	25	28	30	33	38	40	41	42	49	66	
19	17
4	5	6	7	8	11	18	22	25	26	30	33	36	38	40	49	82	
20	17
0	3	4	5	11	14	19	22	28	30	32	38	39	40	48	49	70	
21	17
3	5	11	12	13	15	19	22	26	28	30	36	38	49	59	77	89	
21	17
3	6	15	22	25	26	27	28	29	35	36	38	41	61	66	82	89	
27	19
4	19	20	23	26	28	29	34	35	36	38	40	48	59	66	70	77	82	124	
16	14
3	5	11	12	16	22	26	27	35	36	38	39	49	66	
21	17
3	6	9	11	15	22	26	28	34	35	36	38	39	48	61	82	89	
25	19
0	3	5	15	19	21	22	26	29	30	31	41	42	52	61	66	69	70	77	
19	17
5	6	9	11	19	20	25	26	28	35	36	38	39	40	42	48	50	
19	16
0	4	5	7	8	19	21	22	25	31	36	38	40	46	49	52	
19	17
0	3	5	6	15	19	22	28	29	30	32	35	38	40	41	49	77	
21	18
0	3	6	11	14	15	16	21	23	24	26	28	31	34	36	38	49	124	
19	16
0	3	5	7	10	12	19	22	28	30	31	36	38	42	82	124	
19	17
0	3	5	6	7	11	15	19	21	22	27	29	31	34	35	50	82	
20	17
0	3	4	6	8	13	19	20	22	24	28	29	32	38	50	52	82	
20	17
0	3	4	5	8	11	19	21	22	23	35	36	38	41	59	73	77	
21	16
3	5	11	13	16	22	29	31	35	38	40	48	49	52	73	82	
19	16
4	5	6	8	13	21	24	26	28	29	30	31	35	53	66	82	
26	19
0	3	6	11	12	14	19	21	23	26	33	36	40	49	50	59	70	82	124	
21	17
3	6	9	12	15	21	26	28	29	33	39	40	42	48	50	53	78	
19	17
3	5	6	7	11	15	19	21	22	28	30	35	38	39	41	48	77	
20	17
5	6	7	11	15	19	22	24	25	28	30	32	35	36	46	70	82	
24	18
0	4	5	6	11	19	21	22	28	29	30	40	48	61	66	70	82	89	
26	20
3	4	7	12	19	22	26	28	29	31	32	34	35	38	48	49	61	66	82	89	
23	18
3	6	11	15	19	21	22	26	28	29	34	35	36	38	49	61	89	124	
23	18
4	5	9	11	15	19	21	25	26	28	29	31	35	38	53	77	78	124	
17	16
3	5	11	15	18	19	21	22	23	28	30	31	35	38	40	49	
20	18
0	10	11	18	19	21	24	25	27	28	29	32	34	36	38	40	77	82	
17	16
0	3	5	11	15	19	22	23	28	29	31	34	36	38	41	48	
18	16
0	3	4	5	6	10	20	22	28	30	31	34	38	40	48	52	
17	16
0	5	6	8	12	19	21	25	30	34	35	36	38	40	42	52	
20	16
5	8	10	11	15	16	18	19	21	27	38	40	49	73	77	82	
21	17
0	3	5	11	12	14	19	21	30	31	34	35	39	73	77	78	82	
20	17
3	4	5	8	13	19	22	25	29	30	36	38	39	40	49	73	77	
21	17
3	4	5	11	15	18	19	22	26	28	29	30	38	48	78	79	82	
24	18
0	3	4	6	22	26	28	31	34	35	38	39	48	52	61	73	77	82	
19	16
3	4	5	8	10	13	16	19	22	26	34	35	39	48	49	73	
17	16
4	5	10	11	15	18	19	22	25	26	28	29	30	38	40	48	
19	17
3	5	6	10	11	13	15	19	21	22	28	30	31	32	38	52	77	
20	18
0	3	4	5	9	22	23	24	27	28	29	31	34	35	38	42	49	82	
22	19
0	10	11	13	18	19	20	28	29	30	31	32	36	38	39	42	50	52	77	
22	17
5	8	12	15	19	21	30	32	34	35	38	40	42	48	49	53	124	
18	16
0	4	6	10	16	19	22	23	25	26	28	31	32	41	52	77	
21	17
0	3	4	5	8	21	22	28	30	31	38	39	40	50	69	73	82	
22	17
3	4	5	6	7	11	22	28	29	35	38	41	49	61	77	82	89	
19	17
3	4	5	7	8	11	15	19	22	24	25	30	35	40	42	48	49	
19	16
0	3	5	6	11	12	16	19	21	22	36	38	39	49	73	82	
21	16
0	3	4	5	8	11	12	31	32	35	39	48	61	66	77	82	
17	15
3	5	9	10	11	12	19	28	30	31	34	36	39	78	82	
20	17
3	4	6	8	9	19	21	22	28	30	36	38	39	40	50	73	89	
23	17
3	5	6	10	12	15	19	25	30	35	38	39	66	73	77	78	124	
18	15
3	5	11	15	18	19	22	27	28	30	35	38	49	61	82	
23	17
0	4	5	6	11	14	21	25	31	35	38	50	59	61	66	73	77	
20	16
0	3	4	6	7	11	12	19	21	22	26	34	38	61	73	124	
21	17
0	3	5	6	10	11	12	19	22	28	31	36	40	49	61	79	82	
19	17
0	3	4	5	7	11	15	18	25	27	28	29	31	35	36	48	59	
22	18
0	3	5	9	11	15	18	21	28	30	31	34	38	39	40	50	73	124	
20	17
0	3	5	21	22	28	30	31	32	34	35	38	39	40	66	73	77	
17	17
3	5	6	9	11	19	21	22	27	28	29	30	32	34	36	38	39	
20	16
0	6	7	12	19	21	22	25	28	29	38	40	53	61	70	82	
19	17
0	3	5	11	15	16	19	21	24	28	29	30	31	36	38	48	77	
18	17
5	6	11	19	20	21	22	24	28	30	35	36	38	39	40	41	77	
15	15
0	3	5	11	15	19	22	24	25	27	30	34	35	36	38	
18	18
0	3	4	5	10	12	18	19	21	22	25	28	29	31	34	35	36	38	
21	18
3	5	6	8	12	19	21	28	29	30	32	35	38	40	41	49	53	61	
25	20
0	5	6	10	13	21	22	24	30	32	33	35	39	40	42	49	61	66	82	89	
22	17
0	4	5	10	13	22	26	28	30	38	39	41	48	50	59	61	82	
19	16
0	4	5	6	8	11	19	21	22	25	28	30	38	49	61	66	
19	16
0	3	8	11	14	15	18	22	28	32	36	38	39	48	50	82	
26	19
3	5	6	8	11	12	19	22	29	38	39	40	41	46	49	59	66	73	124	
22	18
0	3	6	8	19	22	26	28	34	35	36	38	40	41	49	50	61	82	
24	18
0	3	5	6	13	14	15	19	22	23	28	31	36	38	50	77	82	183	
23	18
0	3	4	6	8	15	18	22	26	27	29	30	38	41	48	69	77	124	
21	17
0	3	11	15	25	27	29	30	31	34	35	36	42	48	49	61	66	
22	18
0	3	4	7	10	18	19	21	28	31	35	36	38	42	48	52	66	78	
21	18
0	5	11	12	15	19	22	25	28	30	31	34	36	38	42	52	59	82	
21	17
5	11	15	18	21	28	29	32	34	35	38	39	40	49	52	59	73	
20	17
0	5	9	12	15	18	19	21	28	29	35	36	38	40	77	82	89	
20	17
5	11	13	15	19	21	23	25	26	30	32	35	38	39	48	49	82	
23	19
0	5	6	8	19	21	25	26	29	30	31	36	38	39	40	42	48	82	124	
20	17
3	4	5	11	15	21	22	26	27	28	29	35	36	40	49	59	66	
21	18
0	3	4	6	13	15	19	20	21	25	28	31	34	38	42	46	49	61	
23	18
0	3	5	12	20	22	24	27	28	29	30	34	38	40	69	77	89	124	
21	18
0	4	5	8	13	19	21	24	25	26	30	31	32	38	40	48	49	89	
22	17
3	5	6	9	10	11	16	19	22	26	38	40	42	48	73	77	124	
20	18
0	3	8	10	11	15	18	19	20	21	22	28	34	36	38	39	52	73	
21	16
0	4	5	7	13	14	22	24	28	32	35	38	49	61	70	124	
16	16
0	3	5	6	8	10	11	12	19	22	27	28	34	36	38	41	
21	18
3	10	11	15	19	21	22	24	25	27	29	32	34	35	36	49	73	77	
22	18
0	3	7	11	21	22	23	25	29	32	34	35	39	40	48	59	66	82	
18	16
3	4	5	10	11	12	19	20	28	35	36	38	39	41	46	49	
20	17
5	6	11	12	19	20	22	25	26	28	32	36	38	40	49	53	82	
22	19
0	4	5	7	12	19	22	25	26	28	31	32	34	38	40	41	53	59	61	
20	15
0	3	4	5	13	22	25	26	27	29	31	48	73	77	124	
20	18
0	4	5	6	11	12	19	22	23	24	26	28	34	38	40	42	49	82	
18	16
3	4	5	11	12	13	15	19	28	30	33	38	40	42	49	73	
18	18
3	6	8	10	14	19	20	21	22	26	28	30	32	34	35	36	38	40	
20	17
0	5	11	12	19	20	26	28	30	31	32	38	40	42	48	53	89	
22	18
0	3	6	15	21	22	26	28	30	34	35	38	39	42	48	61	77	82	
18	16
5	6	7	11	12	15	19	21	22	28	31	36	38	39	49	82	
16	15
3	5	6	11	12	15	19	21	22	26	28	36	38	40	49	
18	16
0	3	4	5	11	13	15	22	23	28	35	36	38	40	50	77	
18	17
0	3	5	19	21	22	25	26	28	30	34	36	38	39	40	42	66	
20	17
0	5	6	8	15	19	21	22	23	26	29	31	34	42	52	66	82	
21	18
0	3	5	6	13	15	19	22	23	27	28	30	31	38	42	49	66	69	
20	18
0	3	5	6	19	20	21	22	26	28	29	34	35	36	38	40	50	89	
24	19
3	8	10	11	12	15	19	21	22	30	34	36	38	40	42	49	78	82	124	
22	17
3	4	7	11	18	19	22	28	29	30	32	34	38	49	61	77	124	
22	18
3	5	8	11	12	14	16	18	19	22	35	38	39	41	49	59	61	66	
19	17
5	6	11	16	21	23	28	30	31	34	35	36	38	39	41	77	82	
24	18
3	4	5	7	10	11	16	22	23	28	30	36	39	59	61	70	82	124	
23	16
3	5	11	12	13	19	22	30	35	38	48	49	73	77	79	124	
20	18
0	5	11	19	21	22	24	26	28	29	30	32	34	38	39	42	66	78	
19	17
3	4	5	6	7	12	19	21	22	27	28	29	36	38	40	49	82	
20	18
0	3	4	5	9	11	16	22	25	28	29	31	32	33	35	36	48	61	
21	18
3	5	6	10	13	15	19	21	22	28	30	31	34	38	42	48	70	82	
21	18
0	3	4	5	8	18	21	22	24	26	32	33	34	35	38	39	73	124	
21	17
0	3	5	7	8	28	30	31	32	34	38	40	42	48	50	59	82	
24	18
0	3	4	6	18	22	28	31	32	36	38	40	49	61	66	73	82	89	
24	19
0	3	10	11	13	15	22	28	30	32	34	35	38	40	48	52	61	77	78	
23	18
4	5	7	11	15	16	22	25	28	30	33	34	38	41	49	66	77	124	
18	15
0	3	5	8	11	19	22	30	34	35	36	38	48	73	82	
16	16
0	3	4	5	11	12	15	19	22	25	27	28	31	34	35	36	
19	16
3	5	6	9	11	15	19	22	28	30	34	36	38	53	77	78	
21	17
0	3	6	10	12	19	22	25	28	30	36	38	42	50	52	66	89	
19	17
0	4	5	6	7	12	15	20	21	28	30	31	34	35	38	48	82	
19	17
3	4	5	11	19	20	21	28	29	30	32	34	38	40	42	49	73	
20	16
3	5	19	21	22	25	28	29	34	35	36	40	53	66	78	82	
21	17
4	5	6	13	21	22	23	28	29	35	36	40	42	59	66	73	82	
23	19
0	3	8	9	11	19	22	23	28	30	31	36	39	40	42	49	66	78	82	
19	16
0	3	5	8	10	16	18	22	26	28	30	35	41	49	66	73	
19	18
3	5	7	11	13	15	19	20	22	24	26	27	28	29	34	38	41	50	
18	16
0	3	5	9	11	15	19	22	25	28	29	35	38	40	49	82	
23	19
6	7	8	12	18	19	21	22	26	29	30	34	35	36	38	39	77	89	124	
20	17
3	5	7	10	11	13	19	21	24	25	29	31	34	35	40	82	124	
19	17
0	5	6	18	21	24	26	27	28	32	34	36	38	40	42	59	82	
20	17
0	3	4	11	22	25	26	27	29	30	31	35	38	41	49	61	82	
18	15
3	5	9	11	13	19	22	28	29	30	32	38	48	73	77	
21	17
3	10	11	15	22	24	26	28	30	31	34	36	38	42	48	50	124	
17	17
0	3	4	5	8	9	10	11	19	22	28	33	35	36	38	40	41	
19	16
0	3	5	10	11	19	22	23	25	28	29	35	38	49	73	77	
22	18
3	5	6	11	22	24	26	27	28	29	34	35	40	42	49	73	78	82	
21	18
3	5	6	11	15	21	22	25	27	28	29	31	35	38	41	50	82	89	
23	17
0	3	5	10	11	15	20	21	28	30	31	38	48	52	79	89	124	
21	16
0	3	5	6	11	12	15	19	22	23	34	61	70	73	82	89	
19	17
0	3	4	5	8	11	13	15	19	22	24	27	29	36	38	46	53	
20	18
3	4	5	9	11	12	14	18	19	25	27	28	31	34	38	39	61	70	
20	16
3	4	6	11	14	16	19	22	25	28	29	36	48	49	52	61	
24	18
4	6	11	12	13	14	19	21	33	34	36	38	39	50	52	77	82	124	
20	17
0	3	4	5	11	15	19	22	27	29	30	34	35	38	50	61	77	
21	18
5	13	15	18	19	26	28	29	30	32	33	36	38	40	41	48	79	89	
19	17
0	4	7	8	9	10	11	15	19	21	22	25	38	39	42	49	61	
20	16
3	6	9	11	19	22	26	28	34	38	39	42	49	50	61	82	
22	16
0	5	6	8	11	12	21	22	31	36	41	61	70	77	82	124	
25	19
5	14	15	20	21	25	28	29	31	32	34	35	38	40	59	61	78	82	124	
23	18
3	5	7	10	11	19	22	26	28	29	32	41	42	49	52	53	61	89	
21	18
4	5	6	10	19	21	24	28	29	30	31	32	36	38	42	66	78	82	
23	19
3	4	6	8	10	11	21	22	24	25	26	28	31	34	38	49	61	66	82	
22	17
4	6	11	12	19	21	26	27	30	32	35	36	38	49	52	77	124	
22	18
0	3	5	6	11	12	14	15	19	25	28	35	36	38	39	66	73	124	
20	17
0	3	5	8	9	11	15	21	27	28	34	35	38	40	59	82	89	
23	18
3	5	8	12	15	18	19	23	25	29	34	35	38	39	59	61	70	124	
21	18
3	4	5	8	11	12	15	22	28	30	32	35	36	40	42	49	61	89	
21	17
0	3	5	7	11	15	19	21	24	26	28	30	35	49	59	82	89	
20	18
0	11	15	16	19	21	22	28	29	34	35	36	38	39	40	41	77	82	
20	16
5	6	11	12	15	19	21	22	28	30	36	38	49	61	78	82	
18	17
0	3	4	5	11	13	15	21	25	26	29	30	35	36	40	41	73	
20	17
0	3	5	9	12	15	16	22	23	26	28	34	35	42	53	73	89	
22	18
0	3	6	11	12	16	24	26	27	28	29	31	34	36	46	48	77	82	
21	17
3	5	6	10	11	15	19	20	22	26	28	30	31	38	59	89	124	
17	15
0	4	5	10	11	16	19	22	30	32	36	38	42	48	82	
21	16
3	4	5	9	10	11	12	18	19	22	30	35	49	61	77	124	
19	17
4	5	6	9	10	11	19	21	22	24	28	30	32	34	35	73	77	
22	17
0	5	15	20	21	29	30	31	36	38	39	40	48	49	59	61	73	
21	18
0	3	4	6	13	18	23	25	28	29	31	35	39	40	42	48	49	79	
17	16
3	5	6	9	11	15	16	19	28	31	32	35	38	39	40	82	
19	17
5	6	8	12	15	18	19	21	26	28	29	30	33	38	40	73	77	
19	17
0	4	5	6	10	13	19	22	24	28	30	35	36	40	41	66	82	
22	17
3	4	10	18	19	22	25	30	31	35	36	39	42	49	50	61	124	
23	18
0	5	6	15	21	27	31	32	34	35	36	38	40	61	66	70	78	89	
21	17
3	5	8	11	21	28	30	31	32	34	35	39	42	48	49	53	61	
22	17
4	6	12	14	18	19	25	28	30	34	38	41	66	70	73	79	89	
19	16
5	6	11	12	15	18	19	21	25	32	34	38	40	49	52	82	
19	17
0	3	4	5	6	8	11	12	19	22	24	32	36	39	42	61	70	
21	18
5	9	10	15	19	21	23	25	29	32	33	35	38	39	40	49	69	78	
21	17
0	5	8	15	18	19	21	22	26	28	34	36	38	59	73	77	82	
21	19
0	6	10	11	12	15	18	19	25	27	29	30	31	34	35	36	41	52	61	
21	17
0	3	4	5	9	12	15	19	25	29	30	36	41	49	59	77	78	
20	18
3	4	5	6	8	12	13	20	21	26	28	29	35	36	38	40	50	69	
22	17
0	4	5	7	12	15	22	25	26	30	38	39	48	61	69	73	82	
25	19
0	4	5	6	8	11	21	22	29	30	31	35	39	40	46	66	70	82	124	
20	17
5	6	8	11	19	20	21	22	27	28	36	38	40	41	61	77	82	
19	17
3	5	6	11	13	18	19	21	26	28	35	38	39	40	42	49	61	
20	17
0	3	4	11	19	21	22	27	28	29	31	35	36	42	48	61	82	
22	18
0	11	12	15	18	21	28	29	32	35	38	40	41	42	49	61	66	89	
20	18
6	9	11	12	15	18	19	22	25	26	28	29	30	32	38	41	61	66	
22	17
0	3	16	21	22	26	28	30	32	36	38	40	61	69	73	77	82	
24	17
4	5	6	7	14	21	28	30	31	39	48	49	52	61	73	77	82	
23	18
3	5	6	11	19	21	22	23	25	26	35	38	39	48	49	61	77	82	
21	17
8	11	18	19	21	22	23	28	30	34	36	38	39	42	49	89	124	
22	18
5	12	15	19	21	22	23	24	28	29	31	32	38	41	61	77	78	82	
21	18
0	3	5	7	8	9	15	16	19	22	29	30	35	38	40	48	49	73	
20	18
0	3	8	10	11	12	13	18	19	21	24	28	35	36	38	42	49	82	
18	16
3	5	8	15	21	22	23	28	29	34	35	36	38	41	70	73	
18	17
3	4	5	6	7	8	11	12	19	20	24	28	31	34	35	42	61	
20	17
3	5	11	16	22	24	25	26	27	28	30	32	35	36	49	73	82	
20	16
0	3	4	5	11	19	21	29	30	31	34	35	70	73	77	82	
22	18
0	3	12	13	14	15	19	22	28	29	31	35	38	40	41	61	77	124	
18	17
3	4	8	11	12	13	15	18	19	21	22	28	29	38	40	41	48	
19	17
3	4	5	6	8	10	11	19	22	28	29	30	35	36	40	53	70	
19	16
3	5	6	12	15	19	22	24	25	28	29	38	40	49	50	73	
25	18
3	5	6	13	18	19	21	23	25	29	32	38	50	61	66	70	73	124	
19	17
0	3	5	8	10	11	12	15	22	25	35	36	38	39	40	70	73	
20	16
0	3	5	15	19	22	25	27	28	30	34	36	38	66	77	124	
21	17
3	5	9	11	15	16	19	22	23	27	28	29	38	48	73	77	82	
23	17
0	6	19	21	22	28	29	30	36	38	39	40	48	49	61	82	124	
16	15
0	4	5	6	11	12	19	25	26	28	30	32	38	40	49	
22	17
3	5	6	9	11	15	22	28	31	36	38	39	41	46	48	61	124	
21	18
0	4	5	6	13	19	21	28	29	31	32	36	38	39	40	49	52	89	
24	18
0	3	4	10	11	19	23	27	30	32	36	38	49	50	61	69	82	89	
20	18
0	3	5	12	13	14	15	18	19	21	22	26	30	31	32	35	82	89	
20	18
0	5	7	8	11	15	16	21	22	23	27	30	34	36	38	39	77	82	
19	17
3	4	5	8	10	12	18	19	21	22	28	29	35	38	39	61	82	
19	17
0	3	10	11	12	15	19	22	28	29	31	33	35	36	38	49	66	
22	18
0	3	5	6	8	13	15	19	22	28	29	34	40	42	49	61	70	73	
19	17
0	4	5	8	10	12	19	25	27	28	30	31	35	38	41	52	61	
18	16
0	3	5	10	11	19	21	22	24	28	29	35	36	38	49	77	
22	18
3	4	5	6	12	13	21	22	26	28	32	38	40	42	49	61	77	82	
21	17
5	11	15	18	19	22	25	26	34	35	36	38	39	49	61	77	82	
24	18
3	6	11	16	21	22	23	29	31	35	38	40	48	49	52	61	78	89	
21	17
0	5	21	22	25	27	29	31	34	35	36	38	40	49	52	73	89	
24	19
3	6	10	11	12	13	14	25	27	29	30	32	33	34	48	49	66	69	70	
18	16
0	3	4	5	10	11	19	22	26	27	30	35	36	39	78	82	
19	15
0	6	10	16	19	21	22	25	30	35	36	49	52	61	89	
17	16
0	3	4	5	6	10	11	12	19	22	26	30	31	34	35	82	
25	17
0	3	5	15	22	25	31	32	39	41	48	52	61	69	70	82	124	
23	20
5	7	12	13	14	15	18	19	22	23	26	28	30	38	39	40	41	48	52	61	
24	18
0	4	10	15	21	26	28	31	32	34	38	40	41	48	59	61	77	124	
21	18
3	4	5	6	11	15	16	19	22	23	26	28	31	38	41	48	59	89	
20	17
0	4	6	12	15	18	21	28	30	36	38	39	40	42	50	61	89	
22	17
0	4	5	10	11	12	21	30	31	32	38	40	41	48	61	89	124	
21	17
0	3	4	5	7	8	11	12	15	28	30	38	40	48	69	73	89	
23	18
0	3	5	7	11	14	18	19	22	27	30	31	39	40	61	69	82	124	
23	19
0	3	4	15	16	22	25	26	28	31	35	36	38	40	42	49	59	61	69	
22	18
0	3	5	8	10	13	19	21	23	25	31	34	35	39	49	61	77	82	
19	16
4	5	6	11	12	19	21	25	28	30	34	38	41	49	52	70	
21	17
3	4	5	8	11	12	13	19	22	26	28	35	36	40	50	82	124	
20	17
4	5	6	8	12	19	21	22	25	26	28	29	31	38	59	70	89	
19	16
0	3	5	6	10	21	22	27	28	31	32	36	38	41	66	124	
18	16
5	6	11	13	14	18	19	21	24	28	30	38	39	40	49	61	
20	17
0	3	4	5	7	8	11	23	30	31	32	38	40	42	48	50	89	
19	17
4	5	6	8	12	15	16	19	20	22	23	26	28	32	41	49	59	
20	17
0	6	13	15	16	19	22	28	29	30	31	36	38	40	48	52	77	
18	17
0	3	6	8	18	19	20	21	23	26	28	34	36	38	40	42	50	
21	16
0	3	5	10	12	22	26	28	30	36	41	48	59	66	78	82	
20	17
3	5	6	11	12	15	18	19	20	22	28	34	36	38	61	78	82	
24	18
0	3	15	18	21	22	28	29	31	32	36	41	49	59	61	73	82	89	
20	17
3	5	8	13	18	19	21	25	28	29	32	35	36	40	42	66	124	
20	17
3	4	6	10	11	22	28	29	30	31	34	35	38	41	70	73	77	
19	17
0	3	4	5	10	11	19	20	22	28	30	32	38	39	40	61	82	
18	16
0	3	5	10	12	19	22	23	30	31	34	35	38	40	50	77	
20	17
0	4	5	6	15	19	21	22	28	34	35	36	38	40	59	82	89	
20	17
3	5	6	7	11	15	19	21	22	25	28	30	35	38	40	48	124	
18	16
0	4	5	6	11	12	15	19	26	28	31	39	40	42	50	78	
22	18
0	3	5	6	15	22	26	27	29	30	34	35	36	38	41	79	89	124	
20	17
5	6	10	11	20	21	26	28	30	33	36	38	39	40	50	52	77	
20	17
0	3	5	8	10	13	19	20	24	30	31	35	40	42	48	49	50	
20	17
0	3	4	5	8	19	21	22	28	30	32	38	39	40	69	73	89	
25	19
0	5	6	10	22	23	30	31	34	38	40	41	42	50	59	66	73	77	82	
19	18
0	3	6	9	10	12	18	19	22	28	29	30	31	34	36	38	40	69	
19	16
3	5	10	12	19	21	22	26	28	29	30	36	38	66	77	82	
19	18
4	5	6	11	12	14	15	19	21	22	24	28	30	34	38	39	40	52	
22	17
0	5	6	8	12	19	21	27	29	30	35	39	40	49	53	66	124	
23	18
3	5	7	11	14	15	21	25	27	28	29	30	34	49	59	61	66	89	
18	15
3	4	5	11	12	18	19	28	29	30	31	35	48	70	82	
19	16
0	3	5	11	15	22	28	32	34	35	38	40	41	48	49	82	
20	17
0	3	5	15	19	22	26	27	30	34	35	38	39	42	52	59	82	
18	16
3	5	8	19	20	22	25	28	29	30	36	38	40	41	73	89	
18	16
0	3	4	5	10	11	19	21	22	24	28	34	35	36	66	82	
21	19
3	4	10	19	20	21	22	28	29	30	32	34	35	36	38	40	42	48	52	
16	16
0	3	4	5	11	15	18	19	22	25	27	29	30	31	34	35	
21	17
0	3	5	6	7	8	10	13	22	26	29	30	32	48	49	52	82	
20	18
0	3	5	6	8	11	16	18	19	21	24	26	29	34	36	41	59	69	
22	17
0	8	11	15	19	21	22	25	34	36	38	42	48	49	52	61	82	
19	17
0	3	6	11	18	19	21	22	28	29	30	35	36	38	39	52	77	
18	16
0	3	5	7	8	11	15	19	22	27	31	35	36	38	49	82	
21	18
0	3	13	19	21	26	27	28	29	31	33	35	36	39	40	59	77	89	
23	17
0	5	11	14	15	19	22	26	28	30	38	42	48	53	82	89	124	
21	17
3	4	6	19	21	22	26	27	28	32	34	38	40	41	49	70	124	
22	16
3	4	6	11	22	28	29	30	34	35	48	49	61	66	70	82	
19	16
3	5	11	13	19	21	25	30	34	36	38	39	41	48	49	73	
19	18
5	9	10	12	18	21	23	25	28	29	30	31	35	38	39	40	42	61	
19	16
4	5	6	11	19	21	22	26	28	30	35	36	38	49	77	82	
21	17
0	3	5	15	20	22	24	25	26	28	29	31	40	48	50	77	82	
21	16
3	4	5	11	15	22	24	25	26	28	29	36	59	61	82	124	
22	18
3	4	6	11	12	19	22	23	25	26	28	32	34	38	40	49	73	124	
22	18
4	6	9	12	20	21	22	23	28	30	32	34	40	41	48	49	61	77	
26	20
3	6	10	11	12	13	18	19	25	26	28	29	35	36	38	50	53	73	79	124	
20	17
0	6	7	8	12	18	19	21	25	28	36	38	40	42	49	52	66	
17	17
0	3	5	6	8	11	12	15	19	22	25	28	29	33	36	38	40	
20	17
3	5	6	11	15	19	22	23	28	30	32	33	36	38	61	73	77	
16	16
0	3	4	5	11	15	19	22	23	27	28	30	34	35	36	38	
23	17
3	4	5	19	21	25	29	30	31	35	38	39	61	73	77	82	124	
21	18
0	3	4	5	12	15	19	20	21	22	26	32	34	38	39	49	70	89	
22	18
0	3	6	8	10	15	18	22	24	28	31	36	38	39	49	66	73	89	
21	17
4	5	6	7	11	12	18	25	28	30	32	38	40	49	73	78	82	
23	18
0	5	8	15	20	22	25	27	29	30	31	36	38	48	49	59	69	82	
21	15
0	3	4	5	8	11	19	22	30	38	48	73	82	89	124	
25	19
3	15	19	22	23	27	29	30	31	35	36	38	40	41	48	49	77	89	124	
21	19
0	3	7	8	9	11	19	22	23	27	28	30	31	35	38	39	42	70	77	
24	19
0	3	6	21	22	23	26	27	29	30	31	33	38	39	40	66	69	77	124	
24	19
3	5	6	7	10	15	18	19	23	26	27	29	31	32	40	50	82	89	124	
19	16
3	4	5	6	11	22	25	26	28	31	35	36	38	49	50	59	
22	17
3	5	11	14	15	19	22	28	33	34	38	40	49	66	69	73	82	
20	19
5	7	11	15	16	22	23	28	29	30	31	33	34	35	36	38	41	42	77	
24	17
5	6	11	19	22	26	28	30	35	39	42	48	50	61	82	89	124	
19	17
5	6	7	8	11	12	19	22	24	28	29	30	38	39	42	59	61	
20	17
4	5	7	10	11	19	22	26	28	30	34	36	38	42	49	66	73	
20	17
0	3	4	5	11	15	20	22	25	30	32	38	40	42	48	49	61	
26	17
0	3	6	13	19	21	22	23	25	34	48	61	66	70	73	82	183	
24	18
0	6	11	13	19	20	21	32	36	38	39	40	41	48	49	73	77	124	
23	17
0	6	15	16	19	21	26	27	31	32	38	49	61	69	73	82	89	
21	16
0	3	5	15	22	28	29	30	35	36	41	42	48	66	82	124	
22	18
3	4	5	6	8	10	11	12	16	19	31	32	34	39	49	61	66	82	
17	15
0	3	5	11	15	19	22	24	27	30	35	38	39	49	61	
20	16
0	3	6	11	18	22	25	26	28	35	38	41	49	50	61	82	
24	18
3	5	6	8	10	12	24	28	29	31	36	39	41	48	61	77	82	124	
24	18
6	8	11	12	13	15	16	28	29	31	35	36	38	52	61	66	77	124	
18	16
0	3	4	5	10	11	12	13	19	24	30	31	34	35	77	82	
19	17
3	5	6	11	14	19	22	27	28	30	32	34	36	38	39	49	70	
23	18
3	4	5	13	15	19	21	24	27	30	32	38	41	49	69	77	82	89	
19	17
0	4	5	19	20	21	22	26	27	28	35	36	38	39	40	49	73	
19	16
0	4	6	16	19	21	22	26	27	28	29	38	40	48	82	89	
19	16
0	4	5	6	8	11	13	19	22	28	30	36	38	61	70	82	
22	20
5	7	11	14	15	20	21	22	24	28	29	30	32	34	38	40	41	42	61	77	
23	18
6	9	10	11	13	19	25	27	28	32	34	35	38	49	50	61	66	78	
19	16
0	3	5	8	11	15	19	22	29	32	34	35	40	73	77	82	
22	19
6	10	11	15	22	23	24	25	26	27	28	29	30	35	38	39	61	66	82	
22	18
5	11	13	18	22	26	27	28	30	35	36	38	40	41	49	50	66	82	
17	16
0	3	4	5	10	11	19	21	22	27	28	31	34	35	38	82	
23	18
4	5	7	11	15	21	22	28	34	36	38	40	42	49	50	52	73	89	
22	18
0	6	7	8	12	13	19	22	23	24	26	31	36	38	49	66	78	82	
22	18
0	4	11	12	14	19	21	22	23	28	31	32	36	38	46	48	77	78	
18	15
0	4	6	10	12	19	21	22	28	36	38	40	50	61	82	
19	17
0	3	5	6	10	15	16	19	21	28	30	31	35	38	40	50	52	
22	17
0	3	5	9	12	15	21	22	26	30	34	38	48	49	61	78	82	
22	17
0	4	5	6	12	19	20	21	28	30	36	38	49	69	70	73	77	
23	18
3	5	6	12	13	15	19	21	26	28	30	36	40	42	48	59	82	124	
20	17
3	5	7	11	18	19	20	21	22	28	29	30	38	40	49	70	82	
23	18
0	3	5	7	19	21	28	31	35	38	39	40	41	49	61	73	77	78	
21	17
3	5	6	10	11	15	22	28	30	32	36	38	39	48	50	77	82	
18	16
0	4	5	11	15	19	22	25	28	30	36	38	40	41	48	73	
23	17
0	13	15	18	19	22	28	30	32	34	38	39	48	52	69	77	124	
24	19
3	4	6	10	12	14	15	22	24	28	30	32	36	38	42	61	66	82	124	
16	15
0	5	6	11	12	19	21	22	28	30	32	36	38	39	59	
18	16
0	6	8	18	19	21	22	28	29	30	36	38	39	40	49	53	
23	17
0	3	4	12	13	15	26	29	30	40	42	49	52	59	66	73	82	
20	18
0	3	7	10	12	15	19	22	24	25	26	30	36	38	41	42	73	82	
21	18
0	3	4	10	15	16	19	22	25	26	28	34	38	40	41	48	49	61	
19	17
0	3	5	10	12	15	19	22	23	25	28	29	36	38	42	73	82	
19	16
0	3	5	11	15	19	21	22	28	34	36	38	42	49	69	82	
20	16
3	4	5	12	19	22	27	29	30	34	36	38	39	48	73	124	
20	19
3	4	8	11	15	19	21	23	26	28	29	30	31	33	36	38	40	42	49	
19	17
0	3	6	8	10	11	12	15	19	21	22	30	32	35	39	49	61	
19	17
0	3	4	5	8	11	12	24	28	31	34	35	38	39	41	73	89	
18	15
0	5	13	19	20	21	22	25	26	30	36	38	46	48	73	
23	19
8	9	11	12	13	15	16	19	26	27	29	33	35	38	40	41	48	89	124	
19	17
0	4	5	11	19	22	25	28	30	31	34	36	38	41	42	59	77	
24	17
0	5	6	11	19	22	26	28	29	30	38	49	53	78	82	89	124	
22	17
0	4	5	11	15	19	22	24	25	26	29	32	38	48	77	82	124	
21	17
0	6	11	15	18	19	21	22	28	31	32	36	38	48	52	61	77	
20	17
0	3	7	9	10	12	13	15	20	21	22	25	34	42	48	66	82	
22	18
3	6	8	10	13	15	19	21	25	30	36	38	39	42	48	70	82	89	
19	18
0	7	11	19	21	22	24	26	28	29	31	34	35	36	38	39	42	77	
25	18
0	3	6	7	12	15	16	22	26	36	38	41	61	66	70	73	77	124	
22	19
3	6	11	12	15	25	26	28	29	30	33	35	36	38	40	42	50	73	82	
22	18
0	3	4	6	11	13	15	18	19	21	23	28	36	38	40	48	82	124	
21	19
3	4	6	7	12	13	15	19	21	22	23	26	28	29	35	38	42	50	59	
24	18
0	3	15	22	30	31	32	34	35	36	38	41	49	66	70	78	82	89	
22	17
0	3	5	6	9	18	21	28	29	31	36	40	42	50	66	82	124	
18	16
4	5	8	11	13	19	21	22	28	29	32	35	36	38	77	78	
21	18
3	5	6	11	12	15	18	19	22	25	28	34	36	38	40	48	61	73	
19	18
3	6	11	20	21	22	23	24	26	28	29	30	31	34	36	38	41	77	
19	16
0	3	4	5	8	11	15	19	22	28	29	38	41	48	59	82	
18	18
0	5	6	10	11	12	19	21	22	27	28	31	32	34	36	38	40	41	
21	17
0	3	5	6	8	9	10	11	12	19	24	34	40	48	59	73	77	
19	16
0	5	11	12	19	20	22	24	28	29	30	38	39	48	49	66	
22	18
0	3	4	5	6	10	11	21	28	31	34	36	38	40	42	48	70	124	
21	18
3	5	11	15	21	22	23	26	28	29	30	34	35	36	38	59	61	66	
18	16
6	9	11	19	21	22	23	27	28	29	32	35	38	41	49	61	
18	16
5	11	13	15	18	19	21	25	28	34	35	36	38	40	49	59	
21	17
3	5	6	12	15	18	19	21	22	26	29	30	32	38	50	59	124	
20	17
0	6	10	11	13	16	21	30	31	32	36	39	40	42	48	61	82	
19	17
5	6	8	13	15	18	19	21	28	29	30	34	35	40	42	49	82	
19	17
0	3	5	13	15	18	19	21	25	26	30	35	38	39	42	46	48	
25	19
6	8	10	19	20	21	25	26	28	29	34	35	36	40	49	50	69	89	124	
21	17
3	5	8	13	22	27	28	29	30	32	35	38	41	49	61	70	73	
23	18
0	6	8	18	19	21	25	33	34	36	38	40	42	46	49	61	66	73	
19	16
0	4	5	6	14	19	21	22	28	34	38	39	40	49	50	78	
20	17
4	5	6	11	13	19	21	28	30	32	36	38	40	41	48	49	52	
18	16
0	3	5	6	10	12	15	19	21	22	28	30	34	38	49	70	
20	17
0	5	11	22	26	28	30	34	35	36	38	39	40	42	48	49	73	
19	17
3	4	5	11	12	15	18	19	22	25	26	28	34	35	39	61	82	
21	18
0	3	6	13	18	19	21	22	23	25	31	35	36	38	40	46	53	66	
19	17
0	6	7	11	15	16	19	25	27	31	35	36	38	39	40	48	70	
23	17
4	8	11	13	19	22	23	26	34	38	39	41	46	48	77	89	124	
22	18
3	4	6	9	13	16	22	26	27	29	35	38	39	40	49	59	66	70	
20	16
0	5	12	15	19	21	22	28	29	36	38	40	49	73	77	78	
22	19
0	3	6	8	9	10	11	12	20	21	26	27	33	35	39	40	49	66	82	
22	18
4	5	6	9	10	12	13	22	28	29	30	34	36	39	40	59	73	124	
19	17
4	5	6	10	12	14	15	21	25	27	28	32	35	38	40	49	78	
20	18
3	6	8	10	11	19	21	22	25	27	28	29	30	36	38	41	66	89	
20	18
3	4	5	11	12	21	24	28	29	30	31	34	35	36	38	41	82	89	
19	17
0	3	4	5	8	11	12	19	28	31	33	35	36	40	41	61	66	
20	17
0	3	4	11	19	22	23	24	25	27	28	31	35	41	48	49	66	
22	16
0	4	6	8	11	15	21	22	25	36	38	48	61	77	82	124	
18	16
4	5	11	19	21	22	28	29	30	35	36	38	40	41	78	82	
23	18
0	3	5	8	12	19	21	26	30	32	34	35	42	52	70	73	77	89	
18	17
0	8	10	18	21	23	25	26	27	28	29	33	36	38	39	40	77	
18	17
0	3	5	7	8	11	15	19	22	28	30	31	34	35	36	38	82	
18	16
0	3	5	11	14	15	19	22	28	29	35	36	38	39	77	82	
19	16
0	3	4	5	10	22	28	30	35	38	40	41	42	48	59	66	
18	16
0	4	5	11	12	15	22	26	28	30	34	38	39	42	48	82	
19	16
0	3	5	19	21	22	25	30	34	35	36	38	41	50	52	73	
21	17
3	5	6	8	11	12	15	19	22	28	31	36	41	49	61	73	82	
22	18
3	5	6	8	14	19	22	23	26	28	29	35	38	39	48	61	73	78	
23	17
0	5	6	9	11	19	20	21	22	25	29	34	38	48	78	82	183	
22	19
5	6	12	15	18	21	22	23	25	26	28	29	32	35	38	42	50	59	77	
19	18
3	4	5	6	11	14	15	22	24	25	26	28	30	32	34	38	41	82	
20	15
0	3	6	18	19	22	28	29	36	38	48	52	66	73	77	
18	17
0	4	5	6	11	12	19	20	22	23	28	29	30	32	34	38	49	
20	17
0	4	5	6	19	21	22	25	26	28	30	34	35	38	49	82	89	
20	16
3	5	6	8	19	20	22	25	28	29	38	40	49	59	73	82	
20	16
0	5	6	10	12	16	19	21	26	28	30	40	49	52	53	73	
20	17
0	3	6	8	10	13	19	21	22	24	30	34	36	38	48	73	82	
22	18
3	6	11	15	19	20	22	24	25	29	30	34	35	38	48	59	78	89	
18	18
0	3	5	6	7	15	16	21	25	26	28	30	31	34	35	38	40	42	
18	16
4	5	10	11	19	21	22	25	28	29	32	35	36	38	49	79	
21	17
3	4	5	11	12	14	15	24	28	36	38	40	41	49	50	77	89	
20	18
3	5	11	12	15	19	21	22	25	26	27	28	29	30	36	38	59	82	
18	16
0	4	5	11	12	19	24	25	30	32	34	36	38	40	48	73	
23	17
0	3	4	5	6	11	28	31	34	35	36	38	48	52	66	77	124	
20	17
0	3	4	5	6	12	16	19	22	26	28	31	38	39	49	82	89	
21	18
3	5	6	8	12	15	21	26	27	28	30	34	35	36	38	40	48	124	
17	16
0	4	5	6	10	11	12	19	21	22	30	34	35	36	38	82	
21	18
3	5	6	11	15	18	19	21	28	29	35	36	38	39	41	59	70	82	
21	17
3	4	6	12	19	21	26	28	29	31	35	38	40	41	52	61	124	
20	16
4	5	11	15	22	24	25	30	33	34	36	38	41	48	49	124	
20	18
3	5	6	8	9	11	13	15	22	25	28	29	35	36	38	40	41	124	
21	17
0	3	4	5	8	13	19	21	28	31	34	35	39	61	70	73	82	
20	18
0	3	4	5	11	18	19	21	22	28	29	32	35	38	40	41	73	82	
23	17
4	5	6	14	19	20	21	28	31	34	38	49	50	66	73	77	82	
20	18
0	3	4	5	8	15	19	21	22	27	28	29	30	35	36	38	49	77	
18	16
0	4	5	6	11	19	22	25	28	30	35	36	38	41	61	82	
21	18
4	6	15	16	18	21	23	24	25	28	31	32	38	41	42	59	77	89	
17	15
0	3	4	5	11	14	16	19	22	25	26	28	31	46	82	
19	16
3	5	6	9	11	12	19	22	28	30	36	38	41	49	61	82	
20	18
0	3	5	11	13	15	16	19	25	27	28	30	32	34	35	38	48	89	
22	18
3	7	11	15	22	23	25	27	28	29	31	32	35	40	48	49	59	73	
20	17
4	6	11	15	18	22	23	28	30	32	35	36	38	42	48	61	77	
18	15
5	6	11	15	19	20	21	25	26	28	29	40	49	52	82	
19	17
3	5	10	12	15	19	22	28	29	30	34	36	38	40	41	48	73	
20	17
0	4	5	10	11	16	19	21	22	26	35	38	39	41	48	49	77	
23	19
5	6	8	11	12	16	25	26	29	31	33	34	35	38	40	41	73	82	124	
19	16
5	11	12	15	19	22	28	31	34	36	38	41	42	49	70	82	
24	18
0	3	6	8	11	19	21	22	28	29	35	36	38	48	61	77	89	124	
23	18
0	3	4	5	6	7	12	28	30	36	38	40	41	49	50	59	77	89	
24	17
4	5	6	8	21	22	28	30	35	38	41	49	50	52	66	73	124	
20	17
0	3	6	7	15	19	21	22	25	28	34	36	38	40	48	49	61	
23	19
0	3	4	6	10	12	15	19	25	29	30	31	35	36	38	42	61	82	124	
24	19
0	4	5	6	11	13	19	21	25	26	28	30	35	38	40	48	52	89	124	
18	16
0	3	5	6	11	12	19	20	22	28	34	36	38	40	49	82	
22	18
0	3	6	15	19	20	21	22	28	29	30	35	38	39	48	53	59	82	
20	17
0	3	10	11	12	14	18	19	22	24	28	33	35	38	61	70	77	
21	17
0	3	4	5	11	15	18	25	26	27	28	29	39	48	59	70	89	
21	17
0	15	19	21	22	25	28	29	34	36	38	40	42	48	52	78	82	
19	16
0	4	5	7	8	12	19	21	22	28	35	36	38	40	82	124	
20	17
0	3	5	11	15	19	22	24	28	29	32	36	38	40	48	77	82	
18	17
0	3	5	6	8	11	19	20	22	28	29	34	36	38	40	42	50	
24	18
3	5	11	15	22	28	31	32	35	36	39	40	49	50	59	69	82	89	
21	17
0	3	5	6	15	16	19	21	26	28	30	31	38	48	52	69	89	
21	17
0	4	5	18	19	21	22	24	26	28	30	31	38	39	77	89	124	
19	16
0	3	4	5	11	19	21	22	26	28	35	38	39	49	77	78	
20	18
3	5	10	12	13	16	19	21	22	26	27	28	29	31	34	41	53	77	
18	17
5	8	12	13	15	19	21	22	25	28	29	30	36	38	40	42	52	
20	18
5	6	13	20	21	22	26	27	28	29	30	32	34	35	38	40	59	78	
22	18
0	3	4	11	16	19	21	22	25	27	28	29	35	36	42	48	82	124	
22	18
0	3	4	5	6	11	15	16	26	31	35	39	40	41	48	49	50	59	
19	17
3	4	6	11	18	19	20	21	22	28	29	31	34	36	38	61	77	
17	16
0	4	5	11	15	19	21	22	28	31	32	35	36	38	39	77	
22	19
3	4	12	13	15	18	21	22	27	28	30	32	34	35	38	39	41	59	124	
19	18
0	3	4	5	6	12	19	21	22	28	30	34	36	38	40	41	42	66	
18	17
3	4	5	6	7	10	11	13	19	22	28	30	32	36	38	40	50	
22	17
0	3	5	6	8	10	12	15	28	29	30	35	41	46	61	82	124	
20	16
3	5	7	13	16	22	26	28	35	36	38	39	49	59	61	73	
23	20
4	6	8	14	15	19	21	22	28	29	30	31	32	34	35	40	41	48	49	89	
17	17
0	3	4	5	10	11	12	16	19	21	22	26	28	30	34	35	36	
19	17
3	4	5	6	8	11	13	19	21	25	26	28	30	35	39	49	82	
21	17
0	3	5	9	11	15	19	21	25	28	31	35	38	53	66	70	73	
26	18
3	7	18	19	22	29	32	34	35	38	48	49	61	69	73	77	78	82	
18	17
0	5	6	8	9	10	19	21	26	28	35	36	38	39	40	41	77	
20	17
4	5	6	11	12	15	21	22	28	30	32	36	38	41	61	82	89	
24	19
0	3	4	6	19	22	28	29	34	35	38	39	40	41	48	49	50	78	89	
20	17
3	4	6	10	13	14	15	22	24	25	26	28	29	31	66	73	82	
24	17
3	4	6	13	15	21	28	31	34	38	40	49	50	61	70	73	124	
21	18
4	5	6	11	15	21	24	26	28	29	31	34	39	40	42	49	77	82	
21	18
4	5	7	12	19	22	25	26	28	29	30	31	36	38	42	61	82	89	
18	17
0	3	4	16	19	21	22	26	28	29	32	34	35	36	38	40	70	
20	17
0	3	5	11	12	25	26	28	29	31	35	38	39	40	49	61	82	
20	17
0	4	5	6	11	15	21	22	25	28	30	32	36	38	41	69	124	
21	18
0	5	6	7	12	18	19	21	22	25	26	28	30	32	42	53	59	89	
21	18
4	5	6	8	11	12	15	21	22	24	28	29	30	35	39	66	73	82	
19	17
0	3	4	5	10	11	15	19	21	24	26	28	30	34	35	48	89	
21	18
3	4	6	8	11	12	15	19	22	23	25	26	28	31	40	49	50	78	
23	18
3	4	5	6	8	21	28	29	30	31	36	38	40	48	50	69	73	82	
20	17
0	3	5	6	12	15	19	21	28	29	30	35	38	40	59	78	89	
18	16
0	3	4	5	7	12	19	21	22	28	30	35	36	38	40	124	
22	17
3	4	5	6	19	22	26	28	29	34	35	38	49	66	73	77	78	
21	17
4	5	6	11	12	13	14	19	22	25	27	30	31	38	73	77	124	
17	17
0	3	4	5	6	10	11	19	21	22	25	28	31	34	35	36	39	
19	16
0	3	4	5	11	19	20	22	28	29	30	34	36	38	49	124	
23	18
0	3	6	10	19	21	22	23	28	30	34	38	42	49	61	70	77	82	
24	18
3	5	6	8	9	12	18	19	22	29	31	33	36	50	78	82	89	124	
17	16
0	5	6	7	8	11	22	25	30	31	34	35	36	38	39	48	
22	18
0	3	5	11	13	19	21	25	30	32	34	36	38	39	48	66	69	70	
20	17
5	11	15	19	21	22	26	28	30	36	38	39	40	42	49	73	82	
19	17
0	3	4	5	7	9	15	16	19	21	22	26	28	35	38	49	82	
19	18
3	4	5	7	9	10	11	12	15	19	21	24	26	28	30	34	39	78	
19	17
0	3	11	15	22	26	28	30	31	32	34	35	38	39	41	61	66	
21	18
0	3	5	6	10	15	19	21	22	27	28	30	35	38	41	49	66	73	
23	18
0	3	8	11	15	19	21	22	29	33	34	38	41	48	50	61	82	89	
21	16
0	3	4	6	8	11	19	21	22	25	29	38	48	77	82	124	
23	19
0	3	4	5	8	11	15	20	21	23	28	31	36	38	41	59	61	77	78	
18	17
0	5	6	11	12	19	21	25	28	29	31	33	36	38	39	40	73	
22	18
0	4	14	18	19	21	22	24	28	30	31	38	39	40	42	59	77	124	
24	18
3	4	15	19	22	25	32	34	35	36	38	39	42	50	52	66	70	124	
22	18
0	3	6	7	11	15	18	22	25	27	29	31	35	36	49	59	61	89	
24	17
3	4	6	8	12	16	19	22	24	38	39	50	52	61	77	82	124	
23	17
3	4	6	8	12	15	16	22	23	25	28	38	48	49	70	77	124	
18	16
3	5	6	7	9	15	19	21	25	28	38	39	40	42	49	59	
19	17
0	3	4	5	10	11	15	19	21	28	31	34	38	40	42	48	82	
18	16
0	3	4	5	6	11	22	25	28	29	31	35	36	38	48	59	
19	17
5	7	10	12	15	18	19	22	28	30	31	36	38	40	42	49	82	
22	18
5	6	10	11	13	15	22	26	28	29	30	34	35	39	49	52	59	70	
18	17
0	3	7	8	13	18	19	21	22	25	35	36	38	39	40	41	66	
19	17
0	3	5	6	7	9	21	22	25	26	28	31	35	38	40	50	82	
18	16
5	10	11	18	19	20	22	26	28	29	30	34	36	38	48	73	
20	17
0	3	5	8	11	13	15	19	22	25	28	30	35	38	48	49	61	
19	17
3	8	14	15	19	20	21	26	27	28	34	35	36	38	39	49	82	
18	16
0	3	4	5	6	11	19	22	28	29	30	32	38	41	61	77	
21	17
3	6	8	10	13	14	22	28	29	34	36	38	40	50	52	59	82	
21	17
0	5	11	14	15	21	22	28	31	34	36	38	39	40	48	82	124	
22	18
4	6	19	21	22	24	27	28	29	36	38	40	41	42	53	70	73	82	
21	17
4	11	12	15	19	21	27	28	29	30	34	38	41	48	78	82	89	
19	15
0	3	4	7	8	11	19	22	25	30	38	42	48	69	124	
20	18
0	3	5	11	15	19	20	22	25	28	30	32	33	36	38	40	66	82	
22	18
0	5	6	12	14	20	21	25	28	31	34	38	40	41	48	49	50	52	
21	17
5	6	11	12	19	22	28	30	32	36	38	41	42	49	61	73	79	
20	17
5	10	11	13	19	21	22	26	29	30	34	35	38	39	48	78	89	
23	17
3	4	5	8	19	22	29	31	33	34	35	38	49	73	77	82	124	
20	17
3	4	6	8	9	15	18	22	26	28	29	30	32	34	38	48	124	
19	15
0	4	5	6	8	10	21	22	24	26	31	41	52	82	124	
20	16
0	3	4	5	6	10	11	12	19	20	30	35	39	61	82	124	
20	17
4	6	15	21	22	26	28	29	30	32	34	35	40	42	52	61	77	
24	18
0	3	5	7	12	18	21	22	28	32	34	35	40	50	59	82	89	124	
20	16
0	4	5	6	8	11	13	19	22	28	36	38	61	70	77	82	
21	18
0	4	5	7	12	13	19	22	28	29	30	32	34	38	40	46	49	78	
22	17
0	4	9	14	19	21	22	25	28	31	34	38	40	73	77	79	124	
24	19
0	3	5	9	10	11	12	15	19	21	26	30	34	42	48	53	73	79	89	
21	18
0	4	5	6	8	9	19	21	22	30	34	38	39	40	42	48	73	82	
19	17
3	5	6	7	8	18	19	22	28	29	30	32	34	36	38	61	73	
21	19
0	3	4	8	11	13	19	21	24	26	28	31	34	35	38	39	42	70	89	
23	19
0	3	5	6	11	19	21	22	27	28	35	39	40	41	42	48	73	77	82	
18	16
0	5	15	19	21	22	26	28	29	31	35	38	39	40	77	82	
21	19
0	3	11	15	18	19	22	23	25	30	31	32	34	35	36	38	40	77	78	
19	17
3	4	5	8	12	15	21	26	28	29	31	33	36	38	40	48	50	
19	16
3	5	8	11	15	19	21	22	23	28	30	34	38	49	70	77	
23	18
0	4	6	8	9	19	20	22	23	24	30	32	36	40	49	52	61	124	
21	18
3	5	9	10	15	16	23	25	26	28	31	32	35	38	39	48	66	73	
21	18
6	10	19	21	22	26	28	29	31	32	34	35	38	39	42	69	70	77	
20	17
3	5	6	11	15	16	19	26	28	31	32	34	38	40	49	61	70	
19	16
6	11	14	15	18	19	21	22	24	28	34	38	40	49	61	82	
19	18
0	3	4	9	11	15	19	22	26	28	29	31	32	35	36	38	40	46	
22	17
0	4	6	19	21	22	25	28	29	30	35	36	48	49	52	82	89	
20	17
4	5	6	10	12	13	19	22	26	28	29	30	38	42	66	73	82	
20	18
0	4	6	8	10	11	12	13	15	21	22	31	33	34	39	41	48	49	
24	18
3	5	7	8	13	15	21	28	29	31	34	38	40	48	59	77	82	124	
19	16
0	3	4	5	8	11	12	15	19	21	22	25	38	46	49	73	
18	17
0	3	4	5	8	11	13	19	22	30	31	33	34	35	39	40	52	
22	18
7	11	13	16	19	23	27	28	29	31	32	36	38	39	49	70	77	82	
22	18
0	5	6	11	16	19	20	21	28	30	35	36	39	41	66	77	78	82	
17	15
3	5	6	7	11	19	20	22	28	29	30	36	38	40	124	
19	17
0	3	4	6	8	19	21	22	24	26	28	29	32	34	38	50	82	
22	18
3	5	8	11	13	15	22	26	28	29	34	35	36	38	48	61	70	82	
22	17
3	5	7	11	14	15	19	22	28	34	38	40	49	52	61	69	82	
17	16
0	3	5	11	19	21	24	25	27	29	31	35	36	38	39	77	
25	19
0	3	11	18	19	21	22	23	26	35	36	38	39	42	61	66	70	73	124	
19	18
0	3	5	7	10	11	21	22	26	28	29	31	34	35	36	38	41	66	
21	18
0	4	5	7	10	12	21	22	28	30	31	34	38	40	42	50	73	89	
21	17
0	5	6	11	12	15	19	21	22	31	32	36	42	49	52	61	82	
22	17
3	4	5	15	18	20	21	28	34	35	36	38	40	49	50	82	124	
20	18
3	5	8	9	10	11	15	21	25	26	28	32	35	38	40	42	49	66	
19	17
0	3	5	11	14	15	19	22	28	29	31	34	35	36	42	48	82	
22	18
4	5	6	8	11	15	18	19	22	23	24	28	30	32	34	35	69	183	
18	16
3	5	11	15	16	18	19	22	24	25	28	35	38	40	49	82	
22	18
0	3	4	5	6	19	22	28	29	36	38	39	40	42	46	50	59	61	
18	16
0	4	5	8	11	15	19	21	22	28	29	36	38	41	73	77	
20	18
0	6	19	21	22	23	25	26	28	30	34	36	38	39	40	42	77	82	
21	17
3	4	5	10	13	19	21	25	28	30	32	38	40	41	48	49	124	
21	17
0	5	6	12	13	15	19	21	22	25	26	35	40	49	77	78	82	
20	16
6	12	14	19	21	22	28	29	30	33	38	39	61	70	77	89	
21	17
0	3	4	5	6	11	12	19	25	28	30	38	39	48	49	61	77	
21	17
3	5	6	11	19	21	22	28	29	30	34	35	40	48	61	73	82	
21	19
3	4	9	12	16	18	19	20	21	24	25	27	31	32	34	39	41	49	61	
20	18
0	3	5	8	10	12	13	16	19	21	22	28	35	36	40	41	53	70	
20	18
0	3	4	5	6	8	11	19	20	22	23	27	33	34	38	41	61	89	
18	17
0	3	4	5	6	7	10	12	19	24	27	28	30	38	40	41	49	
22	18
0	4	6	11	15	19	22	25	26	28	29	30	35	36	49	61	66	82	
18	16
0	3	4	5	12	16	19	20	22	28	30	34	36	38	49	73	
18	16
0	4	5	6	12	19	20	21	24	26	28	36	38	41	49	82	
18	15
0	3	4	5	11	15	19	22	30	32	38	39	46	48	77	
22	19
5	6	7	8	18	19	21	22	24	28	29	31	34	35	36	39	49	52	82	
17	15
0	6	8	11	18	19	21	22	28	34	36	38	40	66	82	
17	16
0	4	5	6	10	11	12	19	22	26	28	31	32	36	42	77	
20	16
0	3	5	12	16	19	21	22	28	29	35	38	40	73	82	124	
20	18
0	5	6	10	11	15	19	22	26	28	30	31	32	36	38	40	49	78	
22	18
3	9	11	13	15	19	22	28	31	32	35	36	38	41	49	52	61	77	
21	17
3	9	11	12	14	15	16	23	25	27	29	32	40	48	49	66	82	
20	17
0	5	6	11	13	19	22	29	30	32	34	35	36	40	53	73	82	
22	18
0	3	6	7	8	19	21	22	25	27	29	33	38	39	50	59	70	89	
20	17
0	3	5	6	16	19	21	22	25	27	34	35	36	40	50	66	89	
20	15
5	6	11	12	16	18	19	21	28	40	49	61	66	70	82	
20	17
0	5	6	18	19	21	22	28	34	36	38	39	40	42	66	77	82	
23	18
0	3	4	5	11	19	21	22	28	29	31	35	36	49	53	77	82	89	
19	16
4	5	6	10	12	13	28	29	31	34	35	38	40	70	73	77	
21	17
0	5	8	12	21	30	31	34	35	36	38	39	40	48	49	50	53	
20	18
0	5	8	10	12	15	19	21	22	26	28	30	36	38	40	41	59	73	
22	16
0	3	5	7	8	11	22	24	30	31	35	48	50	82	89	124	
20	16
0	4	5	11	15	19	21	22	25	28	32	38	48	66	70	77	
25	19
0	4	6	8	19	20	21	29	30	31	33	38	41	48	66	69	79	82	89	
23	18
0	6	13	19	21	24	27	29	30	34	38	39	40	48	69	73	78	89	
21	17
3	4	5	8	11	19	21	22	25	27	36	38	40	49	66	73	77	
21	19
0	5	11	12	15	22	24	26	27	28	30	32	34	38	39	40	42	59	82	
18	15
3	5	11	15	18	19	22	25	30	34	35	39	49	70	82	
19	17
0	4	5	10	15	21	22	26	28	32	34	35	38	40	42	48	49	
22	18
0	4	6	10	12	21	23	26	27	28	29	31	39	40	49	52	73	89	
21	18
0	5	6	8	11	12	14	19	28	29	31	32	35	41	42	49	66	82	
19	16
3	5	6	10	11	15	16	22	26	34	35	36	38	48	49	73	
18	17
0	4	5	11	15	19	21	22	24	28	34	36	38	39	40	42	82	
21	16
0	5	19	21	22	26	29	30	34	36	38	59	73	77	78	89	
19	17
0	3	8	9	11	13	19	22	23	26	28	32	36	38	39	73	79	
22	17
0	4	6	9	10	11	15	21	25	26	28	34	38	48	73	89	124	
18	17
0	3	4	6	10	11	19	22	24	25	28	30	31	34	35	36	48	
18	17
3	5	10	11	13	19	20	21	25	28	29	31	32	34	35	36	82	
17	16
4	5	6	11	19	20	22	25	28	30	34	35	36	38	41	77	
22	18
0	5	10	11	12	15	21	22	26	28	29	38	39	40	49	52	77	82	
21	18
0	3	7	11	12	16	19	25	30	31	34	36	38	39	42	61	73	78	
20	16
3	5	7	8	11	13	16	18	22	35	36	38	39	46	50	124	
20	17
0	3	5	10	11	14	19	21	22	26	29	31	35	36	70	82	89	
22	18
0	4	7	13	15	21	23	25	26	27	30	35	36	38	42	48	77	124	
22	17
3	4	5	11	12	15	19	29	30	32	38	39	40	48	77	89	124	
20	17
0	5	8	10	11	12	19	30	31	32	34	36	38	42	48	69	82	
18	16
0	5	15	21	22	23	26	28	30	34	35	36	38	39	48	70	
21	17
6	7	12	14	16	18	19	26	28	30	34	40	42	52	59	61	77	
22	18
0	5	6	11	14	19	21	22	25	26	27	28	38	39	50	61	70	77	
18	16
3	5	6	11	15	19	21	22	26	28	29	36	38	42	49	77	
16	15
0	4	5	11	19	21	22	28	29	31	35	36	38	39	77	
20	16
0	3	4	5	11	21	22	28	29	31	35	36	48	66	77	82	
20	17
3	4	5	6	9	11	19	22	23	26	28	36	39	40	42	70	124	
22	18
3	5	6	19	22	25	28	29	31	34	35	36	40	41	48	50	59	82	
21	18
0	3	5	15	20	21	22	26	28	29	32	34	39	40	42	52	69	73	
21	19
0	5	9	10	11	12	15	19	22	24	26	29	36	38	39	40	42	77	82	
20	17
4	10	12	18	19	20	21	22	28	29	30	38	41	42	73	77	89	
20	18
0	3	5	7	10	18	19	20	22	28	31	34	35	38	40	42	59	82	
21	17
0	3	5	12	15	18	19	28	29	31	32	38	40	48	52	78	79	
18	17
0	4	5	11	12	22	25	26	27	29	30	31	35	38	39	41	82	
18	15
0	3	5	6	9	11	12	19	22	28	36	38	77	78	82	
22	18
5	6	8	11	15	21	22	24	26	28	29	34	35	42	49	59	69	73	
21	17
0	3	4	5	12	19	22	28	30	34	35	36	38	40	66	77	124	
21	18
5	7	11	12	13	19	22	24	28	29	32	35	38	40	42	49	53	66	
21	18
3	5	7	11	18	19	21	24	27	28	29	31	38	40	42	59	61	77	
24	18
3	5	6	8	11	19	21	22	25	28	31	34	38	48	49	50	70	124	
19	15
0	3	5	6	15	19	22	25	28	34	36	38	66	70	124	
17	16
0	3	5	8	10	11	13	15	19	22	27	28	34	36	38	77	
21	17
0	4	6	10	15	20	21	22	28	30	34	35	38	48	61	66	82	
20	17
0	6	7	9	11	19	21	22	25	28	35	36	38	41	49	52	61	
18	17
4	5	9	10	12	15	16	19	21	22	25	26	29	30	34	38	49	
15	14
0	3	5	10	11	15	19	22	24	27	30	34	35	82	
19	17
0	4	5	11	19	21	25	27	28	29	30	31	32	38	42	48	66	
20	16
0	3	4	5	10	19	21	25	30	31	33	38	66	77	78	82	
21	18
0	3	6	11	19	21	22	26	27	28	35	36	38	39	40	49	53	61	
21	17
0	3	4	5	7	11	12	21	22	23	31	35	41	48	50	77	82	
20	17
3	10	11	18	19	25	27	28	31	32	34	36	39	42	49	61	73	
21	16
0	4	6	13	19	21	22	29	30	36	40	48	61	70	73	82	
22	16
0	5	6	8	11	12	19	30	31	36	38	49	50	78	82	124	
23	18
4	6	19	20	21	22	26	28	29	35	36	38	41	48	49	59	73	82	
18	15
3	5	11	15	19	21	28	30	35	38	39	40	49	59	73	
22	16
3	4	5	11	19	22	27	28	36	38	48	50	59	66	78	82	
22	17
0	5	22	27	28	29	30	35	36	38	40	42	49	50	52	73	77	
25	18
3	5	6	15	19	22	23	29	32	34	40	49	52	61	69	73	77	79	
21	17
0	3	4	5	6	11	13	18	26	29	30	32	33	52	59	61	77	
19	18
0	3	4	6	8	11	12	18	19	21	22	28	32	34	38	40	41	49	
20	17
3	5	11	15	19	21	22	24	25	26	29	30	35	38	48	61	89	
21	18
3	4	5	11	12	19	20	23	25	30	31	33	34	36	39	52	77	89	
21	17
6	9	11	19	21	22	23	27	28	29	30	32	41	48	49	61	77	
23	18
0	3	5	8	10	13	14	19	21	28	35	36	38	41	46	53	70	124	
23	17
0	3	6	10	16	22	24	28	30	31	34	38	59	73	77	82	124	
19	16
4	6	7	8	11	13	19	21	22	26	28	29	41	49	59	82	
18	16
5	6	7	11	13	19	20	21	22	28	29	36	38	40	52	82	
19	17
0	3	5	11	19	20	21	22	28	29	30	32	35	38	39	59	66	
20	16
5	6	8	9	11	12	19	28	34	36	40	42	48	69	70	82	
21	17
0	3	4	5	7	11	12	20	21	22	31	35	41	48	61	66	82	
20	17
0	3	4	5	8	13	15	21	22	25	26	28	36	38	40	77	124	
22	17
3	4	5	6	12	13	16	22	24	27	32	38	48	49	61	77	82	
22	17
0	5	11	14	18	21	28	31	36	38	39	40	50	53	73	77	82	
18	17
0	8	10	11	19	20	21	22	25	27	28	31	32	36	38	39	82	
22	18
0	3	5	19	22	28	30	32	34	36	38	39	41	42	50	61	69	73	
22	18
0	3	6	7	9	22	25	26	28	31	34	35	38	40	48	59	70	77	
20	17
0	3	4	5	11	19	22	23	24	26	28	30	32	35	39	66	124	
21	16
4	6	12	15	21	22	26	28	29	38	39	52	53	59	77	82	
21	18
3	4	5	8	11	13	22	24	26	28	29	34	35	39	41	48	49	78	
21	17
3	6	8	10	18	22	25	28	29	36	38	39	40	59	61	73	82	
23	17
0	3	4	7	10	11	18	25	34	35	39	42	48	49	61	70	124	
16	15
0	4	5	6	7	12	19	21	22	28	29	36	38	40	82	
21	17
0	4	6	10	11	13	18	19	24	25	27	34	38	48	66	73	77	
19	17
3	5	7	8	11	14	21	22	28	29	30	31	35	36	40	59	66	
22	19
3	9	11	12	13	19	22	25	27	28	29	32	36	38	39	42	59	73	82	
18	16
0	4	5	6	11	19	22	26	28	30	34	36	38	42	48	82	
22	18
5	6	9	11	12	16	20	22	26	31	35	36	38	39	40	48	50	124	
20	17
0	3	4	5	12	19	20	22	29	30	34	35	38	40	61	73	89	
20	17
0	4	6	11	15	19	21	22	26	29	31	35	38	41	52	77	82	
21	17
4	6	11	15	18	19	22	25	28	34	35	36	39	49	61	66	82	
20	18
4	5	8	11	12	15	21	22	23	24	28	31	34	35	38	39	70	82	
21	18
4	5	6	10	11	12	15	22	24	25	26	28	29	30	31	66	82	89	
22	17
3	4	5	6	8	11	13	14	18	21	38	40	49	50	77	78	82	
19	17
0	3	5	11	15	19	21	22	23	27	28	30	35	39	41	59	82	
23	18
5	11	19	21	26	28	29	30	32	34	38	40	42	46	53	61	78	82	
20	17
0	5	11	15	16	19	21	25	28	31	34	35	36	38	49	69	73	
19	18
3	4	5	8	9	11	12	15	18	19	25	27	28	29	31	34	36	61	
23	18
3	5	13	15	22	28	29	31	34	36	38	40	42	48	52	61	78	89	
22	17
3	10	11	14	19	25	29	30	32	35	36	38	42	61	66	89	124	
23	17
0	3	4	6	16	19	21	28	29	30	38	40	46	48	70	77	124	
18	16
4	6	8	9	11	19	21	22	28	30	32	36	38	41	53	77	
18	17
0	3	10	11	18	19	21	24	28	30	34	36	38	40	41	42	61	
20	17
3	4	5	6	10	19	22	28	29	30	32	36	38	42	53	73	82	
20	19
3	4	8	10	15	19	21	22	28	29	30	31	33	35	39	40	41	42	49	
22	18
3	4	9	11	19	22	24	28	29	30	32	35	40	41	48	49	61	78	
17	16
0	5	10	11	12	13	19	22	25	28	30	34	36	38	41	59	
17	16
3	5	7	11	15	20	22	28	30	32	34	35	38	39	41	73	
21	17
3	5	12	18	21	23	25	28	31	34	35	38	39	48	61	73	77	
22	17
3	5	6	10	16	22	27	29	30	31	34	38	40	48	66	73	124	
19	17
5	6	11	13	18	19	21	28	29	30	34	35	38	39	40	49	52	
17	16
0	3	5	8	10	11	15	18	19	21	24	28	34	36	38	77	
20	18
0	3	4	5	13	15	19	22	25	26	28	29	30	35	36	42	46	50	
20	18
3	4	5	6	20	22	23	25	27	28	29	35	36	38	40	41	49	77	
18	17
0	3	5	8	10	11	14	19	22	25	29	30	34	35	36	42	82	
23	17
0	3	6	10	11	12	15	19	25	30	35	38	49	61	77	82	124	
18	16
4	6	10	11	18	19	21	22	25	28	29	31	35	36	49	61	
20	16
0	5	6	19	21	22	23	29	30	36	38	39	40	48	73	124	
22	18
0	3	4	6	11	19	21	22	28	29	30	34	38	39	48	61	77	89	
22	18
0	3	5	6	8	15	19	22	27	29	30	33	36	38	40	49	50	124	
20	17
3	11	15	18	19	22	25	28	29	30	36	38	40	41	48	73	89	
23	19
5	12	13	14	15	19	22	27	28	29	31	32	38	40	41	69	70	82	89	
23	18
0	3	5	8	11	15	22	29	30	31	34	35	41	42	73	79	89	124	
20	18
5	8	10	11	13	19	21	22	25	26	28	29	34	35	36	38	69	77	
22	19
0	5	6	8	15	19	21	23	26	27	28	29	30	31	38	39	49	52	77	
21	17
0	3	13	15	19	20	21	22	28	30	34	36	38	61	66	69	82	
21	16
0	5	8	9	11	12	19	21	36	38	40	46	49	50	73	82	
22	18
0	3	5	6	7	8	12	22	26	28	31	36	38	40	49	61	77	82	
24	18
3	11	13	15	22	26	28	29	30	34	40	42	48	53	59	66	70	82	
23	18
0	3	4	5	8	11	12	19	21	24	26	31	34	38	46	49	70	124	
19	17
0	3	4	7	8	11	16	19	22	23	28	30	32	38	42	66	73	
21	18
3	5	10	11	19	21	22	24	28	30	32	35	38	39	40	49	50	61	
24	18
6	12	19	20	21	22	27	28	30	33	34	36	40	53	70	78	82	124	
22	17
3	5	11	12	19	26	27	28	30	33	34	36	49	59	78	82	89	
21	18
0	4	8	11	12	16	19	21	22	25	27	31	38	39	41	46	61	82	
23	18
0	3	5	6	7	8	19	22	28	29	30	34	38	40	49	52	61	124	
20	17
0	3	4	5	6	19	21	26	30	31	32	36	38	42	48	73	82	
23	17
0	3	5	8	11	12	22	23	24	28	30	31	48	61	77	89	124	
23	18
0	5	6	14	15	21	22	31	33	34	38	40	41	48	49	73	82	89	
22	19
0	3	4	5	7	13	19	22	26	27	28	30	31	36	39	40	48	49	59	
20	15
4	5	6	13	19	23	30	38	39	40	42	48	66	73	124	
20	17
0	4	5	6	11	12	14	21	24	25	28	30	35	39	48	49	77	
20	17
3	5	9	15	18	19	22	28	31	34	35	36	38	42	49	66	82	
18	16
0	4	5	10	16	18	19	24	25	27	28	30	32	38	66	77	
17	15
0	3	5	11	15	19	22	27	28	34	35	36	38	59	82	
16	15
0	3	5	10	16	19	21	22	28	30	34	35	36	38	66	
21	17
0	3	6	8	11	20	21	24	26	36	38	39	42	49	50	52	82	
18	17
0	4	5	11	19	21	22	25	26	28	29	30	31	38	41	42	82	
21	18
0	3	8	15	19	21	22	26	28	29	32	34	36	38	40	66	77	89	
18	17
0	3	5	7	8	18	20	21	25	28	31	35	39	40	41	42	73	
24	16
0	6	11	22	28	29	30	35	36	40	48	59	69	78	82	183	
21	18
0	3	7	8	15	18	21	22	25	32	35	36	39	40	41	48	49	53	
20	17
3	8	9	19	22	25	28	31	34	35	36	38	40	42	49	66	73	
21	18
3	4	20	22	23	25	27	28	29	30	31	34	35	36	38	48	66	73	
21	16
0	3	8	10	18	19	22	35	36	38	41	49	52	61	73	77	
17	16
0	3	5	8	10	11	12	13	19	22	30	34	35	36	39	59	
20	18
0	4	5	6	11	15	22	23	25	28	30	34	35	36	38	40	49	50	
21	19
0	3	5	7	13	14	15	19	22	25	26	28	31	36	38	39	40	48	49	
18	16
0	3	4	5	6	19	22	28	29	30	31	38	39	40	73	78	
20	17
0	3	6	8	9	19	21	23	24	28	31	34	40	42	49	52	77	
20	16
3	5	6	7	11	15	19	22	28	30	36	38	69	77	78	82	
16	15
0	3	5	11	15	19	22	25	28	30	34	36	38	42	73	
18	16
0	3	6	11	14	16	19	22	25	28	30	34	36	38	39	124	
20	16
3	5	11	12	13	16	19	21	24	30	33	34	46	49	70	82	
19	17
0	3	5	6	8	12	15	16	18	19	21	22	34	36	38	50	59	
18	16
0	3	5	11	15	19	21	22	28	29	31	34	35	40	66	82	
20	17
0	4	6	8	11	19	21	22	25	28	34	36	38	40	48	77	82	
24	17
4	5	12	19	21	22	27	28	38	40	41	48	49	61	73	79	124	
22	17
0	3	5	6	10	11	15	19	22	26	27	36	38	70	73	82	124	
24	18
0	3	5	9	11	19	22	23	26	28	34	35	39	42	48	52	73	183	
21	17
0	3	4	6	12	13	19	21	22	26	32	36	38	40	52	82	124	
20	17
0	3	4	6	8	12	16	19	20	22	28	38	39	40	61	77	78	
24	18
0	4	6	7	8	19	22	34	36	38	40	42	48	50	53	61	66	73	
22	18
3	4	6	8	11	15	19	22	23	26	28	30	34	38	49	53	73	77	
20	18
0	4	6	9	12	13	19	20	22	25	27	30	31	34	36	40	48	66	
18	16
0	5	6	8	19	21	22	28	30	32	34	36	38	39	73	78	
19	17
3	5	10	13	19	21	24	25	30	33	34	38	40	41	42	49	82	
24	18
6	8	10	11	15	16	19	21	26	30	32	38	40	48	59	78	82	124	
22	17
0	4	5	6	19	21	25	28	29	31	38	40	48	59	66	69	70	
19	17
4	5	6	10	13	19	21	25	28	29	30	35	36	38	40	49	52	
19	17
0	4	5	11	12	15	19	22	24	28	32	38	39	40	42	66	82	
18	16
0	4	5	15	19	21	22	25	26	28	30	34	36	38	48	70	
22	18
0	5	6	8	10	11	18	19	21	23	24	28	38	39	42	49	82	124	
22	18
0	3	4	19	20	21	26	29	30	31	36	40	41	42	48	50	73	89	
20	17
3	4	5	10	11	12	15	21	22	28	32	36	38	39	48	61	82	
26	19
3	5	7	12	22	23	25	28	32	33	35	41	49	59	61	70	73	78	82	
19	16
0	4	5	11	15	18	19	21	22	26	34	38	39	48	73	77	
22	18
3	5	6	11	12	13	23	25	28	31	32	34	35	36	49	53	59	73	
19	16
0	5	7	10	19	22	25	28	30	35	36	38	40	61	73	78	
23	18
0	3	19	20	21	22	26	28	30	34	35	36	38	40	61	82	89	124	
22	18
0	3	4	5	10	12	13	20	26	27	28	31	32	40	49	66	82	89	
20	16
3	5	11	15	19	22	26	28	34	35	38	40	49	77	82	89	
25	19
0	4	10	12	13	15	19	20	21	22	28	38	39	48	49	61	69	82	89	
22	18
0	3	8	14	18	19	22	28	29	32	35	38	41	42	49	61	66	73	
18	16
5	11	15	18	21	22	25	28	29	30	31	35	38	40	48	66	
23	18
0	3	5	6	11	15	21	25	28	31	32	36	38	39	48	70	77	124	
20	17
0	3	5	6	11	15	22	25	26	29	34	35	36	38	59	70	77	
18	16
4	5	7	11	15	19	21	22	28	29	30	35	36	38	73	77	
20	17
5	13	15	19	21	22	26	28	30	31	35	38	39	41	50	70	77	
22	18
3	4	8	10	13	18	19	20	22	25	29	30	31	39	48	49	61	78	
21	17
3	4	5	11	12	19	24	26	28	29	31	35	36	42	49	82	124	
20	18
3	5	6	10	18	19	22	25	28	30	31	34	36	38	40	42	49	50	
20	18
0	3	4	5	6	15	19	21	25	26	28	29	31	34	38	39	46	78	
23	18
0	3	8	10	11	14	15	21	30	32	35	38	39	40	46	61	82	124	
17	15
0	4	5	6	11	19	21	22	28	29	30	35	36	48	82	
18	16
3	4	6	8	13	19	21	22	28	29	36	38	40	41	59	89	
21	17
0	4	5	6	12	21	22	26	28	30	31	34	40	48	50	70	82	
20	17
0	4	5	6	10	11	12	19	22	25	26	30	31	40	49	73	82	
22	17
0	4	5	7	8	21	22	31	34	35	36	38	40	48	73	82	124	
20	17
0	4	5	6	12	19	21	22	25	28	31	34	38	39	40	82	124	
23	18
0	3	6	12	18	19	22	24	28	29	31	34	38	48	53	59	77	82	
24	16
0	3	5	6	9	18	38	39	48	49	59	66	69	73	77	82	
24	18
0	3	5	18	21	23	26	29	32	35	40	41	46	66	69	73	77	82	
22	18
4	5	6	7	12	19	22	25	28	29	30	34	36	38	52	61	73	82	
23	18
3	5	6	8	10	11	12	15	16	19	26	30	36	38	49	77	82	124	
22	18
0	3	6	13	15	19	21	22	28	30	35	36	38	40	49	61	82	89	
17	16
0	3	4	5	11	15	19	22	23	24	28	34	36	38	42	73	
23	17
0	3	4	5	11	22	27	30	32	38	39	49	59	66	77	82	89	
19	17
0	3	4	5	7	11	12	19	20	22	26	35	38	39	40	49	73	
19	17
5	13	15	18	19	21	26	28	29	30	32	35	36	38	40	66	77	
20	18
3	10	12	15	19	21	22	25	28	29	32	33	35	36	38	40	49	82	
23	17
5	6	10	12	19	20	24	27	28	29	30	38	69	73	78	89	124	
23	18
0	3	11	12	18	19	21	24	27	30	34	35	39	41	49	59	82	124	
18	16
0	3	5	10	19	21	22	23	28	30	34	35	38	40	49	77	
19	17
3	5	6	11	15	21	22	23	27	28	29	32	34	38	41	49	82	
22	19
0	3	4	6	8	11	15	21	22	24	26	27	28	30	31	34	36	52	124	
20	16
0	3	5	13	19	20	21	25	26	27	29	32	48	70	73	82	
16	16
5	6	11	12	19	21	22	28	29	30	32	34	36	38	39	40	
20	17
0	4	5	6	8	15	21	26	28	30	31	34	38	39	48	77	82	
19	17
0	5	6	7	11	15	19	21	22	23	28	32	34	36	38	49	52	
24	20
4	5	12	13	20	21	26	28	29	30	31	32	38	39	40	41	49	66	77	78	
19	16
3	4	5	6	11	12	18	21	25	26	28	29	31	48	70	82	
19	16
0	5	6	11	13	14	18	19	26	28	36	38	39	48	49	82	
21	17
0	3	4	5	12	21	24	27	28	29	30	35	36	41	69	82	124	
20	17
3	5	6	11	15	19	20	28	29	31	32	34	35	39	61	66	82	
19	16
0	3	6	8	11	18	19	22	25	28	36	38	39	69	73	82	
18	16
0	3	4	5	11	14	22	25	28	30	32	35	38	40	59	66	
20	17
0	5	11	15	19	21	22	26	28	29	38	39	40	42	49	53	79	
21	16
0	3	4	5	11	18	19	22	26	35	38	49	50	66	77	82	
20	16
0	3	5	10	14	16	22	24	26	35	36	38	48	49	66	73	
19	17
0	3	5	11	15	16	19	22	24	29	31	34	35	38	40	59	78	
19	17
3	5	9	10	11	12	19	22	28	30	36	38	39	41	42	53	59	
19	17
0	4	19	21	22	26	28	29	31	32	34	35	36	38	40	61	77	
19	17
3	4	5	6	11	12	19	22	23	26	28	30	32	38	39	73	82	
19	17
0	3	4	6	10	11	19	21	22	24	28	31	34	35	38	77	78	
19	16
3	5	11	15	19	22	28	29	30	31	35	38	40	49	73	89	
19	16
0	3	5	11	13	15	19	22	28	30	35	38	40	49	78	82	
20	16
3	4	8	10	11	12	22	31	33	35	36	38	41	50	82	124	
22	18
5	6	7	8	11	15	19	21	28	31	35	36	38	39	46	52	61	82	
24	18
3	4	11	13	21	22	28	30	32	34	35	38	40	49	61	66	82	124	
25	18
0	7	8	14	19	22	29	30	32	38	39	46	61	66	69	70	78	89	
22	18
0	3	4	9	14	15	19	22	26	29	31	35	36	42	49	52	66	82	
23	18
4	5	8	9	11	12	13	15	19	24	28	38	39	41	49	66	89	124	
21	16
0	3	5	12	15	22	27	28	30	32	34	38	48	49	66	124	
19	17
0	3	5	11	15	19	20	21	22	25	28	30	31	34	38	53	89	
23	18
5	6	11	13	14	15	19	22	23	27	28	29	30	46	52	61	82	89	
26	19
0	3	6	7	9	21	23	24	29	31	32	36	42	49	50	59	70	82	124	
20	18
0	5	8	16	19	21	25	28	29	30	31	36	38	39	40	42	48	66	
22	18
3	4	5	8	15	18	19	20	22	25	35	36	38	39	49	52	61	66	
19	17
0	3	5	6	11	12	19	20	22	28	29	35	38	40	41	48	49	
20	18
5	10	19	21	22	23	25	29	30	31	34	35	36	38	40	41	48	49	
22	17
0	3	5	10	18	19	21	22	28	32	35	38	50	70	73	77	82	
22	17
3	8	11	13	15	16	22	30	34	36	38	39	41	48	66	82	124	
20	17
0	3	4	5	16	19	21	25	26	30	31	38	39	42	49	73	77	
21	18
0	3	4	5	6	12	13	19	22	28	29	30	34	36	38	40	82	124	
25	19
9	11	12	19	22	23	24	25	29	32	35	36	38	42	50	52	66	89	124	
19	17
3	4	6	8	11	12	15	18	19	22	25	28	32	34	38	49	78	
17	15
3	5	7	9	11	15	19	22	28	34	35	38	40	49	82	
19	16
0	3	4	5	11	19	21	22	26	28	35	38	39	49	73	77	
21	17
0	3	5	15	16	22	26	28	29	34	35	36	42	53	61	66	82	
21	18
0	3	4	5	11	12	21	24	28	31	35	36	38	40	41	48	61	66	
19	18
0	3	4	5	6	7	8	11	12	19	20	23	26	31	34	36	39	78	
20	17
0	3	5	13	19	21	22	26	30	32	33	35	38	42	49	73	82	
22	17
0	3	4	6	11	15	19	22	23	25	35	36	38	48	52	82	124	
25	18
0	3	5	8	10	11	12	13	19	28	31	40	49	66	70	77	79	124	
23	18
0	3	5	8	11	15	21	22	28	32	38	40	41	48	61	70	77	82	
20	17
0	3	5	6	8	10	15	18	19	22	28	31	36	38	40	52	124	
19	18
0	3	4	5	11	15	19	21	22	24	26	28	29	31	34	40	42	77	
23	19
0	6	7	8	9	11	12	13	15	19	28	29	30	35	38	46	59	79	82	
18	16
0	4	6	11	16	19	20	21	26	28	29	35	39	42	49	77	
20	17
0	4	5	10	22	25	26	27	28	29	30	31	38	39	48	77	89	
22	17
0	3	5	11	22	28	30	31	36	39	41	42	48	49	50	61	82	
23	18
0	3	6	9	11	14	18	19	22	23	26	36	38	46	49	53	61	69	
20	17
3	4	5	10	15	18	19	21	22	25	28	35	36	39	46	49	53	
22	18
0	3	4	5	11	19	20	26	27	29	32	38	39	42	49	61	66	77	
19	17
4	6	8	10	18	19	21	22	28	29	30	32	36	38	40	66	77	
22	19
0	3	5	10	12	15	19	21	22	25	26	27	28	32	38	40	48	82	89	
19	18
5	6	7	9	11	12	14	22	25	28	30	31	35	36	38	39	40	50	
20	17
0	3	4	5	11	13	19	21	23	24	25	30	35	40	49	66	73	
22	19
0	3	7	10	11	13	15	20	21	22	26	27	32	35	38	40	59	61	73	
22	17
0	3	10	11	12	15	18	22	28	31	40	41	48	50	59	61	82	
20	16
3	4	5	11	12	19	22	28	31	35	38	41	49	73	77	82	
17	16
0	4	5	6	11	19	22	25	28	29	30	34	35	36	38	82	
19	17
9	10	19	21	22	23	26	28	29	30	32	35	36	38	40	77	78	
21	16
0	5	15	19	21	22	26	27	28	38	40	48	69	77	82	89	
21	16
0	3	4	5	11	15	22	23	28	34	38	42	48	52	70	124	
23	17
5	19	22	25	26	28	29	34	36	38	39	48	66	70	73	77	79	
19	17
3	4	8	9	11	21	23	28	31	35	38	39	40	41	42	61	77	
23	19
0	3	6	11	15	21	22	26	27	28	29	30	32	38	40	41	61	78	124	
17	16
3	4	5	11	15	19	21	22	25	28	34	35	36	39	41	70	
23	18
0	3	6	7	11	19	20	25	27	34	35	39	42	48	49	50	61	66	
