1000 
46	28
0	4	5	6	7	10	11	13	17	32	33	34	40	53	56	60	63	64	67	68	71	81	85	90	95	130	131	135	
42	28
2	3	8	10	11	12	13	18	19	25	26	29	34	44	46	49	56	60	63	64	65	69	76	79	81	82	131	151	
39	29
0	1	2	3	4	5	6	8	12	15	16	19	20	29	30	32	33	39	40	46	55	60	66	69	70	76	77	79	151	
48	30
1	2	4	5	10	11	20	25	33	38	39	41	46	50	51	53	56	60	61	64	67	68	69	81	83	90	95	130	131	151	
40	30
0	1	2	3	4	6	7	10	11	12	13	18	20	25	29	30	33	40	46	49	50	53	58	67	70	76	80	83	90	130	
49	31
4	6	8	17	18	19	25	30	32	33	39	46	47	49	51	52	60	63	65	68	69	70	71	74	79	82	83	96	97	123	131	
44	30
0	1	2	3	4	6	7	8	9	10	15	17	26	33	38	39	47	52	55	60	64	68	70	71	74	79	82	96	97	151	
39	30
0	4	5	6	7	8	9	11	15	17	18	19	23	24	26	28	30	33	41	44	46	49	50	60	70	74	90	95	135	151	
40	28
0	2	3	6	10	11	13	16	17	20	22	25	27	28	32	33	44	49	50	51	52	60	64	70	129	130	131	135	
47	29
3	15	18	19	25	27	33	34	39	44	47	50	51	52	53	55	56	58	67	71	77	79	82	83	94	96	97	113	132	
47	32
1	2	3	4	7	8	9	14	15	17	18	26	27	28	30	32	33	34	47	49	51	53	56	60	68	76	85	94	113	132	135	151	
45	30
0	2	3	4	5	6	7	10	11	15	18	19	20	26	28	39	40	43	46	52	53	71	77	81	95	96	131	132	135	151	
45	28
0	2	6	7	9	12	16	18	19	22	33	34	39	43	52	53	60	66	69	70	71	76	79	83	90	128	131	151	
46	30
1	2	8	13	14	16	17	18	19	20	30	40	44	46	49	51	53	58	60	63	66	70	76	79	80	81	83	85	131	135	
44	31
0	4	8	9	11	12	14	15	16	18	28	32	33	34	40	41	44	49	50	51	52	53	56	58	62	70	71	80	82	113	135	
44	29
0	5	7	8	10	11	13	20	23	32	33	38	40	44	49	52	60	62	63	64	69	70	79	81	82	83	85	97	119	
44	30
2	3	8	10	13	16	18	20	24	25	29	30	32	33	40	41	50	52	55	56	58	60	66	70	71	74	79	82	83	130	
45	31
0	1	2	5	6	7	11	12	18	19	26	28	30	33	34	38	40	44	46	50	56	60	66	79	81	82	87	97	130	135	151	
43	30
0	2	3	5	7	8	11	12	15	19	20	23	25	26	33	38	39	44	46	58	60	62	63	66	69	79	85	90	131	151	
44	29
0	1	4	8	9	10	12	13	14	28	30	32	33	40	49	50	52	53	58	60	67	68	70	76	79	83	85	132	135	
42	29
0	2	4	8	12	13	14	15	18	20	25	30	32	33	39	46	49	52	53	55	68	73	76	79	83	85	90	94	130	
42	31
0	2	5	6	10	11	12	15	17	18	19	20	29	30	32	33	38	44	49	50	52	53	56	70	71	74	79	82	87	94	97	
42	27
2	3	5	6	8	9	12	15	17	23	32	47	49	50	52	55	60	63	67	70	76	79	82	85	90	129	131	
43	30
0	3	4	6	7	11	12	14	15	17	19	20	23	29	30	39	44	46	49	53	55	58	64	67	68	79	90	94	131	151	
46	29
3	4	5	6	7	9	11	15	17	24	26	38	46	49	53	55	56	60	64	71	73	74	79	81	87	90	97	132	135	
39	29
0	2	3	4	6	7	8	10	12	14	18	19	20	27	33	39	40	41	44	49	58	60	62	64	70	77	79	97	129	
46	30
1	2	3	6	8	13	15	16	17	19	20	24	27	34	40	41	43	44	49	50	53	56	63	70	87	113	131	135	151	168	
48	30
0	2	6	11	13	15	18	19	30	39	41	46	47	49	50	53	55	56	60	65	68	74	79	80	82	83	95	130	131	135	
47	32
0	1	3	4	5	7	8	12	15	18	20	25	27	32	33	44	46	49	50	53	70	74	76	80	81	82	90	94	95	96	113	131	
46	31
0	1	2	3	6	8	10	12	15	19	23	25	30	33	41	46	49	50	51	52	53	55	56	68	70	74	79	82	130	131	132	
43	30
0	1	4	8	9	12	15	18	24	25	27	32	40	41	44	46	49	50	51	52	53	60	64	66	68	71	76	94	113	135	
41	29
2	3	5	6	8	9	12	15	18	19	26	32	33	34	39	44	47	49	52	53	58	63	66	70	79	82	94	97	151	
42	29
0	3	4	7	8	11	13	18	22	23	24	25	27	32	38	40	46	50	60	68	69	70	74	76	79	81	87	131	135	
50	32
0	2	4	5	6	9	10	11	12	15	19	23	25	38	44	49	50	60	63	64	65	68	70	71	74	76	90	96	97	129	131	151	
45	30
0	1	3	7	9	11	12	13	14	15	16	20	23	28	39	44	52	53	60	63	68	69	73	76	79	80	82	94	97	131	
44	31
0	1	2	4	8	10	11	12	18	19	24	26	32	33	34	44	46	47	50	51	52	53	56	60	69	70	76	79	93	131	151	
36	30
0	1	2	3	4	5	6	7	8	10	12	18	19	20	25	28	29	32	33	34	40	41	44	46	49	52	60	70	79	135	
46	32
0	2	4	5	6	7	8	10	12	13	16	19	20	26	30	32	34	43	44	46	49	53	60	67	70	81	83	94	97	131	135	151	
44	29
3	9	10	11	14	15	16	18	19	22	27	30	43	46	49	50	51	52	67	69	70	76	79	80	96	97	113	119	128	
44	31
2	3	4	5	6	7	9	13	15	19	20	22	26	34	40	41	43	44	46	47	62	67	68	70	71	74	79	90	95	131	135	
45	30
2	9	10	11	12	15	16	17	18	20	27	28	29	33	43	44	46	49	50	58	60	67	70	82	95	96	113	130	131	135	
41	30
0	3	6	9	11	15	16	18	19	23	24	25	32	33	34	44	46	49	50	51	55	69	74	79	80	82	83	94	96	135	
43	29
0	1	2	3	6	7	8	10	11	12	15	19	23	26	33	40	52	58	60	64	73	74	76	79	82	94	95	97	135	
44	31
0	2	3	4	5	6	7	8	9	11	14	15	17	20	25	28	38	44	47	50	51	53	60	66	68	70	71	90	96	130	168	
42	28
0	3	6	10	11	15	16	19	20	27	30	33	40	46	50	52	58	63	66	67	68	76	79	80	82	83	94	131	
44	30
1	2	3	4	7	8	9	10	11	12	15	20	33	34	38	46	49	50	51	69	74	76	79	80	82	85	94	129	132	135	
38	28
0	2	3	5	6	7	8	10	11	12	16	19	26	27	33	38	40	44	49	56	60	63	67	73	79	82	94	129	
45	31
0	3	5	6	10	12	15	16	18	19	20	27	29	33	41	43	44	47	49	55	60	67	70	71	74	80	82	90	95	135	151	
48	31
0	2	3	4	8	10	14	17	18	20	25	33	39	40	41	44	46	51	53	56	58	60	70	80	81	85	90	123	131	135	151	
45	30
3	9	12	14	15	19	20	22	25	30	33	40	43	44	47	50	52	56	63	67	70	74	77	79	80	82	90	94	97	113	
45	30
0	2	3	4	6	7	8	11	12	13	17	18	19	20	29	40	44	47	58	64	66	68	70	76	80	90	96	119	131	135	
44	30
1	2	6	7	8	11	13	15	18	20	25	32	33	39	40	41	46	47	52	53	60	63	65	70	79	82	83	96	119	135	
42	30
0	1	4	6	7	8	11	13	17	19	20	25	27	28	30	33	38	44	46	51	53	60	68	70	76	79	81	97	130	135	
42	30
0	2	3	7	8	10	11	17	18	19	22	27	29	40	44	47	49	50	51	55	60	64	68	70	76	79	80	81	82	113	
41	29
0	1	2	3	4	6	11	13	17	18	25	33	34	38	39	40	46	50	51	56	60	67	68	79	80	82	83	129	131	
39	29
0	1	2	6	7	9	11	13	14	15	17	20	28	32	33	34	40	44	50	51	52	53	60	63	79	80	94	96	135	
42	29
1	7	10	11	12	15	16	18	20	25	27	30	33	38	40	44	47	50	52	55	69	76	82	83	87	90	97	113	151	
45	30
0	6	7	8	9	10	11	13	16	17	18	20	24	30	34	44	50	53	55	56	58	60	65	70	76	81	82	97	131	135	
43	31
0	2	3	4	6	7	9	10	12	13	16	18	19	26	33	34	40	41	46	49	50	55	60	65	66	70	76	79	94	130	131	
42	30
3	4	6	7	8	10	11	12	15	17	18	20	27	28	39	44	46	47	51	56	58	64	67	68	74	76	82	90	94	131	
42	31
3	4	5	6	7	8	11	12	15	16	18	20	24	25	27	33	34	38	44	49	50	52	56	58	66	69	80	82	94	96	151	
41	27
0	2	5	6	11	16	17	19	29	33	39	40	44	46	47	55	60	64	70	71	79	82	83	94	95	119	131	
41	29
0	2	3	7	8	9	10	11	12	13	19	20	27	30	33	34	38	49	50	60	64	68	69	79	81	94	96	130	135	
42	29
0	1	2	3	5	7	8	19	20	24	25	32	33	34	39	40	46	52	56	60	66	67	69	74	79	82	95	96	131	
41	29
0	1	3	4	6	7	10	12	17	18	22	25	26	28	33	34	40	49	53	58	60	64	67	68	70	76	79	97	135	
43	29
0	1	4	6	7	10	11	12	13	17	20	28	30	34	39	40	44	53	55	63	67	68	70	71	80	90	94	131	151	
48	31
2	3	4	6	7	8	13	15	16	18	25	27	33	39	40	49	50	52	53	58	60	67	74	79	82	90	94	96	113	135	151	
41	29
0	2	4	5	6	8	11	12	15	16	18	19	20	29	33	34	38	44	46	50	60	64	71	87	90	94	130	131	151	
42	31
1	3	6	7	8	9	11	12	15	17	18	20	30	32	33	38	39	41	43	46	47	52	56	60	68	73	74	77	79	85	151	
41	31
0	2	3	4	6	7	8	10	12	18	19	20	24	29	30	33	34	39	41	44	46	49	51	58	60	70	77	79	97	131	151	
44	29
0	1	3	6	7	8	10	11	13	15	20	32	33	39	43	52	53	56	60	67	68	69	70	79	82	83	94	97	151	
40	29
2	3	4	7	8	12	13	15	18	20	25	26	32	33	38	43	44	46	49	52	56	60	64	67	68	70	79	80	135	
47	32
0	1	4	6	9	10	14	15	16	17	18	19	29	30	34	40	44	49	50	52	53	58	66	67	68	76	79	80	82	94	131	135	
42	31
0	3	6	7	11	13	14	15	16	17	18	20	25	28	30	32	33	38	40	44	49	50	53	63	69	71	79	82	83	123	135	
43	30
0	1	2	4	6	11	12	13	14	17	18	19	20	25	33	40	44	50	53	58	60	69	74	76	79	82	90	94	96	151	
48	31
0	2	3	6	10	11	12	13	15	19	20	23	30	34	46	47	49	50	55	60	64	74	76	79	81	94	97	113	129	135	151	
42	29
0	2	3	4	6	7	9	10	11	15	16	17	20	27	32	33	38	44	53	56	58	60	63	67	70	79	82	131	135	
48	32
0	2	3	4	5	6	11	12	15	18	20	28	29	30	32	33	47	50	55	56	63	64	67	68	70	73	74	76	79	80	131	135	
44	29
0	3	4	5	6	7	10	11	12	13	14	15	23	26	33	38	44	50	52	53	56	58	60	64	82	97	135	151	168	
46	32
0	1	2	4	5	7	10	11	13	16	18	19	20	30	34	41	44	46	49	50	52	53	55	56	58	60	66	71	82	96	131	151	
42	28
0	1	2	3	4	7	8	14	15	18	19	20	25	40	41	44	47	52	64	68	69	76	79	82	90	130	131	151	
49	30
1	6	8	15	16	17	20	25	26	27	28	30	43	44	49	52	56	61	62	63	67	76	79	81	82	94	113	131	135	151	
39	30
0	1	2	3	5	6	7	8	9	10	11	12	16	19	20	28	32	33	34	40	41	44	50	60	70	74	82	96	131	151	
41	29
2	3	6	7	10	11	12	15	16	17	19	20	27	33	38	43	44	47	49	52	68	70	74	80	83	94	95	131	135	
43	30
0	2	4	6	7	11	12	14	15	16	20	22	27	33	34	41	44	49	50	60	64	65	70	76	79	80	81	94	131	151	
45	29
2	5	6	8	9	12	13	15	17	20	27	28	33	34	44	53	60	62	64	65	70	71	74	79	82	85	95	131	132	
45	28
2	3	4	7	9	11	15	16	18	19	20	34	40	49	53	58	66	67	70	71	74	82	83	95	96	113	135	151	
46	31
1	3	4	6	8	9	12	16	17	18	19	26	29	30	33	34	40	46	47	49	56	60	66	69	70	82	97	129	131	135	151	
44	29
5	6	7	8	10	11	12	15	20	23	25	26	28	43	44	47	49	52	53	58	63	64	68	80	81	90	113	135	151	
50	31
0	8	15	17	19	20	25	26	28	33	34	40	44	46	47	52	60	63	64	67	68	70	76	81	82	90	95	97	128	135	151	
43	29
1	3	4	8	9	10	11	12	13	17	18	25	29	32	40	44	46	49	53	58	68	69	71	74	90	94	113	129	151	
43	29
0	2	3	7	11	12	15	16	18	19	20	22	26	34	39	41	43	44	52	56	60	65	73	76	79	82	113	135	151	
46	30
0	2	3	6	7	10	11	13	15	16	17	18	20	30	33	49	55	56	58	64	70	74	76	79	80	82	83	96	128	135	
45	29
0	2	4	6	10	11	12	20	27	30	33	40	41	44	49	50	56	58	60	64	70	74	79	94	95	97	131	135	151	
44	30
0	4	5	6	10	11	14	16	20	33	34	39	40	43	44	46	49	51	52	53	56	60	66	67	68	70	82	94	130	131	
45	32
4	5	6	9	15	17	18	19	20	25	32	33	38	41	43	44	46	47	50	51	52	53	56	60	74	79	81	82	94	95	97	135	
46	29
0	2	7	8	10	11	12	13	15	20	27	38	44	46	49	52	53	60	63	64	67	68	74	80	81	83	113	132	135	
47	30
2	4	6	7	10	11	12	15	16	19	20	26	33	43	44	50	51	60	64	67	68	69	71	74	94	95	113	128	130	151	
41	29
0	3	4	7	11	12	16	17	18	19	22	25	26	33	38	39	44	46	50	60	63	67	79	81	83	96	97	113	135	
43	30
2	4	6	9	10	11	13	14	15	18	19	20	24	33	38	43	44	49	51	52	63	70	73	79	80	81	82	97	135	151	
37	28
0	1	4	6	7	8	11	13	15	20	26	27	33	40	43	44	46	49	51	52	60	63	64	66	79	82	83	97	
48	32
0	1	2	4	5	6	7	8	12	13	15	19	20	25	30	32	34	44	50	60	63	66	68	70	76	80	83	87	97	131	132	135	
43	31
5	6	8	9	11	18	20	23	25	26	30	33	40	41	43	44	46	47	49	50	51	52	55	60	63	66	79	82	83	130	131	
41	30
2	3	4	10	11	12	15	16	18	19	20	26	33	38	40	44	49	50	51	56	60	63	67	70	79	80	82	83	94	95	
41	28
0	2	3	4	6	8	9	10	13	14	16	19	20	27	39	40	50	53	67	68	69	70	74	76	82	83	131	135	
41	30
0	1	2	3	4	6	8	11	14	17	18	19	27	28	32	40	41	44	46	49	50	51	53	58	67	70	80	113	135	151	
47	31
1	4	5	6	7	8	12	13	14	15	20	22	26	34	39	43	44	53	56	58	68	70	74	76	82	83	90	94	95	113	131	
42	32
0	2	3	4	6	7	8	9	10	12	13	18	19	20	25	26	28	33	34	38	40	41	44	47	58	60	73	74	81	82	135	151	
45	31
2	4	7	8	11	12	17	18	29	32	33	34	38	41	43	44	46	49	50	56	60	63	74	79	80	87	94	96	97	130	135	
42	32
0	3	4	6	10	11	12	14	15	16	18	19	20	24	26	27	30	33	39	43	44	49	51	56	58	76	79	82	87	94	97	130	
44	32
0	2	4	6	8	11	15	18	20	23	25	33	38	39	40	46	47	49	50	51	52	55	58	62	66	70	73	76	79	82	85	95	
42	30
0	2	3	4	11	12	13	15	16	17	18	20	29	33	38	40	44	46	49	50	58	60	74	80	81	82	90	94	131	135	
43	28
0	2	5	8	10	11	16	18	19	20	25	34	39	47	50	52	55	60	65	67	69	71	74	76	82	83	131	151	
41	28
0	2	3	4	6	7	8	10	11	12	15	18	26	33	40	44	50	52	53	58	60	70	71	79	94	97	130	135	
45	31
0	1	2	6	10	11	12	13	14	17	19	20	29	30	32	33	40	47	50	65	69	70	76	79	80	82	83	87	96	131	151	
44	30
0	1	4	5	6	10	11	14	16	19	22	23	25	29	32	34	39	40	46	50	58	60	61	70	73	79	96	131	135	168	
41	29
0	1	3	5	6	7	9	11	12	13	17	20	30	34	43	46	47	50	53	55	58	60	64	70	71	79	81	96	151	
49	31
0	1	3	4	7	11	12	14	15	17	28	29	40	43	44	49	51	53	63	64	67	68	73	79	81	82	97	131	132	135	151	
49	29
1	3	4	5	7	11	15	18	20	25	27	30	32	46	50	56	63	67	69	70	71	74	82	90	113	123	131	135	168	
39	30
1	7	8	10	11	13	15	18	20	25	26	30	32	33	38	39	40	41	44	47	50	52	60	69	70	74	76	79	82	94	
49	30
1	2	3	8	9	10	16	17	18	25	30	34	40	44	46	49	53	60	64	68	70	76	80	82	83	119	129	131	135	151	
40	27
0	3	4	5	6	7	8	10	11	15	25	32	34	44	46	50	51	52	60	64	67	68	76	96	131	135	151	
43	29
3	4	5	6	7	8	11	12	13	15	18	28	38	40	44	47	50	52	53	58	63	68	69	70	80	83	90	130	131	
40	28
0	2	3	4	6	7	8	11	12	17	18	20	24	25	38	40	44	46	58	60	62	68	70	76	79	82	129	131	
42	29
0	1	5	7	9	10	12	13	16	17	18	19	22	34	38	44	47	49	52	60	65	67	68	70	76	90	97	131	135	
44	31
0	2	3	5	7	9	11	12	14	15	17	18	20	22	28	38	44	46	47	50	53	60	64	68	70	76	80	81	97	128	131	
41	29
0	2	4	6	8	11	14	17	19	20	22	25	27	33	34	40	47	49	50	60	63	64	87	90	94	95	96	135	151	
44	28
2	3	4	6	7	8	12	13	14	27	40	43	49	50	52	53	60	63	66	67	68	70	76	79	82	90	130	131	
45	31
0	2	3	5	7	8	10	15	16	18	19	25	26	30	32	34	39	43	44	46	53	58	69	70	71	79	96	97	113	135	151	
47	33
1	2	4	8	10	12	14	16	18	20	24	27	28	30	33	40	41	44	49	50	51	55	56	63	71	74	76	80	82	83	97	129	135	
45	32
0	3	5	7	8	10	11	12	13	15	18	20	27	32	33	44	46	47	50	51	53	55	56	60	64	68	79	81	83	87	94	130	
46	30
1	2	6	7	8	10	15	16	18	20	27	30	33	40	44	49	50	60	63	68	71	74	77	79	80	82	94	130	135	151	
43	31
1	2	3	4	5	6	7	8	10	11	12	15	27	28	33	39	40	43	44	46	50	55	56	60	70	80	87	90	94	131	135	
46	30
0	1	3	15	16	17	18	19	25	26	33	34	38	40	46	50	51	52	67	69	70	76	79	82	90	96	97	113	130	132	
47	31
1	5	6	8	9	11	15	19	20	25	30	33	40	41	43	44	47	49	52	63	66	69	70	79	82	83	90	95	131	135	151	
44	29
2	3	4	5	6	8	13	19	28	32	33	39	40	41	43	51	52	53	60	66	67	70	71	74	76	82	97	131	135	
42	29
0	2	3	4	6	9	10	18	19	25	26	33	34	39	40	46	49	60	64	68	71	74	76	79	80	83	87	90	135	
40	28
0	2	3	6	7	8	9	10	16	17	18	20	30	33	46	49	50	52	55	60	67	69	70	74	76	82	96	131	
52	33
3	5	6	7	8	10	14	15	17	19	20	24	26	30	38	43	44	49	56	60	64	69	76	79	80	81	82	94	97	129	131	135	151	
40	30
0	2	3	4	7	9	12	15	18	19	20	24	25	26	32	33	39	43	44	46	49	50	65	74	77	79	94	96	113	151	
48	31
2	3	4	6	7	8	12	13	15	16	18	19	30	32	39	44	46	47	50	53	65	70	82	90	94	97	113	130	131	135	151	
45	30
1	4	6	8	9	10	11	16	17	19	20	26	29	33	40	44	50	56	60	63	67	69	70	79	82	85	87	90	129	135	
46	31
6	7	12	13	18	19	20	27	28	29	30	32	34	40	44	49	50	52	53	56	60	63	68	69	70	71	76	79	94	95	135	
49	31
8	10	12	15	16	18	19	25	30	32	33	38	39	50	51	52	56	60	65	66	67	68	69	70	71	76	82	83	94	131	151	
44	32
3	6	7	8	9	11	15	18	20	24	26	29	30	32	33	40	43	46	47	49	50	51	55	58	60	64	74	76	79	82	131	151	
41	29
0	2	3	9	10	11	16	17	18	20	32	33	34	38	40	41	44	49	50	60	63	64	66	68	70	79	82	123	128	
45	31
0	1	2	6	7	8	9	10	11	12	13	18	20	38	40	41	44	50	55	60	62	64	65	70	73	74	79	83	87	95	113	
42	30
0	1	2	4	8	10	12	16	19	20	24	27	30	33	40	44	47	49	50	51	56	60	61	64	69	70	82	97	131	135	
48	33
4	5	7	8	12	13	16	17	18	19	20	22	25	26	30	33	38	40	46	47	50	55	60	63	69	74	76	83	94	97	128	130	151	
44	32
0	2	3	4	6	11	12	14	15	16	18	20	22	29	33	39	44	46	49	50	51	60	64	68	73	79	83	87	90	94	97	130	
34	27
0	3	4	5	6	8	12	14	15	18	27	29	32	33	39	40	44	46	47	49	52	63	66	68	70	79	97	
44	30
0	2	4	6	8	11	13	15	17	18	32	33	34	38	43	44	50	53	55	56	60	62	64	66	68	70	76	79	94	113	
45	29
0	4	6	7	8	10	11	12	13	16	18	20	34	40	41	44	49	58	60	68	70	76	79	82	83	113	129	130	151	
42	30
0	1	2	3	4	6	7	8	11	15	16	19	20	30	32	38	40	46	49	50	52	64	66	74	76	82	83	94	123	131	
41	31
1	2	7	8	10	12	14	15	18	20	24	25	30	32	33	39	43	44	46	49	50	51	58	60	63	64	67	68	79	82	132	
47	30
0	4	5	6	8	10	11	15	16	18	25	39	40	41	46	52	53	56	58	60	66	69	71	79	81	82	85	97	131	151	
45	30
2	3	6	9	15	17	20	26	28	32	33	34	40	47	49	50	56	58	62	66	69	70	71	74	79	82	83	85	95	132	
43	28
4	7	8	10	11	12	13	15	18	20	25	27	32	40	43	44	49	52	53	60	69	70	85	96	113	129	131	135	
44	31
0	1	2	9	10	16	18	20	22	25	29	33	34	40	41	47	49	50	52	53	56	58	60	70	77	79	80	82	83	94	96	
48	29
2	4	7	10	11	12	19	22	23	26	28	41	47	49	50	56	60	67	69	76	82	83	94	96	113	130	131	135	151	
46	30
3	4	5	6	7	9	15	18	28	33	40	41	44	46	47	49	53	56	58	62	63	67	68	79	80	81	82	95	130	135	
36	28
0	2	4	5	6	10	11	12	15	16	18	19	20	29	33	34	38	40	44	46	50	60	70	74	76	79	95	151	
41	28
2	5	8	11	15	18	19	20	22	23	26	41	44	47	49	51	52	53	61	64	70	71	79	81	82	83	90	151	
44	31
2	3	4	5	6	7	10	13	17	19	20	33	38	40	44	46	47	49	50	51	55	60	64	66	70	79	83	85	97	130	131	
41	30
4	5	6	7	9	10	12	15	30	32	33	34	39	43	44	47	49	50	51	56	60	64	66	67	68	69	70	79	80	97	
40	27
0	1	4	6	7	8	15	17	25	29	33	43	44	47	49	51	52	55	56	63	64	68	90	94	97	135	151	
42	30
0	1	2	6	8	9	11	14	16	17	19	20	25	26	29	30	33	46	49	50	65	68	70	79	81	83	87	96	129	135	
41	30
0	1	3	4	6	8	9	10	11	12	15	16	20	22	25	40	44	47	49	50	52	63	70	73	74	76	82	94	97	131	
46	30
1	2	3	4	7	9	10	11	12	13	14	15	16	18	33	47	49	52	56	60	67	68	69	79	82	94	95	113	135	151	
47	32
0	3	4	8	9	11	12	17	19	20	25	32	33	34	38	40	44	47	50	53	60	63	64	67	68	70	74	79	83	96	132	135	
45	30
3	4	6	11	12	14	15	17	18	19	20	26	27	33	39	44	50	53	56	60	67	70	71	82	83	90	95	97	130	131	
46	30
0	2	3	4	6	7	9	11	15	18	33	34	39	43	44	47	51	52	58	60	64	67	68	76	82	87	94	130	135	151	
46	30
2	4	6	10	11	15	17	18	20	23	29	30	39	41	44	50	58	63	64	67	70	71	76	81	83	87	90	97	130	131	
43	29
2	4	6	8	11	12	18	19	27	29	30	34	40	44	46	47	49	50	60	63	64	68	70	71	76	83	113	131	135	
45	30
2	4	6	7	8	10	11	14	16	18	20	27	33	40	44	46	49	51	53	56	60	63	69	76	94	95	96	119	131	135	
42	30
0	1	2	5	6	8	11	13	15	18	19	24	26	27	29	44	46	47	49	52	58	62	63	64	66	79	82	90	95	131	
43	31
2	4	10	11	12	14	15	19	20	25	27	28	30	33	38	40	41	44	46	47	49	52	58	69	70	80	82	90	95	135	151	
45	31
0	2	3	5	6	7	8	9	10	11	12	13	15	18	20	32	33	44	50	51	63	68	69	70	74	79	80	82	130	131	151	
45	31
0	2	3	5	8	9	17	18	20	26	32	33	34	43	46	47	49	50	58	60	67	68	69	71	79	80	81	82	94	96	130	
43	29
1	3	5	6	7	12	15	16	17	20	24	25	27	30	43	46	55	56	58	68	70	71	74	76	79	94	95	97	135	
46	31
0	1	2	3	5	6	10	11	12	15	16	19	20	22	32	33	40	44	46	58	64	67	69	71	73	90	93	94	129	131	135	
48	31
1	2	4	7	8	15	18	20	22	38	40	41	44	46	49	51	52	53	56	58	63	67	68	69	76	79	80	82	83	129	131	
46	31
0	2	4	6	12	13	15	16	18	19	20	25	28	32	34	38	40	44	46	53	60	64	66	71	76	83	94	97	130	135	151	
47	30
2	6	10	11	12	13	16	18	22	29	32	33	43	44	46	47	52	53	56	67	69	70	74	80	82	96	97	129	130	135	
43	29
0	2	3	4	6	7	9	12	16	18	19	24	27	28	33	40	50	60	69	70	74	77	79	81	82	87	96	130	151	
44	29
3	4	8	11	12	13	17	20	26	29	30	32	33	38	40	44	56	60	64	68	69	73	76	79	90	94	96	131	135	
44	30
0	1	2	4	5	6	9	11	15	18	19	20	22	33	44	46	50	51	52	63	67	69	70	71	74	79	82	83	130	131	
42	30
2	3	4	5	6	8	9	11	12	14	15	20	25	33	40	44	46	49	50	58	60	63	64	68	70	73	74	79	96	151	
47	32
2	4	8	9	10	11	12	13	14	16	18	19	20	22	28	40	44	47	50	51	53	60	69	74	80	81	82	94	95	129	131	135	
45	29
2	3	8	9	12	13	18	20	27	33	38	40	41	43	46	49	50	56	58	60	63	79	80	83	97	113	130	131	135	
45	29
0	2	4	6	7	10	11	12	13	18	27	32	38	43	44	46	50	60	64	69	74	76	79	81	94	113	119	135	151	
41	30
0	1	2	3	4	7	8	10	12	15	16	18	20	22	33	34	40	47	49	62	63	64	66	70	74	76	80	81	90	94	
44	30
1	2	3	4	6	7	8	10	11	12	13	15	18	19	20	30	32	39	63	64	66	70	71	76	79	82	87	90	131	151	
54	33
5	6	7	13	15	17	19	20	30	33	38	39	40	44	46	49	51	55	58	60	62	63	68	73	79	80	82	87	97	129	135	151	168	
41	30
0	4	5	6	9	11	15	18	23	24	29	32	33	34	41	44	46	47	50	51	55	60	62	64	65	69	79	80	85	131	
42	29
0	1	4	5	6	7	8	9	10	11	16	17	20	25	29	40	44	50	53	55	61	63	69	70	74	82	97	123	131	
40	27
0	2	3	4	5	6	8	11	12	16	17	19	29	39	40	46	50	55	56	60	64	69	70	76	131	135	151	
46	31
0	2	3	5	6	8	11	15	18	19	20	23	29	33	39	43	44	46	47	56	58	64	68	69	70	74	79	82	113	130	131	
49	31
2	3	5	7	8	10	16	17	18	19	26	30	33	40	41	43	44	47	49	56	60	63	68	70	83	113	123	129	130	135	151	
43	28
0	1	2	3	4	9	11	13	15	18	28	38	40	46	49	50	56	58	63	70	74	76	79	80	82	113	131	135	
48	32
5	6	8	12	17	18	19	24	26	33	34	38	40	43	44	47	49	50	51	53	60	67	69	70	74	76	79	82	94	113	131	135	
44	29
0	4	6	7	11	16	17	19	29	30	33	41	43	44	46	50	51	53	56	58	60	67	79	80	82	94	96	135	168	
42	29
0	1	2	3	4	6	7	8	10	12	13	15	17	25	40	44	46	50	61	67	70	74	76	79	81	90	94	131	135	
45	28
2	5	6	9	10	13	19	27	34	39	40	44	47	63	64	66	67	69	70	71	73	74	76	79	82	97	135	151	
48	31
2	3	4	5	7	9	15	18	20	23	28	30	32	44	46	47	49	50	60	64	68	70	76	79	80	82	87	113	119	123	135	
43	29
0	1	2	3	5	6	10	11	12	13	16	17	20	28	33	39	40	44	53	58	60	69	70	79	82	94	113	131	135	
44	31
3	5	6	9	10	11	12	13	15	16	19	22	25	27	33	40	43	47	49	50	58	60	64	67	68	69	76	79	95	131	135	
43	29
0	1	8	9	10	13	19	22	25	27	33	34	40	44	46	49	50	58	67	69	70	73	76	79	82	96	97	130	135	
40	29
0	4	5	6	9	14	15	18	19	25	30	33	38	39	40	44	46	49	51	52	67	68	70	76	79	83	90	94	135	
44	30
0	1	2	3	4	5	6	9	10	11	12	19	33	40	43	44	46	50	55	58	60	66	67	70	77	79	83	97	130	135	
42	29
0	2	4	5	6	8	10	11	12	18	26	30	32	33	39	41	44	46	49	50	60	68	79	83	85	129	130	131	151	
44	30
0	1	2	3	4	5	6	9	12	15	18	19	25	32	33	38	41	44	46	49	50	52	56	67	79	113	130	131	135	151	
44	31
1	2	3	4	5	6	7	8	15	16	20	27	28	33	38	39	43	44	49	50	52	63	64	67	70	74	81	82	94	131	151	
42	28
0	2	3	4	5	10	11	13	17	18	32	41	46	49	51	53	55	56	58	67	68	69	71	79	80	82	94	135	
47	31
1	2	3	4	6	10	12	15	16	18	19	20	33	34	38	41	44	46	50	52	56	60	65	67	80	82	83	97	131	151	168	
44	28
3	5	6	9	10	11	12	15	19	20	23	40	43	47	49	60	63	64	70	74	76	79	82	83	97	131	135	151	
38	28
0	3	6	11	12	13	17	18	19	20	26	28	29	30	32	33	40	44	50	52	60	68	69	70	76	79	83	151	
41	28
1	2	3	5	9	11	15	20	32	33	38	40	41	44	46	55	60	64	67	71	73	74	79	80	82	90	95	97	
45	30
2	3	4	7	8	14	16	17	18	20	22	25	28	30	33	40	44	50	60	69	71	74	81	82	83	94	96	130	131	135	
49	32
0	1	3	4	6	7	8	10	18	19	25	28	30	33	34	40	41	46	53	68	69	70	76	80	82	83	87	96	97	132	135	151	
42	30
0	2	6	7	8	12	17	18	19	20	26	27	28	33	40	44	46	49	50	51	60	66	68	70	79	81	82	95	96	168	
48	31
0	4	5	6	7	8	11	14	15	17	20	30	44	47	49	51	52	56	60	63	64	68	69	70	76	77	79	83	90	131	151	
45	30
1	3	4	6	7	8	15	17	18	20	23	26	32	33	38	39	40	47	68	70	71	74	87	90	94	95	96	113	131	151	
45	31
0	2	4	5	6	7	8	11	12	13	15	16	19	24	30	34	39	41	44	49	53	61	64	67	70	80	82	83	119	131	135	
48	32
0	3	5	6	8	9	10	11	13	17	18	19	20	30	38	40	41	49	53	55	56	60	69	70	73	74	79	82	85	87	131	135	
42	30
2	4	5	6	7	8	15	16	18	19	20	25	26	33	34	39	41	44	49	50	53	56	66	69	79	81	82	83	131	151	
49	30
3	4	6	7	15	18	25	27	29	30	33	34	43	47	52	58	60	63	67	68	69	70	76	79	81	94	95	130	135	151	
43	30
2	3	4	6	7	8	9	11	12	13	14	15	18	34	38	40	41	44	49	52	53	56	60	64	68	70	79	97	129	131	
45	29
1	2	4	8	9	10	11	12	15	18	20	22	40	46	49	50	52	56	58	69	70	73	74	76	82	95	130	131	151	
40	29
0	2	8	10	11	12	13	14	15	16	18	20	30	40	41	44	46	49	50	63	65	66	69	71	74	76	80	81	151	
44	30
2	3	4	5	6	7	15	18	19	25	33	39	40	43	44	49	53	56	58	67	68	69	74	79	82	83	90	94	95	97	
40	28
0	1	2	3	4	5	6	7	8	15	19	26	29	33	41	46	50	51	53	55	66	69	70	76	79	97	130	151	
39	29
0	6	7	8	9	10	13	14	15	17	19	23	25	27	28	30	32	33	44	47	49	56	68	80	83	87	97	123	135	
48	30
2	5	8	10	11	12	13	16	18	19	20	32	33	44	50	53	58	60	64	70	71	73	81	82	83	90	95	130	131	151	
45	31
0	1	5	6	8	11	15	16	18	25	26	29	33	34	38	40	46	47	49	50	56	65	70	73	74	79	82	94	129	130	135	
44	30
6	8	9	10	13	16	17	18	19	20	24	29	30	39	41	44	46	47	49	52	55	63	70	76	81	83	90	113	131	135	
44	31
1	3	5	6	7	8	10	11	12	13	17	20	23	26	41	43	44	50	51	53	56	60	64	70	71	74	76	79	94	96	119	
46	30
0	1	2	3	5	8	15	16	20	25	32	33	34	40	44	47	49	50	61	64	69	70	74	79	80	82	113	131	135	151	
43	30
0	1	2	3	4	5	8	9	10	16	23	25	32	34	38	40	44	47	49	50	61	69	70	74	79	82	94	131	132	151	
47	30
3	4	8	9	11	12	13	15	18	32	33	38	41	44	49	52	56	60	62	64	70	74	77	79	83	90	96	97	135	151	
50	32
0	4	5	6	7	8	9	10	14	15	16	20	23	29	33	40	44	50	55	56	68	69	70	76	80	83	90	96	113	131	135	151	
40	28
0	1	4	5	7	8	10	11	12	15	20	25	29	33	38	44	46	49	52	58	68	69	70	79	80	97	129	131	
45	30
1	2	3	7	8	12	13	15	18	20	22	23	24	33	34	38	41	49	56	63	64	70	71	79	81	83	87	119	131	151	
51	30
1	2	4	8	15	17	19	20	25	29	40	41	44	50	52	58	60	66	67	70	82	83	90	95	97	129	130	131	132	135	
51	32
3	4	9	18	20	30	32	33	34	40	43	44	46	47	51	52	60	64	66	67	68	74	76	79	80	81	82	83	90	97	130	131	
49	30
3	9	11	15	18	20	27	29	30	32	34	40	47	49	51	53	60	63	66	68	74	76	79	80	82	83	113	130	135	151	
44	30
0	1	3	4	7	8	12	15	17	18	24	25	27	30	32	33	46	47	49	53	56	60	64	69	73	83	87	129	135	151	
44	31
0	1	4	6	9	13	15	16	18	20	25	33	34	38	39	40	41	44	49	50	51	52	62	67	68	81	82	94	130	135	151	
42	29
2	3	4	6	7	11	13	14	17	18	20	28	32	33	40	44	50	51	55	60	64	66	68	74	79	81	94	130	151	
44	30
0	1	4	6	7	8	10	15	18	23	26	29	40	43	44	47	50	51	56	60	63	66	68	70	76	79	90	96	113	151	
45	32
0	1	2	3	4	6	7	8	9	11	15	17	20	22	24	27	32	40	43	46	50	51	60	67	71	76	81	85	97	131	135	151	
40	30
0	1	4	5	7	10	11	12	13	14	15	20	23	25	30	32	33	43	44	49	50	52	56	58	67	70	71	82	97	131	
48	30
3	4	8	11	12	13	14	18	25	27	32	39	41	44	49	50	56	58	60	62	68	70	71	79	90	94	128	130	131	135	
44	29
0	2	4	6	11	12	13	14	15	16	20	28	29	41	44	50	52	53	56	60	70	76	79	80	83	87	97	129	131	
44	31
3	4	6	7	8	11	17	18	19	20	25	27	32	33	40	44	47	49	50	53	56	60	63	64	70	76	82	83	90	95	131	
45	31
1	2	7	9	11	14	18	20	22	25	26	28	34	38	40	44	46	49	50	51	66	68	70	74	76	79	83	96	113	123	135	
50	29
0	2	10	11	12	16	17	18	27	29	32	41	47	51	55	56	60	65	68	70	71	74	90	119	129	130	131	132	135	
44	31
3	6	8	10	11	12	13	15	16	17	18	19	28	30	33	38	40	44	49	50	52	53	55	56	58	68	70	80	83	113	151	
41	29
0	1	2	7	12	13	15	16	18	20	22	25	28	34	38	41	44	49	50	53	60	66	69	79	80	82	94	131	135	
44	29
0	4	5	11	15	16	20	25	27	32	33	34	43	49	50	51	52	60	61	62	63	67	68	69	76	79	82	113	151	
39	27
1	2	4	8	11	12	13	18	19	25	26	29	32	40	46	49	60	64	66	69	70	71	76	79	83	85	130	
39	28
0	2	3	4	7	11	12	15	16	18	19	20	22	33	38	44	46	49	50	61	79	81	83	85	87	94	131	151	
44	29
0	2	3	4	5	6	8	10	15	16	17	18	25	33	39	49	55	56	58	66	69	70	74	79	80	82	94	113	151	
47	30
0	1	2	4	5	7	9	10	11	15	20	32	33	49	50	53	56	62	64	65	66	69	70	79	80	82	83	97	131	151	
40	29
0	2	4	6	9	10	11	12	15	19	20	26	30	33	34	40	44	46	50	51	53	67	68	70	71	83	90	131	151	
41	28
0	1	3	4	6	7	11	12	15	18	19	20	25	30	33	46	49	52	56	64	67	68	69	70	74	79	130	131	
45	30
0	1	2	3	4	6	7	8	20	30	33	34	38	39	41	44	50	51	52	60	64	66	70	74	79	80	87	97	135	168	
41	30
0	1	2	3	4	5	8	9	17	19	20	24	25	28	33	38	47	49	50	51	52	53	56	60	61	70	79	85	96	130	
49	31
0	2	6	8	16	18	19	20	25	28	30	34	41	44	49	50	53	63	64	66	68	69	70	79	80	85	95	96	130	131	151	
41	30
0	1	2	3	4	6	7	8	10	11	12	15	18	19	20	26	28	30	33	44	46	51	64	74	79	81	83	123	131	151	
41	29
0	2	3	5	6	7	12	15	18	19	20	25	30	33	39	40	44	46	49	56	61	65	70	74	79	85	90	131	151	
46	32
0	3	6	7	8	10	16	17	18	19	25	26	30	33	39	40	44	46	50	60	65	66	68	69	70	74	76	79	82	83	97	135	
43	29
0	2	4	6	8	9	11	12	13	15	18	19	26	27	44	46	53	58	64	69	71	73	74	76	82	94	95	97	130	
41	28
0	3	6	7	8	10	11	12	18	27	29	32	40	43	44	46	50	52	53	58	60	76	79	82	85	94	113	129	
41	31
0	1	3	5	6	10	11	13	15	16	18	20	24	29	30	33	34	40	46	49	51	52	63	64	66	68	70	74	76	79	82	
43	29
1	2	3	4	6	7	11	17	18	19	26	30	40	43	46	47	50	55	60	71	73	74	76	79	83	85	87	113	130	
44	31
1	2	3	4	6	7	8	9	10	13	18	25	27	28	33	40	43	46	47	49	50	55	70	74	87	94	95	96	130	135	151	
46	30
2	6	8	9	10	11	13	15	17	18	19	20	29	33	44	46	50	52	56	60	63	65	70	79	82	90	97	131	132	135	
46	29
3	4	6	8	11	12	19	27	30	33	34	40	41	44	49	58	60	66	67	68	70	79	81	82	94	97	130	131	135	
42	29
0	2	3	4	5	6	7	8	15	19	20	28	30	40	41	44	50	52	53	60	64	67	69	70	74	76	79	97	113	
43	31
1	3	4	7	8	11	14	16	17	18	20	25	28	30	32	33	38	40	44	47	49	50	68	70	74	79	83	93	113	129	151	
41	30
0	1	4	6	7	8	12	13	15	16	20	24	32	33	39	40	41	44	46	47	50	52	60	68	80	82	90	94	131	151	
41	31
0	1	2	3	5	6	7	9	12	16	17	18	20	25	26	28	30	33	38	39	40	49	66	68	70	74	79	82	83	96	132	
42	27
0	3	4	11	12	14	15	18	19	23	25	29	38	39	44	46	52	58	64	65	66	79	83	97	113	129	168	
40	28
0	1	4	5	6	7	8	9	10	12	13	20	23	27	38	40	44	46	50	53	68	70	74	76	90	113	131	151	
43	29
0	1	6	7	10	11	12	13	14	16	20	22	25	27	38	49	50	52	60	67	68	69	70	71	76	81	94	130	135	
44	29
0	1	2	4	6	8	15	18	19	26	32	33	39	44	46	49	50	51	52	56	58	60	74	94	97	129	132	135	151	
45	31
1	3	5	6	7	8	10	11	15	17	19	25	28	30	38	39	41	44	47	51	53	55	76	80	81	82	83	90	131	135	151	
44	30
0	1	2	3	4	8	9	11	12	15	19	30	38	39	40	46	47	50	55	60	67	71	73	76	79	82	95	97	113	151	
50	30
0	1	2	3	4	6	10	11	12	26	27	33	38	40	46	47	56	60	67	71	77	80	90	95	97	113	129	131	135	168	
47	32
0	3	4	6	7	9	10	11	16	18	20	24	33	40	43	44	46	49	51	52	56	58	60	65	67	68	70	77	79	94	130	135	
44	30
4	5	6	7	8	9	10	13	15	16	18	20	25	33	41	44	47	49	53	55	63	65	74	77	79	80	81	82	135	151	
46	32
3	4	6	8	10	11	12	16	19	20	23	29	30	32	33	34	40	43	47	49	50	60	64	66	69	79	82	94	96	130	131	135	
44	30
0	1	2	3	4	6	7	8	9	10	12	16	23	33	41	44	46	50	60	63	64	66	74	79	80	83	87	96	130	131	
43	31
2	8	10	11	15	16	18	19	20	29	33	38	39	40	41	44	46	47	49	51	52	53	56	63	65	81	83	87	90	94	151	
47	32
0	2	5	7	12	15	17	18	19	20	22	33	39	43	44	46	47	50	51	53	63	67	74	79	80	81	85	87	94	97	132	135	
44	29
0	2	7	8	10	11	12	15	16	18	19	23	33	38	44	49	50	56	58	60	64	68	70	83	85	97	131	135	151	
43	30
0	1	2	3	4	5	7	8	9	10	15	17	20	33	39	40	49	50	51	55	66	68	69	70	74	94	96	97	130	151	
46	31
3	4	5	6	7	8	15	17	20	26	27	28	29	33	39	44	47	50	51	56	58	64	68	71	73	74	80	97	128	131	151	
43	30
0	4	5	8	9	10	11	12	13	16	18	19	20	24	29	32	33	44	46	50	52	56	63	70	73	80	83	113	130	131	
44	29
0	2	4	6	10	11	13	14	18	30	32	33	40	43	46	53	55	60	62	63	65	69	70	76	79	81	82	85	135	
39	28
0	1	2	3	6	8	10	12	16	17	18	19	33	40	41	46	49	51	60	63	64	66	70	74	76	79	82	131	
40	30
0	1	2	3	4	6	10	11	12	13	15	16	19	28	32	33	34	40	44	46	49	50	51	67	69	70	87	130	135	151	
44	28
4	11	13	15	18	19	20	24	25	32	40	44	46	49	53	56	60	68	69	71	76	80	82	94	96	97	113	135	
46	32
2	3	6	9	10	11	12	13	16	18	20	27	28	30	34	38	41	49	50	52	55	56	64	66	70	71	76	79	83	94	97	123	
42	28
0	2	3	4	6	7	8	10	12	15	17	18	26	46	49	53	55	60	64	66	67	70	71	74	83	94	96	135	
42	27
0	4	11	15	19	20	25	26	30	33	38	39	40	44	52	58	67	68	71	74	79	82	90	94	97	113	151	
46	33
0	7	10	11	16	18	19	20	25	26	27	30	32	33	39	41	43	44	47	49	50	51	58	70	74	79	80	82	83	94	95	113	132	
39	26
0	4	6	8	10	11	13	16	17	18	20	23	25	33	44	49	52	53	58	60	70	82	83	113	131	135	
43	29
0	2	4	5	6	7	8	10	15	16	17	29	32	43	44	46	49	52	53	60	64	67	68	80	82	94	97	131	135	
48	30
3	4	6	7	8	11	12	14	17	18	25	27	32	33	34	52	53	55	60	65	68	70	71	76	94	96	97	131	135	151	
43	30
2	3	4	5	6	7	8	13	19	20	22	25	27	40	41	43	44	46	47	50	61	68	71	74	79	80	96	130	131	132	
46	31
0	4	6	7	8	10	11	15	16	18	19	29	33	34	44	46	50	56	60	67	68	69	73	76	79	80	82	90	95	96	135	
46	29
4	5	6	7	9	10	11	12	15	18	20	27	29	32	44	47	52	56	60	68	69	70	71	80	97	128	131	132	135	
44	30
11	12	13	14	16	17	19	20	26	28	30	32	33	40	46	49	50	52	58	60	69	71	76	79	80	81	82	85	95	131	
42	29
2	3	8	9	10	11	13	15	16	17	18	19	27	28	33	38	40	49	53	56	58	64	70	71	79	80	82	113	135	
41	28
0	2	3	5	6	7	9	10	12	14	16	20	25	27	33	39	40	52	56	58	65	69	70	74	79	94	97	168	
48	31
0	6	7	11	13	14	15	19	20	22	28	32	34	41	44	46	49	53	56	63	67	68	71	74	79	81	87	97	129	131	151	
49	29
0	1	4	6	10	11	15	18	20	23	25	30	33	46	50	55	56	58	65	67	71	74	79	94	113	131	135	151	168	
50	34
0	2	3	4	7	9	12	13	14	15	16	17	20	30	33	39	44	46	47	56	60	61	64	66	68	70	74	77	79	80	81	82	87	135	
41	29
0	1	2	3	4	5	6	9	11	15	16	24	33	40	41	44	46	47	51	52	53	58	66	67	70	79	96	131	135	
46	30
0	2	3	7	8	10	14	19	26	28	33	40	44	46	49	50	60	64	67	68	74	77	80	81	90	94	95	96	130	135	
46	30
0	2	3	4	5	6	7	12	13	20	27	30	33	39	40	44	50	58	63	64	68	69	70	79	80	87	90	113	131	151	
42	31
0	1	2	3	4	6	7	8	10	12	18	20	24	25	30	33	34	38	39	41	44	49	50	60	63	68	94	97	131	135	151	
46	32
1	2	3	5	6	7	8	12	13	15	18	20	24	32	33	34	39	40	46	47	56	58	60	68	79	80	82	83	90	94	113	151	
40	30
0	1	4	6	7	10	11	12	13	15	16	17	18	20	30	33	40	44	46	49	50	51	53	68	74	79	82	94	113	151	
44	30
0	1	2	8	10	13	15	16	20	25	26	28	33	34	40	46	50	64	65	67	73	74	81	82	83	90	93	94	96	131	
45	29
1	2	6	7	8	11	12	18	20	22	27	28	33	38	46	50	52	56	60	63	74	76	79	80	87	96	113	131	151	
43	28
0	2	3	4	7	8	9	11	12	18	20	27	33	39	47	50	55	58	60	70	76	81	82	90	97	130	131	151	
41	29
1	3	8	10	11	14	15	16	18	20	25	28	32	33	39	40	46	47	52	66	67	68	70	74	82	90	94	96	131	
45	30
0	2	3	4	7	10	11	13	14	15	18	20	27	29	39	40	51	58	64	73	74	76	79	81	82	85	87	94	131	151	
40	28
0	3	4	5	6	7	8	12	13	15	19	20	24	28	38	39	44	50	52	63	64	69	70	76	90	97	131	151	
41	29
0	2	3	4	6	8	9	10	13	15	17	19	28	33	40	46	49	55	60	63	64	66	70	76	79	87	90	94	97	
44	31
0	2	3	4	6	7	8	9	11	12	16	17	18	20	26	33	34	39	41	44	47	58	60	73	74	79	82	95	131	135	151	
48	32
1	2	3	6	11	12	13	14	15	17	20	33	34	38	39	40	41	47	50	52	53	62	68	74	76	79	82	94	97	131	135	151	
48	30
0	2	6	7	15	16	20	30	32	33	43	44	46	50	51	52	56	60	63	64	70	71	74	77	79	83	94	130	131	135	
43	30
0	1	2	3	6	7	8	12	13	15	20	25	27	30	34	38	40	46	50	60	65	70	76	79	81	87	94	96	131	151	
47	31
0	1	2	6	8	15	19	20	29	30	33	40	44	46	49	50	51	52	71	74	76	77	79	82	85	90	94	95	96	131	132	
45	29
0	3	7	9	11	14	15	16	32	33	38	40	43	46	49	52	53	60	61	63	64	67	71	80	90	95	96	129	135	
45	29
0	6	8	11	12	13	16	17	18	19	28	30	33	44	50	51	53	58	65	68	70	79	80	81	94	97	130	131	135	
45	32
0	2	3	4	5	6	8	10	11	15	17	18	19	20	24	30	32	33	39	44	46	53	60	63	64	74	82	85	87	94	130	151	
48	32
0	4	7	8	12	15	19	20	24	25	28	33	38	40	41	44	47	51	52	53	63	67	73	74	80	82	83	85	94	97	130	135	
44	28
0	2	4	6	8	10	13	15	18	20	25	38	41	46	49	52	53	55	60	61	71	82	87	96	97	131	135	151	
42	32
1	2	3	4	6	7	10	11	12	13	15	16	20	26	28	29	33	40	41	44	46	47	49	58	60	70	74	79	80	94	97	135	
46	30
0	3	4	5	6	9	10	11	13	16	18	19	28	39	40	44	49	52	58	66	67	69	70	76	79	82	94	131	135	151	
44	29
2	3	4	6	10	11	13	18	19	23	32	33	38	40	46	49	50	56	58	68	69	70	74	79	80	87	130	131	135	
41	29
0	2	3	4	6	9	10	11	13	16	17	18	19	20	33	38	40	44	49	53	63	70	71	79	81	82	83	123	135	
49	32
2	3	5	6	7	12	17	18	19	25	28	34	38	44	47	49	50	51	52	56	60	76	77	79	82	83	94	96	97	131	135	151	
48	31
2	4	7	8	10	12	13	15	20	26	40	41	43	44	47	49	50	52	53	60	68	69	70	80	81	87	94	97	113	131	132	
47	30
0	2	3	6	7	8	9	11	15	19	20	23	30	39	46	49	52	58	63	67	70	76	79	82	87	95	97	119	130	131	
46	31
0	6	7	10	12	15	17	18	19	28	29	34	38	40	41	44	47	49	50	53	60	67	68	69	70	79	83	90	113	131	135	
46	30
0	1	2	3	4	6	7	12	13	17	19	20	33	34	40	50	51	60	64	70	71	74	76	81	82	90	94	130	131	151	
45	30
0	1	2	6	7	11	14	15	16	20	25	27	33	34	44	49	50	56	58	63	64	69	70	74	79	82	83	87	135	151	
43	30
3	4	7	8	11	12	13	15	18	19	27	32	34	38	41	44	46	49	50	52	53	56	60	65	68	69	70	81	131	151	
39	28
0	3	4	6	7	9	10	11	12	14	15	17	27	30	33	40	44	47	60	64	67	68	70	76	79	83	90	135	
48	32
1	4	5	6	10	12	15	17	20	27	29	30	33	34	39	41	44	46	52	56	60	68	70	73	74	79	80	90	95	97	129	131	
48	31
0	1	2	6	8	15	18	20	29	33	34	39	40	41	47	50	61	63	65	70	71	74	76	79	82	90	94	96	97	135	151	
43	30
1	2	3	5	6	12	15	19	22	25	33	34	38	40	41	47	49	50	51	55	60	63	77	79	80	82	83	96	130	135	
45	31
0	4	8	10	11	12	14	15	16	18	19	20	24	25	32	38	39	49	50	53	58	65	69	70	71	74	82	83	96	135	151	
42	29
1	3	5	7	8	9	10	11	18	20	26	30	32	33	40	43	44	47	60	64	69	70	74	79	82	83	95	130	135	
43	31
0	2	3	4	6	7	8	12	15	16	19	22	24	25	30	32	44	46	47	49	50	53	55	64	67	68	74	80	87	131	151	
35	29
0	2	3	4	6	10	11	12	15	16	18	19	20	25	27	30	33	34	40	41	44	49	50	60	63	65	79	82	83	
40	28
0	3	4	5	6	7	8	11	12	15	18	19	24	30	34	40	44	47	52	60	64	68	70	71	76	90	130	135	
45	31
0	1	2	3	5	8	9	12	14	15	18	20	22	33	38	44	47	50	60	65	66	67	69	70	74	76	79	80	90	95	151	
43	30
0	2	3	4	7	13	17	18	19	20	25	28	30	33	34	38	40	44	47	51	61	68	70	74	76	80	94	113	131	135	
41	29
2	3	4	6	8	11	15	16	17	18	19	20	28	30	32	33	38	39	40	44	67	73	74	79	82	83	113	131	151	
43	28
0	2	5	6	11	12	13	18	19	29	30	33	34	40	44	51	52	60	66	71	76	79	82	83	95	119	129	130	
48	31
0	3	4	5	7	8	11	15	17	18	20	22	38	44	46	49	51	53	55	58	66	68	79	80	81	82	94	97	113	132	135	
43	28
0	2	4	5	7	8	11	13	15	16	19	27	28	44	49	53	55	56	58	64	68	69	70	71	79	87	113	135	
47	29
0	2	7	8	10	11	13	16	18	19	25	39	44	46	49	50	52	60	63	64	73	77	83	85	113	130	131	132	135	
48	32
2	4	5	8	11	15	16	17	20	22	29	30	33	34	40	41	44	47	50	52	55	60	67	68	73	80	81	83	94	113	130	151	
41	29
0	1	2	5	6	7	8	10	11	13	16	17	20	30	40	44	46	49	51	53	58	60	63	69	70	82	95	131	135	
41	30
0	3	5	6	7	10	13	16	17	18	20	25	29	30	33	34	39	43	44	50	52	55	60	61	68	70	71	73	74	135	
51	30
0	1	2	8	9	10	12	13	16	18	32	44	49	51	53	55	63	64	71	79	80	81	82	94	96	113	129	130	135	151	
45	30
2	3	4	6	11	12	15	16	20	25	26	33	38	40	44	46	49	50	56	58	60	68	70	73	79	80	87	130	135	151	
43	30
0	1	2	3	4	6	7	8	10	12	20	26	30	33	34	38	40	41	47	50	60	67	70	76	79	94	97	132	135	151	
43	30
0	3	4	5	6	12	14	16	17	18	20	25	30	33	34	39	44	47	49	50	52	56	60	63	68	83	85	129	130	131	
46	32
6	8	11	12	13	15	16	20	26	30	32	33	34	38	40	43	44	46	49	50	60	63	65	67	68	73	79	80	82	94	113	131	
39	29
0	2	3	5	8	11	12	17	18	19	26	32	33	34	40	44	46	47	49	50	60	61	62	65	69	81	85	90	131	
42	29
0	2	3	4	5	6	7	11	12	13	15	19	20	30	32	39	40	44	46	49	53	67	79	85	97	119	131	135	151	
45	29
0	2	3	5	7	11	15	17	18	22	28	29	33	34	38	44	51	53	58	64	73	80	81	95	97	128	129	130	135	
44	31
1	2	3	4	7	12	13	15	16	18	20	25	27	30	33	34	38	44	46	50	56	60	69	74	80	82	87	94	97	130	135	
41	30
0	1	2	3	6	7	14	15	17	18	19	27	32	33	38	40	46	47	49	50	51	56	67	70	77	79	85	87	113	135	
46	30
1	2	4	8	11	13	15	17	18	27	29	33	34	39	40	44	50	56	60	67	68	69	70	73	79	90	94	113	131	151	
46	32
0	4	6	7	9	10	11	13	15	16	24	25	28	33	40	44	46	49	50	52	53	67	69	70	71	74	80	82	83	93	94	132	
46	30
0	2	8	9	11	14	18	19	20	27	40	41	44	47	49	50	55	60	63	74	76	79	80	82	90	94	95	96	131	151	
44	29
6	7	8	9	10	12	14	15	20	22	23	26	27	43	44	46	50	52	60	64	68	70	76	79	85	96	113	135	151	
43	31
4	6	7	9	10	11	12	13	15	16	18	19	20	24	30	33	41	43	44	46	49	52	58	66	67	70	79	80	95	131	135	
41	31
0	3	4	5	7	8	9	11	15	16	18	20	24	25	27	28	30	32	33	38	49	51	53	56	68	69	70	74	79	80	135	
48	33
0	1	3	4	7	8	10	14	18	20	23	24	32	33	39	41	44	46	49	51	52	56	63	65	67	71	76	79	80	82	90	113	130	
38	27
0	2	4	7	8	11	13	15	17	18	19	20	30	33	39	44	46	47	56	64	68	74	82	83	94	113	131	
41	30
0	1	2	4	6	7	10	11	13	15	17	20	24	38	39	40	44	46	47	50	51	52	53	63	69	77	87	97	113	151	
45	31
0	1	3	4	6	7	11	12	13	15	17	19	20	27	33	34	41	43	44	50	52	53	65	69	76	79	82	97	130	131	151	
47	30
0	1	2	3	4	7	11	15	16	18	19	20	25	40	44	49	58	60	62	66	70	73	74	79	82	83	90	131	135	151	
42	30
0	1	3	4	7	8	9	13	15	16	17	19	24	25	32	40	44	46	49	50	52	60	65	67	69	76	82	87	130	131	
40	29
1	2	4	6	8	12	13	16	17	18	19	22	28	29	32	34	44	47	49	50	52	60	67	70	76	94	97	131	135	
49	30
0	3	4	6	7	8	10	13	15	16	17	18	20	25	38	49	52	53	55	60	69	76	79	82	83	113	130	131	135	151	
46	30
2	3	6	7	8	9	10	11	16	17	18	20	33	40	44	46	47	52	53	55	56	60	69	70	79	82	96	113	130	135	
43	28
0	1	4	5	6	7	11	13	15	16	19	22	23	28	44	51	63	68	70	74	76	79	81	94	97	131	135	151	
41	30
0	1	2	4	7	8	9	10	11	13	18	19	32	33	34	40	43	44	46	49	51	64	71	74	76	79	81	94	129	135	
41	28
2	4	6	7	8	10	12	14	16	20	27	30	33	38	43	44	49	50	52	63	67	68	70	80	96	130	131	151	
45	30
0	3	4	6	7	8	9	10	11	18	19	20	25	33	44	46	47	49	52	56	60	64	67	79	83	96	97	113	130	131	
44	30
1	3	4	12	14	16	17	18	20	25	29	32	33	34	39	43	44	50	52	58	60	63	68	69	73	82	87	94	130	151	
39	29
0	1	2	3	5	6	9	10	11	12	16	17	19	20	26	29	30	33	40	46	53	60	63	79	81	82	83	96	135	
45	31
0	1	2	3	4	5	9	10	11	14	17	18	19	22	28	29	33	39	40	47	55	56	60	64	65	69	71	82	113	131	135	
46	31
0	3	4	6	7	8	11	12	15	19	24	29	32	33	34	39	44	50	56	60	63	65	66	67	68	70	94	96	97	135	151	
41	30
0	2	3	4	6	8	9	12	18	19	20	22	25	27	29	33	34	38	39	41	44	50	60	76	79	82	97	130	131	151	
45	31
0	1	4	6	8	11	15	16	19	20	25	30	33	34	40	44	46	49	50	53	66	68	70	74	76	79	82	90	94	113	151	
52	32
0	3	7	8	12	15	20	24	25	33	34	39	41	44	47	51	53	58	63	65	67	68	70	71	79	80	87	97	113	130	132	135	
41	28
0	1	4	6	7	8	9	10	11	12	16	18	25	28	40	44	51	52	53	58	60	69	70	80	82	97	131	135	
40	27
1	2	3	6	8	9	12	13	15	18	28	32	33	38	49	50	52	69	70	74	76	79	80	81	82	129	131	
46	29
2	3	6	8	11	13	14	15	20	32	33	39	43	44	51	52	56	60	63	64	66	67	68	70	79	90	132	135	151	
46	30
2	3	7	11	13	15	18	19	20	23	27	29	30	39	40	46	49	52	53	56	60	68	71	79	80	85	94	113	119	130	
39	30
0	4	5	6	7	8	9	10	11	14	16	17	18	23	26	28	30	33	40	43	44	51	52	55	60	70	79	82	85	135	
45	30
0	1	4	5	6	11	14	15	18	19	23	30	33	43	46	49	51	52	53	55	56	58	65	70	73	79	82	83	130	135	
49	30
1	4	5	6	7	10	11	12	15	25	26	33	46	49	50	53	56	67	69	70	76	79	80	82	85	90	113	130	135	151	
40	28
0	2	3	6	7	10	11	13	15	16	20	25	32	33	44	46	49	50	56	69	70	71	74	80	82	96	131	135	
48	33
1	2	3	5	8	9	10	11	13	20	28	30	32	33	38	40	41	44	46	47	50	51	55	58	60	67	74	81	96	113	130	131	151	
45	31
0	3	4	5	6	7	11	14	15	18	20	25	26	33	40	44	46	50	51	60	62	66	68	69	70	76	79	87	90	131	135	
42	31
0	2	6	10	11	12	14	15	16	17	18	19	20	28	29	32	33	40	44	46	47	52	60	63	70	76	79	83	90	94	135	
45	29
0	1	4	8	10	12	13	15	16	18	20	25	34	41	44	50	51	53	58	64	68	69	76	81	97	130	131	135	151	
50	31
1	3	4	6	8	9	13	17	19	29	40	44	46	47	51	52	53	58	63	64	67	70	73	76	79	82	94	96	131	135	151	
47	30
0	1	2	3	5	6	10	17	19	24	30	33	39	40	44	46	53	60	63	64	67	68	70	71	79	82	97	131	135	151	
45	30
0	2	3	4	6	7	8	10	11	15	18	19	41	44	46	47	49	51	64	69	71	74	76	80	90	96	97	131	135	151	
43	28
0	3	6	7	10	11	12	15	19	23	29	33	43	46	49	55	56	60	64	67	68	71	79	90	94	96	113	151	
43	32
0	2	3	4	6	8	9	11	12	15	16	18	19	25	30	32	33	40	41	44	46	47	49	60	64	68	69	80	83	90	131	135	
42	30
4	6	7	8	10	11	13	18	19	20	23	32	33	34	38	41	44	46	47	49	52	53	60	76	80	82	93	95	131	135	
50	33
3	8	9	10	15	16	18	20	23	29	30	32	34	39	40	41	43	44	49	50	55	60	67	70	76	79	80	82	96	113	129	131	135	
46	29
0	3	4	5	6	7	8	10	15	16	34	38	46	50	55	60	63	64	66	69	70	74	76	82	90	93	96	131	151	
50	32
2	3	4	6	7	8	10	11	13	18	19	34	38	40	44	47	49	50	52	53	63	70	79	80	83	87	90	97	130	131	135	151	
44	30
0	1	2	4	6	8	11	15	17	18	19	24	40	47	49	50	51	60	64	69	70	74	76	77	82	85	90	94	95	131	
41	30
0	2	3	5	6	7	9	11	12	15	18	20	22	25	32	33	38	43	44	46	47	56	58	60	67	68	70	79	131	135	
44	31
0	2	3	6	7	11	12	15	16	20	26	27	28	32	33	43	47	49	50	51	52	69	79	80	82	83	94	95	96	130	151	
42	31
0	1	2	3	4	6	7	8	10	12	15	16	20	23	25	29	30	32	39	44	47	49	60	68	69	70	76	79	94	131	151	
46	33
0	3	4	6	8	9	10	11	15	17	18	19	25	32	33	34	40	44	46	49	50	53	58	70	73	74	76	79	80	81	82	97	135	
41	30
1	2	3	6	8	10	11	13	16	17	18	19	20	22	32	33	34	40	44	50	52	60	63	67	68	71	74	82	94	130	
46	30
1	3	4	8	13	17	18	22	25	28	30	32	34	38	40	46	49	53	56	63	64	66	68	70	76	80	82	131	135	151	
44	30
0	1	3	6	8	10	12	13	18	19	27	30	32	33	44	46	47	49	52	53	60	66	68	74	79	80	82	94	131	135	
43	27
0	2	3	4	6	7	10	11	13	16	34	38	41	50	53	55	56	60	64	71	74	79	82	94	130	135	151	
47	31
4	6	7	8	13	16	17	19	20	22	27	28	32	39	40	43	46	47	52	53	56	60	63	64	68	79	80	82	129	131	151	
46	30
2	6	7	11	14	15	16	17	18	20	27	33	34	38	40	44	51	52	53	55	60	69	76	82	83	94	97	128	135	151	
41	27
2	3	5	8	9	10	11	15	16	20	25	40	41	50	52	53	56	58	66	67	70	71	79	81	82	83	131	
39	28
0	1	2	4	5	6	9	10	11	12	13	18	19	29	33	43	44	50	51	52	69	70	74	79	82	95	130	131	
47	31
0	1	3	8	10	11	13	15	16	32	33	34	40	41	46	47	49	50	51	55	56	67	68	74	79	82	94	129	131	135	151	
43	30
0	1	2	3	4	5	8	9	13	18	19	25	40	41	44	46	49	50	51	58	60	63	66	70	74	76	79	85	130	131	
47	30
2	5	6	7	8	12	15	16	20	32	33	39	40	44	46	47	52	53	60	63	68	76	79	80	82	83	85	113	135	151	
42	30
1	2	3	4	6	10	11	12	13	16	20	24	25	33	40	43	44	47	49	50	53	62	70	74	80	82	83	94	130	131	
48	29
3	6	11	17	18	20	23	30	33	40	46	47	49	58	60	68	69	76	79	80	82	83	87	90	94	95	113	131	135	
37	28
0	2	3	4	5	6	9	10	12	15	16	30	32	33	34	39	40	44	49	60	64	66	67	68	69	70	79	97	
39	30
1	2	4	5	11	12	13	14	16	18	19	20	25	27	30	32	40	44	46	49	50	60	70	71	76	80	82	90	94	95	
49	32
0	1	2	3	4	7	9	10	11	15	17	19	20	28	32	33	40	41	49	53	60	67	71	74	76	79	87	97	113	129	130	151	
41	29
0	2	3	6	8	10	11	12	15	16	17	18	19	20	27	34	39	40	47	49	52	53	70	76	82	83	131	135	151	
42	30
2	3	6	8	10	11	12	15	19	20	22	26	32	33	38	39	40	41	46	49	67	70	71	79	81	82	83	96	131	151	
45	31
0	4	5	6	7	8	10	11	12	23	24	29	33	40	41	43	44	46	50	53	58	60	68	70	76	79	80	90	94	130	135	
38	28
0	1	2	4	6	8	11	14	15	16	18	20	30	33	40	44	46	49	51	52	53	63	66	68	71	79	94	135	
43	30
0	3	4	7	8	9	11	12	13	15	18	19	20	24	26	39	41	44	47	50	74	76	80	81	90	94	97	113	130	151	
43	28
0	1	2	11	12	13	15	16	18	19	28	33	40	44	49	50	53	56	58	60	65	66	79	82	94	113	130	135	
40	30
2	3	4	5	6	7	11	12	15	19	20	27	28	33	38	39	40	41	44	47	50	60	64	68	70	74	79	95	97	131	
50	31
0	2	6	8	11	19	20	28	33	34	38	44	49	50	52	61	63	66	69	70	74	79	80	82	83	87	90	96	97	131	151	
47	32
0	2	3	4	6	8	11	12	13	14	16	17	23	30	32	33	40	46	49	50	51	58	60	67	70	71	79	96	113	129	135	151	
41	28
0	2	3	4	7	9	11	15	18	32	33	40	44	46	47	49	51	52	53	61	63	69	79	82	83	95	113	129	
45	31
0	2	3	4	6	8	9	10	12	13	14	15	19	33	40	41	43	44	50	60	63	64	67	68	70	74	77	79	96	128	135	
43	29
0	1	2	4	5	6	8	9	15	18	19	20	28	33	38	41	44	50	52	53	60	63	67	70	96	97	113	135	151	
42	29
3	4	5	6	8	9	10	14	15	17	18	25	28	33	38	40	44	51	52	53	60	66	70	76	82	94	97	135	151	
42	29
0	2	3	7	12	13	16	20	25	27	28	33	39	43	44	49	52	55	61	68	69	71	74	77	79	80	82	94	95	
48	29
1	3	4	5	6	7	9	11	18	38	40	41	46	47	51	53	63	64	65	66	70	74	79	96	119	130	131	132	135	
43	31
0	2	4	8	9	12	14	18	19	20	24	27	29	30	33	38	39	44	46	47	50	52	60	76	79	81	83	94	97	130	132	
44	29
3	5	6	7	8	9	10	11	12	14	15	18	19	30	40	43	47	56	58	67	68	71	74	76	77	79	113	131	135	
46	28
1	3	8	10	11	12	15	16	18	20	33	44	49	53	56	58	60	63	66	67	68	70	82	83	97	130	131	135	
40	29
0	2	3	4	6	8	11	12	14	15	17	18	19	20	26	29	39	44	46	50	58	69	76	77	79	85	87	130	131	
49	33
2	7	8	12	13	14	15	18	19	25	28	32	33	38	39	43	44	46	47	49	50	60	64	69	70	74	76	81	83	97	130	131	168	
46	30
0	1	2	7	8	10	11	15	16	17	18	20	27	33	38	44	47	49	63	65	67	70	81	82	83	96	113	119	135	151	
44	31
1	2	3	4	6	7	8	11	12	13	15	17	20	32	33	38	41	46	49	50	56	58	60	69	74	82	94	95	97	131	135	
39	28
1	2	3	4	6	8	9	12	13	14	15	17	18	19	20	33	46	49	50	52	56	63	67	69	70	90	131	135	
44	30
1	2	4	8	10	11	15	16	23	27	33	40	41	44	46	49	50	51	55	56	58	68	69	73	74	79	82	94	130	135	
49	30
2	3	5	7	8	10	15	18	28	32	34	38	41	44	47	51	53	60	63	69	70	74	82	94	97	123	129	131	135	151	
45	30
0	4	6	7	8	12	15	16	18	25	32	33	34	39	44	47	50	51	52	58	65	68	80	81	87	94	97	113	135	151	
36	28
0	2	3	5	9	11	12	13	17	18	19	24	26	28	38	40	44	46	47	50	53	60	69	71	79	81	82	94	
45	31
1	4	6	7	11	12	13	15	18	19	26	27	30	32	33	44	46	56	58	60	63	64	66	70	76	79	81	82	90	94	95	
41	29
0	1	3	4	8	9	11	12	16	17	18	23	25	30	38	44	46	49	50	52	64	66	70	74	83	96	97	131	132	
40	28
0	1	2	4	7	8	9	18	20	25	26	27	33	38	39	41	44	46	50	52	60	65	69	94	97	113	135	151	
52	32
0	1	6	8	10	13	15	19	20	22	34	39	46	49	50	55	60	66	67	69	70	73	76	79	82	85	87	90	95	129	131	151	
43	29
0	2	3	4	8	12	15	18	25	26	32	33	34	38	39	44	47	58	60	67	68	69	70	79	82	94	97	130	151	
48	32
2	7	8	11	15	19	20	25	27	33	38	40	41	44	46	47	50	53	58	62	65	69	70	74	76	79	80	82	90	96	97	151	
45	28
0	3	4	5	6	10	11	13	15	20	24	27	32	33	40	53	56	60	64	71	74	82	95	96	129	130	131	135	
44	31
0	1	3	5	7	8	16	17	20	22	25	30	38	40	44	46	47	49	50	56	60	62	63	67	68	79	81	94	95	97	131	
39	30
0	4	5	6	7	8	11	12	14	16	18	20	25	27	29	33	39	40	43	44	46	51	52	60	62	70	71	79	96	130	
42	29
0	2	3	4	6	10	12	15	16	18	22	32	33	38	39	44	47	50	52	53	60	68	69	70	77	79	83	129	151	
37	28
0	1	2	3	4	6	7	12	15	20	24	25	27	28	30	33	38	40	50	52	64	74	76	77	79	87	94	97	
48	30
0	2	10	11	13	18	20	25	33	34	38	40	43	44	50	53	56	58	63	65	68	69	70	76	79	80	87	129	131	135	
44	30
0	5	6	7	8	10	13	16	20	25	27	30	33	39	43	46	50	52	55	60	64	65	74	76	77	80	83	94	95	135	
44	32
0	4	6	8	9	11	12	14	17	18	20	30	32	33	34	38	39	44	46	49	51	52	53	55	58	65	68	70	80	83	90	135	
43	30
0	1	2	6	7	10	11	16	20	25	30	32	33	39	41	43	44	51	52	53	60	64	67	70	71	74	76	79	95	130	
42	29
0	1	2	3	4	5	7	8	13	15	19	30	32	33	44	46	49	51	52	56	58	67	68	70	79	82	97	131	135	
41	29
0	2	3	4	6	8	11	15	16	17	18	19	30	33	34	40	41	44	49	51	60	64	66	79	94	96	113	130	135	
46	29
3	4	5	6	7	11	12	15	16	18	19	20	39	44	46	56	60	62	64	67	71	74	79	81	82	96	123	131	151	
48	31
2	3	4	7	10	11	12	15	17	19	20	23	30	38	39	44	56	64	67	70	73	74	76	77	79	82	83	94	97	113	131	
46	32
0	6	8	10	11	12	15	19	22	23	29	32	33	34	40	41	43	46	49	52	60	66	68	69	70	74	79	80	90	94	96	135	
43	31
0	2	4	5	6	8	9	12	13	17	18	20	25	26	28	33	34	38	40	43	44	50	53	55	60	66	68	87	113	135	151	
43	29
0	1	2	4	6	8	9	13	15	18	25	33	38	41	44	46	49	50	52	62	69	70	74	76	79	82	130	131	135	
48	31
3	7	9	13	14	20	23	30	33	34	38	39	40	41	49	51	53	63	64	66	67	71	76	79	80	81	82	94	97	113	131	
42	31
0	1	4	5	6	8	9	11	12	13	15	20	24	25	33	34	40	41	44	50	53	56	58	60	70	77	79	80	82	94	96	
47	33
2	4	7	8	9	10	12	15	18	19	20	30	33	38	40	43	44	46	49	50	51	60	63	68	70	71	83	87	90	94	96	131	135	
43	30
2	6	7	8	9	10	11	12	13	14	20	22	23	28	30	41	44	50	52	58	68	70	76	79	80	82	83	90	94	131	
42	30
0	2	3	4	5	6	7	8	9	11	12	14	15	16	18	20	34	39	44	49	52	53	58	69	70	73	94	97	131	132	
48	31
2	3	4	6	12	17	18	19	25	26	32	34	38	40	41	44	46	47	50	53	55	60	77	79	82	83	119	130	131	135	151	
49	31
0	1	10	12	15	18	20	25	29	32	34	38	46	49	50	52	56	60	61	64	67	68	70	73	76	80	81	85	97	131	135	
40	28
0	2	8	11	12	17	18	19	20	29	33	34	38	39	44	49	50	52	56	60	64	70	79	80	82	83	97	151	
40	29
1	4	6	10	11	12	13	14	15	20	27	30	32	33	40	43	44	49	50	58	63	64	68	69	70	79	95	96	135	
43	29
1	2	3	4	11	12	15	16	18	20	26	33	38	39	44	46	47	52	56	67	70	73	74	76	82	94	97	131	151	
46	30
0	2	3	5	6	8	16	17	19	20	28	33	39	40	46	50	52	55	56	60	63	64	67	68	70	77	79	87	135	151	
43	29
2	4	6	8	9	13	16	18	20	22	25	28	34	39	40	41	47	53	58	66	70	71	74	76	77	79	82	130	131	
41	31
2	3	5	6	7	8	10	11	14	15	17	18	20	29	30	32	33	38	40	44	46	49	60	64	74	79	82	85	87	94	131	
43	30
4	8	10	12	13	17	18	19	22	24	27	28	30	39	41	43	44	46	47	49	53	55	56	60	66	70	97	130	131	135	
45	28
0	3	6	7	9	11	15	20	22	26	32	44	46	47	53	64	65	66	67	71	74	79	83	90	95	113	131	151	
40	29
0	2	3	6	8	10	12	15	16	18	19	20	28	32	33	40	41	44	49	53	60	63	64	66	70	80	94	96	135	
48	31
1	3	4	8	9	10	11	17	18	20	24	26	40	44	49	50	58	60	67	68	69	70	71	74	76	82	90	94	97	129	135	
42	29
0	1	2	3	4	5	8	15	18	20	25	29	33	34	38	41	44	47	51	52	58	60	66	68	69	70	123	135	151	
43	28
0	2	3	4	6	11	13	14	17	18	25	41	44	46	49	50	51	56	58	60	64	68	70	79	130	131	132	135	
43	32
0	3	4	5	6	10	12	14	15	16	18	19	24	32	33	38	40	41	43	44	47	50	56	60	64	67	69	70	76	79	83	151	
43	29
4	6	7	8	12	13	16	19	24	25	26	27	28	39	41	43	44	52	58	60	67	69	70	73	76	79	81	131	151	
47	31
0	1	6	7	11	15	16	19	26	29	33	39	41	44	46	50	52	56	60	62	66	67	68	70	71	74	79	81	82	95	151	
40	28
0	1	2	4	8	12	13	18	19	20	25	27	28	33	38	41	43	44	50	53	60	63	64	69	79	130	135	151	
50	30
0	1	3	4	6	8	9	10	20	26	27	30	33	39	41	53	55	69	70	74	76	82	83	90	97	123	129	131	132	135	
38	28
1	3	4	8	9	11	12	14	15	18	20	32	33	40	41	46	49	50	52	55	62	63	66	68	69	76	79	94	
45	29
0	2	3	4	5	6	9	10	11	15	18	20	40	44	46	50	52	58	60	64	67	68	69	76	79	82	131	135	151	
46	30
0	3	4	6	10	11	13	15	17	28	34	38	40	44	50	51	53	55	56	58	66	68	69	73	76	80	94	97	113	135	
45	30
0	2	4	6	7	8	10	11	12	13	15	18	20	32	33	41	44	50	62	63	68	69	74	76	79	80	83	130	131	151	
44	30
0	2	3	4	5	6	7	10	11	12	16	18	19	20	33	34	40	46	50	55	60	63	67	70	74	76	83	130	131	151	
50	33
0	2	3	6	7	10	11	12	16	18	19	28	33	39	40	43	44	47	50	56	61	63	65	70	77	79	80	82	83	87	131	135	151	
47	29
4	5	6	7	8	10	13	16	17	23	30	40	43	44	49	53	58	60	64	69	70	73	82	83	90	129	131	135	151	
43	31
0	3	5	6	8	16	17	19	20	23	25	26	30	33	39	40	46	47	49	51	56	60	63	64	67	68	79	83	85	90	151	
45	31
0	1	2	3	4	9	10	11	12	13	16	18	19	26	29	33	41	47	50	51	52	55	56	70	76	79	82	94	130	131	151	
44	29
0	4	6	11	12	17	18	19	26	27	38	40	41	44	46	49	50	52	53	58	60	65	66	74	79	94	113	135	151	
43	30
2	3	6	7	8	9	10	12	13	15	17	18	19	26	41	44	46	50	52	55	56	60	64	70	74	76	80	81	82	113	
46	30
1	2	3	4	6	8	10	12	18	19	25	26	34	39	41	44	47	49	52	53	60	64	70	79	80	82	130	131	135	151	
40	30
0	3	4	7	9	11	13	16	17	18	24	25	26	27	28	32	33	38	40	44	50	53	60	63	65	69	80	81	82	135	
44	31
3	6	10	12	13	15	17	18	19	24	28	30	32	33	34	38	40	46	47	49	53	69	70	71	74	76	81	90	95	131	135	
42	28
0	4	5	6	7	8	12	13	18	19	20	23	28	40	44	46	50	60	66	68	70	74	76	90	95	113	131	151	
48	29
0	1	4	6	7	8	15	18	25	27	29	33	46	49	52	60	61	64	65	76	79	82	85	94	95	113	129	131	151	
44	29
0	1	3	5	6	7	11	18	19	24	28	30	33	34	40	46	49	51	58	64	66	70	74	76	79	83	132	135	168	
42	30
0	1	2	3	4	5	6	7	8	10	19	20	26	29	33	34	40	46	50	60	62	67	68	70	76	82	90	96	97	151	
44	28
3	4	7	11	13	14	16	18	25	27	32	33	38	40	46	56	58	60	63	66	67	70	74	79	82	130	131	135	
47	31
0	1	5	8	10	11	12	17	18	19	25	29	32	40	41	44	46	50	52	53	58	60	63	69	70	79	82	85	119	130	131	
45	29
2	3	4	6	7	8	17	18	24	26	32	43	44	46	47	49	50	52	55	60	64	68	80	82	96	129	131	132	135	
44	29
0	4	5	6	7	8	9	10	11	13	20	25	29	32	33	40	52	53	60	67	69	70	71	80	82	85	96	130	135	
45	31
0	1	3	4	5	7	10	13	15	20	32	33	38	39	44	47	49	51	56	58	64	66	68	69	70	77	83	90	94	96	151	
42	29
1	2	3	4	5	6	13	15	19	20	32	33	34	38	40	44	49	51	52	53	60	63	68	70	71	85	90	123	135	
41	29
0	2	4	7	8	10	12	13	14	18	25	27	30	33	38	41	43	44	47	52	60	70	74	79	83	85	94	130	135	
44	30
0	1	2	5	6	7	10	11	12	13	15	16	17	19	20	22	41	44	50	53	56	58	68	73	76	79	81	131	132	135	
42	29
3	6	10	11	13	14	18	19	20	23	28	32	34	39	40	46	47	49	50	53	58	60	76	79	96	97	113	131	151	
41	27
0	1	3	4	10	11	15	20	25	27	33	38	40	49	50	53	58	60	67	74	82	83	94	96	97	113	131	
41	28
0	1	4	6	11	12	13	16	18	19	27	28	30	38	40	44	46	49	53	60	68	69	70	76	90	113	135	151	
38	27
0	1	4	6	11	12	13	15	17	19	20	25	30	33	34	38	40	44	53	68	76	82	83	94	97	135	151	
42	30
0	1	2	4	6	7	8	12	14	15	18	20	25	33	34	44	46	49	50	51	63	68	69	74	80	83	90	97	129	131	
42	31
0	2	3	6	8	9	11	12	16	20	22	25	26	27	33	38	39	40	46	49	58	60	68	69	70	76	79	80	82	83	94	
45	28
0	3	4	7	8	10	11	13	17	18	19	25	27	32	40	50	52	60	63	68	69	79	94	96	113	131	135	168	
48	32
1	2	4	12	15	17	18	22	24	26	28	30	33	39	40	44	46	47	52	53	61	69	70	77	79	81	82	87	94	97	135	151	
36	29
2	8	10	11	12	13	15	18	19	20	22	26	27	29	30	33	38	39	41	44	49	51	52	56	58	70	79	82	83	
45	29
0	1	7	8	10	11	15	17	18	19	29	33	38	44	46	49	52	63	64	79	81	82	87	90	95	97	113	131	135	
46	30
0	2	4	6	7	8	10	13	15	16	18	20	24	27	33	44	50	55	60	66	68	70	71	74	82	94	96	130	131	151	
48	32
3	4	5	6	10	11	18	25	28	32	33	38	40	43	44	50	51	52	55	56	60	64	67	68	69	76	80	82	94	96	97	129	
40	29
1	2	3	6	7	11	12	13	14	15	18	19	23	25	26	30	44	46	49	53	58	64	66	70	79	82	83	97	131	
47	31
0	1	2	4	10	15	18	19	20	24	30	34	40	41	44	46	47	51	52	67	69	70	74	76	79	80	81	82	130	131	135	
46	30
0	2	3	4	8	9	10	14	15	25	28	29	33	40	44	50	60	67	68	69	70	81	82	83	90	94	96	97	129	151	
41	29
0	6	8	10	11	12	13	15	19	20	22	23	33	40	41	43	44	49	56	58	60	64	70	76	79	82	94	97	131	
39	29
0	1	2	4	7	8	10	11	12	16	18	19	20	24	33	34	38	40	46	49	50	56	60	70	71	73	85	135	151	
46	30
0	2	6	7	8	9	10	13	20	24	29	33	34	38	39	46	55	65	68	70	71	74	79	80	81	87	90	96	131	135	
48	30
0	1	4	6	7	8	10	11	15	17	20	29	44	46	50	53	61	62	63	64	67	68	74	76	79	94	96	113	131	151	
42	28
0	3	4	6	8	10	13	15	17	18	20	30	32	33	40	47	55	60	66	67	68	70	76	79	87	94	135	151	
49	32
4	6	8	9	10	15	17	18	22	25	32	33	39	40	44	47	49	50	53	56	58	60	70	80	82	83	94	96	97	129	135	151	
42	31
0	2	3	4	6	10	11	13	16	18	23	25	28	29	32	33	38	40	46	50	51	53	60	63	68	70	73	76	79	82	135	
50	31
0	1	4	6	7	8	10	13	16	20	23	34	41	44	46	47	53	56	58	60	70	71	83	87	94	96	97	123	131	135	151	
42	30
0	2	4	6	7	10	11	12	18	19	20	22	29	33	34	39	40	44	46	50	60	63	64	68	79	95	96	97	113	151	
45	32
1	3	5	6	7	8	10	11	12	13	16	20	26	27	30	32	33	40	41	44	50	56	60	77	80	81	82	90	94	96	130	135	
46	29
2	3	6	11	12	15	19	25	32	33	38	41	44	46	49	50	53	55	56	63	79	80	82	83	97	113	132	135	151	
48	31
2	8	13	16	18	19	22	25	27	28	30	33	40	41	44	50	52	53	60	61	64	67	70	76	79	81	82	90	95	135	151	
40	28
0	2	4	6	8	9	10	11	17	18	26	33	39	44	47	49	51	52	58	60	64	70	74	76	79	82	95	135	
44	31
0	3	7	10	11	12	13	17	18	20	22	25	26	30	32	33	34	38	39	44	49	52	53	56	60	68	81	94	113	131	151	
45	28
0	3	4	5	8	9	18	19	25	28	40	41	44	50	52	53	58	61	66	70	76	83	95	96	97	113	131	132	
44	29
0	4	8	10	13	15	18	20	22	25	38	39	40	41	44	49	58	60	66	68	69	70	76	79	83	95	97	131	135	
41	28
2	3	6	7	9	10	11	12	13	14	18	20	23	29	30	39	46	49	52	53	70	79	83	85	96	119	130	131	
48	30
2	5	7	8	9	16	17	19	20	25	28	34	38	41	49	50	55	58	60	69	71	76	80	81	82	85	96	135	151	168	
40	28
0	1	2	3	6	7	8	10	11	12	15	17	19	24	33	39	46	52	55	60	64	70	76	79	81	94	97	151	
45	30
0	3	8	10	19	20	24	25	26	30	32	34	40	47	49	50	51	52	55	60	62	65	69	70	71	79	83	96	131	151	
44	31
0	4	6	8	9	10	11	15	16	18	19	22	24	29	30	33	43	44	46	49	50	60	61	67	69	70	79	95	130	131	135	
43	29
0	2	4	6	7	10	11	13	15	17	18	19	23	29	32	34	44	46	49	53	65	69	71	74	85	113	131	135	151	
45	31
0	2	3	4	5	6	8	9	11	12	14	16	17	18	19	33	40	44	49	56	67	68	71	73	74	79	81	82	90	135	151	
47	29
2	3	4	11	13	15	18	20	24	25	26	29	40	44	47	53	55	58	60	68	69	73	82	90	96	130	131	132	135	
41	30
0	2	4	5	6	7	8	11	13	15	17	18	20	32	33	34	38	40	41	44	53	60	63	73	74	76	80	83	95	135	
42	30
0	1	4	6	7	11	15	17	19	20	25	28	30	33	38	39	44	47	51	53	56	77	79	80	81	82	94	95	97	119	
43	31
0	3	4	5	6	7	8	11	15	18	22	24	25	26	28	30	32	39	43	44	47	51	53	60	62	70	76	94	130	131	135	
51	32
0	3	4	15	18	20	24	25	29	32	33	34	38	43	44	47	50	51	52	53	62	68	80	81	82	94	96	97	113	119	151	168	
42	28
0	1	3	4	7	8	10	11	13	15	17	18	25	33	38	44	46	50	53	63	68	79	94	97	113	130	131	135	
48	30
3	4	6	7	10	11	14	19	25	27	28	34	38	39	43	49	52	53	58	60	65	67	70	76	87	97	113	131	132	135	
42	28
2	3	5	8	11	19	20	23	26	27	40	41	44	47	50	52	53	60	64	67	70	74	76	79	81	82	90	131	
47	33
3	5	6	7	8	9	10	11	18	19	22	26	30	32	33	34	43	44	46	51	56	60	63	69	74	76	79	80	81	82	94	96	135	
45	29
0	4	7	8	11	12	18	20	22	25	33	34	38	40	44	50	55	60	65	66	67	69	74	85	94	97	123	135	151	
39	28
0	1	2	3	4	6	7	8	10	11	12	15	18	26	33	41	44	46	50	53	60	63	66	79	94	97	130	135	
43	30
1	2	3	4	8	10	11	12	15	18	20	26	29	30	33	34	39	46	49	56	64	66	68	70	79	87	94	95	130	151	
44	28
2	3	4	6	8	10	15	18	26	41	43	44	49	50	51	52	53	58	60	64	70	74	81	82	93	129	135	151	
48	32
0	2	3	4	6	10	11	12	14	15	16	18	26	29	32	33	39	40	41	43	44	50	65	74	79	81	96	113	129	131	135	168	
40	29
0	2	3	4	6	7	8	10	12	13	14	15	16	20	24	27	30	33	39	41	53	63	64	69	70	76	79	131	151	
46	31
0	2	3	5	6	7	8	12	14	16	18	20	32	34	39	41	44	49	50	53	60	63	64	66	70	79	82	95	130	131	151	
41	28
1	2	3	4	6	7	18	19	25	26	27	33	34	40	41	46	49	52	56	60	68	71	77	79	82	87	130	135	
49	31
6	8	9	10	11	17	18	19	22	24	26	29	33	40	43	44	47	52	56	61	64	69	70	74	79	82	94	113	129	131	135	
39	29
0	1	2	4	5	6	7	8	11	12	15	19	20	29	33	40	44	46	47	49	50	52	60	64	70	94	97	113	131	
45	32
1	2	4	8	9	10	11	12	18	19	26	29	30	32	33	34	39	44	46	49	50	52	56	60	69	76	79	80	87	94	113	135	
50	31
0	2	3	4	7	8	11	12	19	22	27	28	40	44	47	49	60	63	64	66	67	70	80	81	85	87	97	129	131	132	135	
45	32
1	2	3	5	6	8	9	13	15	18	19	22	32	33	34	38	40	44	46	51	52	56	60	67	68	70	73	74	79	81	90	135	
47	31
3	7	9	11	13	14	15	17	18	20	23	33	39	40	41	46	47	51	52	56	63	68	70	79	80	82	90	97	113	131	135	
44	31
0	2	3	4	6	9	10	11	12	15	16	18	33	34	38	44	46	47	49	50	56	58	70	74	79	80	83	94	97	130	135	
46	31
1	2	3	4	5	7	8	9	12	13	15	18	19	32	33	34	38	49	52	55	60	63	64	66	67	69	76	79	80	130	151	
43	30
0	1	2	5	6	8	15	18	19	20	25	29	32	33	34	39	44	47	49	50	52	58	69	74	79	82	94	123	129	132	
43	29
2	4	8	10	11	12	13	19	20	26	33	38	40	41	44	49	50	52	53	56	69	70	74	80	83	90	94	130	151	
39	26
0	1	2	4	5	6	8	10	13	16	20	28	41	44	50	51	53	64	66	69	70	74	93	129	130	131	
43	28
0	1	2	4	6	7	8	10	17	20	28	29	34	40	44	50	60	64	67	70	74	76	82	94	97	129	130	131	
48	29
3	4	5	6	7	8	10	11	12	13	15	16	32	41	49	53	56	60	67	70	71	79	82	85	94	123	135	151	168	
42	30
0	1	3	6	7	8	10	11	13	17	18	20	24	27	30	32	38	40	43	46	52	60	63	76	79	80	82	94	131	135	
48	30
0	8	9	12	13	16	17	18	19	22	33	39	46	49	52	56	65	66	67	69	70	71	73	79	83	94	96	97	113	131	
44	29
0	2	4	7	8	10	14	15	18	19	20	22	27	39	43	47	50	56	60	64	68	69	76	79	80	82	113	131	151	
40	28
2	3	4	15	18	25	27	28	29	33	34	38	39	40	46	47	49	58	68	69	70	74	76	79	82	87	97	151	
44	31
5	10	11	12	13	15	16	17	18	20	29	30	33	38	39	44	46	49	50	52	56	58	60	63	69	74	82	83	94	97	131	
46	29
0	1	4	6	7	8	10	11	13	17	18	20	32	40	44	49	50	53	60	64	68	70	79	83	95	130	131	135	168	
41	28
0	4	8	9	13	15	18	25	26	32	38	40	43	44	46	49	50	52	60	66	68	74	76	79	94	95	113	151	
49	33
1	2	6	8	10	11	13	14	16	17	19	25	28	30	40	41	44	46	49	51	53	55	60	62	63	64	70	82	87	95	130	131	135	
44	29
0	4	5	6	8	10	11	12	13	20	33	34	40	44	49	51	53	56	58	68	69	70	80	90	94	95	97	131	135	
43	29
0	1	3	6	7	8	10	11	14	15	20	23	33	39	40	46	49	52	53	60	70	76	79	82	87	90	94	113	135	
44	29
0	1	2	4	8	11	12	13	17	18	27	33	44	47	49	52	53	56	58	64	66	70	71	77	80	82	90	94	131	
44	31
1	2	3	4	5	8	10	11	12	13	15	16	17	18	33	40	44	47	49	51	53	58	70	79	81	82	83	85	94	130	135	
45	28
0	1	3	6	8	9	11	13	16	27	33	34	44	50	56	60	65	67	70	74	79	80	81	82	94	119	129	135	
42	29
0	2	6	7	8	9	10	16	17	19	20	25	28	33	40	46	50	51	60	65	67	68	71	74	77	82	96	130	131	
40	29
0	1	2	4	6	7	10	11	12	14	15	16	18	19	26	33	44	49	50	56	63	64	69	74	76	79	82	83	151	
40	27
0	3	4	6	7	9	11	15	16	22	34	38	44	46	52	58	60	63	64	66	67	71	74	76	79	82	83	
45	32
1	2	4	6	7	8	10	11	12	14	15	16	19	20	25	27	33	38	44	46	49	50	63	68	70	73	74	80	81	90	151	168	
40	30
2	3	4	6	7	8	10	12	15	20	23	25	29	30	32	33	40	41	43	47	49	60	64	70	76	79	87	96	97	131	
43	31
0	4	5	6	7	10	16	18	20	25	29	33	34	41	43	44	47	49	50	53	56	58	60	68	74	77	79	80	82	87	96	
45	30
1	2	7	8	10	11	15	16	20	24	26	27	30	33	43	44	49	50	51	55	56	60	69	70	82	94	113	123	131	135	
46	32
0	4	5	6	7	8	9	10	12	16	19	24	25	28	33	40	41	44	47	50	51	58	60	64	67	70	77	82	95	131	135	151	
43	30
0	4	5	6	7	10	13	15	16	17	20	24	30	33	34	39	40	44	58	60	64	70	71	73	74	79	82	85	94	135	
40	30
0	2	3	4	6	7	9	10	12	13	16	18	29	33	34	39	40	41	46	47	50	52	55	56	67	70	74	79	97	135	
38	29
0	1	4	7	8	9	10	12	13	14	15	16	18	24	30	32	33	40	44	49	51	53	69	70	73	74	79	82	135	
47	30
0	1	4	6	7	8	10	15	18	24	25	30	33	39	41	46	52	56	60	64	67	70	73	74	79	82	85	131	135	151	
46	31
0	2	4	6	8	11	12	15	18	19	20	22	28	33	46	47	50	51	53	55	60	63	66	67	68	79	82	95	96	130	151	
48	30
3	4	6	7	11	15	18	20	26	29	39	43	44	46	47	51	58	60	63	68	74	76	79	81	90	95	113	131	135	151	
39	30
0	1	2	3	4	7	9	11	12	14	17	18	19	20	25	27	30	33	40	44	46	47	60	64	68	79	82	83	87	129	
41	30
3	4	6	7	8	10	11	12	13	14	17	18	19	20	26	30	34	38	39	41	55	60	64	70	74	76	79	96	97	131	
44	30
2	3	6	7	8	10	15	16	18	19	27	30	39	40	44	46	49	53	60	63	64	66	70	71	74	82	83	94	97	131	
43	29
0	3	4	6	7	11	12	16	18	19	20	30	33	34	40	44	47	58	60	66	67	68	70	79	81	87	94	130	135	
47	31
3	4	6	10	11	12	13	15	20	24	25	38	40	41	44	49	51	53	56	58	64	70	71	74	81	83	90	94	97	113	151	
48	30
1	2	4	7	9	10	11	13	15	18	20	38	39	47	50	51	56	64	69	70	74	77	79	80	82	85	97	113	123	168	
46	30
0	1	3	4	5	7	15	16	18	19	23	28	40	41	44	47	52	53	62	70	71	74	76	79	81	82	83	97	113	135	
46	30
2	3	4	8	17	18	20	25	26	27	28	38	40	44	46	49	50	56	58	60	62	68	71	73	76	82	97	130	135	151	
50	32
2	3	5	7	8	10	14	16	18	20	24	32	41	43	44	47	50	51	53	63	70	74	77	80	81	82	95	96	113	130	131	151	
39	29
1	2	3	4	6	7	8	9	10	15	16	18	20	22	25	33	39	41	44	47	49	52	68	74	79	81	82	131	151	
48	31
1	2	4	6	7	8	10	12	15	18	20	27	30	44	46	47	49	50	60	62	63	66	69	70	80	82	97	130	131	135	151	
46	31
1	3	6	7	8	9	10	13	15	18	20	32	33	38	39	40	41	46	52	53	60	67	70	71	76	77	79	82	83	131	151	
48	32
0	1	3	5	7	10	15	16	17	23	25	30	33	34	38	40	49	51	53	60	64	67	68	70	74	76	80	82	90	97	129	135	
44	30
0	6	8	10	11	14	15	16	17	19	20	25	27	30	33	39	43	44	49	50	63	67	79	82	94	96	130	132	135	151	
39	31
2	3	4	6	7	8	12	13	15	16	17	18	20	25	26	28	32	33	43	44	47	49	50	53	56	60	64	68	70	79	82	
42	30
1	2	6	8	10	11	12	13	17	18	19	20	25	30	34	40	44	46	49	64	67	70	74	76	79	80	82	83	95	131	
41	29
0	1	3	4	5	7	8	9	10	11	12	15	16	20	22	29	43	44	47	53	56	58	67	70	82	83	97	131	135	
39	27
0	1	2	4	7	9	10	11	13	15	18	23	24	25	27	28	38	44	51	53	58	79	82	113	131	135	151	
45	31
0	1	2	3	4	6	8	12	14	15	16	18	19	20	33	40	41	44	49	50	52	58	60	64	66	80	83	90	129	131	135	
43	28
0	2	4	5	6	8	10	13	17	18	19	25	34	40	43	44	52	53	60	64	68	70	76	82	97	131	135	151	
37	29
0	2	4	6	8	10	11	12	14	15	18	19	20	28	29	33	34	38	39	44	46	50	58	60	65	68	70	80	135	
42	28
2	3	5	6	7	11	12	14	20	33	40	41	43	44	46	47	52	60	63	64	66	68	79	83	95	97	130	151	
41	27
0	2	3	4	9	12	13	17	26	27	33	34	40	44	49	50	52	55	60	64	69	70	79	97	129	131	135	
42	30
0	2	3	6	10	16	18	19	24	25	27	34	38	39	40	44	46	49	50	51	52	60	63	64	76	82	83	94	131	135	
44	30
0	1	3	4	5	7	10	13	18	25	26	32	33	34	38	49	50	53	56	64	65	69	70	74	76	80	81	82	96	135	
44	29
0	1	3	4	5	10	15	23	25	33	40	41	44	46	47	51	56	66	67	71	77	79	83	93	94	96	97	113	135	
47	31
1	2	6	8	12	13	17	18	19	25	28	32	33	38	41	44	47	49	50	51	58	63	70	74	79	80	94	130	131	135	168	
42	28
0	3	4	5	8	11	14	15	17	20	33	34	44	47	49	50	52	53	56	61	64	70	82	83	85	97	128	131	
46	31
2	3	5	6	8	10	13	17	19	25	28	29	30	32	33	38	40	44	46	60	67	68	70	74	79	82	85	96	130	131	135	
39	30
1	2	3	6	8	10	11	12	15	17	18	19	20	25	30	32	33	38	39	40	46	49	67	74	76	77	79	82	96	131	
47	31
1	2	5	7	11	12	15	18	19	25	26	30	32	44	46	50	51	56	66	67	70	71	74	76	79	82	83	95	97	113	123	
43	31
5	6	7	9	10	11	12	15	16	17	18	19	20	22	24	29	33	34	47	49	52	56	66	70	71	74	82	87	94	95	129	
43	29
2	5	6	7	8	10	12	13	15	16	20	25	32	43	44	46	49	53	60	64	69	70	71	74	79	80	95	131	151	
43	29
1	3	4	6	7	9	11	12	13	14	15	17	18	33	43	49	50	60	67	69	70	74	76	79	82	90	95	113	151	
41	30
0	4	5	6	7	9	10	11	12	15	16	18	19	20	24	25	33	34	39	40	44	52	60	70	76	79	80	95	131	151	
43	29
1	2	3	4	6	8	12	13	15	17	20	27	32	33	34	38	40	49	56	60	70	71	73	79	82	94	97	135	168	
41	29
0	3	4	5	7	8	10	11	14	17	20	25	33	38	39	41	47	50	53	55	56	67	70	80	83	90	96	97	113	
41	28
4	5	7	10	12	13	15	18	22	25	27	38	39	43	46	47	49	53	58	64	69	70	76	82	95	97	131	135	
47	31
4	6	7	9	10	11	12	13	18	24	25	29	30	33	38	40	44	46	49	53	60	62	67	69	87	94	95	129	132	135	151	
41	29
0	1	2	4	5	9	11	15	16	22	33	34	40	44	47	49	50	51	55	64	66	69	70	71	74	79	83	95	151	
47	31
0	1	2	3	5	6	7	9	10	11	12	15	20	27	28	33	40	47	50	53	58	63	68	70	76	79	96	128	130	131	151	
48	32
0	3	4	6	7	8	9	10	12	18	24	25	30	33	40	44	50	55	58	60	64	69	70	71	73	74	76	82	90	96	97	130	
49	32
3	6	7	10	11	12	14	16	19	20	28	32	33	38	40	41	43	49	52	53	56	64	67	68	71	79	80	81	94	123	130	131	
46	32
1	2	3	9	10	11	12	13	18	19	25	28	33	43	44	46	47	49	50	53	63	66	68	70	74	80	81	82	87	90	94	130	
41	28
0	2	4	5	6	7	8	11	15	18	19	20	25	26	44	49	51	52	53	58	60	66	82	90	93	94	131	135	
44	30
0	2	4	6	7	8	11	12	17	18	19	22	32	33	39	41	46	51	52	55	60	68	69	70	76	79	83	94	135	151	
42	30
0	2	4	6	7	8	9	15	17	18	19	20	25	28	33	34	44	46	50	51	56	60	64	69	70	74	83	97	131	135	
49	31
0	2	6	9	11	15	17	18	19	20	34	38	39	43	44	50	52	53	56	58	60	63	70	76	79	94	95	97	131	135	151	
41	31
2	3	4	6	8	9	11	13	15	16	19	20	24	25	33	38	39	40	44	46	47	49	50	70	73	74	77	80	94	113	151	
50	31
0	1	3	4	6	10	11	15	18	19	33	43	44	50	52	53	55	56	58	65	68	69	73	76	79	81	82	85	97	129	130	
42	30
1	3	6	8	10	11	12	13	15	16	18	19	20	29	30	33	40	46	47	49	60	66	67	74	83	85	90	96	131	135	
45	30
0	1	2	4	6	7	8	9	12	15	16	20	24	27	29	34	44	52	53	58	60	66	69	70	71	74	79	94	131	135	
44	29
0	2	3	4	9	10	12	13	15	16	18	23	27	34	38	49	53	55	56	58	60	64	67	69	70	79	82	131	135	
49	29
0	2	4	5	6	8	10	15	16	40	41	44	50	55	58	60	63	67	69	79	80	81	82	83	96	130	131	132	151	
42	30
0	2	4	5	7	8	9	10	12	13	15	16	18	19	20	25	28	38	41	44	50	53	60	82	83	90	94	131	135	151	
40	28
0	5	6	8	10	11	13	15	18	19	24	38	44	46	47	50	51	52	58	66	67	71	76	79	82	83	85	131	
47	31
0	4	6	10	11	13	14	15	18	20	23	24	39	41	44	47	53	56	60	64	65	67	71	73	74	81	82	83	94	97	151	
41	29
0	2	3	6	7	8	10	11	16	17	18	19	27	32	33	40	44	46	52	55	60	70	76	77	79	81	82	83	135	
42	30
0	2	4	6	7	8	9	11	12	14	15	18	20	24	30	39	44	46	47	50	51	52	68	76	82	83	90	129	131	151	
43	30
1	3	4	5	6	7	8	10	11	14	15	17	20	25	28	33	38	40	44	52	53	68	73	74	76	79	83	97	113	135	
47	30
0	1	2	3	5	7	10	12	13	14	16	23	25	26	27	34	46	50	52	55	60	69	70	76	82	113	129	130	131	151	
40	27
0	1	4	7	8	9	10	11	12	15	25	28	38	43	50	53	55	56	68	69	70	71	74	85	94	97	151	
40	29
0	1	2	3	9	10	11	12	17	18	19	20	30	33	34	40	41	46	49	60	63	64	66	70	79	82	83	96	132	
47	31
2	8	12	20	25	30	32	33	38	39	41	43	44	47	49	51	52	56	61	63	66	68	70	74	77	79	80	90	94	96	130	
47	31
1	3	6	7	10	11	12	14	15	17	18	19	23	26	29	34	50	52	58	62	69	70	76	79	80	82	83	95	97	130	131	
44	29
0	4	5	6	11	14	16	25	30	34	40	44	46	49	50	51	53	55	60	64	66	68	69	76	79	83	94	130	131	
45	31
1	2	3	7	8	12	13	18	19	20	22	26	33	34	39	41	44	49	51	56	58	60	66	68	70	76	79	81	82	131	132	
41	28
3	5	6	8	10	11	18	19	25	29	30	32	33	34	40	44	46	52	56	60	68	70	76	79	81	82	131	135	
43	29
0	10	11	12	13	16	18	19	24	32	34	38	40	44	49	50	52	55	56	60	70	71	76	79	82	83	87	94	151	
44	30
0	1	2	4	6	7	11	12	13	15	16	18	19	20	30	40	43	44	46	65	74	76	79	81	82	83	97	113	119	135	
41	30
0	2	6	10	11	13	15	16	17	18	19	20	25	28	33	34	38	40	44	49	51	53	56	70	71	77	82	94	113	135	
44	30
1	2	3	6	7	8	9	10	16	17	20	24	25	34	38	40	44	47	51	52	60	68	74	76	80	85	94	113	135	151	
47	32
1	5	7	8	10	11	13	15	16	17	23	24	25	30	32	33	34	43	46	49	50	60	61	70	76	80	87	95	113	129	132	135	
42	30
0	4	5	8	9	10	11	14	16	18	19	20	24	25	26	32	33	34	39	44	49	52	63	68	71	79	82	113	135	151	
41	31
0	1	4	5	6	11	15	16	20	22	25	27	33	34	40	41	43	44	49	50	51	52	60	68	71	73	82	85	94	95	96	
41	28
0	3	4	6	7	11	13	17	18	27	30	32	33	34	40	44	56	58	60	64	65	66	76	79	82	94	95	130	
43	30
0	4	6	7	8	11	12	15	16	20	24	26	29	30	32	46	47	49	52	53	56	60	63	66	71	79	80	83	85	135	
46	29
0	2	10	11	13	14	16	18	20	23	27	38	39	49	50	60	65	66	69	71	74	76	81	82	85	94	113	135	151	
46	30
0	2	3	4	5	6	7	10	11	12	17	18	19	44	46	49	52	53	56	60	63	64	69	76	79	94	95	96	131	135	
45	29
2	4	7	8	9	12	15	17	18	20	34	38	39	44	46	47	49	52	53	58	63	64	68	70	83	113	130	135	151	
39	30
0	2	3	4	5	6	11	13	15	18	19	20	29	33	38	40	44	46	47	49	50	51	52	55	58	60	70	96	97	151	
47	30
0	2	3	5	6	7	10	13	16	17	25	30	33	38	39	41	50	55	56	58	60	64	68	74	82	83	123	129	131	135	
44	30
3	4	6	7	11	15	17	19	20	22	25	26	40	41	44	46	47	49	51	60	62	63	64	79	82	87	97	131	135	151	
53	29
0	1	3	4	10	11	15	33	44	49	52	53	56	63	64	67	70	71	74	79	80	83	90	96	97	113	129	131	168	
41	30
0	3	4	5	6	7	8	10	11	16	17	18	19	30	32	33	40	43	44	46	53	60	61	64	68	76	79	80	94	135	
46	31
1	2	3	4	7	9	12	13	14	15	18	19	25	33	41	43	44	50	51	55	60	65	70	73	77	79	82	90	130	135	151	
46	28
1	3	4	6	7	10	11	12	13	19	25	27	33	43	49	52	53	60	64	67	69	71	96	113	130	131	135	151	
39	29
0	2	3	4	5	6	7	8	11	12	13	16	17	19	20	33	39	44	46	49	50	52	55	69	70	74	80	131	151	
45	31
0	2	4	5	7	8	10	12	15	19	20	33	39	41	44	47	49	50	51	56	64	67	69	74	80	81	94	95	96	130	131	
46	31
0	1	4	7	8	11	13	15	17	19	25	26	28	33	40	46	50	51	56	60	64	65	66	67	68	79	93	94	97	130	131	
43	29
0	2	4	6	7	12	13	15	19	20	30	33	34	38	39	41	44	47	56	60	67	68	70	79	83	95	131	132	151	
42	30
0	1	4	7	8	9	10	12	13	14	15	19	20	24	27	30	33	38	44	47	52	56	58	69	74	80	94	97	113	135	
44	31
0	1	3	4	6	11	12	14	15	18	19	23	28	30	33	34	39	40	46	56	60	64	66	67	70	79	82	83	95	97	151	
46	30
0	1	3	7	8	10	11	12	18	20	24	25	30	32	38	39	47	52	55	60	70	71	76	79	81	83	94	130	132	135	
40	28
0	2	5	6	7	8	10	12	16	18	20	22	25	26	27	41	43	44	49	50	52	60	64	70	113	130	132	151	
46	31
2	4	6	10	11	12	13	15	18	19	20	24	26	30	32	39	40	44	47	53	60	64	70	74	79	81	82	95	131	135	151	
52	32
2	3	8	9	10	12	15	18	20	23	32	38	43	47	49	53	58	61	62	64	65	68	69	70	76	77	81	82	83	113	135	151	
42	29
0	2	4	5	6	7	8	12	15	16	19	20	27	34	39	43	44	47	50	60	62	66	69	70	82	95	131	135	151	
43	30
3	8	9	10	13	15	16	17	20	32	33	34	39	40	41	44	46	47	52	58	67	70	74	79	81	82	83	90	94	131	
46	31
4	7	8	10	11	13	18	19	20	26	28	32	33	38	40	41	44	47	56	58	60	63	73	74	76	79	82	83	94	129	131	
42	29
0	3	4	6	10	11	13	15	16	18	19	34	38	40	41	44	46	51	52	55	60	64	67	70	76	79	82	131	135	
45	30
2	3	5	6	7	9	11	12	15	18	20	23	32	44	46	47	50	51	52	53	63	69	70	71	79	82	95	131	135	151	
43	31
0	1	2	4	6	7	8	12	13	15	18	19	20	25	28	30	32	39	40	44	49	53	56	58	71	73	82	94	96	135	151	
44	31
4	5	6	7	9	10	11	12	15	16	17	19	25	29	33	34	41	44	49	50	53	56	60	67	68	73	79	82	95	135	151	
44	30
0	1	2	4	6	8	10	11	12	18	19	20	33	34	40	44	46	49	50	56	70	77	79	80	81	87	97	131	132	151	
43	29
0	1	4	6	7	10	11	12	13	15	18	25	38	40	41	44	46	50	52	63	64	68	69	73	76	97	131	135	151	
40	29
0	4	5	6	7	8	11	15	18	20	25	27	32	33	34	39	40	46	49	50	52	56	60	65	67	68	94	113	151	
44	31
2	3	4	7	8	9	10	11	12	19	20	26	28	33	38	41	44	47	49	50	56	60	67	70	82	83	90	94	96	123	151	
44	30
0	1	3	8	9	15	17	19	20	24	25	26	28	30	33	40	43	46	52	53	56	69	73	74	79	82	94	97	130	135	
45	31
0	1	2	4	8	10	11	12	13	15	18	19	28	33	39	41	44	46	47	50	55	58	60	65	67	81	82	90	131	135	151	
44	30
0	2	3	4	7	13	17	18	25	26	33	34	38	40	46	49	55	58	60	62	63	64	66	67	68	69	70	76	79	82	
46	31
2	8	9	10	11	12	13	19	23	26	27	30	32	33	38	41	44	47	49	52	58	69	70	76	79	80	82	83	131	132	135	
40	27
2	3	4	5	6	7	8	9	14	16	17	18	20	44	46	47	50	52	55	56	60	69	87	97	129	131	132	
44	30
0	3	6	8	10	11	14	16	19	20	23	24	27	30	40	43	44	49	50	53	56	66	70	74	79	80	82	128	131	135	
49	31
2	11	12	14	17	18	20	25	28	30	33	38	40	44	47	50	52	53	60	69	70	76	79	80	82	83	94	95	129	135	151	
43	30
0	1	3	4	6	8	10	11	13	16	18	24	32	33	38	44	46	49	50	52	53	60	62	64	69	79	82	94	135	151	
42	28
0	2	9	11	12	15	16	19	23	26	30	32	33	46	49	50	55	56	61	74	79	80	82	83	94	95	131	151	
42	30
0	2	3	4	5	6	12	17	18	19	20	26	28	30	32	33	39	40	44	46	49	50	63	67	68	71	74	132	135	168	
43	29
0	6	10	11	12	13	15	16	18	19	20	23	33	39	41	44	50	56	60	65	67	70	74	76	79	94	97	131	151	
42	30
0	1	2	4	8	9	11	15	16	18	19	20	22	33	34	40	41	44	50	58	60	67	68	69	73	79	81	82	83	151	
43	29
0	1	2	6	7	8	12	13	15	16	19	27	30	32	34	40	46	47	49	55	56	60	62	70	79	85	113	135	168	
47	31
0	1	3	4	6	7	10	11	12	15	16	18	22	25	30	33	43	46	50	52	68	70	74	87	95	96	97	129	130	131	135	
45	32
0	1	2	4	5	6	7	12	15	16	19	20	26	33	41	43	44	46	50	51	52	58	60	66	70	74	79	81	83	85	94	130	
41	30
0	1	6	7	8	10	11	12	13	14	17	19	20	22	33	38	40	49	50	51	56	60	64	65	67	76	79	94	96	151	
42	28
0	1	2	6	8	9	10	11	17	19	20	33	38	40	50	56	60	65	67	70	71	74	77	79	82	83	97	151	
42	27
0	1	2	3	4	6	8	11	15	16	19	29	33	39	46	50	55	56	60	69	79	82	94	129	130	135	151	
41	29
2	4	5	6	7	8	12	13	17	19	20	26	28	30	34	41	44	50	60	63	64	70	71	74	76	82	95	96	131	
41	29
3	4	6	8	9	10	12	15	19	25	34	39	40	44	46	47	49	56	60	64	66	67	71	76	82	85	90	94	96	
48	30
1	2	3	4	6	8	13	18	30	32	33	34	39	47	49	50	52	55	56	66	69	70	74	82	93	94	129	131	135	151	
43	30
3	7	8	12	13	15	17	18	19	24	25	27	32	33	39	40	43	44	46	47	52	56	65	68	74	79	87	113	131	135	
42	29
0	1	8	9	12	15	19	20	22	23	25	30	33	40	41	44	46	52	53	58	64	68	69	76	79	82	94	97	151	
47	32
1	5	6	8	10	13	18	20	22	23	25	29	33	34	38	41	46	49	50	55	56	60	66	68	76	79	81	82	83	97	131	151	
39	27
1	3	5	8	15	18	19	23	25	30	32	33	40	46	49	50	56	60	66	68	74	76	79	80	82	94	131	
42	30
0	2	3	11	12	14	15	16	18	19	20	32	33	34	40	41	44	49	50	56	63	64	76	79	80	81	82	95	96	130	
42	29
0	6	7	10	11	13	17	18	19	20	22	25	26	33	39	40	50	52	56	60	67	68	71	81	82	90	94	96	113	
44	29
3	4	6	8	9	12	15	18	19	22	25	39	41	44	46	49	50	52	60	63	64	70	76	82	94	97	129	131	151	
42	30
0	1	2	4	6	7	8	13	14	17	18	19	20	30	33	41	44	49	50	60	63	66	70	83	87	90	94	95	96	151	
44	31
2	3	4	6	9	11	14	15	16	18	25	28	33	40	41	43	47	49	50	51	56	66	68	70	71	74	79	83	97	135	151	
41	28
0	2	6	7	8	10	11	14	17	19	20	22	29	33	44	46	47	51	52	64	68	70	71	90	93	130	131	135	
44	29
2	3	5	6	10	16	18	19	29	34	39	40	41	43	51	52	53	55	60	66	70	71	76	79	82	83	95	97	151	
43	29
0	3	4	6	8	11	15	16	18	19	25	28	29	30	39	41	44	50	52	58	68	70	76	82	94	97	130	131	135	
47	29
0	2	5	7	9	10	11	13	19	28	33	40	44	47	58	63	66	67	69	70	80	81	82	83	95	96	130	131	135	
41	30
0	2	5	6	10	15	16	20	25	27	29	30	32	33	39	40	44	47	50	60	63	64	66	67	68	71	74	77	79	82	
39	28
2	6	8	9	11	12	15	18	19	20	22	33	34	38	44	46	49	50	53	56	60	65	76	79	82	94	95	151	
42	28
0	4	6	8	10	15	16	18	19	24	29	32	33	44	49	50	55	58	60	62	70	79	82	83	85	97	135	151	
38	28
0	2	3	5	7	8	9	11	12	18	19	20	26	27	30	32	40	46	49	51	60	64	73	76	79	85	113	151	
39	30
0	4	6	7	8	11	12	13	16	20	25	26	27	30	32	33	34	38	41	44	47	49	56	60	70	73	80	82	83	135	
41	29
1	2	3	4	7	8	9	12	13	14	15	17	18	19	20	25	26	33	50	58	64	68	69	74	90	94	96	131	151	
42	29
0	1	2	3	6	8	10	12	14	16	17	18	19	28	39	43	49	50	52	55	58	60	68	70	74	76	82	113	151	
44	30
0	3	6	7	11	12	13	14	15	16	20	25	27	30	33	38	39	46	49	56	67	68	69	74	79	81	94	113	130	131	
42	29
0	1	2	3	4	8	9	12	17	18	19	23	32	39	40	46	47	50	52	55	60	67	68	70	74	76	79	113	130	
44	30
0	2	4	7	10	11	14	15	16	25	29	33	40	46	49	50	55	63	65	67	69	74	76	79	80	82	85	90	94	96	
52	31
0	1	4	6	9	11	17	18	19	20	26	27	33	46	52	53	56	58	60	68	70	79	82	83	85	90	97	131	132	135	151	
47	30
0	3	4	5	7	9	12	23	27	28	34	40	46	49	50	55	56	60	64	66	67	68	70	71	76	82	95	97	131	135	
40	29
0	1	2	3	6	8	10	11	12	15	16	17	18	19	29	33	38	44	49	50	52	55	68	79	81	82	94	130	151	
45	31
3	4	5	6	8	10	18	19	26	28	32	38	40	44	46	49	50	51	56	58	60	66	67	68	70	74	76	79	82	83	131	
42	29
2	7	8	10	12	15	16	17	18	19	20	22	26	29	33	43	44	49	52	56	66	68	70	71	74	79	95	113	135	
39	31
0	1	2	3	4	6	7	8	9	10	11	12	16	18	22	25	27	30	33	39	41	44	46	55	58	60	66	68	79	82	94	
39	28
0	1	3	6	11	15	17	19	20	25	30	33	34	38	40	46	49	50	56	65	67	79	81	82	83	94	96	151	
49	30
0	2	3	4	8	10	11	15	16	22	30	33	40	44	46	50	52	58	67	70	71	73	74	79	80	81	113	131	135	168	
46	30
0	2	3	7	9	10	11	14	18	22	23	27	32	39	41	44	47	49	53	58	68	69	70	79	82	83	113	129	131	151	
44	30
3	4	10	11	12	13	14	17	18	19	20	22	29	32	33	39	44	47	52	53	60	66	68	69	74	79	81	94	123	151	
46	30
1	2	3	4	6	7	8	10	11	12	15	18	19	28	41	47	49	50	56	69	70	74	80	82	83	94	128	131	132	151	
50	33
1	3	4	5	6	7	10	12	18	19	24	28	29	30	33	39	40	41	50	52	56	61	62	68	70	74	76	80	83	97	130	131	135	
45	31
1	2	3	4	5	7	8	9	14	15	17	18	19	25	26	30	33	44	46	52	58	64	66	70	79	82	85	94	97	123	151	
41	30
2	3	4	5	8	11	15	18	20	23	25	26	34	38	39	40	44	46	49	50	53	58	66	68	69	70	71	74	82	131	
50	30
2	3	7	9	11	12	13	19	20	44	46	50	52	55	56	58	63	66	69	71	73	76	77	79	80	82	85	97	123	130	
49	30
1	2	11	13	16	17	18	26	33	34	40	44	47	49	50	56	63	70	71	73	74	79	80	81	82	94	129	130	131	135	
43	30
0	2	4	6	7	10	11	12	13	14	18	24	27	28	30	38	40	44	51	53	60	69	71	74	79	82	94	95	130	135	
43	29
3	4	6	7	11	12	15	17	18	22	33	34	38	39	43	46	52	55	60	63	67	68	69	79	82	83	96	97	131	
39	28
0	1	2	3	5	6	10	12	13	16	17	18	19	25	33	38	40	49	50	56	64	69	70	74	80	82	131	151	
39	28
0	1	2	4	6	8	10	11	13	15	18	33	34	40	44	49	51	63	64	66	70	71	74	79	81	82	83	95	
44	29
0	2	7	11	15	16	19	20	27	33	34	38	39	49	50	51	53	56	67	69	70	74	79	82	83	85	96	113	151	
40	28
2	3	4	6	8	10	11	12	13	16	17	18	27	32	40	46	50	52	55	60	63	66	67	70	76	79	82	131	
41	31
0	2	3	6	7	8	11	12	15	19	20	22	25	32	39	41	43	44	46	49	50	51	60	70	76	79	80	83	94	97	131	
44	31
5	6	10	11	12	14	15	19	20	25	30	32	34	38	39	40	41	43	44	50	53	55	63	67	68	69	74	79	97	113	151	
41	29
1	4	6	7	9	10	11	13	15	18	30	32	33	34	40	44	50	51	56	58	64	66	68	70	74	79	82	95	131	
41	28
0	2	3	4	6	8	9	10	11	12	15	20	29	44	46	50	51	52	58	60	64	71	74	76	83	97	129	131	
43	30
0	1	2	4	6	8	11	15	17	19	20	30	33	34	40	44	46	51	52	53	60	66	67	70	71	76	90	94	97	135	
47	30
0	3	4	6	10	11	12	13	15	18	19	38	40	44	46	49	56	58	60	66	68	69	70	76	79	80	85	113	131	135	
52	30
0	1	3	5	11	14	22	24	34	44	46	47	52	53	55	56	58	60	61	66	70	77	79	85	96	97	128	129	130	131	
44	32
0	1	2	4	7	8	11	12	15	18	25	32	33	34	38	39	41	44	46	50	51	56	60	63	70	71	74	79	80	94	96	135	
42	30
0	3	4	6	7	8	10	11	15	16	20	22	27	32	41	43	44	46	49	51	52	53	60	63	68	70	79	80	131	135	
44	31
0	1	4	6	9	10	11	13	15	17	18	19	23	25	30	34	39	44	49	50	51	68	70	74	76	79	90	97	130	131	135	
42	28
3	4	6	7	8	11	12	14	15	16	19	20	25	28	32	41	50	58	60	64	68	71	74	76	87	132	135	151	
49	32
2	3	6	8	9	13	14	15	20	23	25	33	34	40	41	43	49	50	52	58	60	63	68	70	79	80	82	85	96	128	130	131	
43	30
0	1	2	3	9	11	12	13	15	17	18	20	32	33	34	38	41	43	49	50	62	63	69	74	76	79	94	119	130	135	
43	30
2	3	5	6	8	9	10	11	15	16	20	22	39	40	41	44	47	49	51	53	55	58	62	66	69	70	82	87	131	135	
43	28
0	2	3	4	6	7	8	11	19	20	30	32	46	49	50	52	55	58	60	62	66	68	74	94	95	96	131	132	
43	29
0	3	4	5	6	7	10	11	13	17	20	25	26	30	39	40	51	53	55	60	63	64	68	71	73	90	96	135	151	
53	33
2	8	10	13	18	20	22	25	28	29	30	33	40	41	44	51	58	60	65	66	68	69	70	73	76	79	81	83	90	95	129	131	151	
43	30
0	2	3	4	5	6	8	10	12	14	15	16	18	19	33	39	44	46	47	58	60	67	69	70	79	90	94	97	130	151	
47	29
3	5	6	8	9	10	11	15	27	32	33	41	44	50	52	53	55	60	63	66	68	70	80	82	93	96	129	131	135	
41	29
0	2	3	4	5	8	10	11	16	18	20	25	33	39	44	49	50	51	52	53	55	58	60	70	80	85	94	97	130	
42	31
1	2	3	4	6	7	8	14	15	20	22	25	26	27	33	34	40	41	44	49	50	60	64	69	70	80	82	83	96	97	135	
39	28
0	4	5	7	8	10	11	15	16	18	25	32	38	46	47	50	51	52	53	60	65	69	70	71	76	79	80	82	
44	32
0	2	3	5	6	7	9	10	11	17	18	19	20	25	26	39	41	43	44	47	49	50	51	53	60	64	74	79	80	128	131	151	
46	30
3	4	5	7	8	10	13	14	15	18	32	33	43	44	46	47	50	51	56	63	68	74	80	83	93	96	113	129	131	135	
46	30
0	1	2	3	4	8	9	12	15	17	26	28	40	44	46	47	50	53	60	64	67	76	79	80	81	94	97	129	131	151	
42	29
0	1	4	6	7	8	10	11	12	15	18	25	27	28	46	49	50	51	60	64	65	67	69	70	71	76	77	135	151	
49	31
0	1	2	11	13	17	19	22	25	33	34	38	40	43	46	49	51	52	60	66	67	69	70	76	79	94	96	129	130	135	151	
42	29
0	2	3	4	6	8	12	13	19	27	30	33	34	39	40	44	47	50	52	60	65	67	68	69	73	80	97	132	151	
46	31
0	1	2	3	4	5	7	15	17	18	19	20	38	41	43	44	46	49	50	52	55	58	70	76	81	82	83	90	113	131	135	
54	34
1	4	5	6	7	8	14	15	19	24	28	29	40	41	43	44	50	52	55	56	64	68	69	76	80	82	83	85	94	96	97	130	131	151	
44	30
0	1	7	8	11	15	16	17	18	19	25	28	29	30	32	39	43	44	49	50	56	63	68	76	79	93	113	131	135	151	
37	29
0	2	3	4	6	11	12	13	18	19	20	26	27	28	32	33	39	40	41	46	50	52	53	56	60	73	79	82	83	
39	29
0	1	2	4	7	10	11	13	14	15	17	18	20	34	38	40	41	44	49	51	53	56	60	63	69	71	77	94	135	
39	29
0	2	3	4	5	6	8	12	16	17	19	20	25	30	34	40	41	43	44	49	50	58	60	64	70	76	79	131	151	
47	31
2	3	5	6	9	12	15	16	17	18	19	20	23	25	33	39	40	44	53	61	63	67	69	70	82	90	93	94	123	130	131	
40	27
0	1	2	4	5	8	9	10	11	12	13	15	18	32	44	49	50	52	53	58	60	68	70	76	129	131	135	
44	31
0	1	2	3	5	7	8	15	16	17	18	20	25	33	34	38	41	44	49	51	63	66	74	79	81	83	90	94	96	129	130	
45	30
2	3	5	8	10	11	12	15	16	18	19	26	33	44	50	51	53	55	56	58	60	66	69	73	74	76	80	82	94	129	
45	29
1	2	3	8	12	15	18	19	28	29	32	33	47	49	50	53	56	64	67	68	69	70	79	80	83	94	97	130	151	
43	30
3	4	6	7	8	9	11	12	13	15	18	20	24	33	34	38	44	49	50	56	58	60	68	70	79	81	94	97	131	151	
42	31
0	2	4	5	7	8	9	10	11	12	13	16	18	20	33	34	39	40	41	44	49	53	56	58	64	70	76	79	81	83	151	
44	30
2	3	4	6	10	11	13	15	18	19	20	29	34	40	41	46	47	60	64	71	74	76	79	80	83	85	87	90	97	151	
48	30
1	3	6	7	8	10	12	15	20	30	32	39	41	44	47	49	56	64	67	68	70	79	82	83	87	90	97	131	151	168	
46	30
1	2	3	7	8	11	12	13	14	18	19	25	26	30	33	34	46	49	64	66	70	76	79	81	87	90	94	130	135	168	
44	30
0	6	7	8	9	10	12	13	18	20	22	23	24	28	32	33	38	49	52	55	60	64	68	70	71	76	77	79	130	135	
46	31
1	2	4	6	7	8	9	15	16	17	18	22	27	28	30	40	44	47	51	52	53	67	68	70	74	80	82	97	131	135	151	
44	29
0	3	4	6	7	8	9	11	16	18	19	24	25	34	40	44	47	50	58	60	62	66	82	96	97	129	131	135	151	
44	30
1	2	3	4	8	11	12	15	17	18	19	20	29	30	32	33	44	47	50	58	60	70	71	81	82	90	94	130	131	135	
40	30
0	2	4	6	7	8	10	12	16	17	18	19	20	22	24	33	39	40	41	44	49	50	60	63	70	74	83	94	131	151	
42	31
1	2	3	4	6	7	8	11	12	13	23	25	26	27	30	32	33	41	43	44	50	58	62	64	70	76	80	90	96	97	129	
45	31
1	3	6	12	13	15	18	20	24	30	32	33	34	38	40	41	44	47	50	52	53	58	70	76	79	82	83	94	97	135	151	
40	29
0	1	2	4	7	8	9	10	11	12	13	14	15	16	18	30	40	44	46	49	53	60	64	70	79	80	85	131	135	
44	28
2	4	8	10	11	12	13	15	20	25	32	44	46	50	52	64	67	68	73	74	76	80	81	82	95	97	131	132	
44	29
0	1	4	11	14	16	19	20	25	27	28	40	44	49	50	51	58	60	64	69	70	71	76	79	82	95	97	130	135	
49	31
0	3	5	6	7	10	11	12	13	16	20	24	25	27	30	40	44	53	55	68	69	71	74	76	80	85	94	119	130	131	135	
44	31
1	2	3	4	5	8	13	15	19	20	24	28	29	30	32	33	40	43	46	49	50	55	56	60	69	70	87	96	131	135	151	
48	31
5	6	7	8	11	13	17	19	20	22	26	34	40	41	44	49	50	53	56	60	67	68	79	80	82	83	95	96	130	131	135	
41	29
0	1	2	3	4	5	6	7	10	12	13	18	20	25	30	34	38	41	46	49	53	55	56	60	64	79	131	135	151	
39	29
0	3	4	6	7	10	11	13	16	17	19	23	25	26	28	33	38	40	51	52	53	60	64	66	67	76	79	82	94	
44	32
0	1	7	8	10	12	15	16	17	18	19	22	23	24	25	26	29	32	34	49	50	58	60	71	74	76	79	83	85	94	96	135	
47	31
2	4	5	6	7	12	15	17	18	19	20	25	26	29	30	33	46	50	55	56	60	68	79	83	85	90	94	95	123	132	135	
45	31
0	1	2	3	4	5	7	9	10	13	17	18	19	22	25	27	46	49	53	56	64	67	69	71	79	81	83	85	94	97	113	
41	31
0	1	2	3	4	10	11	12	15	18	20	25	26	33	38	40	44	46	49	50	51	52	58	60	67	68	70	73	80	82	90	
43	31
0	4	6	7	8	9	11	13	17	18	19	20	25	26	30	32	33	34	40	44	47	65	68	70	71	83	87	94	97	135	151	
42	29
0	1	8	10	11	12	13	15	16	18	20	25	26	30	32	33	46	49	65	74	76	79	80	83	85	90	94	129	135	
51	31
0	4	6	8	10	11	13	15	20	29	32	41	44	46	50	52	60	64	68	73	76	79	81	83	87	94	97	129	130	131	135	
42	30
2	4	6	8	12	14	15	16	18	19	20	25	27	33	38	39	40	44	49	50	53	60	68	69	70	74	83	90	131	151	
45	30
3	4	7	8	10	12	15	20	22	29	32	39	41	44	46	47	49	52	53	60	63	67	68	74	80	81	90	94	131	151	
39	29
2	3	6	8	10	11	15	16	19	23	30	33	34	39	40	43	44	46	49	50	55	67	69	70	79	83	87	94	151	
43	31
0	2	3	4	5	6	13	15	18	19	20	23	24	29	32	33	46	47	49	50	55	60	63	68	70	71	74	77	82	96	151	
47	30
0	1	4	11	12	15	16	19	20	22	26	32	43	46	49	50	52	53	56	60	64	67	68	71	76	83	85	131	132	151	
46	31
0	5	6	7	9	10	12	14	15	17	18	20	25	28	33	41	44	50	52	53	56	60	70	76	81	82	87	95	97	130	151	
48	29
0	1	6	8	10	11	13	15	17	22	25	28	30	49	53	55	56	60	68	69	74	79	80	90	94	113	129	131	135	
42	28
1	2	3	6	8	12	14	15	16	18	20	25	32	34	41	44	49	53	58	64	68	70	79	81	82	130	131	151	
41	29
0	1	3	5	7	8	11	15	18	19	25	26	30	32	33	40	46	49	50	55	62	79	80	85	90	94	96	113	119	
50	33
2	3	4	7	8	10	11	13	18	20	25	26	27	30	33	40	44	46	49	50	52	55	71	74	80	82	93	94	97	130	131	132	135	
45	32
0	3	4	7	10	11	16	17	18	19	20	27	32	33	38	39	40	46	49	50	56	58	60	64	65	70	74	76	82	85	90	131	
48	32
5	8	9	10	11	13	15	17	19	24	25	30	32	40	41	47	49	50	53	55	65	69	79	80	81	82	83	94	96	97	131	151	
46	29
0	3	4	7	8	11	14	16	26	32	34	40	44	49	52	53	56	60	62	64	66	67	76	81	82	94	96	119	131	
45	32
1	2	3	8	9	10	12	13	15	16	17	18	19	20	23	33	34	39	44	46	49	50	52	55	67	68	80	82	83	113	131	135	
48	29
3	4	6	11	17	19	20	25	29	40	41	43	44	51	58	60	66	68	71	76	79	80	83	90	97	123	131	135	151	
45	29
0	4	5	6	7	9	10	11	19	22	25	38	40	47	49	50	60	62	63	67	68	71	76	79	82	96	131	135	151	
44	31
0	1	3	4	8	10	12	13	18	19	25	26	27	29	30	32	40	44	46	50	51	56	60	66	68	76	79	94	131	132	151	
43	30
0	1	2	4	5	8	10	15	18	20	25	29	34	39	40	41	44	46	50	60	62	64	68	70	71	79	82	85	135	151	
44	31
0	1	2	4	5	7	8	12	14	15	18	20	32	33	40	44	46	49	51	52	53	56	66	68	74	80	81	85	94	96	135	
43	31
2	4	6	7	8	10	12	13	16	17	19	20	26	30	34	40	43	44	46	49	50	60	66	67	69	70	76	87	97	131	135	
43	30
3	4	5	6	8	10	12	14	15	18	20	23	25	27	33	38	39	46	55	58	60	67	68	71	74	76	79	82	94	131	
37	29
0	2	3	4	6	12	13	15	17	18	19	20	25	28	33	34	38	40	44	46	49	50	56	60	67	68	70	90	151	
39	29
0	2	4	5	6	8	10	11	12	16	18	19	20	25	30	33	34	41	44	49	50	55	60	82	83	90	96	131	151	
49	31
1	2	4	6	8	11	12	15	18	19	20	29	32	33	40	44	46	49	58	68	69	74	79	90	94	96	113	119	129	135	151	
46	29
0	4	6	9	10	11	15	16	33	34	40	43	44	49	50	55	56	58	67	69	70	71	74	79	82	94	113	135	151	
44	31
0	1	2	3	6	8	12	15	18	19	20	24	29	32	33	43	46	47	49	50	52	56	63	66	68	70	79	82	87	119	151	
42	29
0	1	4	6	7	8	9	14	15	20	25	32	33	39	40	46	47	52	58	65	68	71	74	76	82	83	94	97	151	
45	30
1	4	7	10	11	12	13	18	25	30	32	33	40	41	44	47	50	52	55	58	60	64	68	70	81	82	85	95	130	131	
40	30
0	2	3	6	9	10	12	13	15	17	18	20	22	28	32	33	34	40	44	49	50	53	56	60	66	68	70	79	97	135	
43	29
1	2	3	4	8	11	12	13	15	18	19	23	25	26	44	46	49	50	52	53	56	60	64	74	79	82	131	135	151	
42	28
0	1	3	5	8	11	19	20	25	26	30	33	34	40	49	56	60	62	64	66	67	69	70	79	82	83	97	151	
44	31
1	5	6	10	15	18	19	24	25	26	28	29	32	34	38	40	44	47	49	51	52	53	67	69	74	79	82	94	97	113	135	
45	29
0	2	5	6	8	15	16	18	19	25	27	28	30	33	44	50	51	55	67	68	69	74	79	80	82	94	113	131	168	
42	31
0	4	6	10	11	12	13	14	16	18	19	24	26	28	30	33	41	43	47	49	50	51	67	71	76	79	85	93	94	130	135	
42	30
0	1	3	4	5	6	7	8	11	13	15	23	28	32	33	38	39	46	47	50	55	63	64	70	77	90	95	96	131	151	
45	31
1	3	5	7	10	12	16	18	20	25	27	33	38	39	41	43	46	50	52	55	60	67	68	70	74	76	80	82	90	97	113	
42	29
0	2	3	4	5	6	8	16	17	18	20	25	30	33	41	47	49	50	51	52	55	60	70	73	76	90	131	132	151	
44	30
0	2	3	4	6	11	12	13	17	18	23	27	32	33	38	46	49	50	52	53	55	60	62	63	69	74	76	95	129	131	
42	28
0	1	2	4	5	7	10	13	14	20	22	24	25	27	39	41	47	55	60	63	65	69	79	82	96	131	132	151	
45	31
2	3	4	6	9	12	13	15	18	19	24	27	28	34	40	44	46	47	49	52	53	60	70	73	77	79	82	94	95	131	135	
47	30
1	2	3	4	6	11	12	15	17	20	32	34	38	40	43	50	52	53	56	58	60	70	76	85	87	94	97	131	135	151	
41	28
2	4	5	6	11	12	15	17	18	19	20	27	33	34	38	44	46	50	53	56	60	65	82	90	94	95	151	168	
47	31
3	6	8	10	14	16	17	18	19	22	27	34	38	44	47	50	52	55	64	66	67	70	76	77	79	80	82	93	94	97	151	
38	30
0	1	2	3	4	6	7	8	10	11	12	15	16	18	20	25	26	33	39	44	46	49	50	68	69	70	73	74	79	151	
44	31
0	2	3	4	5	6	7	8	10	12	15	18	19	20	27	38	39	43	46	50	56	60	66	74	76	80	83	85	94	131	151	
47	32
2	3	4	5	7	8	10	11	12	15	16	18	27	28	29	32	33	44	49	53	56	58	60	64	65	67	68	73	79	85	128	135	
45	30
1	4	6	7	8	12	15	16	17	18	20	34	38	44	46	47	50	51	60	62	67	69	74	79	80	82	94	113	130	135	
40	29
0	2	3	4	5	6	7	8	14	18	20	25	27	30	40	43	46	49	50	51	60	67	68	69	70	76	79	130	131	
40	29
0	2	4	5	6	7	8	13	15	18	20	25	26	32	39	40	44	46	47	52	63	68	74	76	82	83	94	97	131	
39	30
2	3	4	6	10	11	12	14	15	17	18	19	26	27	29	32	33	38	39	46	49	52	56	60	69	79	82	83	87	97	
37	29
0	2	6	7	9	11	12	13	17	18	19	20	22	26	27	28	38	40	44	49	50	70	71	74	76	79	81	96	97	
43	31
0	2	3	4	6	13	15	17	18	20	25	30	32	33	39	40	44	46	49	51	60	66	68	69	76	77	79	82	94	97	130	
40	29
0	3	4	5	8	9	11	15	16	19	20	24	25	26	32	40	44	46	49	52	58	62	69	71	79	81	82	94	135	
38	28
0	1	2	6	10	11	13	15	16	18	20	28	32	33	40	44	49	51	53	63	64	66	68	69	70	74	79	97	
42	30
1	3	4	5	6	7	8	12	15	16	20	22	25	30	40	41	46	47	49	50	52	53	58	70	76	82	83	85	131	151	
40	29
0	2	3	4	7	9	11	12	13	14	15	20	25	30	33	38	44	50	52	53	56	63	67	70	77	80	90	94	97	
47	32
0	2	4	6	7	8	11	14	16	17	18	20	25	32	33	34	39	41	44	50	55	60	70	74	76	79	82	83	90	131	135	151	
43	29
0	2	5	6	7	8	9	10	12	14	15	16	20	22	23	28	33	44	50	60	69	80	85	90	95	113	130	131	151	
47	29
1	4	7	8	12	15	20	24	32	41	43	46	47	49	52	53	55	56	68	69	70	74	80	85	90	94	131	135	151	
47	30
0	3	6	8	9	15	16	18	19	24	25	30	32	34	43	44	49	53	60	63	64	69	70	73	79	82	123	130	131	135	
43	31
2	4	5	6	7	8	10	12	15	18	24	29	30	32	34	39	40	44	47	49	50	53	63	64	68	70	71	80	97	135	151	
43	29
0	3	5	6	8	9	10	11	13	15	26	32	33	39	44	49	50	52	60	64	67	69	74	79	82	94	96	129	130	
42	31
0	1	2	5	7	8	9	10	11	15	18	20	26	27	29	33	41	44	46	47	51	52	60	63	64	68	69	79	80	82	151	
42	31
0	4	5	6	8	10	14	15	16	17	19	20	25	28	29	33	39	40	43	44	47	50	53	64	68	74	77	87	94	131	135	
42	29
0	1	4	6	8	11	13	15	16	18	19	32	33	41	46	47	49	50	52	55	65	68	70	76	79	82	83	135	151	
41	28
0	2	4	6	8	10	14	15	18	25	26	30	39	41	44	46	49	52	53	56	60	64	71	73	82	96	135	151	
41	28
0	1	4	6	7	10	11	13	15	18	28	32	34	38	40	44	46	51	53	63	64	74	82	93	97	113	135	151	
47	32
2	3	4	6	7	10	11	12	15	17	18	19	20	28	32	34	40	46	47	55	60	63	67	76	79	82	90	95	96	97	131	135	
50	32
3	7	18	20	23	24	26	27	29	32	33	34	39	40	46	49	50	60	64	70	71	73	79	81	82	83	90	94	96	130	131	135	
42	30
0	1	2	4	6	7	10	11	12	15	17	18	23	26	29	33	34	44	49	52	60	64	70	79	80	85	94	95	97	135	
38	27
2	3	4	6	8	11	17	18	20	25	38	40	44	46	47	49	50	58	60	68	70	74	76	82	83	90	131	
43	30
0	1	3	4	6	8	9	15	16	18	19	26	29	30	33	34	38	50	52	67	68	69	70	74	76	79	90	95	97	151	
40	28
0	1	2	3	5	9	11	13	15	16	19	24	33	40	44	49	50	52	55	60	65	67	70	79	82	90	95	113	
40	29
2	3	4	6	7	8	9	13	14	15	17	18	33	39	44	46	47	49	51	52	56	64	67	68	70	74	79	81	135	
39	28
0	1	4	5	6	7	8	10	11	12	14	15	20	26	41	44	46	47	50	52	60	64	68	76	90	94	131	151	
39	29
1	2	3	4	6	8	10	15	16	19	20	25	27	30	33	34	40	41	43	47	49	52	56	60	70	79	82	131	135	
41	28
3	4	6	9	11	15	20	25	26	33	40	46	47	50	51	53	55	56	60	67	69	73	79	82	83	87	90	95	
41	29
0	4	6	13	16	17	18	19	20	25	33	34	38	41	43	44	47	49	50	52	58	60	64	82	83	95	97	130	131	
43	32
1	2	3	4	7	8	10	12	13	15	17	18	25	26	28	30	34	40	44	46	50	51	60	68	69	70	71	74	76	82	90	113	
50	33
2	3	4	5	6	10	14	15	16	17	19	26	29	30	32	40	44	49	50	55	58	64	67	68	69	74	76	80	85	87	130	131	151	
51	31
0	2	4	6	7	8	9	10	12	14	20	24	27	43	44	52	62	64	68	70	71	74	79	83	94	96	97	113	130	131	151	
43	29
0	2	6	7	8	11	12	15	16	19	20	26	32	33	39	44	46	49	50	63	67	69	74	82	83	113	128	135	151	
48	30
0	4	6	7	8	10	12	13	20	23	30	33	39	47	52	55	65	69	70	71	74	76	80	83	90	94	95	97	130	135	
44	32
0	1	2	3	7	10	12	13	14	16	18	19	20	25	30	32	34	40	41	44	47	50	52	60	70	74	76	79	82	94	131	132	
44	30
2	7	8	9	11	12	13	14	17	18	19	22	30	32	38	40	43	46	49	68	69	70	71	76	79	83	87	113	131	135	
44	29
0	1	2	4	9	10	11	12	13	16	18	20	25	28	44	47	50	52	56	58	63	67	68	71	76	95	129	131	135	
46	31
0	1	4	6	7	10	11	12	16	20	34	38	40	44	46	47	49	50	56	60	67	68	69	71	76	87	90	94	97	113	151	
43	30
1	2	3	4	6	7	8	9	11	13	17	18	25	28	33	34	38	40	44	46	50	55	56	70	74	79	113	130	131	135	
46	31
0	1	2	3	4	6	7	9	10	12	16	30	32	34	38	40	44	50	52	53	60	64	67	69	70	74	79	87	97	113	135	
43	29
0	1	2	3	4	5	6	7	8	11	15	20	24	30	46	47	50	51	52	53	60	63	67	83	85	96	130	131	135	
44	30
2	3	4	5	7	12	13	15	18	19	25	26	28	30	33	38	40	41	44	49	52	62	64	70	71	79	129	130	135	151	
46	32
0	1	4	7	8	12	17	19	20	24	25	33	34	38	39	40	47	50	51	56	58	61	68	70	76	79	80	82	94	96	97	151	
42	28
0	2	3	4	5	6	8	10	17	18	20	27	39	41	44	46	51	53	58	60	63	66	70	79	97	130	131	151	
55	32
0	4	14	17	18	28	29	34	40	47	50	51	55	56	63	64	66	67	68	70	76	79	80	82	85	90	95	96	97	131	135	151	
48	32
0	2	3	4	6	7	11	12	13	15	17	18	27	28	32	33	39	44	50	51	56	60	66	74	81	82	83	85	129	130	131	151	
46	31
1	2	3	6	7	12	13	15	16	18	19	20	22	32	33	38	46	47	49	60	63	66	69	70	77	80	82	95	96	135	168	
45	30
0	1	2	3	10	11	12	15	16	19	20	24	33	39	40	44	49	52	53	56	60	67	68	70	74	77	79	82	131	132	
47	29
0	1	4	6	11	13	18	20	23	30	33	34	39	41	44	56	58	60	66	67	70	77	79	82	94	113	130	131	135	
50	32
5	6	8	10	11	14	15	16	17	20	22	27	30	33	40	44	47	51	63	64	66	67	71	79	82	85	87	95	119	130	131	135	
41	29
0	2	3	6	7	8	10	11	15	16	17	18	20	24	30	33	44	49	51	53	56	58	60	63	70	82	94	131	135	
43	29
0	1	2	3	4	6	7	12	13	16	18	27	34	40	41	50	52	53	56	60	66	68	70	71	74	79	82	94	130	
46	31
0	3	6	10	11	14	15	16	17	19	22	24	28	33	44	49	50	51	55	60	66	67	68	79	80	82	87	94	97	129	151	
45	29
2	3	6	7	11	16	17	19	20	33	34	40	43	44	49	51	58	60	63	64	66	79	82	83	87	95	129	130	131	
48	30
2	3	4	6	8	9	10	15	16	19	23	25	41	43	44	50	52	53	56	60	64	70	76	79	82	96	131	132	135	151	
44	30
1	2	4	8	9	10	14	15	17	18	19	20	22	29	33	40	47	50	51	64	69	71	74	79	80	94	96	119	131	135	
43	31
3	4	5	6	7	11	12	13	14	15	16	18	20	23	27	33	39	40	44	46	49	52	65	68	69	79	82	83	97	129	131	
48	31
0	1	2	5	7	12	13	17	18	19	30	33	34	38	47	49	52	53	56	60	67	68	70	76	79	80	81	85	94	129	135	
42	30
0	2	3	4	6	7	8	11	12	17	18	19	29	30	33	34	40	43	44	46	50	58	60	70	76	79	97	130	135	151	
39	30
1	2	3	4	6	7	8	11	15	18	20	24	25	26	30	33	34	39	40	44	49	63	66	67	74	77	79	82	83	97	
43	31
0	1	2	5	6	7	8	9	10	12	15	17	18	20	25	30	38	39	41	44	50	53	55	58	79	80	81	82	97	131	151	
48	31
0	1	3	5	6	7	10	11	15	19	20	30	33	38	39	46	53	56	63	66	68	69	71	76	79	82	83	94	97	130	151	
37	27
0	2	3	10	11	13	16	17	20	25	30	33	38	40	44	47	49	50	58	69	70	74	80	82	83	87	131	
43	30
0	6	7	8	10	12	13	14	16	17	20	25	28	38	41	44	46	47	49	53	60	67	68	69	71	74	77	82	131	135	
40	29
0	2	4	7	8	9	10	11	12	15	18	26	33	38	43	44	49	50	51	53	58	69	77	79	80	82	94	97	130	
41	28
2	3	5	6	7	11	15	18	19	23	27	29	34	44	47	49	51	53	64	67	68	69	71	73	79	81	130	151	
