1000 
18	18
0	3	4	5	6	9	18	19	20	25	27	30	31	34	41	44	45	49	
19	17
1	2	9	10	11	20	25	27	28	29	37	38	39	41	44	52	93	
22	17
0	2	5	19	22	27	28	29	41	42	47	49	52	59	63	66	77	
18	16
0	5	6	9	11	15	20	24	28	34	35	38	41	45	52	66	
19	18
0	2	5	6	9	12	16	19	20	22	28	29	34	38	44	45	49	60	
22	19
5	16	18	19	24	30	31	32	35	38	40	41	42	44	45	46	52	60	63	
19	16
0	4	6	10	12	16	20	27	30	38	39	45	49	59	66	77	
17	17
1	6	9	10	16	19	20	26	27	29	36	38	40	41	44	45	49	
18	16
0	1	2	3	11	16	20	22	24	28	30	31	39	40	53	93	
20	17
0	1	5	9	10	12	19	20	22	27	28	29	36	44	66	71	93	
20	17
0	4	5	6	9	10	11	22	24	29	34	38	39	41	66	93	99	
20	18
1	3	4	9	12	18	19	20	24	27	28	29	30	34	47	49	61	66	
20	17
0	1	2	3	12	13	14	15	16	24	35	38	45	46	52	58	77	
21	17
0	2	4	16	19	22	28	29	30	38	40	42	46	53	63	93	99	
19	18
5	9	10	13	15	16	19	20	24	26	29	32	35	38	40	41	46	63	
17	16
0	2	3	11	15	16	18	19	24	28	29	39	41	44	45	60	
18	16
0	2	5	12	16	18	20	22	24	28	34	35	41	47	66	86	
18	16
0	6	9	10	18	24	27	34	37	38	39	42	44	49	61	93	
19	18
0	1	2	3	4	16	19	20	22	24	30	34	38	41	44	45	49	52	
19	17
0	2	4	5	14	16	20	22	24	26	38	39	41	44	45	66	77	
17	17
1	4	9	13	15	16	18	20	25	27	28	29	35	38	41	45	49	
18	14
0	1	2	15	18	20	29	35	42	45	53	66	71	93	
19	17
4	5	6	10	11	12	13	16	19	20	25	28	34	39	41	59	93	
21	16
0	2	5	9	16	20	24	38	41	46	49	58	64	66	77	93	
19	17
2	5	9	10	12	19	20	22	24	26	29	39	40	45	49	66	80	
21	17
1	2	3	6	16	19	22	24	28	29	38	40	41	52	53	60	66	
20	16
0	6	15	16	19	20	24	27	29	34	46	49	58	59	60	66	
20	17
0	3	5	9	10	18	19	22	29	30	35	38	44	45	58	64	66	
20	17
0	3	4	6	9	11	20	29	32	34	38	41	44	45	53	66	77	
19	16
0	2	3	5	6	7	9	19	29	31	42	44	49	52	58	66	
20	17
2	5	7	11	12	16	18	20	25	27	29	39	41	47	52	77	93	
19	16
0	1	6	19	20	29	31	33	34	38	39	45	46	52	58	66	
19	18
0	9	11	12	16	18	19	22	24	26	28	29	31	34	37	39	44	66	
20	17
0	5	9	10	11	18	20	24	29	34	38	41	44	45	53	66	71	
17	16
0	3	4	9	10	15	24	25	29	38	39	41	44	46	49	94	
23	18
2	5	10	11	16	18	19	22	24	25	28	31	32	52	66	80	86	94	
18	17
0	2	5	6	10	11	16	20	24	29	31	36	37	38	44	45	61	
19	16
0	3	4	6	10	19	24	34	36	38	42	44	49	59	66	77	
19	16
0	2	9	15	16	22	31	37	38	39	41	44	45	53	66	77	
21	18
5	6	10	11	16	26	29	30	36	38	39	41	44	45	46	58	66	99	
17	17
0	3	4	6	12	14	16	20	26	28	30	34	38	42	44	45	49	
20	18
0	6	9	11	12	16	18	19	20	28	33	35	39	40	41	47	58	99	
20	19
0	1	3	5	6	10	22	24	25	27	28	29	38	41	44	45	46	49	63	
18	16
0	2	3	4	5	11	18	20	24	26	39	41	44	49	52	64	
22	19
0	3	10	11	12	18	19	25	26	29	30	34	38	41	44	45	52	63	90	
22	18
2	5	20	27	28	30	34	36	38	39	41	44	46	49	63	66	77	80	
18	16
0	5	9	19	24	29	32	35	38	39	41	42	44	49	77	80	
16	16
2	3	5	11	12	20	22	24	27	28	29	35	38	41	45	49	
19	17
5	6	11	14	15	19	20	25	27	28	31	35	38	39	40	52	86	
20	18
0	1	2	6	10	11	13	24	26	27	35	39	42	44	45	46	53	93	
20	17
0	1	2	4	7	10	19	20	24	27	35	38	42	49	58	66	77	
18	17
0	1	5	6	7	11	16	19	22	24	26	28	29	35	39	40	53	
20	17
0	5	6	11	16	19	25	29	34	38	39	42	44	49	53	60	66	
20	17
0	2	5	10	11	16	20	24	28	38	44	45	46	49	58	59	77	
16	16
2	5	9	10	11	12	19	20	22	24	25	29	34	40	41	44	
18	16
0	1	4	9	10	11	15	24	27	30	37	39	40	44	60	63	
22	17
0	2	5	9	11	16	19	22	34	35	38	44	53	60	66	80	93	
20	16
0	2	3	6	11	14	19	20	24	29	41	49	53	58	60	80	
17	17
0	2	9	14	15	20	24	26	27	29	32	35	37	38	41	45	49	
20	17
5	6	10	15	18	20	27	28	29	30	35	41	45	49	66	71	80	
19	17
0	2	11	12	15	16	20	22	25	27	30	32	38	39	41	66	93	
20	17
0	3	9	12	13	15	18	28	32	34	37	38	44	45	63	66	77	
18	16
0	6	7	10	20	24	25	27	34	38	41	44	45	49	58	90	
19	17
0	5	6	10	16	19	20	22	26	28	29	35	39	42	44	58	66	
20	17
5	6	11	12	16	20	24	27	28	29	34	40	41	45	53	66	94	
20	17
2	6	9	10	13	14	15	16	30	34	38	41	46	49	63	66	99	
20	17
0	5	6	9	10	11	20	28	29	34	38	39	44	49	53	80	93	
22	18
0	2	3	4	6	11	12	20	25	29	30	31	34	38	53	60	66	71	
20	17
9	10	18	19	20	22	24	27	31	33	34	37	38	44	60	66	93	
21	17
2	3	4	5	9	11	13	18	19	22	28	36	49	58	64	66	80	
20	18
3	6	11	15	18	19	20	24	26	27	29	31	34	36	41	49	61	63	
18	16
0	3	6	11	14	19	20	24	26	28	39	41	44	49	52	66	
19	17
0	1	6	10	13	18	22	25	30	34	38	41	42	45	46	52	58	
21	17
0	2	4	10	16	19	20	22	24	34	35	36	44	58	66	77	93	
19	18
0	5	6	10	11	19	22	24	28	29	34	35	37	38	39	44	49	53	
20	19
3	4	9	12	13	16	18	24	25	26	29	30	34	38	41	42	46	49	53	
21	17
3	6	10	13	20	22	24	26	27	29	38	41	44	52	60	61	66	
20	18
2	3	5	6	9	11	12	19	20	22	28	31	34	38	39	40	52	53	
22	17
0	2	7	9	14	20	26	28	34	35	36	37	53	59	63	64	66	
18	17
0	2	3	5	6	9	11	14	16	20	24	28	29	36	41	45	53	
20	16
1	9	11	12	13	15	16	22	27	28	34	35	53	66	71	77	
18	17
1	3	6	9	16	19	22	25	26	27	28	30	31	37	39	45	99	
20	18
0	2	3	4	10	11	19	20	25	27	34	39	40	42	47	49	53	60	
18	18
0	5	9	10	16	18	20	26	27	29	30	34	38	39	41	44	45	49	
20	17
1	5	9	10	11	13	14	18	25	30	38	39	41	49	58	66	90	
20	17
0	1	2	4	5	9	22	24	27	31	32	38	41	42	52	60	77	
20	17
0	6	7	10	15	20	22	25	31	36	38	39	40	41	52	77	93	
21	18
0	2	7	9	11	14	15	20	24	25	28	31	34	39	40	53	60	61	
19	16
4	5	9	10	11	13	20	22	24	34	38	41	45	66	71	77	
19	18
0	5	9	18	19	20	27	28	29	31	34	38	39	41	44	45	49	53	
20	17
1	2	4	9	20	24	27	34	35	36	37	38	41	47	60	66	93	
18	16
0	2	5	6	11	20	24	29	30	34	38	41	46	49	59	66	
21	18
2	5	6	7	9	11	14	19	20	22	24	29	32	40	49	53	66	77	
22	18
0	2	4	5	14	15	16	22	28	29	39	41	44	49	52	53	66	93	
18	16
0	3	5	6	9	10	11	20	22	24	28	41	44	49	66	71	
19	17
0	2	9	10	11	16	20	24	26	28	29	38	39	44	45	60	63	
21	17
0	1	9	12	13	22	28	29	31	35	38	44	49	58	60	66	77	
19	17
2	3	5	9	11	14	16	22	26	27	29	34	35	41	44	60	77	
20	17
0	3	5	9	10	11	20	22	24	34	38	41	46	49	61	66	93	
19	17
0	5	6	10	14	15	16	19	20	24	27	34	38	44	49	58	93	
17	16
0	5	11	12	14	16	19	20	24	29	30	37	38	44	49	77	
17	16
0	3	5	6	11	16	19	20	24	25	26	29	34	44	45	66	
19	16
0	3	10	11	12	18	19	20	24	25	35	44	49	60	64	66	
22	18
0	9	10	11	13	14	18	24	26	27	36	38	44	46	58	60	90	93	
20	17
0	1	3	5	6	9	11	14	19	22	26	28	34	39	52	53	93	
19	18
0	5	6	14	16	19	20	22	24	27	29	32	34	35	36	38	45	66	
19	17
3	5	9	15	18	19	20	22	24	26	29	31	32	34	39	60	66	
22	17
1	6	9	12	24	28	34	38	40	41	42	45	52	53	58	60	93	
20	17
3	5	9	11	15	18	19	22	27	29	34	38	40	42	60	66	86	
21	18
0	6	9	11	12	19	24	26	27	38	39	42	44	45	49	52	53	77	
17	16
0	1	5	11	12	19	20	24	27	28	29	34	38	44	45	52	
21	17
0	2	13	15	18	20	24	28	30	34	38	39	42	52	53	60	64	
22	17
2	14	15	16	19	20	22	24	28	33	36	41	53	58	60	80	93	
20	17
0	4	5	11	16	20	22	24	28	29	31	37	41	44	66	80	86	
22	18
1	4	5	9	15	16	22	27	28	32	40	41	44	45	53	58	71	77	
22	17
2	4	16	19	20	28	29	31	37	38	44	45	52	59	63	66	93	
22	19
0	3	4	5	16	22	25	28	32	35	36	38	40	45	47	49	52	53	59	
20	17
0	2	4	9	11	12	14	16	24	28	35	38	39	44	60	63	93	
21	19
0	4	5	7	10	11	15	22	24	28	32	35	38	40	41	44	49	61	64	
21	17
0	4	5	9	18	19	20	24	29	34	36	44	49	61	63	66	93	
19	17
0	1	6	11	19	20	24	28	29	30	40	41	44	46	49	66	80	
19	16
0	4	5	9	10	24	34	36	39	41	44	46	49	60	66	93	
17	16
0	3	6	7	9	20	24	28	29	34	38	39	41	44	46	66	
20	18
0	2	9	18	19	20	24	27	28	29	34	35	36	40	44	46	53	66	
20	17
2	3	5	11	16	18	20	22	24	27	29	30	34	41	53	86	93	
20	17
4	5	10	25	26	27	28	29	32	35	37	38	39	44	58	93	99	
18	17
2	11	12	18	20	22	27	28	29	30	31	38	39	40	47	49	66	
24	18
0	6	10	18	20	27	29	34	37	39	42	44	53	60	61	66	77	99	
21	18
0	1	2	10	11	12	24	25	27	28	29	38	42	44	45	53	58	64	
21	16
0	3	10	18	20	24	27	28	34	38	42	53	58	59	77	93	
19	16
0	3	6	11	12	19	24	28	29	34	41	44	49	63	86	93	
19	17
0	1	2	6	9	15	16	20	24	27	30	36	38	42	44	58	93	
20	16
0	2	4	9	15	16	19	22	24	35	44	45	60	61	63	90	
21	17
1	2	5	10	11	20	22	24	27	29	30	40	41	53	66	90	99	
19	17
1	4	5	10	11	18	20	22	24	28	29	38	41	42	45	58	63	
21	17
0	2	6	7	11	15	19	20	22	27	34	44	46	53	58	66	77	
20	18
0	6	11	12	15	18	19	25	29	32	36	38	39	41	44	49	63	66	
21	16
0	4	6	15	16	20	24	29	34	36	49	58	60	64	66	86	
19	17
0	5	6	14	19	27	28	29	30	32	35	38	45	47	49	77	80	
24	19
0	5	11	13	24	26	28	30	34	40	41	44	45	49	60	64	77	90	99	
18	16
0	2	5	7	10	15	16	19	22	29	40	42	45	49	60	93	
18	17
0	2	6	16	19	20	24	27	28	29	30	38	41	44	45	49	66	
19	17
0	5	6	11	14	16	19	22	28	29	30	31	34	41	49	53	66	
18	17
0	3	4	5	10	15	19	20	22	24	27	31	38	41	44	45	66	
18	17
0	3	5	9	11	13	16	20	22	24	28	35	38	41	44	45	53	
18	17
0	3	5	9	10	11	15	18	20	25	26	29	34	38	44	45	66	
21	18
6	7	9	10	19	20	22	24	26	27	29	38	41	46	49	53	60	77	
21	17
0	2	7	12	14	20	24	37	38	39	41	44	49	52	66	77	93	
22	17
1	5	6	9	10	12	20	26	29	37	42	45	53	66	77	90	93	
19	18
0	3	4	9	18	19	20	28	29	35	38	39	40	41	44	45	49	93	
20	17
0	2	9	10	16	20	24	27	34	36	37	38	44	45	52	60	94	
20	17
0	4	10	13	14	20	24	25	28	29	33	39	44	49	53	61	66	
21	17
0	3	4	5	6	18	19	20	37	38	44	46	49	58	64	66	93	
18	17
0	5	11	12	20	22	24	28	29	30	34	36	37	42	44	49	66	
21	17
0	2	3	6	10	11	13	16	24	27	39	42	46	53	61	66	77	
18	15
0	2	3	9	11	18	26	35	41	42	45	49	53	60	66	
19	16
0	5	6	13	19	24	28	29	30	34	37	41	45	66	77	93	
20	17
0	1	2	6	9	10	11	13	25	27	38	39	40	44	53	59	93	
19	18
0	1	3	6	18	20	24	26	27	29	34	35	36	38	45	46	49	93	
23	18
2	3	6	10	13	16	18	20	24	28	29	41	49	52	58	60	61	93	
23	18
2	10	20	28	31	34	35	37	38	39	40	44	46	53	58	60	77	93	
17	16
0	4	6	10	14	19	22	24	28	29	34	39	41	44	49	53	
18	17
6	7	9	10	11	12	15	16	19	25	27	28	31	39	41	49	99	
19	18
3	5	11	18	19	22	24	27	28	29	34	36	39	41	44	46	49	66	
17	16
0	5	6	16	19	20	22	24	29	32	34	37	38	44	49	63	
18	15
0	4	5	6	10	12	14	16	20	38	41	49	53	58	93	
19	17
0	11	12	19	20	22	24	27	28	29	30	34	42	44	49	64	66	
21	18
2	5	7	10	19	22	27	28	29	30	36	38	40	44	45	71	80	99	
18	17
0	9	10	11	14	18	22	24	27	31	33	36	37	39	44	49	60	
18	16
3	5	6	9	10	13	14	18	19	22	27	39	41	45	58	77	
22	18
4	5	9	19	20	24	28	29	34	36	38	39	41	49	60	63	66	77	
18	16
0	2	3	6	10	16	18	24	26	34	35	39	47	49	52	60	
21	18
1	5	6	10	16	18	19	22	26	29	39	41	42	44	45	52	53	58	
19	18
0	1	3	5	6	11	16	18	20	22	24	26	27	34	41	44	45	53	
23	18
5	11	12	15	18	20	22	26	34	39	44	45	46	52	58	60	64	77	
20	17
0	1	2	3	5	6	7	9	10	25	38	41	45	49	53	63	93	
22	18
3	6	7	19	20	22	24	25	28	29	30	34	37	44	60	64	66	77	
19	15
0	7	9	18	22	27	32	38	39	41	44	52	58	61	77	
20	17
2	5	6	10	12	18	20	22	26	29	38	44	46	49	52	66	93	
21	17
3	7	10	14	22	24	25	28	30	38	42	44	49	53	60	66	93	
23	19
6	14	15	16	19	24	25	26	31	34	38	39	45	46	49	52	64	66	80	
21	17
2	6	9	13	16	19	22	24	27	28	34	36	40	52	53	66	80	
23	18
0	4	11	18	19	25	28	29	31	34	39	41	49	53	58	66	77	80	
19	17
6	7	9	10	18	19	22	24	26	27	29	31	36	38	40	53	66	
21	18
0	6	7	10	13	18	19	22	26	27	32	34	38	39	44	63	66	93	
17	16
0	6	10	11	12	16	20	24	29	31	34	38	39	41	45	66	
21	17
4	5	6	10	11	12	13	20	22	29	32	41	42	52	53	66	93	
21	18
0	2	3	5	10	19	20	22	27	34	39	40	41	45	49	58	80	93	
20	16
1	4	6	14	19	20	27	31	37	38	40	45	52	61	66	77	
22	19
0	2	4	6	7	11	13	18	19	20	22	27	36	39	46	49	53	58	66	
18	17
0	2	9	18	20	24	27	28	29	34	35	36	37	38	44	47	60	
17	16
0	1	6	18	19	20	24	26	29	30	34	38	44	46	49	66	
20	17
0	7	9	10	20	22	24	27	30	34	37	38	39	42	66	77	93	
19	16
2	6	11	19	20	24	27	32	36	39	42	44	45	61	66	99	
20	17
0	1	4	6	11	14	20	29	30	34	35	37	38	44	66	77	80	
21	16
0	2	3	5	11	14	20	38	39	41	49	53	58	64	66	71	
20	17
0	2	3	9	10	11	14	18	20	26	27	38	39	49	53	66	93	
18	17
1	3	4	11	12	18	22	24	26	28	29	34	36	38	39	45	66	
21	18
0	6	10	20	22	24	27	28	32	35	37	38	45	47	49	60	66	90	
20	18
4	9	12	13	15	16	19	26	30	35	38	39	41	44	45	49	60	66	
18	18
0	2	4	11	16	18	22	24	25	26	28	30	32	39	41	42	44	49	
18	16
2	3	5	12	16	19	28	29	30	34	39	44	47	49	52	66	
19	17
0	2	5	7	13	15	16	19	20	22	25	27	39	41	45	53	66	
20	18
0	1	5	9	11	19	24	27	28	29	36	37	39	41	46	49	66	86	
20	18
2	5	9	10	18	20	25	28	29	31	36	38	39	40	42	49	58	93	
21	18
1	2	6	9	10	15	16	28	29	30	32	41	44	45	49	53	66	99	
18	17
0	3	4	5	9	10	15	20	24	25	31	36	39	41	46	49	93	
20	18
0	2	4	5	10	15	19	20	22	29	30	34	41	42	44	49	66	77	
20	18
0	1	2	5	9	15	18	19	24	26	28	29	34	39	44	46	58	86	
21	19
0	2	4	6	9	12	19	22	24	27	30	32	34	36	42	44	45	52	77	
20	17
1	3	5	6	9	10	19	28	29	30	39	40	41	49	64	66	77	
20	17
5	6	11	12	15	16	18	19	28	29	34	39	40	47	52	53	58	
18	17
0	4	9	12	16	24	27	28	29	32	38	39	42	44	45	49	63	
20	17
0	2	5	10	11	16	18	20	24	26	27	28	38	39	80	86	93	
22	19
0	5	11	14	15	19	24	27	28	29	32	36	38	42	44	46	71	93	94	
18	17
0	2	3	5	10	12	13	16	19	24	34	37	38	41	45	49	53	
20	18
1	9	14	15	18	19	20	25	28	29	31	34	38	39	41	46	52	53	
19	16
10	11	12	20	22	24	29	34	35	36	38	41	44	53	58	66	
18	18
0	3	5	7	9	11	12	14	16	18	20	24	27	28	29	31	39	49	
20	18
1	3	9	10	16	18	20	24	25	28	29	30	34	38	41	46	59	61	
23	18
5	7	9	13	15	18	19	25	27	29	39	40	45	59	60	61	86	93	
21	18
2	3	9	11	16	27	29	31	32	35	40	41	42	44	45	60	71	77	
19	18
0	5	6	10	14	19	22	24	29	32	34	35	38	39	41	45	49	66	
18	17
2	9	11	16	19	20	22	24	26	27	32	34	37	38	44	49	66	
22	18
3	5	10	11	12	14	16	19	25	27	29	35	44	49	52	58	60	66	
19	16
0	5	9	10	11	20	22	24	28	38	41	44	49	61	66	77	
20	17
5	9	10	11	12	16	20	26	27	29	36	37	44	46	58	66	93	
16	15
2	5	11	16	18	19	20	22	24	26	27	41	42	45	52	
23	19
0	2	11	14	15	20	22	27	28	35	38	41	42	44	49	64	66	77	80	
19	18
0	2	5	11	15	16	18	19	22	24	26	28	29	31	32	34	36	53	
20	17
0	9	10	11	16	20	26	27	34	39	41	44	45	49	53	86	99	
19	16
0	1	2	3	7	10	28	30	39	41	42	44	49	53	66	77	
18	17
2	3	5	6	9	18	19	22	34	35	37	38	44	45	46	47	66	
19	17
0	2	5	6	10	16	18	26	27	28	34	36	40	42	45	53	66	
19	17
3	5	6	12	13	15	16	22	25	28	29	34	41	44	49	86	93	
20	18
0	5	15	18	19	20	22	24	25	27	28	29	34	38	46	49	60	61	
22	20
1	5	12	14	18	19	20	24	27	28	29	32	34	35	38	39	44	46	53	80	
18	16
0	5	6	10	11	13	14	19	20	22	39	44	45	49	52	58	
21	17
3	11	13	14	15	18	20	28	35	36	38	44	49	60	66	90	93	
22	17
0	2	4	11	16	18	24	25	28	29	39	44	58	59	63	66	77	
22	19
6	11	13	16	18	19	25	28	29	31	39	41	42	44	45	46	58	77	80	
17	16
0	2	3	5	15	16	20	24	28	29	34	37	38	39	49	60	
23	18
0	1	2	3	9	22	24	28	30	41	44	45	49	53	60	64	66	77	
21	17
0	5	9	22	25	27	30	31	34	35	36	40	49	52	58	60	66	
21	18
3	5	16	20	22	24	25	27	28	29	37	41	44	47	49	53	60	86	
20	18
0	1	3	5	9	12	18	19	20	24	27	28	31	34	38	39	77	86	
18	17
0	3	6	9	10	11	13	16	30	31	38	39	40	41	44	49	66	
17	16
0	2	9	10	16	20	24	26	27	29	38	39	40	41	46	66	
19	16
1	2	3	4	9	10	20	29	35	38	39	41	46	52	66	77	
18	17
0	3	6	10	14	22	27	31	35	36	38	39	40	41	42	49	66	
17	16
0	2	3	4	9	10	13	24	29	30	34	39	41	44	49	66	
19	18
0	1	4	6	9	10	19	22	27	28	29	30	31	34	35	39	45	66	
21	18
1	3	5	9	11	12	13	16	18	22	26	29	34	35	36	53	77	86	
21	18
0	2	16	18	20	24	27	28	34	38	40	41	45	46	47	64	66	77	
19	18
0	5	6	14	18	19	20	27	28	29	34	39	40	41	44	46	49	60	
19	18
1	5	9	11	12	18	19	20	24	25	27	28	31	36	37	38	39	66	
20	18
3	4	6	10	13	18	19	22	24	28	34	37	38	39	42	45	58	77	
20	16
0	1	2	9	10	18	22	24	27	28	41	49	52	53	66	77	
20	18
2	3	5	16	18	19	20	24	25	26	29	30	41	44	45	49	52	93	
21	17
0	5	10	11	14	18	19	20	29	38	44	45	49	60	61	63	66	
17	16
0	1	3	11	12	19	20	24	25	34	36	39	41	44	49	52	
19	16
0	2	4	6	10	12	16	19	24	38	39	44	49	64	66	77	
17	16
0	2	11	15	16	19	20	22	24	26	27	35	44	45	49	66	
19	16
0	4	6	7	9	19	27	30	37	38	39	41	44	52	61	77	
19	19
3	6	11	22	24	26	27	28	29	31	36	37	38	41	44	45	46	47	49	
19	17
0	1	2	6	11	15	24	28	29	34	36	38	39	45	46	60	66	
20	18
0	1	4	5	19	22	24	27	28	29	31	34	35	40	44	49	66	86	
18	16
3	4	5	6	10	14	20	24	25	27	41	44	45	49	52	60	
22	18
0	1	11	14	15	18	25	28	34	35	36	38	39	41	52	53	63	66	
18	17
0	11	15	16	18	20	25	26	28	29	30	33	34	38	45	49	58	
20	17
0	1	3	5	6	9	10	19	22	25	28	29	39	44	58	66	93	
22	19
3	4	7	16	20	22	27	29	31	32	34	36	37	41	42	46	58	71	77	
19	18
0	1	3	5	6	9	11	13	16	18	20	22	28	34	44	46	49	60	
22	17
4	5	11	13	16	20	22	26	27	28	34	46	58	61	64	66	71	
18	16
0	5	14	16	20	22	24	26	28	32	34	37	44	49	52	60	
20	18
3	5	9	11	15	18	20	22	25	27	28	29	34	38	39	45	66	99	
18	17
3	5	9	10	12	18	20	22	28	32	34	38	39	44	45	49	60	
23	18
0	3	6	9	14	19	20	27	32	38	44	45	49	53	58	66	90	93	
21	17
2	5	15	16	19	24	26	27	28	30	34	39	49	60	66	77	86	
19	17
0	2	3	5	13	14	18	20	22	24	25	29	35	38	49	77	80	
22	18
7	11	15	18	20	22	27	28	30	34	39	41	42	47	53	60	66	80	
20	18
0	3	6	10	11	18	22	28	30	31	34	35	41	42	46	47	61	66	
24	20
0	9	16	19	20	22	24	25	28	29	34	37	39	41	44	49	52	53	90	93	
19	16
0	2	3	6	7	11	13	14	19	31	34	40	44	60	63	66	
21	17
0	1	5	9	10	11	14	22	24	39	41	46	49	58	60	90	99	
21	18
1	3	5	9	11	18	19	26	27	28	34	38	39	42	45	63	66	80	
21	17
0	1	4	9	10	11	18	20	24	31	32	34	39	59	61	66	86	
23	18
0	2	5	6	9	14	16	19	29	36	37	39	45	53	63	66	90	99	
19	17
0	5	10	11	16	20	25	26	27	30	34	38	41	44	49	58	99	
18	16
0	3	4	11	12	16	19	20	24	28	35	36	37	49	52	58	
19	17
0	2	4	10	11	13	20	22	26	30	38	39	44	45	46	66	93	
18	16
5	6	10	11	12	14	20	24	25	29	40	41	45	49	52	66	
18	16
0	1	4	6	10	18	29	30	32	38	41	44	45	46	63	66	
21	19
1	2	9	12	13	18	19	20	22	24	26	29	34	36	38	41	49	80	86	
21	18
2	5	6	10	15	19	24	27	28	30	35	41	42	44	49	52	66	86	
21	18
3	6	10	11	13	15	16	19	20	26	28	35	38	40	49	58	66	93	
22	19
0	4	5	10	16	24	26	29	30	31	34	35	37	38	44	45	52	63	77	
17	16
4	6	7	9	12	28	29	34	35	38	39	41	44	46	49	66	
22	17
2	5	6	12	14	26	28	29	31	32	39	49	53	58	63	77	93	
19	16
1	2	5	9	10	16	22	26	28	29	30	38	39	61	77	93	
21	17
0	1	6	14	20	24	26	38	41	42	45	46	49	66	77	80	90	
21	17
0	1	2	3	4	10	12	20	24	38	39	42	49	52	61	77	80	
21	18
0	3	6	16	18	20	22	24	28	29	31	32	40	42	49	60	90	93	
21	18
0	1	4	5	9	11	15	18	19	28	37	38	42	44	49	58	60	66	
19	17
0	2	5	6	10	20	22	24	37	38	40	41	42	44	46	66	77	
20	18
0	6	10	11	14	16	19	20	22	27	38	39	41	42	46	49	53	93	
17	15
0	6	9	10	11	22	24	28	35	38	39	44	49	52	60	
24	18
0	2	9	11	16	18	19	26	27	29	30	32	64	66	77	86	90	93	
18	17
0	3	6	13	20	22	24	25	35	37	38	39	42	44	45	49	86	
21	17
0	1	2	11	14	19	20	22	24	28	41	42	49	66	77	93	99	
20	18
0	1	2	6	10	14	19	20	22	24	25	29	34	38	41	45	52	60	
19	17
0	3	9	10	14	22	24	29	32	35	38	39	41	42	44	66	99	
22	19
3	6	12	15	18	20	22	28	29	32	34	35	37	38	40	42	66	80	93	
18	17
0	2	7	9	19	20	22	24	26	27	28	38	39	44	45	49	66	
20	17
0	1	4	10	11	20	24	26	28	29	34	38	39	49	53	66	77	
20	18
0	3	6	10	16	18	19	24	26	27	31	34	41	44	45	46	52	60	
20	16
1	6	11	20	22	24	29	34	38	44	45	46	59	66	71	90	
21	19
9	10	12	13	18	19	20	22	24	27	28	34	36	38	40	41	47	63	77	
18	16
0	4	5	6	10	14	18	20	24	31	41	45	47	49	77	93	
18	17
0	1	3	4	5	6	10	20	24	28	34	38	39	41	45	49	93	
17	15
0	3	5	10	11	15	19	20	22	24	35	36	41	52	66	
21	18
0	19	20	24	25	26	27	28	29	32	34	39	40	44	49	52	53	66	
18	18
0	1	2	5	9	10	19	20	28	29	31	38	39	41	44	45	46	49	
20	16
3	5	6	12	19	25	28	29	34	36	44	45	59	66	77	86	
17	17
5	6	7	10	11	12	16	24	25	28	29	34	38	39	41	44	49	
21	18
0	1	2	3	6	7	9	24	26	27	38	39	44	46	49	52	53	90	
20	17
0	2	9	15	18	20	28	34	35	38	39	44	45	46	52	60	63	
21	18
2	3	4	5	10	16	20	24	29	37	39	41	44	46	49	52	53	66	
21	18
0	2	6	9	10	14	18	24	29	34	38	39	41	45	46	52	66	80	
18	17
0	6	11	12	15	16	20	24	25	27	29	30	32	38	45	49	53	
18	16
0	2	3	5	9	12	13	24	27	28	32	39	41	49	52	59	
20	17
0	1	5	9	11	15	20	22	24	28	34	35	38	44	53	60	66	
22	18
2	11	19	20	22	24	28	29	34	35	41	42	44	46	53	58	80	86	
21	18
5	6	9	10	16	18	22	25	28	37	38	39	42	44	49	52	58	60	
20	17
0	1	4	9	11	14	16	20	22	24	25	28	31	34	53	60	77	
21	17
0	6	10	11	19	20	24	28	38	39	44	46	49	53	59	60	71	
19	16
0	6	10	16	20	22	24	26	27	28	38	42	45	58	60	66	
22	17
2	3	10	15	19	20	22	24	27	30	32	40	52	58	66	77	80	
20	18
0	2	5	9	18	20	22	24	28	29	36	38	39	40	45	49	60	66	
18	17
0	2	5	11	13	15	16	18	24	25	27	34	38	41	45	49	80	
19	18
0	6	9	11	16	25	26	28	29	30	31	37	38	39	44	46	49	93	
20	17
0	4	6	9	11	15	18	19	29	38	39	41	44	49	52	80	90	
19	17
0	4	5	6	15	16	20	22	24	28	29	37	39	41	46	52	93	
20	17
0	2	4	5	9	11	18	20	22	27	32	39	41	46	52	61	66	
21	18
0	1	4	5	9	11	12	24	29	30	31	39	42	45	46	66	80	93	
20	17
0	1	6	11	19	20	26	29	30	34	38	41	45	49	53	58	93	
19	17
2	4	10	11	19	22	24	28	34	35	36	38	39	44	49	60	94	
19	16
0	3	6	9	10	11	22	24	37	38	41	45	49	59	77	93	
20	17
0	4	6	10	13	19	20	22	27	29	34	39	44	45	52	53	66	
20	18
0	2	5	10	12	16	20	24	26	27	28	29	38	39	47	49	52	53	
19	16
1	9	12	18	19	24	26	30	34	35	36	38	46	60	66	93	
20	16
0	2	4	9	16	20	24	29	38	39	45	49	60	66	77	93	
22	16
0	4	11	15	19	20	24	29	31	44	52	63	66	77	80	93	
23	18
0	1	3	5	9	18	22	28	29	31	34	38	41	52	53	58	66	71	
20	17
6	11	13	18	19	20	22	24	26	29	34	39	40	45	52	66	99	
18	16
0	1	3	9	10	11	22	24	28	33	35	38	41	45	53	93	
20	18
0	3	5	6	9	15	18	19	22	24	27	28	35	41	45	49	58	93	
17	16
0	2	5	6	9	10	14	16	20	22	29	38	41	44	49	53	
21	16
0	6	9	10	11	15	16	19	24	35	49	58	60	64	90	93	
19	17
1	2	6	9	10	19	22	24	26	29	34	38	39	40	49	52	66	
19	17
0	2	5	9	19	26	28	29	32	35	39	40	41	45	49	53	93	
18	16
0	3	9	10	15	18	22	26	27	35	38	44	45	46	59	66	
19	17
0	9	16	18	19	20	24	27	28	29	34	38	42	44	45	58	61	
19	17
0	1	2	9	14	15	22	24	29	30	38	41	42	44	49	52	58	
20	18
2	3	5	9	10	11	12	18	19	27	28	30	38	40	42	45	66	77	
19	17
0	4	6	9	13	14	16	22	24	34	35	38	39	41	45	58	77	
19	16
0	2	9	11	16	20	30	34	37	38	39	44	49	60	64	66	
18	17
0	4	5	9	10	11	13	22	24	34	36	39	40	41	46	49	66	
20	17
0	1	10	12	18	20	22	24	25	28	29	34	46	47	53	60	71	
20	16
2	9	10	13	18	20	22	29	38	39	41	49	52	58	80	93	
19	18
0	2	6	9	10	16	22	27	28	29	34	36	38	42	44	45	49	58	
21	16
18	19	25	28	29	30	31	34	38	44	49	52	58	63	66	71	
22	18
9	10	16	18	19	24	27	28	34	38	39	42	44	49	52	53	63	66	
19	16
0	6	11	14	16	20	22	24	35	36	41	44	46	53	58	77	
23	19
6	7	9	10	16	20	25	27	29	32	34	36	37	38	41	52	60	66	77	
18	17
5	6	10	15	20	22	24	29	30	34	36	38	40	41	44	45	58	
23	19
0	4	6	10	11	15	20	24	25	27	41	42	44	45	46	52	53	77	93	
20	18
0	3	5	6	9	12	19	22	24	26	27	28	34	38	45	49	53	93	
21	18
2	3	6	11	15	19	20	29	31	33	34	36	37	40	41	60	93	99	
21	19
0	4	5	9	10	11	13	16	20	27	28	30	38	39	44	45	49	90	99	
18	17
0	1	6	9	11	16	20	22	24	28	29	31	34	37	38	44	53	
18	16
0	3	6	10	11	16	19	20	22	24	26	33	34	49	60	66	
19	16
0	2	5	14	19	20	22	24	27	29	31	45	49	52	60	77	
21	18
0	9	10	15	16	20	22	24	28	34	37	38	39	42	45	52	58	93	
18	16
0	5	7	11	15	19	20	22	24	28	34	35	44	49	60	93	
22	17
2	3	5	11	12	16	19	22	28	34	41	49	52	53	58	80	86	
23	18
0	5	9	13	15	20	26	34	38	39	41	42	44	52	60	61	66	80	
18	16
0	5	6	9	19	24	32	37	38	39	40	42	44	49	60	61	
19	16
1	2	6	10	20	24	29	34	38	41	42	44	45	52	66	86	
19	17
0	6	9	11	14	20	24	29	30	31	37	38	41	42	44	52	58	
20	17
0	2	5	9	10	11	12	20	22	24	28	34	41	49	61	66	86	
21	18
0	6	9	11	12	24	25	27	29	36	37	39	41	44	49	53	60	93	
17	16
2	3	5	10	11	13	14	20	24	28	29	31	35	38	39	66	
20	18
3	6	9	19	20	22	26	27	28	29	34	38	39	40	44	45	53	66	
19	18
0	3	6	9	11	13	19	20	22	24	29	37	39	41	42	45	49	66	
22	18
2	6	10	11	20	22	24	27	29	30	32	38	45	46	52	58	66	77	
20	16
0	3	5	6	7	11	12	16	22	24	28	29	53	58	64	77	
21	19
0	2	5	11	12	16	18	19	25	28	30	35	36	38	39	41	44	52	60	
19	17
0	3	9	12	16	18	20	22	24	27	29	32	40	41	44	58	86	
19	17
9	10	11	20	27	28	30	32	34	36	38	39	41	44	49	58	60	
18	15
3	4	5	6	10	18	19	20	22	24	41	45	52	59	66	
18	16
0	2	3	9	10	11	24	26	36	37	38	42	45	49	53	60	
22	18
0	6	10	11	16	19	20	22	26	27	28	29	39	45	53	60	66	71	
20	17
2	6	7	9	11	18	26	27	31	32	38	39	41	49	52	63	93	
18	16
2	4	5	10	11	19	20	22	24	25	28	34	41	44	60	93	
19	17
0	1	4	6	16	19	22	24	27	28	37	38	39	44	45	52	66	
17	16
0	6	9	10	11	19	24	28	29	31	37	38	39	44	49	77	
19	17
0	1	6	10	20	22	24	26	28	29	34	38	39	46	49	53	58	
21	17
0	2	5	16	19	20	27	29	34	38	42	45	49	52	63	66	93	
20	18
0	1	3	9	10	11	16	20	26	28	34	35	36	38	39	44	59	60	
20	17
1	5	10	11	12	18	20	22	24	27	28	31	36	45	52	60	66	
20	17
0	3	4	6	11	12	16	19	28	31	36	44	45	49	60	80	93	
19	17
0	10	11	12	15	16	20	24	27	28	36	38	44	45	47	53	66	
18	15
0	4	5	6	10	16	18	20	22	39	41	45	58	66	93	
16	15
2	5	9	10	11	13	15	19	20	22	39	40	41	49	80	
23	18
0	5	6	12	19	20	24	26	27	29	42	45	49	52	60	66	90	99	
18	16
0	5	6	10	11	16	19	24	28	38	44	45	46	49	58	60	
19	17
0	2	5	10	11	14	15	19	20	34	38	39	42	45	49	58	60	
17	15
0	5	7	12	14	19	22	24	28	29	32	45	49	52	63	
19	18
0	1	4	5	9	10	19	24	26	27	29	34	38	39	44	45	49	77	
22	18
12	15	16	20	24	26	27	29	31	36	38	39	40	45	52	77	80	86	
18	17
0	9	12	16	20	22	24	26	27	28	34	36	38	41	44	45	66	
18	16
0	3	4	10	11	24	26	29	34	38	39	41	44	49	53	60	
19	16
0	2	5	13	18	19	20	28	35	38	44	45	46	61	66	93	
19	17
0	2	3	5	9	18	20	22	24	28	29	38	44	45	49	60	93	
18	17
2	3	5	6	10	11	14	20	27	28	29	30	37	38	39	40	77	
19	18
0	4	5	10	14	15	18	20	22	24	26	27	32	36	41	44	45	58	
22	18
0	2	6	9	10	11	20	24	27	34	36	38	41	45	53	66	77	90	
16	15
0	2	3	11	13	20	24	28	34	35	36	38	41	49	66	
19	19
0	1	3	6	7	9	10	15	19	20	22	24	28	29	30	31	34	39	41	
19	16
0	1	6	9	11	19	20	24	34	37	38	44	45	53	60	66	
20	18
0	4	5	6	14	15	18	19	24	29	34	38	39	44	45	49	53	66	
21	19
5	6	9	12	19	24	25	27	28	29	32	38	40	44	45	46	49	66	77	
18	16
0	2	9	10	11	22	24	31	37	38	39	40	44	49	60	93	
18	15
0	1	2	4	16	20	22	24	29	34	36	45	59	66	71	
20	18
0	4	5	6	9	16	22	26	34	38	39	41	42	44	45	49	58	66	
18	16
0	2	3	6	16	19	20	24	29	34	38	41	44	49	58	66	
18	16
0	2	5	7	12	19	24	27	28	29	30	38	44	49	53	77	
20	18
2	5	6	10	11	12	14	16	18	29	31	36	38	39	44	49	63	66	
18	17
0	2	4	9	16	18	20	24	28	35	36	37	38	39	41	44	52	
25	18
3	7	18	19	25	32	34	38	40	42	45	53	58	59	60	66	77	86	
20	17
0	3	9	11	18	19	30	31	37	38	39	44	45	49	61	63	66	
19	17
2	5	6	9	10	11	12	20	24	27	29	34	38	39	44	61	80	
21	18
0	5	11	14	16	20	25	30	32	34	38	41	45	47	49	53	59	77	
20	18
2	3	5	6	7	9	13	14	15	16	18	25	27	28	39	49	60	93	
20	17
0	3	5	6	9	12	20	28	29	31	35	40	42	44	64	66	77	
20	17
2	3	6	15	22	24	26	27	34	35	38	41	45	49	53	60	86	
20	18
0	2	9	10	11	13	15	19	22	31	38	39	41	44	45	49	53	80	
18	17
0	1	2	5	11	16	18	19	22	24	27	28	29	39	41	45	66	
21	19
1	2	4	9	11	12	16	18	19	22	27	28	29	31	34	39	41	58	99	
19	16
0	2	3	6	11	25	28	31	36	40	41	42	44	53	63	66	
20	17
3	6	7	11	12	18	24	27	31	34	36	39	42	46	58	60	61	
20	16
0	1	2	13	19	20	25	27	31	38	45	49	58	60	93	99	
18	18
2	5	6	7	10	11	19	20	22	28	34	38	39	40	41	44	46	49	
19	18
0	5	9	10	12	14	18	27	29	34	36	37	39	41	45	46	49	93	
21	17
0	1	2	5	15	19	20	26	27	34	39	41	49	58	77	93	94	
17	16
0	3	16	20	24	25	28	29	30	34	38	39	41	44	49	66	
22	18
0	2	3	5	6	9	11	12	16	20	22	33	42	49	52	53	63	66	
19	18
0	3	4	6	9	10	14	22	28	29	31	38	39	41	45	46	49	99	
17	17
0	1	5	9	10	11	14	19	20	24	27	38	41	44	45	47	49	
18	17
0	6	14	16	19	20	22	26	28	29	31	34	38	39	44	49	53	
19	16
0	2	6	10	11	12	16	24	27	28	38	41	45	53	77	93	
18	16
1	2	9	11	12	20	24	26	34	36	38	41	42	49	66	90	
18	18
0	6	9	11	12	16	19	22	24	29	31	37	38	39	42	44	45	49	
20	17
5	9	12	20	24	26	30	34	36	37	38	41	44	49	63	66	77	
23	20
0	3	12	16	18	19	25	28	29	32	35	38	40	41	42	44	49	52	58	93	
22	16
5	6	9	11	16	33	34	35	41	46	52	60	64	66	77	90	
17	16
0	1	2	5	9	11	18	19	24	29	34	38	39	41	49	66	
20	18
0	1	10	12	16	19	22	24	27	31	34	35	36	42	46	49	66	93	
21	17
0	1	7	11	24	28	36	37	39	44	45	46	49	52	53	58	80	
21	18
0	1	4	6	14	16	18	22	24	28	29	30	34	41	49	53	66	77	
20	18
2	5	6	10	12	16	20	22	28	34	35	36	37	39	45	49	52	60	
19	16
0	2	3	10	15	16	19	20	24	29	37	39	41	61	66	77	
21	18
2	3	5	7	11	18	25	27	28	29	31	32	36	38	39	58	61	77	
18	16
1	2	12	20	24	26	28	29	34	38	39	44	45	46	52	66	
20	17
0	3	10	12	13	24	28	31	33	34	36	38	46	49	53	66	93	
20	17
0	2	11	13	18	19	20	22	24	26	28	44	45	49	63	66	90	
18	17
0	2	5	9	11	13	15	16	20	22	28	34	35	38	41	49	53	
21	17
0	4	5	7	9	11	12	18	19	27	37	41	49	52	64	66	93	
20	18
2	3	4	6	9	10	13	27	28	29	34	36	38	39	46	49	58	66	
20	17
0	9	15	16	19	22	24	29	35	36	38	39	41	44	58	66	80	
20	15
3	4	5	10	13	18	20	22	26	28	52	59	63	66	93	
21	16
0	2	5	9	18	19	20	28	29	34	49	52	53	63	77	93	
20	18
3	9	15	18	19	22	26	29	31	32	34	38	39	41	44	45	52	90	
19	16
4	5	6	10	13	18	19	22	34	39	40	41	45	53	66	86	
21	18
9	15	16	18	22	26	28	32	34	37	38	39	41	44	45	66	77	90	
17	16
0	4	6	10	16	24	29	32	34	38	39	41	44	45	49	66	
17	16
0	2	3	5	6	10	16	18	19	24	26	34	40	45	46	52	
17	17
3	6	10	18	20	22	24	25	27	28	29	32	35	38	41	44	49	
20	18
0	5	6	9	13	14	18	19	22	24	31	32	36	39	40	45	60	66	
19	17
0	2	11	14	18	20	24	29	34	38	39	41	42	46	49	53	66	
18	16
0	1	2	5	10	11	12	15	27	28	29	30	34	40	53	66	
21	18
2	3	16	22	27	28	29	31	34	36	38	42	44	45	49	60	66	86	
17	16
0	3	6	9	11	20	29	30	37	38	40	41	42	44	49	66	
20	17
0	6	9	10	11	12	27	28	29	31	34	39	42	44	58	77	80	
19	17
0	2	3	11	12	18	20	24	25	26	28	34	36	45	47	66	99	
20	18
0	1	2	5	11	19	20	22	29	30	34	40	41	44	45	46	58	66	
19	17
0	4	6	18	20	24	27	28	29	34	40	42	44	45	49	53	60	
19	16
1	2	3	10	11	22	28	30	34	38	39	44	49	52	63	66	
19	16
0	6	11	13	14	19	20	22	31	34	41	44	45	58	66	77	
21	17
0	3	9	16	19	20	24	26	29	34	38	44	45	58	61	66	86	
20	17
0	1	9	11	12	16	24	28	29	36	37	42	44	49	58	60	93	
18	17
0	2	3	5	10	18	19	22	24	26	28	34	36	37	44	45	58	
20	18
0	1	2	6	7	9	20	22	24	28	30	39	44	45	46	49	60	66	
20	17
0	2	4	9	12	13	22	25	27	30	32	34	41	45	58	77	90	
18	17
0	3	10	11	15	18	22	24	25	31	34	38	41	45	46	49	53	
19	17
0	5	11	18	24	27	28	29	32	34	38	39	40	41	44	53	58	
19	16
0	1	3	9	10	11	14	27	29	38	39	41	44	52	58	93	
19	17
0	2	5	10	11	18	19	24	27	32	36	40	41	44	46	52	60	
18	16
0	1	6	9	10	15	20	26	27	28	29	34	38	42	64	66	
18	17
4	5	13	14	16	18	22	25	27	28	29	30	34	35	44	46	66	
19	17
0	3	9	11	15	20	24	26	28	34	37	38	41	42	45	66	77	
19	17
0	5	6	10	11	14	20	24	26	29	30	31	38	44	49	61	66	
19	18
1	2	4	5	6	9	10	12	15	24	29	31	37	39	40	42	49	53	
19	16
4	5	10	15	16	20	24	25	28	38	39	41	49	52	63	64	
18	16
0	2	6	11	16	19	20	24	35	39	40	41	44	49	60	80	
20	17
2	5	6	11	19	22	26	28	29	31	32	34	47	49	53	58	66	
21	19
0	6	7	9	11	12	13	15	22	24	28	35	37	38	39	44	49	66	77	
17	15
0	3	6	11	19	20	22	24	31	32	34	37	39	52	66	
21	18
5	6	9	11	12	16	19	20	25	27	28	35	38	44	45	58	66	93	
18	17
1	2	6	14	15	20	25	27	29	30	34	38	39	41	46	49	86	
17	17
2	4	5	6	9	10	11	14	16	19	20	22	29	41	44	46	49	
19	17
0	1	2	4	5	11	16	18	22	24	27	28	36	39	45	58	93	
20	18
0	1	2	6	9	10	19	20	25	30	31	39	40	41	45	49	60	66	
19	18
1	4	5	6	11	15	18	22	24	27	28	29	34	37	41	44	45	53	
21	17
0	3	4	10	11	16	22	24	28	35	39	44	49	52	66	71	99	
20	17
2	3	5	16	19	20	24	28	29	38	40	42	44	45	53	60	66	
21	19
0	5	6	11	12	15	16	18	19	22	27	29	32	34	37	46	49	52	86	
20	17
0	2	3	5	6	10	14	18	35	36	39	40	44	49	60	66	93	
20	17
0	3	6	10	14	20	24	30	34	38	39	42	44	45	52	53	60	
18	16
0	3	4	6	7	19	20	24	31	34	35	38	45	49	52	77	
22	19
0	5	9	11	18	19	28	29	31	32	36	38	39	42	44	49	52	63	66	
19	17
2	3	6	9	10	24	29	32	34	35	38	41	42	45	47	53	77	
18	18
2	3	4	11	14	19	20	24	27	28	31	36	38	40	41	42	46	49	
20	16
4	10	14	16	20	27	28	30	32	38	41	49	52	66	71	77	
19	17
0	6	9	10	18	19	24	26	28	29	34	38	39	44	46	66	93	
20	16
0	5	6	10	16	20	28	34	37	38	45	47	60	66	77	93	
17	16
0	1	2	3	5	6	7	10	19	24	28	35	44	45	49	52	
20	17
0	1	3	5	6	9	11	13	19	25	36	39	44	49	59	86	93	
19	18
0	3	5	6	7	10	14	16	19	34	35	36	39	40	44	45	49	66	
24	19
0	5	6	9	10	16	24	29	34	38	39	41	44	49	53	58	60	61	66	
18	17
2	12	13	15	16	19	20	22	24	28	29	34	38	39	41	49	66	
24	19
0	1	6	9	15	26	28	29	34	36	38	39	45	46	52	61	63	80	93	
18	17
0	2	3	5	9	10	18	22	24	25	28	31	33	37	41	45	53	
19	17
3	7	10	11	15	16	18	24	32	34	36	39	41	42	49	60	64	
19	16
0	4	11	12	16	20	24	25	27	38	41	44	45	52	58	64	
20	18
0	1	3	6	9	10	12	20	26	27	30	38	40	41	44	49	61	64	
20	18
0	2	5	13	15	16	20	29	34	36	38	39	41	42	45	46	53	66	
19	17
0	2	5	6	19	20	24	27	29	38	40	44	45	46	49	58	66	
19	17
0	1	2	3	4	6	9	11	18	20	26	28	33	35	49	58	66	
21	17
0	2	10	20	22	24	29	34	36	38	41	44	49	58	63	66	77	
19	16
2	3	5	16	20	22	24	26	27	36	38	44	45	59	63	66	
21	18
0	3	4	5	9	10	18	20	22	32	36	38	41	45	49	53	66	93	
21	18
5	9	13	22	24	25	26	27	28	29	35	38	39	46	49	59	64	66	
19	17
3	6	19	24	27	28	29	32	34	35	38	40	41	44	49	58	93	
21	18
3	5	12	16	18	19	20	22	28	31	34	38	39	44	49	60	61	86	
19	18
0	3	5	12	16	19	20	22	24	25	31	32	34	39	41	46	49	63	
18	17
2	5	10	11	13	18	19	20	27	28	30	35	38	39	44	45	66	
20	17
0	1	5	6	9	10	11	14	22	25	27	35	41	45	53	66	77	
18	16
0	3	4	6	7	19	24	29	30	34	35	39	44	49	60	66	
22	19
6	9	11	12	13	14	19	24	25	29	31	39	42	44	45	47	53	58	80	
20	17
0	2	3	6	10	11	19	20	24	28	38	39	41	47	52	60	93	
22	18
3	5	9	10	11	13	16	19	20	22	28	40	41	42	52	61	66	86	
20	17
0	4	6	10	12	20	27	30	32	34	38	39	41	49	52	60	66	
24	18
0	4	5	9	10	15	16	18	24	29	46	47	52	53	58	60	66	93	
21	18
0	3	10	24	29	31	34	36	37	38	39	40	41	44	49	66	77	90	
20	17
0	2	3	5	6	10	14	20	24	31	38	39	46	49	59	66	77	
22	18
0	1	6	9	15	18	22	24	27	29	34	38	42	45	52	66	77	94	
24	17
0	1	2	9	11	19	22	27	29	45	52	53	61	63	77	80	99	
20	16
0	2	9	11	16	19	20	29	30	38	39	44	52	60	66	93	
20	16
0	4	5	14	19	20	27	28	31	38	45	49	52	60	66	77	
18	17
0	2	6	9	10	15	16	20	26	27	29	34	38	44	45	49	53	
19	16
0	2	3	10	11	20	24	29	34	38	44	45	46	60	66	71	
21	18
5	6	9	18	19	20	24	25	28	29	34	39	41	44	49	52	63	80	
19	18
0	6	10	11	15	18	22	24	25	27	28	29	35	38	39	45	49	53	
19	16
0	1	2	5	13	15	24	27	28	29	38	39	49	52	58	77	
18	16
0	1	3	6	9	11	13	18	19	24	26	29	34	35	58	93	
21	18
0	2	5	13	15	18	19	20	22	24	26	34	37	38	49	52	53	60	
20	17
6	11	18	20	24	25	27	29	32	34	38	41	45	49	52	66	77	
23	18
2	9	10	14	18	19	20	30	38	39	41	45	49	53	60	61	63	93	
19	17
0	3	5	6	7	10	16	20	22	30	39	41	42	45	49	53	66	
21	17
0	1	11	16	18	20	22	24	26	29	34	36	41	53	61	71	93	
20	18
4	5	6	10	18	20	22	26	27	28	29	34	36	41	44	49	58	63	
21	18
5	6	10	11	15	16	20	25	29	34	35	36	37	38	40	53	58	66	
24	20
1	3	4	5	9	19	22	24	25	27	31	32	39	40	45	49	63	66	77	90	
20	17
0	2	3	10	11	14	16	19	26	30	31	32	40	44	52	66	77	
22	18
4	5	6	9	10	15	20	26	27	31	38	41	45	49	52	60	66	93	
20	16
0	4	5	14	20	24	28	31	34	38	39	49	52	60	66	77	
23	17
18	19	28	29	32	35	38	41	44	46	49	52	58	59	66	80	93	
23	18
1	3	9	10	19	22	24	25	27	28	29	38	44	61	64	66	77	99	
20	18
0	1	5	10	11	19	22	24	26	27	29	34	35	39	41	44	60	86	
19	16
0	3	5	10	11	12	19	27	35	39	40	41	45	52	77	80	
23	19
6	10	11	12	13	14	18	19	20	26	28	31	42	46	49	58	66	93	99	
19	16
1	2	10	11	14	16	19	24	34	38	39	41	49	52	53	66	
19	18
0	2	6	10	11	12	15	16	19	25	32	34	38	39	42	45	49	60	
20	17
0	4	6	12	16	18	20	22	27	32	39	40	41	46	53	66	93	
16	15
0	2	5	14	15	16	20	22	24	29	38	42	44	45	60	
18	17
0	6	9	10	18	20	22	25	26	27	34	36	38	39	41	45	66	
21	18
3	5	6	9	11	12	19	20	26	30	34	40	41	42	49	60	77	80	
19	17
0	2	5	11	18	19	24	27	28	29	36	38	44	45	49	58	77	
20	18
0	1	5	6	9	11	15	18	24	27	29	34	35	38	45	49	58	66	
21	18
2	3	6	18	20	24	25	27	32	34	36	38	41	45	49	53	58	60	
19	17
0	4	5	10	18	22	24	27	31	34	36	39	41	45	46	66	93	
22	18
1	5	7	11	14	19	22	27	28	29	38	39	40	49	52	53	77	93	
23	18
0	1	3	5	6	12	18	22	26	38	41	42	47	53	60	61	77	99	
18	15
0	1	2	7	9	11	20	22	24	31	36	39	60	71	93	
18	16
0	1	2	11	12	14	15	24	27	29	38	45	46	49	53	77	
21	17
1	2	7	9	10	14	15	27	29	38	39	41	46	52	53	66	90	
17	15
0	3	6	7	12	14	20	24	34	38	41	45	49	52	77	
17	16
0	2	3	5	9	14	15	18	19	22	29	41	44	46	49	66	
18	17
0	4	10	16	24	25	28	29	37	38	39	41	44	45	46	49	60	
22	18
0	1	5	10	11	16	18	19	20	26	28	34	38	49	58	61	66	86	
19	16
0	2	5	6	10	13	20	22	24	28	29	30	49	53	77	93	
18	17
0	6	10	11	16	19	22	24	25	31	36	37	38	39	44	49	64	
16	15
0	2	10	16	20	22	24	28	29	34	38	39	41	45	66	
23	19
3	5	9	14	15	19	20	24	25	26	38	41	42	44	49	60	63	80	93	
17	16
0	3	4	11	14	20	24	27	30	31	38	39	41	44	49	52	
19	16
0	6	16	19	20	22	24	29	31	32	38	44	45	58	66	93	
18	16
0	2	3	6	18	19	24	27	28	31	34	35	36	49	52	53	
19	17
2	4	5	9	10	15	19	20	29	38	39	41	45	46	49	66	90	
20	18
0	5	7	11	16	20	22	24	25	28	29	34	37	39	44	46	53	58	
18	17
0	5	6	11	12	16	20	22	24	27	29	30	34	35	44	49	66	
23	18
0	1	6	14	15	24	26	28	34	36	38	42	47	53	58	66	71	99	
21	18
0	1	14	19	20	25	26	28	29	31	34	38	39	44	46	66	93	94	
23	18
1	9	13	18	24	27	28	29	34	38	39	41	44	52	53	58	66	86	
21	17
0	4	9	10	18	22	27	31	39	40	41	44	45	53	58	60	66	
21	17
0	1	6	11	16	18	22	24	25	28	29	37	39	53	66	77	93	
18	18
3	5	9	10	11	18	19	22	24	29	34	36	37	41	42	44	46	49	
21	17
0	2	9	10	11	18	20	24	29	31	34	38	49	53	58	60	66	
20	18
0	4	9	12	16	18	20	22	30	31	34	38	39	41	44	49	64	66	
20	18
0	3	4	6	10	14	15	20	27	28	29	31	38	39	42	49	53	93	
22	20
0	5	11	14	15	16	18	22	24	25	28	29	30	34	35	38	39	46	66	86	
17	16
1	4	7	11	15	16	19	24	27	28	38	39	40	42	44	53	
18	16
0	1	4	6	11	16	19	24	28	29	34	39	41	49	66	99	
18	17
0	1	6	7	10	12	16	18	25	30	34	38	41	42	44	46	52	
19	17
4	5	6	11	13	19	22	24	25	26	27	28	34	40	41	90	99	
19	17
0	11	12	19	24	28	30	31	35	39	40	41	42	44	49	66	93	
18	16
0	2	5	6	11	13	18	19	22	24	29	31	40	45	60	90	
20	17
1	3	5	10	11	16	24	26	27	28	36	38	40	44	53	60	66	
18	17
0	3	5	9	10	11	18	19	20	22	29	36	37	40	41	42	66	
22	18
6	10	11	18	22	24	29	34	38	39	42	45	46	49	53	77	90	93	
20	16
0	2	3	5	10	11	16	18	22	24	29	38	59	77	86	90	
22	19
0	5	9	18	19	22	24	26	32	34	37	40	41	45	47	49	60	64	90	
20	18
0	5	10	13	15	16	18	19	22	24	25	26	28	32	34	47	80	93	
20	17
0	3	6	11	14	15	16	19	29	38	41	44	45	49	59	71	80	
22	18
0	3	5	6	10	12	15	19	20	29	36	37	41	49	52	60	80	99	
19	17
0	2	4	5	11	14	19	20	22	28	29	34	39	44	49	53	93	
19	17
0	2	3	6	10	12	16	19	20	26	28	35	38	45	46	52	71	
18	16
2	3	5	14	16	19	20	22	24	34	35	39	41	45	60	86	
20	17
2	4	6	7	19	20	22	24	26	27	33	34	38	42	59	66	90	
19	17
0	5	7	9	10	11	18	20	22	24	34	35	38	39	41	66	90	
19	17
0	1	9	11	15	19	20	27	28	30	34	35	37	38	49	52	66	
18	16
0	5	6	14	15	19	22	24	26	29	34	38	39	45	52	63	
18	16
0	6	11	20	22	28	29	30	33	34	38	41	46	49	58	66	
20	18
0	3	5	6	11	13	14	16	19	22	26	28	34	38	44	49	77	90	
22	18
0	1	3	12	14	16	19	22	27	29	31	39	40	45	52	60	66	77	
22	18
2	3	5	10	11	22	27	28	29	36	38	39	41	47	52	58	77	80	
18	16
0	3	6	13	18	19	22	24	25	29	31	38	39	46	52	60	
23	19
0	2	6	9	14	19	29	30	31	34	36	38	44	45	49	58	66	93	99	
19	17
1	2	4	6	9	10	11	16	24	28	38	39	40	41	42	60	66	
16	16
0	2	3	6	10	18	19	20	24	26	28	29	35	38	45	49	
18	16
0	2	10	16	20	22	24	26	27	34	35	38	44	45	66	77	
19	17
0	1	9	11	20	27	30	31	34	36	37	38	39	46	49	66	90	
18	17
0	1	2	3	15	19	20	24	26	27	29	34	38	44	45	46	77	
17	16
2	5	12	14	16	19	20	22	28	29	30	39	40	41	49	53	
22	16
9	20	27	29	38	39	40	41	44	46	52	58	61	66	71	94	
18	16
1	6	9	10	12	20	24	29	32	34	38	41	42	45	66	77	
19	17
0	9	10	11	13	14	16	22	27	29	30	35	38	40	44	77	93	
20	17
0	1	5	6	9	11	19	22	25	34	35	38	44	45	60	66	86	
19	17
1	5	6	7	10	12	16	18	22	24	37	39	41	42	44	52	90	
19	17
0	4	6	11	15	19	22	24	29	36	37	39	44	45	49	60	66	
20	18
0	3	5	9	11	20	26	27	31	35	38	39	40	41	42	44	52	90	
20	16
0	6	9	11	20	22	29	30	34	38	40	45	53	59	63	66	
20	16
1	2	6	9	10	14	19	22	27	35	38	45	52	53	66	77	
22	18
3	4	5	6	9	22	27	28	32	34	39	41	44	49	53	63	77	99	
21	18
0	2	3	14	18	20	22	24	31	35	37	38	39	40	41	77	80	93	
20	16
0	2	4	10	11	12	16	19	27	38	45	49	59	60	66	77	
21	18
3	5	6	9	14	19	24	29	34	38	39	40	41	45	46	58	61	77	
18	16
0	1	2	10	20	24	28	29	30	34	38	41	42	45	53	66	
20	17
5	9	11	16	24	27	28	31	34	38	39	44	46	49	60	66	77	
20	17
0	2	5	9	10	12	13	20	26	29	34	38	39	42	53	59	66	
20	16
0	1	2	18	19	22	24	28	34	41	46	49	53	60	66	93	
18	17
0	5	9	10	11	20	24	25	29	31	33	34	38	41	44	45	66	
21	19
0	1	5	6	15	16	18	19	22	24	26	27	29	36	38	39	47	77	80	
20	17
3	7	11	24	25	27	28	34	35	38	41	44	45	49	58	60	93	
20	18
0	2	6	9	10	14	20	24	26	29	35	38	39	44	45	49	61	93	
22	17
0	1	10	11	13	18	22	27	29	35	41	42	52	53	66	90	93	
19	17
1	2	5	9	10	11	12	16	22	24	27	28	29	41	49	52	53	
19	17
0	3	9	11	12	15	19	22	24	26	35	41	44	45	49	53	66	
22	18
0	1	2	5	7	9	11	24	34	38	39	40	44	45	52	60	77	99	
21	17
3	6	10	18	22	24	26	34	36	38	39	44	45	52	53	60	63	
18	17
0	2	5	6	18	19	20	24	27	28	35	38	44	45	47	49	66	
19	17
0	1	3	4	9	10	15	19	20	24	30	36	44	45	49	52	60	
19	16
0	2	18	20	24	25	27	28	29	38	44	45	49	53	60	63	
19	17
0	2	3	4	10	11	19	20	22	28	35	38	39	41	42	58	77	
19	17
3	6	9	10	11	15	16	18	25	27	29	36	38	41	49	53	86	
22	17
3	4	9	10	15	24	27	39	41	44	45	49	52	53	66	71	77	
18	16
0	3	4	9	10	11	20	22	24	28	30	42	44	45	52	58	
19	17
2	3	5	9	10	11	16	19	25	26	27	28	39	41	45	52	77	
19	17
0	1	6	9	10	11	16	19	22	27	34	38	39	42	47	60	66	
21	17
0	2	3	9	10	15	22	25	27	34	38	45	49	53	60	66	80	
20	17
0	2	5	9	10	13	15	18	27	30	39	40	45	46	53	58	66	
23	18
2	4	5	6	9	16	22	27	28	30	38	44	49	52	60	66	77	80	
19	17
0	9	16	18	19	20	24	27	28	29	34	38	44	45	49	63	77	
22	19
0	9	10	11	14	15	16	18	25	27	37	38	40	42	44	49	58	59	60	
20	18
1	3	5	6	10	12	15	16	18	22	26	35	44	45	46	49	64	90	
21	17
0	2	6	9	11	18	27	29	30	34	36	38	45	52	58	60	66	
20	16
0	6	16	19	20	22	28	29	34	35	40	49	53	63	93	99	
21	18
0	9	11	16	20	22	27	28	29	30	35	38	39	41	49	64	66	77	
18	17
4	5	6	9	10	12	20	22	24	26	29	34	41	44	45	46	58	
20	17
0	2	5	10	16	18	19	22	24	34	37	38	44	45	66	71	86	
18	16
5	6	12	14	18	26	28	29	30	34	35	38	44	49	66	80	
21	18
0	2	3	9	19	22	24	26	27	31	32	34	41	45	49	53	66	86	
20	18
9	11	12	16	18	20	27	28	29	31	34	38	39	40	47	49	60	63	
19	17
0	2	3	5	6	10	24	29	34	37	38	39	40	41	47	63	66	
21	17
0	1	2	12	16	19	22	24	28	29	34	41	44	60	66	86	93	
19	16
4	10	18	22	24	26	27	28	29	30	31	38	49	53	66	77	
20	18
0	4	9	10	12	15	24	28	29	32	34	36	38	39	42	45	52	63	
20	18
0	2	6	20	25	27	29	31	37	38	39	40	41	44	45	49	58	64	
22	17
0	14	18	20	26	27	28	34	36	38	42	45	60	66	77	93	99	
21	18
0	2	5	6	7	9	12	20	22	24	27	28	34	38	41	61	80	93	
20	18
0	2	5	6	9	10	15	18	20	26	27	34	38	41	47	49	64	66	
21	18
0	3	6	12	14	24	26	28	29	31	34	37	39	40	49	53	58	93	
20	17
0	6	10	11	12	13	15	16	19	20	24	26	27	40	53	64	93	
20	17
0	6	7	11	19	20	22	24	27	29	35	41	46	49	60	66	77	
22	18
0	1	2	4	9	11	12	19	24	29	30	36	46	49	52	66	80	93	
18	17
0	1	3	11	12	19	20	22	24	27	29	34	35	38	44	45	66	
21	18
3	4	5	9	10	15	19	22	24	34	35	38	40	44	45	66	80	93	
19	17
0	1	2	5	9	10	18	24	26	29	38	39	40	46	49	60	66	
21	16
5	14	15	20	22	27	32	36	39	41	46	52	58	61	66	71	
18	17
0	3	6	14	16	19	26	27	28	34	36	41	42	44	45	49	53	
20	18
2	5	6	10	11	19	20	22	24	27	29	37	41	44	45	49	52	93	
16	16
0	2	5	11	16	18	19	20	24	26	28	38	41	44	45	49	
19	16
0	1	3	5	6	11	14	19	20	39	41	44	49	52	60	66	
20	17
0	2	3	9	10	20	24	28	29	34	39	40	41	44	53	63	86	
18	17
0	3	5	6	10	11	13	15	16	24	27	28	34	38	39	45	99	
20	16
1	2	3	6	11	13	14	19	31	39	41	44	60	66	71	90	
19	17
0	4	9	16	18	24	26	27	28	37	38	39	41	44	45	58	77	
20	17
2	3	5	6	10	11	24	29	34	35	39	41	44	49	53	66	86	
19	17
0	2	4	6	12	14	16	20	25	29	31	42	44	45	49	63	99	
18	17
0	1	5	6	9	10	22	27	28	29	32	38	39	40	41	45	66	
20	17
0	9	12	18	20	24	28	29	32	34	39	42	44	49	52	53	93	
20	17
0	2	3	10	18	19	24	28	36	38	41	44	45	49	52	53	60	
17	17
0	5	6	10	11	16	19	24	28	29	33	34	39	41	44	45	49	
19	16
0	1	3	6	11	14	16	19	20	25	35	39	44	53	60	77	
23	18
0	9	11	12	14	18	19	24	26	35	38	39	49	52	53	60	64	93	
22	18
0	3	5	9	10	15	20	24	29	34	37	38	39	44	60	66	80	93	
18	17
0	3	4	6	10	12	18	19	24	29	34	35	36	37	38	47	58	
17	16
0	2	3	4	7	9	10	24	29	34	38	39	41	44	49	53	
19	15
0	1	4	6	10	12	16	18	24	44	49	58	60	66	93	
19	17
4	5	6	9	15	19	20	26	29	34	38	40	44	45	49	53	66	
22	18
5	6	9	10	11	12	14	19	25	27	32	35	39	44	60	66	80	90	
19	16
2	6	7	11	18	20	22	24	28	38	39	41	49	52	66	90	
19	17
0	10	11	14	16	20	22	25	27	29	36	38	39	41	44	66	93	
20	17
0	6	9	11	12	20	36	38	39	41	42	44	45	49	52	58	80	
23	19
0	1	4	5	6	13	14	18	22	26	28	31	33	37	39	64	66	77	90	
18	17
0	6	9	10	15	16	19	20	22	24	26	27	32	38	44	47	52	
21	16
0	1	6	11	14	20	27	28	36	37	49	53	58	60	66	93	
21	18
0	2	11	19	24	28	31	34	36	38	39	41	42	44	49	63	66	80	
20	17
0	1	2	5	14	16	19	22	26	28	34	39	45	46	66	80	86	
20	17
0	6	11	15	16	18	20	22	24	27	29	30	44	45	52	53	60	
20	16
0	2	5	9	12	20	29	39	42	44	45	49	58	66	77	93	
20	17
3	5	10	11	18	22	28	29	34	38	39	40	41	42	53	66	99	
19	17
0	6	9	10	11	18	20	22	24	29	37	38	39	44	46	58	93	
20	18
0	6	11	15	16	19	22	24	29	37	38	39	40	42	45	49	53	58	
17	16
0	1	2	3	6	11	15	16	19	24	29	34	37	39	45	53	
19	16
0	10	12	14	18	20	22	25	29	32	38	39	41	52	77	93	
20	17
0	1	4	10	14	16	24	37	38	39	41	44	45	46	61	63	66	
21	18
0	5	7	10	14	18	19	20	22	25	28	36	38	39	44	52	58	86	
20	17
0	4	5	6	9	16	24	28	32	38	41	44	45	49	52	53	99	
19	17
0	1	2	3	5	10	19	20	24	26	27	29	30	45	49	61	77	
19	17
0	3	9	10	20	22	24	27	29	31	37	38	40	44	49	60	61	
22	18
0	1	3	6	12	19	20	22	28	29	35	39	45	49	53	61	77	93	
20	19
3	5	6	7	10	11	12	19	22	26	29	31	36	38	39	40	41	49	90	
19	16
10	11	13	16	19	28	32	34	38	39	40	44	49	53	59	64	
20	18
4	6	10	14	18	19	26	28	29	31	32	34	38	39	44	49	53	66	
19	18
3	4	5	16	19	24	26	28	29	31	37	38	39	44	45	47	49	66	
20	17
0	2	3	10	11	20	24	25	27	29	31	38	39	45	52	60	93	
20	18
1	2	9	10	11	20	22	27	29	31	36	38	41	44	45	46	66	93	
18	17
9	10	16	18	20	22	24	28	29	32	34	35	38	39	41	46	66	
19	18
0	2	6	9	10	12	20	22	29	31	35	38	39	40	41	42	44	66	
21	18
0	3	5	6	7	9	13	16	18	22	25	28	38	39	45	52	53	77	
18	16
0	5	16	18	19	20	22	24	25	28	29	34	37	44	52	86	
18	16
0	5	6	10	16	18	19	22	24	28	34	38	39	47	58	93	
20	17
0	2	5	9	16	22	24	28	29	35	38	39	41	49	60	86	90	
21	19
0	6	9	14	19	20	22	24	28	29	34	35	38	39	44	45	49	86	93	
19	17
0	1	2	3	5	11	19	24	25	28	35	38	44	45	49	86	93	
19	16
1	2	5	6	9	12	16	22	25	28	34	41	49	52	53	60	
18	16
1	2	3	5	11	19	20	22	28	34	39	41	44	49	58	93	
20	17
0	6	9	10	22	24	29	31	32	38	39	40	41	44	58	77	99	
19	17
0	1	2	10	12	22	24	26	27	30	35	42	45	46	49	60	66	
20	18
0	1	2	4	6	11	16	20	22	24	25	31	34	37	38	41	52	77	
17	16
3	5	6	10	12	15	19	20	22	28	29	34	37	39	49	58	
23	18
0	2	6	12	16	20	26	29	31	35	38	45	49	58	64	77	80	93	
21	18
0	6	7	16	18	22	24	27	28	30	31	38	40	41	44	63	66	99	
18	15
0	2	3	11	12	20	26	28	29	30	34	49	53	66	86	
20	17
0	1	2	6	9	19	20	27	28	29	31	38	39	46	60	66	77	
20	18
0	1	2	15	16	18	22	24	28	29	34	38	40	41	45	46	53	60	
17	16
0	2	12	19	20	24	26	27	28	29	30	34	38	44	49	66	
22	19
0	1	2	12	13	16	22	29	31	34	35	37	38	42	45	49	53	60	93	
19	18
0	5	6	15	16	18	19	22	24	25	29	32	38	39	41	44	45	66	
19	17
0	2	5	6	9	11	16	19	20	25	26	27	28	35	45	77	93	
18	16
0	2	4	11	20	24	26	27	37	38	44	45	46	49	53	60	
20	16
0	1	2	7	11	20	22	27	30	34	39	44	53	66	93	99	
18	16
0	1	5	6	11	19	24	27	28	34	35	36	38	42	53	93	
18	16
0	1	2	3	4	10	18	20	24	26	27	38	39	42	77	93	
21	16
0	2	3	12	20	24	32	37	38	42	49	52	58	59	77	86	
17	16
2	3	6	9	11	18	19	24	25	26	29	31	38	39	41	93	
17	15
0	3	4	5	6	9	10	11	12	20	28	29	49	52	63	
23	19
0	1	3	5	16	20	22	24	25	28	29	30	36	39	49	52	53	58	60	
22	18
3	6	11	16	25	27	28	29	30	41	42	44	45	46	53	66	90	99	
20	17
5	7	9	10	11	12	13	14	20	24	32	38	39	41	52	63	66	
20	17
0	5	6	16	20	22	24	25	26	28	30	34	44	45	52	60	66	
21	17
3	5	7	19	20	25	28	34	38	39	41	44	49	59	60	66	77	
18	17
0	3	9	16	19	20	22	24	26	27	29	34	36	38	44	45	66	
20	19
0	5	10	12	15	19	22	24	26	27	31	35	41	42	44	45	47	49	90	
19	16
0	1	10	11	18	20	22	24	27	31	34	36	39	52	53	66	
19	16
0	2	10	16	20	22	24	25	27	34	36	45	46	60	61	77	
19	17
5	6	9	10	13	22	25	26	28	29	34	38	39	40	42	63	66	
20	18
0	3	6	14	16	18	19	25	26	30	34	38	41	42	44	49	60	77	
20	18
2	6	12	14	16	20	24	27	28	31	37	38	39	41	45	49	66	90	
17	16
0	1	4	9	10	11	14	20	24	38	41	44	45	47	49	66	
22	18
1	5	6	10	15	16	18	22	28	29	32	35	44	47	53	58	60	99	
17	16
0	1	4	5	10	11	13	18	22	24	27	28	36	41	49	58	
19	15
0	1	2	16	18	20	24	27	30	37	38	59	66	77	93	
19	17
0	3	5	11	16	19	20	24	30	32	35	41	44	46	49	60	71	
20	17
0	3	6	10	14	15	19	20	24	34	38	39	41	49	52	60	66	
23	19
2	6	10	12	20	22	27	28	29	35	36	38	39	44	49	53	60	71	80	
20	18
0	2	3	10	14	16	19	20	25	27	28	29	34	36	45	49	53	66	
18	17
0	5	6	10	11	19	20	24	25	27	29	34	41	44	45	49	99	
20	18
3	5	6	13	14	16	18	22	27	28	29	34	36	38	41	45	53	66	
17	16
0	5	11	12	13	19	20	24	29	35	37	38	41	44	45	61	
18	16
0	1	3	4	5	6	10	14	15	18	20	22	24	35	60	93	
19	16
0	2	5	18	22	24	25	28	29	38	44	46	49	53	60	93	
19	17
4	11	16	22	24	25	27	28	29	35	38	39	40	45	49	53	77	
19	17
3	5	6	11	19	22	24	25	27	28	33	36	39	45	49	60	99	
20	17
0	4	11	15	18	20	22	24	27	28	29	36	42	49	52	60	66	
17	15
0	9	10	11	14	20	24	38	39	41	44	45	49	60	61	
18	16
0	3	5	11	16	20	22	24	28	35	38	41	44	45	52	53	
18	17
9	10	12	20	22	24	28	29	32	34	38	39	40	41	44	45	66	
23	17
2	5	9	10	13	18	20	29	38	44	49	52	53	58	66	77	93	
18	15
0	4	5	6	10	14	16	20	22	24	41	45	52	66	93	
20	17
0	2	16	18	19	20	24	28	29	35	39	40	41	42	52	66	93	
22	18
0	1	6	15	25	29	32	34	37	38	39	41	44	45	63	66	77	99	
19	17
2	3	5	13	14	18	20	22	27	28	29	31	35	38	39	64	77	
22	19
0	4	6	9	14	19	22	24	28	29	30	34	36	37	44	47	52	53	63	
20	18
0	3	5	9	11	20	24	27	28	31	36	38	41	44	45	49	66	80	
21	19
0	6	14	19	20	22	24	26	27	32	36	37	39	41	42	46	49	53	66	
19	17
0	2	5	6	12	14	19	20	22	24	26	27	34	35	40	52	53	
17	17
0	1	3	5	19	20	22	24	26	27	28	31	35	38	41	44	45	
21	18
1	3	9	16	18	19	20	26	27	29	35	38	40	45	46	52	60	66	
20	17
0	6	10	11	18	29	30	34	38	39	42	44	47	49	52	53	66	
20	17
0	3	5	7	9	14	15	22	24	38	39	41	45	49	52	61	64	
18	17
0	5	10	11	12	15	16	19	20	24	25	34	40	41	42	45	52	
19	17
0	2	5	10	11	13	19	22	24	28	29	39	41	45	46	93	99	
16	15
0	2	3	5	10	15	19	20	27	28	29	30	39	49	58	
21	19
1	5	6	7	9	16	20	24	25	26	28	30	39	41	45	47	49	90	93	
21	19
1	3	6	11	12	16	20	27	28	29	34	38	39	40	41	44	49	77	93	
20	18
3	5	9	10	15	19	20	26	27	36	38	39	40	41	42	45	52	93	
19	16
2	5	6	10	11	13	16	19	28	30	34	41	49	53	66	93	
18	16
0	3	6	11	12	15	20	24	30	34	35	38	41	42	52	58	
21	17
0	9	11	18	19	20	24	29	30	31	35	37	38	63	66	77	93	
19	16
4	6	10	13	18	22	24	29	34	36	39	41	46	53	80	93	
20	17
0	3	5	6	9	10	12	18	20	22	25	30	38	44	60	66	93	
18	17
0	3	6	9	10	22	24	25	28	32	35	38	42	44	46	49	93	
23	18
5	6	10	12	13	14	15	19	24	34	39	40	46	52	53	58	63	93	
17	16
2	4	5	6	10	11	14	19	20	22	24	34	36	41	45	52	
18	17
0	4	5	6	11	14	20	22	25	27	29	36	37	39	45	49	60	
21	17
2	6	9	10	11	14	27	29	31	39	40	41	44	53	66	77	99	
18	17
0	4	5	6	16	19	24	28	34	35	38	39	41	44	45	49	52	
19	17
5	6	14	18	19	20	26	27	28	30	35	39	40	44	49	52	71	
22	18
0	4	5	9	10	15	16	19	22	24	26	35	36	44	52	60	77	93	
23	19
3	4	5	6	11	12	15	19	28	32	35	39	41	44	49	60	63	71	93	
21	18
0	3	5	15	16	18	19	22	24	25	26	35	37	38	45	60	66	80	
23	18
5	6	16	19	22	25	28	29	30	34	41	45	49	53	58	60	64	66	
23	19
1	3	11	13	14	19	20	26	35	37	39	42	44	45	46	58	66	71	90	
22	18
0	1	2	6	11	16	22	24	35	38	41	45	46	49	60	64	80	93	
21	17
0	5	6	9	10	11	12	18	20	28	34	37	40	52	58	66	77	
21	17
0	1	9	11	19	22	24	28	29	32	34	44	45	60	64	66	80	
19	16
0	1	4	6	18	20	22	24	27	29	30	31	34	52	60	66	
20	16
1	2	3	10	20	27	29	38	39	41	45	46	52	58	66	99	
17	15
0	1	6	10	11	20	24	29	34	35	38	41	45	53	66	
20	17
2	3	5	9	12	22	25	28	29	34	38	39	44	49	53	59	90	
19	16
0	6	7	9	11	12	20	24	34	38	39	41	47	52	77	93	
20	16
0	3	5	6	7	10	14	20	22	26	30	38	52	53	58	66	
20	18
0	1	2	6	15	16	19	20	22	24	25	29	40	42	44	46	52	53	
20	17
0	3	11	12	13	15	19	24	25	26	36	39	44	49	58	66	80	
17	16
0	2	3	10	11	12	15	20	22	24	28	29	35	37	45	80	
20	17
1	2	10	12	20	25	28	30	38	39	40	41	42	45	60	66	77	
20	17
0	2	4	5	9	15	25	26	27	34	36	44	45	46	53	66	80	
18	16
0	3	7	9	10	14	24	26	32	38	39	40	42	44	66	77	
17	15
0	3	5	6	11	14	20	24	38	41	44	45	49	52	64	
24	19
0	3	5	6	9	10	13	18	20	22	25	26	29	44	52	53	63	80	93	
19	16
0	4	9	18	27	29	30	34	36	38	41	44	49	58	61	77	
20	17
0	9	15	18	19	27	28	29	34	36	38	42	44	49	60	66	77	
18	16
0	10	11	19	20	22	24	27	29	34	35	36	39	44	66	80	
20	17
0	3	6	10	11	14	16	20	22	24	28	31	35	39	66	71	86	
17	15
0	6	7	11	13	16	18	20	22	27	38	40	41	66	93	
20	18
0	3	6	11	13	20	22	24	25	27	29	30	34	36	41	45	60	66	
24	18
0	2	5	10	11	18	20	24	28	34	38	45	60	61	63	66	80	93	
18	17
0	5	9	15	18	19	20	24	27	28	29	34	36	38	44	49	60	
19	17
0	1	2	5	9	10	16	22	24	26	27	28	30	35	49	52	53	
19	16
0	2	5	9	13	18	24	28	29	38	39	41	49	53	77	93	
23	18
0	2	6	9	13	18	19	24	27	38	41	45	49	58	60	63	80	93	
19	17
0	2	9	10	15	18	27	28	29	32	38	39	41	44	49	64	77	
22	18
7	9	11	12	16	20	22	24	28	29	34	39	44	46	52	53	61	66	
18	17
0	1	4	5	6	9	11	16	22	25	27	28	37	42	45	46	77	
20	17
0	3	5	11	13	18	22	24	26	28	34	41	44	45	53	86	99	
21	16
0	5	10	11	12	14	18	20	28	29	31	52	58	77	93	99	
19	17
1	2	5	9	11	16	19	20	28	31	34	38	39	40	44	52	58	
20	18
0	2	7	9	14	15	16	20	22	25	29	35	39	40	41	45	53	77	
22	18
0	2	4	12	15	20	27	29	30	34	38	41	44	46	52	66	77	93	
17	17
0	2	3	6	12	16	18	20	24	25	28	29	35	39	41	44	49	
17	16
1	2	3	4	9	10	19	22	24	26	30	38	41	42	45	53	
19	17
0	2	3	9	11	20	22	24	28	29	30	34	35	36	38	64	86	
20	19
0	3	5	10	11	13	14	18	22	25	30	34	35	38	40	41	45	49	53	
20	17
0	1	2	9	10	14	15	19	22	27	29	31	34	45	53	66	93	
19	17
1	2	5	6	9	11	12	16	20	22	27	28	29	41	45	53	66	
22	17
0	2	5	9	13	15	19	20	27	34	44	49	52	58	60	66	80	
19	18
0	1	5	6	10	11	13	14	22	24	25	26	37	39	40	46	49	60	
19	17
0	2	6	11	20	24	25	27	28	29	35	38	44	45	49	53	66	
19	16
0	2	3	10	20	22	24	28	38	42	45	46	47	53	66	93	
18	16
0	2	3	5	10	11	12	13	14	16	20	30	47	49	53	66	
21	18
0	2	12	13	18	22	24	27	28	32	38	44	45	46	49	52	60	66	
18	16
3	5	9	11	18	19	29	32	34	37	38	39	40	44	66	93	
19	16
0	1	2	3	14	19	20	29	38	39	41	45	49	59	71	80	
17	15
0	1	3	6	10	12	20	22	24	26	27	28	35	53	86	
18	16
1	3	4	9	10	20	24	29	35	36	38	40	41	42	52	66	
18	16
2	3	6	13	16	19	24	27	28	35	38	39	40	42	53	77	
20	17
3	7	10	11	12	13	20	22	24	26	35	41	46	49	58	61	90	
19	18
0	3	4	9	11	20	25	27	28	29	33	35	39	42	44	46	49	66	
18	15
0	6	7	15	16	18	22	25	29	30	38	44	52	58	59	
20	17
2	3	5	9	10	11	16	18	20	27	29	34	36	49	53	60	66	
21	18
2	3	4	5	6	10	13	16	22	29	34	37	38	44	49	66	90	99	
19	18
0	2	3	4	9	18	19	24	29	31	37	38	39	41	44	45	49	93	
18	17
0	2	5	10	14	19	20	22	24	29	36	38	40	44	45	46	60	
19	17
0	1	4	11	12	20	24	25	28	35	38	44	45	47	49	60	66	
18	16
0	5	9	11	16	18	24	28	35	38	39	41	44	45	58	77	
21	19
2	6	10	12	16	18	19	26	27	30	31	34	38	39	41	44	49	52	66	
19	16
1	2	5	9	12	24	28	29	31	39	42	44	49	52	61	93	
20	18
2	10	11	16	22	24	26	28	29	34	38	39	40	42	45	49	53	66	
17	16
2	3	4	5	9	10	11	19	20	22	30	35	38	41	46	52	
21	17
0	3	6	7	11	19	20	24	26	28	31	39	45	52	53	66	77	
19	17
1	3	5	9	11	18	19	22	25	27	34	39	41	42	49	86	93	
21	18
0	4	10	19	20	22	26	27	28	34	36	38	39	46	49	58	59	66	
20	18
0	1	6	10	11	19	20	22	25	29	32	34	37	38	39	45	63	66	
19	17
0	1	3	4	12	13	15	16	20	24	25	31	36	41	49	59	77	
18	16
0	2	3	11	15	16	19	20	22	24	25	26	35	38	53	77	
19	15
0	1	6	10	11	14	20	22	24	38	41	52	66	77	93	
24	17
3	4	9	10	18	24	34	38	39	44	52	53	58	60	66	77	86	
18	16
1	4	6	10	11	24	29	34	36	38	39	41	45	47	66	77	
16	16
0	1	6	9	11	12	16	20	22	25	28	31	35	41	44	49	
20	18
0	2	4	5	10	18	19	20	24	27	28	29	30	32	37	44	52	93	
19	17
0	1	6	11	12	16	19	20	24	28	38	41	44	45	49	52	53	
20	17
2	7	9	11	12	15	27	28	34	36	38	40	41	44	60	66	99	
21	18
0	5	10	11	16	22	24	29	32	35	37	40	44	46	47	52	77	93	
23	20
0	1	9	14	18	19	20	24	27	28	34	36	38	39	40	44	46	63	66	71	
20	17
0	1	6	9	11	16	20	28	29	31	36	38	41	44	52	60	63	
19	18
0	1	3	9	10	16	18	19	20	22	24	26	28	37	39	41	46	86	
17	15
0	2	3	6	7	10	20	22	24	35	38	41	42	53	58	
23	18
0	5	9	11	13	16	19	20	29	37	39	41	44	58	60	61	77	86	
17	15
0	2	3	10	11	13	20	24	28	30	34	41	49	60	66	
22	18
2	3	18	20	25	27	28	29	30	34	38	39	41	49	53	58	60	61	
18	17
0	1	3	4	6	14	18	20	22	24	26	28	30	34	35	44	86	
20	17
1	9	11	13	14	15	19	20	30	37	40	41	44	49	53	61	86	
18	16
0	1	3	4	7	11	20	24	25	27	28	29	34	39	63	77	
19	16
1	2	9	19	20	22	24	26	29	31	35	38	46	53	77	93	
18	16
3	5	6	11	12	19	27	28	32	40	41	44	46	49	60	63	
20	17
0	1	6	9	11	14	19	20	25	27	31	34	38	44	63	77	93	
19	17
5	9	10	16	18	19	20	24	29	34	37	38	39	40	49	77	93	
17	17
0	3	10	11	14	18	20	24	27	29	35	36	38	39	41	44	49	
19	16
0	3	6	11	12	20	24	28	29	34	39	44	45	52	63	93	
18	16
0	3	5	10	11	13	14	18	20	24	32	38	44	49	63	66	
23	18
0	3	6	9	13	22	28	29	34	35	38	40	41	52	58	60	66	80	
18	17
2	3	4	9	10	11	16	20	22	24	26	29	34	38	41	49	53	
22	19
2	5	6	9	10	15	20	25	29	34	35	38	40	41	46	49	63	77	90	
19	18
0	2	4	6	9	11	16	26	27	30	34	35	38	39	42	44	49	64	
20	19
7	10	11	18	19	20	22	24	25	27	28	30	35	36	38	39	44	49	90	
20	17
0	2	3	9	16	20	22	24	27	28	31	38	41	45	53	66	93	
21	18
0	2	4	6	9	16	19	22	27	34	35	36	39	45	49	53	66	93	
18	16
0	3	11	14	20	24	28	30	32	38	41	44	46	49	66	93	
18	17
0	1	7	9	15	20	24	26	27	28	29	34	38	44	45	49	77	
20	18
5	9	11	12	14	15	18	19	25	28	32	35	39	40	44	49	52	58	
23	18
0	5	14	19	20	22	24	26	29	31	37	38	49	52	63	66	80	93	
20	17
3	4	5	6	18	22	24	27	28	29	34	38	39	45	58	60	63	
19	17
0	2	3	5	7	11	16	22	24	37	38	42	44	46	49	60	77	
24	19
0	3	5	12	19	20	24	29	31	34	39	45	47	49	52	58	60	80	99	
19	17
2	11	12	14	20	25	27	29	30	32	36	38	40	41	49	59	93	
20	17
0	2	3	6	10	11	14	20	24	26	38	44	45	49	52	66	90	
23	18
0	5	11	12	16	19	20	22	24	34	38	41	49	52	60	66	80	99	
21	19
1	2	3	6	9	11	20	25	26	27	28	31	37	38	39	41	44	52	90	
22	18
0	2	5	10	14	16	19	25	29	32	36	38	47	49	53	66	77	93	
19	16
0	3	6	9	10	20	22	24	26	30	34	38	47	53	59	66	
22	19
0	9	10	11	18	20	22	25	27	28	31	34	39	44	47	49	53	66	90	
22	17
0	2	6	9	11	19	26	31	32	34	42	49	53	58	66	77	99	
19	17
0	9	14	16	19	20	22	24	25	29	30	34	38	44	45	58	66	
19	17
2	5	6	9	11	14	18	19	27	29	31	32	38	39	46	53	66	
23	18
0	3	18	19	22	25	27	28	29	37	38	42	47	53	58	60	61	99	
20	17
1	2	5	6	9	10	12	20	28	29	39	40	42	44	52	60	66	
20	18
0	2	3	6	10	11	16	20	24	31	34	37	39	45	46	49	52	71	
