1000 
36	28
0	1	3	4	6	8	10	14	17	18	23	24	26	27	29	31	32	35	36	42	48	59	65	77	88	96	98	109	
39	29
0	1	3	8	10	13	14	15	17	18	22	23	24	27	28	29	31	33	36	48	55	59	61	66	85	86	98	99	115	
37	29
2	4	6	8	10	11	12	14	17	18	19	22	24	25	27	31	33	35	36	38	42	48	50	56	65	75	85	95	109	
34	27
1	3	6	8	10	13	14	16	17	18	19	23	24	27	29	31	33	36	38	48	50	56	59	65	78	85	99	
42	29
0	1	2	3	4	5	6	8	9	10	11	18	23	24	27	31	33	35	38	42	47	50	56	65	89	98	109	147	149	
38	30
1	2	3	5	6	7	8	11	13	14	15	17	20	22	24	26	27	32	35	36	38	42	43	48	56	65	75	85	98	153	
38	30
0	1	2	3	4	7	8	10	13	14	17	18	19	22	23	24	25	26	27	31	33	35	42	59	73	82	86	88	95	109	
37	28
1	3	4	5	6	7	8	9	10	11	12	14	16	17	18	22	24	27	31	33	35	42	65	88	89	99	109	147	
44	31
1	2	3	5	7	11	14	17	21	23	24	25	26	27	29	35	37	40	47	48	65	66	73	77	78	82	86	88	96	111	115	
40	30
1	2	4	5	6	11	13	15	17	18	23	25	26	27	29	31	32	33	35	36	38	42	47	52	65	85	88	93	109	153	
39	30
1	2	3	4	5	6	8	10	14	15	17	18	19	22	25	27	31	32	33	35	36	38	42	48	50	52	89	96	109	147	
40	30
1	2	3	5	10	11	13	15	17	19	20	22	23	24	25	27	29	31	33	38	39	48	55	56	59	78	85	88	99	153	
42	30
0	1	2	3	4	5	6	9	10	11	14	18	21	22	23	24	26	27	29	35	42	48	65	66	75	82	88	99	147	149	
41	30
1	3	4	5	6	7	8	10	14	16	19	25	26	27	29	32	33	35	36	38	42	43	56	60	65	73	82	88	109	147	
42	30
1	4	5	6	7	8	10	11	14	17	19	21	24	26	27	28	29	31	35	36	38	48	52	58	59	65	85	94	147	149	
35	29
0	1	2	4	6	7	8	9	10	11	12	13	14	17	20	21	24	25	27	31	33	38	42	56	66	73	77	96	98	
42	30
1	5	6	7	8	9	10	11	17	18	24	26	27	31	33	36	38	39	42	43	48	59	65	94	95	98	99	109	111	116	
37	30
0	1	2	3	5	6	7	8	11	13	14	16	17	18	19	20	22	25	26	27	29	33	36	48	59	82	85	98	99	111	
38	30
1	6	8	9	10	13	14	15	17	19	20	21	22	24	25	26	27	29	31	35	36	42	59	61	62	77	82	88	89	101	
50	33
1	4	5	6	8	9	10	11	13	17	19	22	27	31	32	33	35	37	38	48	52	56	61	65	66	73	75	86	88	96	109	111	147	
41	31
2	4	5	6	7	8	9	10	11	14	17	19	20	21	22	24	27	29	31	33	35	36	38	52	59	65	85	86	88	109	111	
45	31
2	6	8	10	11	14	17	18	20	24	25	26	27	29	31	33	34	36	42	48	56	59	60	61	82	85	86	93	98	109	147	
40	31
2	4	5	6	8	10	11	14	15	16	17	18	19	22	24	25	27	28	29	31	35	36	47	48	59	65	77	88	93	99	149	
44	30
1	2	5	6	7	8	14	15	16	17	18	19	20	23	24	27	33	35	43	52	56	61	65	75	77	82	85	93	109	147	
34	28
1	4	6	7	8	10	11	14	15	19	20	21	23	26	27	32	33	34	35	38	42	48	56	58	66	77	82	88	
40	29
0	1	2	5	6	10	11	14	15	16	18	19	20	24	27	32	33	35	43	48	52	59	61	65	83	85	89	99	147	
34	28
1	6	7	8	10	11	13	14	16	17	18	19	21	22	26	27	29	33	35	36	38	40	42	56	75	77	82	109	
48	31
1	3	4	8	10	11	13	17	18	21	22	24	27	28	31	36	38	42	43	52	59	65	77	89	94	96	98	99	109	153	176	
34	26
1	2	3	6	7	8	10	11	14	17	18	24	25	27	29	31	35	36	42	56	59	65	88	95	98	109	
39	31
1	3	6	7	8	9	10	11	13	14	15	18	20	21	23	25	26	27	29	31	33	37	42	48	56	59	65	77	82	98	115	
44	31
2	3	4	6	7	8	10	13	14	16	20	22	27	29	31	33	34	35	36	38	42	43	56	59	62	65	77	86	88	149	153	
40	29
0	1	2	3	4	6	7	8	10	11	14	17	19	26	27	28	33	35	36	37	42	43	59	65	66	77	85	149	153	
36	29
1	2	3	4	6	8	9	10	13	14	17	18	19	22	23	24	25	26	27	31	35	42	48	60	65	73	82	94	109	
37	28
1	3	5	6	8	11	14	15	18	20	21	22	23	24	26	27	29	35	36	42	48	73	95	96	98	101	109	115	
36	29
1	4	5	6	8	10	13	14	17	18	19	20	22	24	25	26	27	29	31	32	38	42	48	52	65	95	99	101	111	
43	30
1	4	5	6	7	8	10	11	14	15	19	21	22	25	27	31	33	35	37	38	42	48	50	51	73	85	98	136	147	149	
47	32
0	1	5	6	7	11	13	14	15	19	20	21	22	23	25	27	29	33	35	36	38	39	56	59	77	82	85	86	88	109	147	149	
38	30
1	2	3	4	8	10	14	15	18	20	21	23	24	25	27	28	29	31	33	35	36	38	42	48	56	59	65	85	88	149	
52	32
1	4	6	7	10	11	13	14	15	17	19	21	23	24	27	33	35	36	51	52	58	65	77	82	85	86	96	99	109	115	149	176	
36	28
1	4	5	6	7	8	10	11	13	14	16	18	19	21	22	25	26	27	28	29	33	35	38	52	59	82	109	147	
40	30
1	3	4	6	8	10	11	15	17	18	20	23	24	25	27	31	33	35	42	43	48	50	65	85	86	88	89	96	98	109	
45	28
0	1	4	6	8	10	14	18	22	23	24	27	29	36	38	42	48	59	61	66	82	88	95	99	109	111	147	149	
39	29
0	1	2	3	6	8	9	10	14	17	21	22	24	25	26	27	29	35	36	38	42	66	77	85	88	93	101	111	115	
38	28
1	4	5	6	10	11	14	18	22	24	25	27	28	29	33	35	36	38	42	48	60	61	65	73	77	82	88	147	
38	29
0	1	4	6	10	13	14	15	17	18	19	20	23	24	26	27	29	31	38	48	56	59	60	66	85	93	94	96	99	
42	31
1	2	3	8	9	10	11	13	14	17	21	23	24	27	29	31	33	36	38	42	48	50	55	56	65	73	77	88	98	99	111	
39	30
0	1	5	8	9	11	15	17	18	19	20	21	22	23	24	25	27	29	31	33	35	38	52	56	65	66	75	85	89	109	
38	28
1	2	3	5	6	10	14	17	18	19	24	27	28	29	31	33	35	39	43	52	56	59	65	75	96	98	99	115	
34	29
1	2	3	4	6	7	8	9	10	11	14	17	18	19	23	24	25	26	27	28	33	35	42	48	65	73	77	85	88	
42	30
1	2	3	4	7	8	10	11	13	14	16	17	18	20	21	23	24	25	26	27	35	36	42	65	75	85	88	136	147	149	
35	29
1	4	5	6	7	9	10	11	13	14	17	18	20	21	24	26	27	33	35	37	38	42	48	50	56	66	77	88	99	
38	28
0	1	4	7	8	14	15	17	18	21	22	24	26	27	28	31	32	35	36	38	42	56	58	83	88	99	109	153	
37	28
1	2	4	5	6	7	8	9	10	11	13	14	17	18	21	25	27	29	33	35	38	42	56	59	65	88	109	153	
38	27
1	2	4	5	6	10	11	13	15	17	24	25	26	27	31	33	35	38	42	61	65	82	85	88	98	109	153	
44	30
1	2	3	7	9	10	13	14	20	21	22	23	24	26	27	29	33	35	36	38	42	50	56	62	85	98	99	109	149	153	
39	28
1	2	3	6	7	8	10	13	14	17	18	19	27	29	31	32	33	35	36	38	42	56	65	88	96	109	115	153	
38	29
0	1	3	4	5	10	14	18	20	22	23	24	26	27	29	31	33	35	36	42	48	59	66	83	85	86	88	95	109	
37	28
1	2	4	6	7	8	10	11	13	14	17	18	19	21	24	26	27	29	35	36	38	42	51	65	88	96	109	147	
34	27
1	2	3	4	6	8	9	11	13	14	17	18	22	23	24	25	26	27	42	47	48	52	65	88	98	99	109	
41	28
0	1	8	10	12	14	15	17	18	22	23	24	26	29	35	36	37	38	42	52	59	61	82	88	95	109	111	153	
47	31
1	3	5	6	8	9	13	14	20	21	23	24	25	26	27	29	31	38	42	48	61	65	82	86	88	98	99	109	115	136	149	
40	27
0	1	3	5	13	14	17	18	22	23	24	25	27	29	31	36	42	48	66	85	88	95	98	99	111	136	147	
47	30
0	1	4	6	7	9	10	14	17	19	21	22	25	27	29	31	33	34	35	38	65	66	73	77	88	99	109	147	153	176	
38	29
1	2	4	5	6	7	8	14	16	18	20	21	24	26	27	28	31	32	35	36	38	42	65	82	83	85	86	99	147	
34	29
0	1	2	3	4	5	6	8	10	11	13	17	18	20	22	23	24	25	26	27	31	32	35	42	48	52	65	85	109	
33	29
1	4	5	6	7	10	11	13	14	15	17	18	19	20	24	25	27	29	31	32	33	35	36	47	48	56	59	66	88	
39	30
0	1	2	4	6	8	10	11	13	15	18	19	20	23	24	25	26	27	33	35	42	43	48	50	65	66	88	94	95	147	
35	28
0	1	2	3	4	5	6	7	10	11	13	17	21	22	24	26	27	29	35	36	42	48	52	59	65	88	94	109	
40	30
0	1	3	4	6	7	8	9	10	14	15	16	17	22	23	24	26	27	28	29	35	38	42	65	77	85	95	96	109	147	
38	29
1	3	5	6	7	8	10	11	14	15	17	18	19	21	23	24	26	27	29	35	36	52	65	75	77	85	86	89	109	
43	30
0	1	4	5	6	9	10	14	17	18	23	24	25	29	33	35	36	43	48	55	61	65	82	85	88	95	98	99	109	111	
37	28
0	1	2	4	5	7	8	10	11	17	18	20	21	23	24	25	26	27	28	35	42	48	65	75	88	94	111	149	
36	29
0	1	2	5	6	8	9	10	11	13	15	17	18	19	22	24	25	26	27	29	35	38	42	50	56	73	88	98	109	
39	30
2	6	9	10	11	13	14	19	20	21	24	25	26	27	31	32	33	35	36	38	42	56	61	62	66	73	77	82	88	99	
33	30
1	2	3	4	5	6	7	8	13	14	15	18	19	20	21	22	26	27	31	32	33	36	38	39	42	43	48	52	65	77	
36	28
0	1	2	4	6	8	10	14	15	17	18	22	23	24	25	26	27	31	32	33	35	38	42	56	59	94	109	153	
38	31
1	2	4	5	6	8	14	17	18	19	20	21	22	23	25	27	28	29	31	35	38	42	47	48	51	59	61	77	78	82	86	
40	29
1	2	4	6	8	10	11	14	15	17	23	24	25	26	27	28	29	35	36	42	61	65	66	73	77	86	88	96	147	
39	29
0	1	5	6	8	9	10	11	17	18	19	21	23	24	26	35	37	38	48	52	56	58	59	65	66	77	88	95	101	
34	29
1	2	3	4	6	8	9	10	11	12	14	15	17	18	21	22	23	24	26	27	28	31	34	35	38	52	73	101	109	
36	29
1	2	3	4	5	6	7	8	14	15	17	19	22	23	26	27	32	33	35	36	38	42	43	65	77	85	88	96	109	
41	30
1	2	4	5	6	7	10	11	14	17	18	22	23	24	25	27	32	35	36	38	42	48	66	82	89	95	96	99	109	149	
41	28
0	1	3	7	10	14	18	19	21	23	24	25	27	29	31	33	35	37	38	50	56	60	65	82	85	89	147	153	
41	28
0	1	3	4	8	9	10	14	15	17	18	19	22	25	27	28	29	35	42	55	59	82	83	88	93	109	136	147	
38	27
0	1	4	6	7	8	10	11	14	15	17	18	20	21	26	27	28	35	42	48	50	56	59	66	109	136	149	
37	29
2	3	6	7	8	10	11	13	14	18	19	20	22	23	24	26	27	31	33	35	42	56	61	65	66	75	85	95	101	
40	30
0	1	2	3	4	6	8	10	14	15	17	18	20	21	25	26	27	28	29	31	33	36	38	42	56	59	62	77	147	153	
37	28
0	1	2	3	4	10	11	14	15	16	17	18	21	23	24	26	27	28	31	42	48	52	59	65	73	77	96	147	
37	28
2	3	6	9	10	11	13	14	17	18	19	20	23	24	25	27	31	42	48	51	52	56	58	65	85	88	95	99	
41	31
0	1	2	4	6	7	8	10	11	13	14	17	18	19	22	25	26	27	33	37	47	48	59	61	75	82	86	88	98	99	109	
43	30
1	4	8	9	10	13	14	16	17	18	19	20	23	24	29	32	34	38	42	48	66	82	83	85	88	95	99	109	111	136	
44	31
1	2	5	6	7	8	9	14	18	19	20	23	24	25	26	28	33	35	42	48	52	56	59	66	73	75	77	82	93	99	147	
41	27
0	1	2	3	4	7	10	14	17	18	23	24	26	27	32	33	35	38	42	65	94	98	99	109	111	147	153	
35	29
0	1	2	5	6	10	13	14	16	17	18	20	24	27	29	31	32	33	35	36	38	42	48	56	59	66	83	88	99	
41	31
1	2	3	4	5	6	10	14	15	18	19	21	22	24	25	26	27	28	31	35	37	42	48	59	61	65	89	93	98	109	115	
45	31
0	3	4	5	6	8	9	10	11	14	16	18	20	22	24	26	29	35	42	48	58	59	73	77	82	86	88	96	99	111	147	
38	30
1	4	5	6	7	9	10	11	12	13	14	15	17	19	20	24	25	27	29	31	33	38	42	56	65	73	85	96	98	109	
38	29
1	2	6	8	10	11	14	16	17	18	19	24	25	26	27	28	29	31	35	36	37	38	48	50	52	65	109	111	136	
38	29
0	1	2	3	7	8	10	13	14	15	17	21	22	24	26	27	31	35	36	39	42	59	73	77	82	88	96	98	109	
40	30
0	2	4	8	9	10	11	14	15	17	18	19	24	26	27	31	35	36	42	48	52	59	61	65	73	75	82	83	88	94	
38	29
0	1	3	4	6	7	8	10	11	13	14	16	18	22	27	33	34	35	36	37	38	56	61	82	85	95	96	98	136	
34	28
1	2	5	6	7	8	9	10	14	16	18	19	20	21	24	26	27	28	32	35	38	48	52	56	59	75	82	83	
41	31
0	1	2	6	8	9	10	14	16	20	24	26	27	31	32	33	35	36	38	39	42	48	61	65	77	86	88	95	96	98	115	
38	31
0	1	2	4	5	6	7	9	10	13	17	18	19	22	25	27	28	32	33	35	37	38	47	48	50	52	65	77	82	86	88	
36	29
2	3	4	6	8	10	11	13	16	17	18	19	20	22	23	24	27	31	33	36	42	43	48	65	66	85	99	101	109	
40	31
1	5	6	7	10	11	15	17	18	19	20	21	24	26	27	28	31	33	35	38	42	48	51	56	59	65	75	88	95	96	101	
39	30
1	2	4	6	8	9	10	13	14	15	17	18	19	21	23	24	25	26	29	32	33	48	56	59	65	73	82	93	99	111	
44	32
1	2	3	4	6	8	9	10	14	17	18	19	21	24	26	31	32	33	35	36	42	43	59	66	73	75	77	82	93	99	109	136	
44	29
1	3	7	8	9	11	14	16	17	19	22	23	24	25	27	29	31	33	36	48	56	59	77	88	99	109	111	147	153	
38	28
1	2	4	5	7	11	13	14	17	21	22	24	26	27	29	35	36	38	40	42	43	52	56	62	66	88	109	153	
40	27
0	1	2	3	4	5	6	10	11	17	18	24	26	27	35	36	42	59	65	66	82	83	88	94	95	109	147	
43	29
3	4	6	11	13	14	17	18	20	22	24	25	26	27	31	32	35	36	42	56	59	65	85	86	88	89	95	147	153	
42	29
1	2	3	7	8	10	13	14	17	22	24	25	27	28	32	35	36	38	40	42	43	52	65	77	83	88	109	147	153	
35	28
1	4	5	6	8	9	10	11	14	17	18	19	20	24	25	27	29	31	33	35	42	48	55	56	59	65	85	109	
35	29
2	4	5	6	11	13	17	18	19	20	21	22	23	24	25	27	29	31	33	36	38	42	48	56	65	73	77	85	96	
37	28
1	2	4	6	8	9	11	14	17	18	20	21	22	23	24	25	27	29	35	38	42	47	56	58	88	95	109	153	
36	28
1	6	8	9	10	11	12	13	14	15	17	18	19	23	24	26	27	29	35	38	42	48	56	59	65	73	88	147	
40	29
0	1	4	6	8	9	10	11	14	15	17	18	19	21	24	27	33	35	36	37	43	59	65	77	88	94	96	111	153	
37	28
0	1	5	6	7	8	9	10	11	13	14	16	19	24	27	28	29	32	35	38	48	56	59	65	82	83	96	147	
38	28
1	2	4	6	8	10	14	15	17	18	23	24	27	28	29	31	35	36	42	48	56	62	65	77	85	94	111	136	
37	28
1	2	3	4	5	6	11	17	20	21	23	24	27	28	29	33	35	36	43	48	61	66	83	85	88	95	99	111	
38	30
1	3	4	5	6	7	10	11	13	17	18	23	24	26	27	28	29	33	35	36	37	42	48	65	75	83	88	96	99	109	
37	30
0	1	4	6	8	10	13	14	17	18	19	20	22	23	24	25	27	29	31	32	33	38	39	42	48	59	82	85	99	153	
42	30
0	1	4	7	8	9	10	12	13	14	19	20	21	23	24	25	27	33	35	38	52	59	66	77	82	85	89	95	96	147	
40	30
0	1	2	5	6	7	8	10	11	12	17	19	22	23	24	25	26	27	33	35	38	42	43	48	65	75	95	109	111	153	
40	30
1	2	3	5	8	11	13	14	15	18	20	21	22	23	25	26	27	29	36	42	48	52	59	77	78	82	83	86	89	111	
38	29
1	2	3	6	8	10	13	14	16	17	18	19	22	27	28	29	31	33	36	42	48	59	75	82	85	86	96	98	109	
42	29
1	3	4	6	7	8	10	14	18	19	21	22	23	24	27	28	33	35	48	59	61	82	85	89	95	96	99	111	147	
41	29
0	1	2	3	4	6	8	14	20	22	24	26	29	31	33	35	37	40	43	51	56	59	65	77	85	88	93	101	153	
36	28
0	1	2	4	6	7	8	9	10	11	19	21	22	23	24	25	26	27	33	35	42	48	50	55	56	66	77	147	
40	30
1	2	4	5	6	7	8	10	11	14	15	16	17	19	20	24	27	33	35	38	48	56	77	82	83	88	94	96	99	136	
46	31
0	1	2	4	6	7	9	10	12	14	17	21	22	25	27	32	33	35	36	37	38	48	61	66	75	77	89	99	147	149	153	
42	30
0	1	2	4	8	9	10	14	15	17	19	25	26	27	28	32	33	34	35	38	42	48	56	66	77	78	85	88	149	153	
38	30
1	2	6	7	8	9	10	14	17	18	19	20	21	23	24	26	27	29	32	33	35	38	42	56	65	73	85	88	95	136	
32	27
1	2	4	6	7	8	9	10	13	14	18	19	20	21	24	26	27	32	33	35	36	38	42	56	59	93	109	
35	28
0	1	6	8	10	11	14	17	18	19	20	23	25	27	29	31	33	35	38	40	42	48	50	56	65	75	96	109	
34	28
1	2	3	5	6	7	8	10	14	19	21	22	25	26	27	29	33	35	36	38	42	43	56	59	65	73	78	88	
37	30
1	5	6	8	10	11	14	15	18	19	20	21	22	23	24	26	27	32	33	35	38	42	47	59	65	66	73	82	89	95	
34	28
1	2	3	4	5	6	7	8	10	13	14	16	17	18	21	22	24	25	26	27	31	32	38	42	48	98	109	149	
45	30
0	4	5	8	10	11	15	16	17	18	20	22	24	26	27	35	37	42	48	59	61	65	77	78	85	93	99	111	136	147	
45	30
0	1	2	3	4	5	6	7	8	11	13	14	22	24	25	26	27	29	47	48	52	65	82	85	89	94	98	109	149	153	
39	30
1	2	3	5	6	7	10	11	14	16	19	20	21	24	25	26	27	29	31	35	42	43	48	59	65	82	85	88	96	176	
39	31
1	2	5	6	7	8	9	10	11	15	16	17	18	19	22	23	27	31	32	33	35	36	38	42	65	75	82	94	96	98	109	
40	28
0	4	5	9	10	11	13	14	15	18	19	20	24	29	31	33	47	48	59	61	65	85	88	93	94	98	99	147	
38	28
1	2	3	5	8	14	18	20	21	23	24	26	27	29	31	33	35	36	38	42	43	56	58	75	83	88	109	153	
37	28
0	1	2	4	6	8	10	11	13	14	15	17	18	19	24	25	27	29	35	48	59	65	82	86	88	95	96	109	
42	30
1	4	5	6	7	8	14	15	16	18	19	21	22	26	27	28	29	31	33	35	36	38	52	55	59	65	73	101	147	149	
44	29
1	4	5	6	9	14	17	19	22	24	25	26	27	31	33	38	42	48	50	51	52	65	73	77	83	88	94	147	153	
38	28
1	2	3	5	6	7	8	9	10	14	17	18	20	23	24	26	27	32	35	38	42	50	65	94	96	98	109	147	
41	29
1	2	3	4	6	7	8	10	14	17	18	23	24	26	27	31	33	35	40	42	56	65	73	77	82	83	98	109	147	
34	28
1	2	3	5	6	8	9	10	11	13	14	15	18	19	22	23	24	26	27	29	33	35	37	38	56	88	109	136	
38	29
0	1	3	4	6	8	10	11	14	15	17	18	21	23	26	27	32	33	35	36	48	52	65	82	88	89	95	96	109	
39	28
1	3	4	6	8	10	11	14	15	17	18	20	24	25	27	31	32	35	42	43	56	65	88	89	95	98	109	153	
39	28
1	2	4	6	8	10	11	17	19	21	22	24	26	27	29	31	36	42	43	48	55	59	60	73	75	77	109	147	
38	30
1	4	6	8	9	10	11	17	18	19	20	22	23	24	25	26	29	31	33	35	37	38	42	48	52	59	73	82	93	153	
39	29
1	2	4	6	7	8	10	13	14	17	19	25	26	27	28	32	33	35	38	42	43	48	66	77	88	96	98	136	147	
35	29
0	1	3	4	6	8	10	12	14	15	17	18	20	22	23	24	25	26	27	29	35	37	42	43	59	66	88	95	109	
35	30
0	1	2	4	5	6	8	10	11	13	17	18	19	20	21	23	24	25	26	27	31	33	35	38	42	56	62	66	75	85	
33	27
0	1	3	4	8	10	14	15	18	21	23	24	25	27	29	31	33	35	36	42	47	48	56	65	88	89	109	
37	27
1	2	3	4	5	6	7	10	11	12	17	21	23	24	25	27	31	33	42	43	52	66	88	94	98	109	147	
36	29
1	2	4	6	8	9	10	14	16	17	18	21	22	24	27	28	29	31	36	38	42	48	59	61	66	75	85	94	98	
41	29
1	2	8	11	13	14	17	18	21	22	23	24	25	27	28	29	31	36	38	42	43	56	65	75	82	88	98	147	153	
42	31
1	2	4	5	6	7	10	13	14	17	18	19	20	26	27	29	31	33	38	42	48	59	61	66	77	82	88	93	95	96	109	
41	30
0	2	5	6	7	10	11	13	15	19	20	21	22	24	25	27	29	31	35	38	42	50	56	65	66	82	85	88	95	147	
37	27
1	2	3	5	6	7	8	9	10	14	17	19	21	24	27	28	32	35	38	65	77	82	88	94	96	111	136	
39	29
0	1	2	3	5	9	11	14	15	19	20	25	26	27	28	29	33	35	37	43	48	59	66	75	77	78	85	88	176	
35	30
1	2	5	6	7	8	10	11	13	14	17	18	19	20	21	24	25	27	29	31	32	33	35	38	47	56	59	65	88	101	
40	31
2	3	4	5	6	9	11	13	14	15	19	21	22	23	24	25	28	31	32	33	35	39	42	47	59	61	65	88	95	99	149	
39	29
0	1	4	6	8	10	11	12	14	17	18	19	20	21	24	27	31	32	33	35	38	59	61	66	88	89	96	109	111	
45	33
0	2	5	6	7	8	11	12	13	14	17	18	19	22	25	26	27	29	33	35	36	38	42	48	59	66	73	77	82	85	89	115	149	
46	32
2	3	6	9	10	11	14	16	17	18	19	20	24	25	26	27	28	31	35	36	38	42	61	65	73	75	77	82	83	94	147	153	
46	31
1	5	6	8	10	14	17	25	26	27	28	29	32	33	35	36	42	43	48	59	61	66	73	83	85	86	88	93	99	109	153	
39	29
0	1	4	8	10	11	14	15	17	18	19	23	24	27	29	33	34	35	36	47	48	59	82	88	93	96	99	109	115	
39	31
0	2	4	5	6	7	8	10	11	17	18	19	21	22	23	24	25	26	27	29	31	33	37	42	48	55	77	82	85	101	147	
39	30
1	5	7	8	9	10	11	12	14	17	19	20	21	22	23	24	26	27	29	35	38	48	50	52	56	66	73	83	96	109	
44	30
0	1	3	5	6	7	8	9	10	14	15	18	19	21	26	29	31	33	35	37	43	55	59	83	85	96	98	111	147	153	
43	29
0	1	2	4	8	10	11	16	17	18	19	20	23	24	26	27	33	36	42	48	65	75	77	85	88	93	111	147	149	
36	27
1	3	4	5	7	8	15	17	18	20	22	24	26	27	31	35	36	38	42	43	51	73	85	94	95	109	111	
37	27
1	2	3	5	6	7	8	10	11	14	18	19	24	25	27	29	35	42	59	60	61	65	82	85	89	95	109	
38	30
1	2	3	5	6	8	10	11	13	14	16	18	19	20	23	24	27	29	31	35	36	39	42	59	65	77	82	95	96	111	
35	27
1	2	6	7	8	10	14	15	17	18	19	20	27	31	33	35	36	38	39	42	50	51	61	65	85	98	109	
41	31
1	5	6	13	15	17	18	19	20	22	23	24	26	27	28	32	33	35	36	38	43	50	59	61	66	83	85	88	89	96	99	
44	29
0	1	4	5	6	8	9	10	14	17	22	24	29	35	36	42	48	59	60	61	62	66	77	83	86	88	95	111	149	
34	27
2	3	5	6	8	9	10	11	14	17	18	19	20	23	24	27	28	29	31	35	48	52	58	59	65	85	111	
39	30
0	1	2	4	6	8	9	10	14	17	19	21	22	24	27	28	29	31	35	38	48	56	61	73	77	82	88	93	98	99	
44	32
1	3	4	5	6	8	9	10	14	15	16	18	21	24	25	27	29	31	33	35	38	42	43	47	65	77	85	88	99	101	147	149	
36	28
1	3	5	6	8	10	11	14	17	18	19	20	22	23	24	26	27	29	35	36	42	48	52	59	65	73	88	153	
41	31
0	1	2	3	4	5	7	9	10	14	15	17	18	21	22	23	24	25	26	27	32	35	42	48	66	82	89	99	101	109	176	
45	29
1	4	6	7	10	11	14	18	19	21	23	24	26	27	35	38	42	59	61	65	66	82	83	85	88	89	95	147	153	
37	29
0	1	4	6	7	8	10	12	14	18	19	22	23	24	27	31	32	35	36	37	42	43	48	56	75	88	95	109	115	
39	30
0	1	2	4	5	6	10	17	18	23	25	26	27	28	29	31	32	33	35	40	42	43	48	65	73	75	96	98	111	115	
40	31
2	3	5	6	9	11	13	14	17	18	19	22	23	25	27	28	29	31	32	33	35	38	48	50	65	66	73	75	88	89	115	
39	29
0	1	2	3	4	7	8	9	10	11	13	17	19	21	22	23	24	27	31	47	48	62	75	83	85	95	98	99	147	
39	30
1	6	8	10	11	14	15	18	20	21	22	24	25	26	27	29	32	33	35	36	42	56	59	61	65	66	77	82	83	85	
42	30
1	2	3	6	8	13	14	17	20	22	23	24	27	28	29	31	32	33	34	36	42	50	56	58	77	85	94	98	109	153	
33	27
1	2	3	4	6	7	8	9	10	11	14	18	19	21	22	23	24	26	27	28	35	38	42	56	59	109	115	
42	30
0	1	2	3	4	7	8	10	12	13	14	17	18	21	23	24	25	29	31	33	35	36	42	65	73	88	95	136	149	176	
37	29
1	2	5	6	8	9	10	13	14	16	19	21	22	24	25	29	32	33	35	38	47	50	56	59	61	82	88	96	99	
37	30
2	4	6	7	8	10	11	12	15	17	19	21	22	24	25	26	27	31	32	33	34	38	42	43	56	66	75	77	82	109	
34	28
1	3	4	5	6	7	8	10	11	14	17	18	19	22	24	26	27	29	31	35	36	38	42	48	52	101	109	115	
46	31
0	1	3	5	7	8	9	10	13	14	16	17	19	21	23	24	26	27	29	31	42	56	65	75	77	82	85	86	109	147	153	
42	28
0	1	3	4	7	10	11	17	18	23	24	26	27	35	42	48	50	52	56	58	65	73	77	83	85	88	89	147	
40	28
1	2	4	5	6	7	8	11	14	17	19	21	24	26	27	29	35	36	43	59	82	83	86	88	95	96	109	153	
42	31
1	3	6	8	9	10	11	14	16	17	19	24	25	26	27	29	31	35	36	38	42	43	48	50	56	62	66	75	77	136	153	
42	28
1	2	3	5	10	13	14	20	24	26	27	29	35	38	42	43	48	52	56	59	66	77	82	83	88	95	109	153	
38	28
1	2	3	5	6	10	13	14	17	18	19	20	21	24	25	27	29	31	35	52	56	59	65	66	82	88	95	109	
41	31
0	1	3	4	6	7	8	9	10	11	14	16	17	19	22	23	24	25	26	27	35	38	43	52	58	59	65	73	77	88	153	
41	31
0	1	2	5	6	7	8	11	14	15	18	19	21	22	24	25	26	27	29	32	33	35	42	51	56	65	77	88	89	96	149	
48	32
0	2	4	6	9	10	14	15	16	17	19	22	24	26	27	31	33	35	40	42	59	61	66	73	77	82	85	94	96	109	115	147	
45	29
1	6	9	11	14	15	19	22	23	24	26	27	28	31	33	35	43	48	56	62	65	73	75	85	88	99	109	147	153	
34	29
0	1	2	4	5	6	8	9	10	14	15	17	18	22	23	24	25	26	27	32	33	35	38	42	48	59	61	89	109	
40	30
1	2	6	8	10	11	14	18	21	22	23	25	26	27	28	29	31	32	33	36	38	42	56	59	66	82	85	96	98	153	
42	31
1	2	3	6	7	10	11	13	14	15	17	18	20	21	23	24	27	29	31	35	38	40	52	56	65	73	85	88	95	98	147	
37	31
1	3	4	7	8	9	10	13	14	15	18	19	20	21	22	23	24	25	27	29	32	33	35	39	48	56	59	77	82	85	89	
36	28
1	2	3	4	6	8	9	10	14	17	19	21	22	24	26	27	29	31	32	33	38	42	65	66	73	77	85	153	
33	27
0	1	3	4	6	7	8	10	11	13	14	17	18	19	20	26	27	29	33	35	42	48	52	59	85	101	109	
38	31
1	4	5	7	8	11	13	14	17	18	19	20	21	22	24	25	26	27	28	33	35	36	38	43	48	52	77	82	85	99	136	
39	28
0	1	3	4	5	6	8	10	11	14	15	16	22	23	24	27	28	31	33	35	36	43	52	65	88	109	149	153	
34	28
0	1	3	4	6	8	10	11	14	15	17	18	21	22	24	25	27	29	31	33	35	36	38	42	48	65	109	149	
41	29
1	6	7	8	10	11	14	15	18	19	22	23	24	26	27	32	33	35	36	43	56	59	61	65	77	85	88	136	147	
39	30
1	2	4	7	8	10	11	13	14	15	17	18	20	21	23	24	25	27	31	33	36	42	48	59	66	73	77	93	96	147	
45	30
2	3	7	8	9	11	14	19	20	22	23	24	25	26	27	31	32	36	42	50	56	59	65	77	82	88	95	99	147	153	
41	30
0	1	3	5	6	7	9	10	14	15	17	18	19	22	24	26	27	31	32	42	48	56	59	65	75	77	83	85	88	147	
35	29
1	4	5	6	7	8	10	13	14	17	18	19	21	24	26	27	29	33	35	36	38	43	48	56	61	66	73	95	99	
35	28
0	1	2	3	4	5	6	7	8	9	11	17	19	21	22	23	24	26	35	36	42	43	65	77	88	96	99	111	
42	31
0	1	4	5	6	7	9	10	14	18	19	21	23	24	26	29	32	33	35	36	48	56	61	65	82	85	86	95	96	99	111	
44	31
3	4	5	6	8	9	10	11	14	17	18	23	27	28	29	31	32	33	35	37	38	48	50	61	65	66	85	95	109	111	147	
34	26
0	1	2	3	4	5	8	10	11	17	18	22	23	24	26	27	35	42	47	56	65	66	77	85	88	109	
37	28
0	1	2	3	4	6	7	8	10	11	14	16	18	19	24	27	31	33	35	38	42	47	56	65	85	89	109	147	
38	30
1	2	3	5	6	7	8	11	13	14	17	19	20	21	22	24	26	27	31	35	36	38	42	43	52	56	59	65	85	147	
40	30
1	2	3	5	6	8	10	11	13	14	18	19	20	23	24	26	27	31	35	36	42	48	56	61	65	75	82	85	94	149	
36	29
1	2	4	6	8	9	10	11	12	14	18	19	20	23	24	25	27	29	31	33	35	38	42	48	51	56	77	83	147	
40	28
1	4	6	7	9	10	14	17	18	19	23	24	25	26	27	33	35	38	48	65	73	82	85	86	88	94	109	147	
39	29
1	2	5	6	7	8	11	12	13	17	19	20	21	24	25	26	27	35	42	43	56	59	75	77	82	83	85	95	109	
36	30
0	1	2	3	4	5	6	8	13	14	17	18	19	20	22	23	24	25	27	31	32	33	36	47	48	59	62	85	99	109	
36	28
1	2	3	4	5	6	7	10	11	13	17	18	24	27	31	33	35	36	38	42	47	61	65	85	96	98	99	109	
36	30
0	1	4	5	7	8	11	13	14	15	17	18	19	20	21	22	24	25	26	27	29	35	36	42	47	59	77	78	94	109	
37	31
0	1	2	3	8	9	10	12	14	15	17	18	19	20	21	22	23	24	26	27	29	31	33	35	42	61	75	82	89	96	101	
34	28
1	2	5	6	7	8	10	12	14	15	17	19	20	21	24	25	26	27	29	31	36	48	52	56	66	75	89	99	
41	30
1	6	7	8	9	10	11	13	17	18	24	25	27	31	32	33	35	36	38	42	47	48	51	52	61	62	65	96	109	176	
40	29
1	2	3	5	6	8	11	13	14	17	18	20	22	24	25	26	27	31	42	48	59	61	75	77	82	85	89	98	149	
40	29
1	2	4	5	6	8	10	11	17	19	22	24	25	27	29	35	38	43	48	55	56	59	83	85	88	96	98	99	109	
38	29
0	1	3	4	6	8	9	10	11	14	18	20	21	24	27	29	31	32	33	35	38	42	48	56	65	85	109	111	136	
44	29
1	2	6	11	13	17	18	19	20	21	24	25	26	27	31	35	36	42	55	56	59	61	65	85	88	95	109	115	153	
35	29
1	3	5	6	8	10	11	13	14	15	16	18	21	23	24	26	27	29	33	35	36	42	47	48	51	65	85	98	109	
44	29
0	1	2	3	4	5	6	7	8	10	14	15	19	22	26	27	28	33	35	42	52	59	61	65	77	109	111	149	153	
35	27
1	3	4	5	6	8	9	11	14	15	17	18	20	23	26	27	29	33	35	36	43	52	56	59	95	109	115	
40	28
0	1	2	4	6	7	8	10	14	16	17	19	27	29	32	33	35	38	43	48	59	77	82	83	96	99	147	149	
41	32
1	4	5	6	7	8	13	14	17	18	20	22	24	25	26	27	32	33	35	38	42	43	48	65	66	73	75	82	85	94	95	99	
41	30
0	1	2	3	9	10	11	13	14	15	19	22	23	24	25	26	31	33	42	48	59	61	65	77	88	89	94	95	101	109	
43	33
1	4	5	6	8	10	13	14	18	20	21	24	25	27	29	32	33	36	38	42	43	47	48	60	61	66	73	77	82	83	88	89	96	
42	30
0	1	2	3	4	6	10	11	13	14	15	16	18	19	20	21	24	27	33	35	38	51	65	66	77	85	94	99	116	153	
43	30
1	2	4	5	6	8	10	14	17	18	19	20	22	24	25	27	31	32	38	40	42	48	52	65	77	96	98	109	147	149	
43	31
0	1	2	4	5	6	8	9	10	11	14	15	16	21	22	23	28	29	33	35	42	56	59	61	73	82	93	95	96	99	147	
37	29
1	2	4	6	8	10	11	12	14	17	18	21	24	27	29	31	33	35	36	42	43	47	59	61	66	75	85	98	109	
39	30
1	2	4	5	6	7	8	10	11	17	18	19	21	22	23	25	26	27	29	31	38	42	48	59	66	73	77	82	94	153	
42	30
1	2	6	8	10	14	16	19	20	22	24	27	29	31	33	35	36	38	42	43	48	55	59	77	82	88	95	96	109	176	
43	32
0	1	2	7	13	14	15	16	18	20	21	22	23	24	25	27	31	32	33	35	37	40	42	47	56	65	66	88	94	98	109	149	
42	30
1	2	3	5	8	10	11	14	18	20	23	24	26	27	29	31	36	38	42	48	59	61	65	77	82	85	88	89	98	147	
45	31
5	6	8	9	10	14	16	17	19	20	21	22	23	24	26	27	29	32	33	38	42	43	48	65	88	95	99	111	115	147	153	
40	30
1	2	3	4	6	7	8	10	12	14	17	21	22	24	26	27	31	32	35	36	42	47	56	58	62	73	77	89	94	176	
40	30
0	1	3	4	5	6	8	11	14	16	17	21	22	24	26	27	29	32	35	42	47	48	61	66	78	88	89	94	99	147	
48	33
0	1	3	4	5	7	9	13	14	15	17	18	21	22	23	26	27	32	33	42	47	48	56	59	66	77	78	86	88	89	109	115	147	
41	28
0	1	2	4	6	9	10	13	14	15	16	17	18	19	27	29	32	33	35	48	52	65	85	89	99	109	147	153	
37	29
1	2	3	5	6	7	8	10	11	17	18	20	21	24	25	26	27	31	37	38	42	48	66	75	94	95	96	98	136	
40	29
0	1	4	6	9	10	13	14	15	16	17	19	20	22	23	24	27	29	31	40	42	61	65	66	77	85	88	109	153	
38	30
0	1	2	3	5	8	10	14	15	17	18	19	20	24	25	26	27	29	31	35	38	48	56	59	66	77	88	89	96	99	
32	26
0	1	4	6	8	10	11	14	15	17	18	19	23	24	26	27	29	35	36	37	48	56	65	88	89	109	
35	27
1	4	6	7	8	10	11	12	14	17	18	23	25	27	29	32	33	35	36	38	42	48	65	82	96	109	153	
33	28
1	2	3	4	5	6	7	8	10	11	13	14	17	18	19	21	24	26	27	35	36	38	42	59	65	66	73	85	
42	30
1	3	4	6	8	9	11	14	17	22	24	25	26	27	31	34	35	36	38	42	48	50	51	73	77	82	88	96	136	153	
35	29
1	2	5	6	7	8	11	14	15	17	19	21	22	23	24	25	26	27	29	32	33	35	36	48	56	59	77	88	109	
39	29
0	1	2	3	4	6	7	8	10	12	14	16	19	24	27	29	33	35	37	43	56	59	66	77	83	88	89	99	109	
38	29
0	1	2	3	4	5	7	8	9	10	16	17	23	24	25	26	27	32	35	42	48	50	65	66	88	89	96	99	109	
36	27
1	3	6	7	8	10	11	12	14	16	18	23	24	26	27	33	35	36	42	55	56	59	61	65	95	98	109	
38	29
1	2	5	6	7	11	12	14	15	16	18	21	22	24	25	26	27	31	33	36	42	48	59	66	75	88	98	99	147	
37	31
0	1	2	3	4	5	6	7	9	10	13	14	17	18	20	25	26	27	29	33	35	36	38	42	43	59	65	66	85	88	95	
35	27
1	4	6	8	10	11	12	13	14	15	17	18	24	26	27	35	36	37	42	56	59	65	66	75	85	88	98	
45	31
0	4	10	11	14	15	17	18	21	22	24	26	27	29	31	35	36	38	42	56	59	60	62	65	66	75	82	86	88	94	147	
36	27
1	3	5	6	7	8	10	11	13	14	15	18	20	21	26	27	33	35	38	42	50	52	59	75	98	109	136	
42	31
1	3	4	5	7	8	9	13	14	16	18	19	20	22	23	24	25	27	33	35	36	42	59	73	77	82	95	96	99	109	111	
38	30
0	1	2	3	4	6	8	9	10	11	13	14	17	18	19	21	22	24	26	27	31	35	38	42	65	77	82	88	98	147	
38	30
1	2	4	7	9	10	11	12	14	17	20	21	22	23	24	26	27	28	33	35	36	38	52	59	65	73	77	88	93	95	
37	29
0	1	2	4	6	7	8	9	10	13	14	15	16	18	19	21	22	25	27	29	31	32	33	38	56	85	99	109	153	
39	30
0	2	4	5	6	9	10	11	13	15	17	18	22	23	24	25	27	28	29	35	36	42	48	60	65	83	85	88	109	111	
35	28
0	1	2	5	6	8	10	11	14	17	18	19	26	27	28	29	31	33	35	37	43	48	55	56	59	62	98	109	
38	29
1	4	5	6	7	10	11	17	18	19	24	26	27	28	31	33	35	36	38	42	48	51	65	77	85	95	96	99	111	
43	29
0	1	3	8	11	13	19	20	21	22	23	24	26	27	31	32	33	42	43	66	73	77	82	89	94	95	109	136	153	
40	29
1	4	6	8	9	10	11	14	15	18	19	22	23	26	27	33	35	36	38	42	52	59	65	73	77	78	82	95	147	
40	28
1	2	3	8	10	11	14	15	17	20	22	24	25	26	27	35	36	39	42	59	61	65	77	83	86	88	109	153	
42	32
0	1	2	5	6	7	8	11	13	14	15	18	19	20	22	23	25	27	31	32	33	36	38	43	48	61	77	78	85	89	115	147	
36	29
1	2	5	6	8	11	12	14	17	18	19	20	21	22	23	24	25	26	27	33	35	42	56	65	66	75	82	88	99	
36	29
1	2	7	10	13	14	16	17	18	19	20	22	24	27	29	31	33	36	38	39	47	48	52	56	65	75	85	88	99	
37	28
1	2	4	5	6	7	8	9	11	17	22	23	26	27	29	32	35	36	42	48	59	66	78	86	88	96	99	109	
37	30
0	1	2	3	5	6	7	8	14	15	18	21	22	24	26	27	28	29	31	33	36	38	42	48	66	75	88	98	99	109	
40	29
1	2	5	6	10	11	13	14	16	17	19	25	27	28	29	31	33	35	38	43	48	52	59	66	73	82	85	109	153	
37	30
0	1	3	5	6	7	8	9	14	17	21	22	23	25	26	27	29	32	33	35	36	42	48	51	56	66	75	88	99	101	
37	29
0	1	2	3	4	6	7	8	10	13	14	15	17	18	26	27	28	29	31	34	35	38	42	59	83	96	101	109	136	
38	30
1	2	3	4	5	8	11	14	19	20	21	22	23	24	25	26	27	31	32	35	36	40	42	48	61	77	82	85	86	147	
35	28
1	4	5	6	8	10	11	14	15	16	18	19	24	25	27	32	35	36	42	47	48	59	65	77	82	83	85	95	
46	30
1	2	3	5	6	7	10	11	17	21	27	29	31	35	38	40	42	52	60	65	66	75	82	85	94	95	96	98	109	147	
35	27
1	3	4	6	7	8	10	11	14	15	16	17	18	22	27	29	31	33	35	36	38	42	59	88	96	109	153	
46	30
1	2	3	4	5	7	10	13	14	15	17	21	23	24	25	27	32	33	35	52	56	65	82	83	85	96	99	111	147	149	
36	29
1	2	3	4	8	10	11	13	14	17	18	20	21	23	24	26	27	31	36	38	42	48	65	66	73	77	85	88	89	
42	29
2	8	11	14	15	17	19	20	23	24	26	27	28	31	33	35	36	38	48	56	61	62	65	83	85	86	88	109	153	
39	29
1	2	3	4	5	6	8	9	10	14	15	19	21	22	24	25	26	27	32	35	42	59	60	77	82	88	96	98	153	
37	28
0	1	2	3	4	8	9	10	12	13	14	15	17	23	24	25	26	27	32	35	42	56	59	65	77	78	88	153	
39	31
1	2	3	4	6	8	10	11	17	18	19	22	23	24	25	26	27	31	32	35	42	43	47	48	50	56	77	82	85	88	109	
33	27
1	3	4	6	7	8	10	11	14	16	17	18	23	24	27	29	32	33	35	36	38	42	65	82	94	96	109	
47	32
2	4	5	7	9	11	13	17	18	19	22	24	26	27	31	33	36	38	40	43	48	52	56	65	73	86	94	96	98	109	111	149	
38	29
1	4	6	7	8	9	10	11	13	17	18	19	23	24	26	27	29	33	35	38	43	48	51	56	66	83	85	99	147	
35	29
0	2	4	5	6	7	9	10	11	13	17	19	21	22	25	26	27	29	31	33	35	38	42	50	59	65	82	85	88	
43	30
0	1	2	4	5	6	8	10	14	15	18	25	27	29	32	33	35	38	42	43	47	52	56	61	65	66	83	93	147	149	
39	29
1	4	6	8	9	10	11	14	17	18	23	24	27	28	31	33	35	42	48	56	58	65	73	75	77	88	96	98	99	
39	28
1	2	3	8	9	11	14	19	20	21	22	23	24	25	27	28	29	31	32	36	42	48	56	77	88	115	147	153	
36	28
1	2	3	4	5	6	10	11	14	17	18	20	22	24	25	27	29	31	35	38	42	52	55	65	66	88	95	109	
41	29
2	3	4	6	8	10	11	13	14	17	18	19	22	24	26	27	35	36	38	42	47	50	56	65	88	99	109	115	153	
37	30
2	4	5	6	9	10	14	16	17	18	19	20	22	24	25	26	27	31	32	33	35	38	42	48	65	77	85	88	95	111	
39	31
0	1	2	3	4	7	8	10	14	15	17	18	21	25	27	29	31	33	35	37	42	43	48	56	59	66	82	85	86	88	93	
40	30
0	1	3	6	8	9	10	11	12	14	19	20	22	24	26	31	33	35	36	38	42	47	48	52	56	62	65	95	109	153	
39	30
0	1	2	3	4	5	6	7	11	13	14	18	19	20	22	24	25	26	27	29	35	39	59	66	82	85	95	96	99	136	
40	28
1	3	4	7	8	9	10	14	17	20	23	24	26	27	28	35	38	39	42	59	61	66	73	77	88	94	109	153	
39	30
1	2	4	5	7	8	14	17	18	19	20	21	22	23	24	25	26	27	31	33	38	39	48	56	75	82	89	94	99	147	
43	30
1	5	14	18	19	20	21	23	24	26	27	29	32	35	36	38	42	43	48	56	59	62	66	77	88	89	94	96	109	115	
38	30
0	1	2	3	4	7	8	14	15	17	20	21	22	23	24	25	26	27	33	35	36	37	39	42	43	73	77	82	115	147	
34	29
1	2	3	4	5	6	7	8	9	10	11	14	17	18	19	21	22	23	24	26	27	35	42	48	52	65	66	77	85	
41	29
1	2	3	4	6	8	10	14	17	18	19	20	22	23	24	26	27	28	29	31	35	38	42	61	82	109	136	147	153	
43	32
1	2	4	6	8	10	14	15	17	18	19	20	21	23	24	26	31	35	36	37	42	47	48	51	65	73	82	85	88	95	99	176	
34	27
0	1	2	3	4	5	8	10	11	14	17	19	21	22	23	24	26	27	35	40	42	48	65	66	77	88	153	
35	28
0	1	2	5	6	7	8	10	11	14	17	18	19	21	25	26	27	29	31	33	35	38	56	59	65	86	98	109	
40	31
0	1	2	5	6	8	10	11	13	14	15	18	19	21	22	25	27	29	32	33	35	36	38	42	52	56	62	66	82	88	147	
42	30
1	2	3	4	5	6	7	8	9	10	13	14	18	19	20	24	26	27	38	42	47	48	52	59	82	89	98	109	136	176	
35	26
1	3	4	6	8	10	11	12	13	14	15	18	19	24	26	27	35	36	42	56	59	65	73	82	88	176	
37	28
1	6	7	8	10	11	12	14	15	18	19	24	27	28	31	33	35	36	38	40	42	56	59	65	75	88	98	147	
41	28
0	1	3	4	6	7	8	10	11	14	17	18	23	24	26	27	28	33	34	35	42	65	88	96	109	115	147	153	
40	30
1	2	3	5	8	10	15	19	22	23	24	26	27	28	29	31	33	36	38	42	43	48	50	56	66	77	85	88	89	176	
33	28
1	3	4	5	6	7	8	10	11	14	15	17	18	21	24	26	27	29	31	35	36	38	42	59	65	66	73	85	
40	29
1	2	3	4	5	6	8	10	14	17	19	21	24	27	28	29	31	33	35	48	59	65	85	93	94	96	98	99	153	
43	31
1	3	4	7	8	10	12	13	14	17	18	20	23	24	25	27	31	32	33	35	36	38	42	48	52	56	59	95	111	147	149	
47	32
1	2	5	6	7	8	14	15	22	24	26	27	28	29	31	32	35	36	38	42	56	66	75	82	83	85	88	93	96	99	109	149	
41	30
1	4	6	10	11	13	14	17	18	20	22	23	24	27	28	29	31	35	42	48	52	55	61	65	66	77	88	98	99	109	
37	31
0	1	2	4	5	7	8	10	11	12	13	14	17	19	21	22	24	25	26	27	29	35	38	42	48	52	59	66	73	78	94	
39	28
1	2	4	5	6	9	10	14	18	20	21	24	25	26	27	28	32	33	35	38	42	50	56	65	88	109	115	149	
41	30
1	3	6	8	10	12	13	14	16	18	19	23	24	26	27	29	31	33	36	42	43	48	50	56	66	82	85	98	111	147	
34	29
0	1	2	6	8	9	10	13	14	15	17	18	19	21	22	24	26	27	29	31	32	36	43	48	56	59	65	88	99	
32	26
1	4	6	7	8	10	11	13	14	15	17	18	22	24	26	27	33	35	36	38	42	52	59	61	88	109	
50	31
1	4	8	9	10	14	15	17	19	22	24	27	31	32	36	38	43	50	55	59	77	86	88	94	96	98	99	101	136	147	153	
34	28
0	1	2	4	6	8	9	10	14	15	16	17	18	19	21	24	29	31	32	33	35	38	42	56	65	96	101	109	
41	30
0	1	2	8	9	10	14	15	17	19	21	22	23	24	26	27	29	33	35	38	52	56	58	61	65	75	77	86	99	136	
38	28
1	2	6	7	10	11	14	15	17	18	20	24	26	27	33	35	36	38	42	52	59	65	66	85	89	95	99	111	
41	30
1	4	6	8	10	11	13	14	15	17	18	19	22	24	25	27	29	31	32	33	35	38	59	66	85	86	96	98	136	147	
40	28
1	2	5	6	11	13	15	16	18	20	21	23	25	26	27	28	29	31	32	42	59	65	73	82	98	115	136	153	
40	28
0	1	4	5	8	10	14	15	22	24	26	27	28	29	31	32	35	42	48	59	61	75	82	88	89	101	109	147	
41	30
1	2	6	7	8	10	16	17	18	21	23	24	27	31	32	33	35	36	42	43	59	65	66	75	85	93	94	95	101	111	
38	30
0	1	2	3	4	6	7	8	9	10	13	17	18	19	23	24	25	26	27	29	33	35	42	43	65	73	77	94	109	111	
42	29
1	2	6	7	10	13	14	15	19	21	22	26	27	31	33	35	36	38	42	48	59	61	65	66	77	88	95	147	153	
38	31
0	1	2	3	4	5	6	7	8	10	11	16	17	18	19	20	23	27	28	29	32	33	35	48	52	56	59	65	82	85	96	
41	29
1	2	3	4	6	8	9	10	14	17	19	22	24	26	31	32	33	35	42	47	65	66	77	82	85	89	96	109	153	
36	28
1	4	5	6	9	10	11	13	14	15	17	18	20	24	25	26	27	33	35	42	61	65	73	85	89	94	95	99	
39	30
1	2	4	5	8	14	16	19	20	21	22	23	24	25	27	28	29	35	36	37	38	48	55	65	73	77	82	88	94	111	
38	29
0	1	4	5	7	8	9	11	14	17	19	21	22	23	24	26	27	28	33	35	42	47	48	56	86	88	93	109	147	
42	28
1	2	3	4	5	11	13	14	15	17	22	23	24	27	35	36	38	42	43	55	77	85	96	98	99	109	149	153	
37	28
0	1	2	4	6	7	8	10	11	14	15	17	21	24	26	27	29	31	35	42	59	65	66	77	82	88	96	109	
44	30
1	4	6	7	9	14	16	17	19	21	22	23	25	27	28	29	35	36	38	52	55	59	65	73	77	82	88	94	111	176	
36	28
0	1	4	6	7	8	10	11	12	14	15	17	19	21	22	26	27	29	32	33	35	36	38	56	77	83	109	153	
36	29
1	4	5	6	8	10	13	14	17	18	19	20	22	23	24	25	26	27	29	31	36	38	42	48	56	59	85	99	176	
40	29
0	1	3	4	8	10	11	14	16	17	18	19	20	21	22	27	28	29	31	33	35	55	59	82	93	96	99	109	176	
38	29
1	4	7	8	10	11	12	13	17	18	23	24	25	27	31	35	36	37	42	43	48	56	61	65	86	88	94	95	109	
40	30
1	2	3	4	5	6	7	8	11	14	16	18	21	22	23	24	25	26	27	31	32	38	42	48	75	77	82	93	147	149	
37	29
1	4	6	8	9	10	13	14	17	18	19	20	21	23	24	26	27	29	31	33	38	48	52	56	62	73	77	82	109	
37	28
1	4	6	8	10	11	14	15	17	18	19	20	23	24	25	26	27	35	36	37	42	48	65	88	89	96	109	147	
38	30
2	3	5	6	7	8	11	14	17	18	19	20	22	24	25	26	27	29	31	35	37	47	50	56	59	65	77	82	85	99	
41	29
0	1	2	3	4	6	9	10	13	14	17	18	27	29	31	33	35	40	42	52	65	66	82	89	96	98	99	109	115	
44	30
0	1	4	10	12	14	15	17	18	24	25	27	31	33	35	36	38	42	58	61	65	66	77	83	85	88	94	95	99	147	
35	30
0	1	3	5	6	7	8	9	11	13	14	17	18	20	22	23	25	26	27	29	31	33	36	42	48	59	65	73	82	98	
40	29
1	2	6	8	10	14	15	21	22	24	26	27	29	31	32	33	35	36	38	42	48	56	61	75	77	83	88	136	147	
41	29
1	5	6	8	10	11	14	18	19	22	24	25	27	29	32	33	35	47	48	50	52	56	59	83	85	86	88	98	147	
37	29
1	3	4	6	10	11	13	14	15	17	18	21	24	25	27	31	33	36	42	47	48	62	65	73	85	89	94	95	99	
41	31
1	4	5	6	7	8	11	14	17	21	23	24	25	27	29	31	34	36	39	40	42	48	66	75	77	88	93	95	96	101	109	
43	28
0	4	6	10	11	14	18	19	20	24	26	27	31	33	36	48	56	59	65	75	77	83	85	86	88	94	115	147	
32	27
0	1	3	4	6	8	10	11	14	15	17	18	23	24	25	27	29	31	33	35	36	42	48	56	65	88	109	
37	29
1	3	6	7	8	10	11	14	15	17	18	21	24	26	27	29	32	35	36	39	42	55	59	65	78	85	88	96	98	
38	30
2	3	4	6	7	8	10	11	14	17	19	21	22	23	24	26	27	28	31	35	42	43	52	62	65	82	85	88	95	101	
45	30
0	1	2	7	8	10	11	14	15	17	24	25	26	27	28	29	35	36	42	59	65	66	75	77	82	85	96	111	136	147	
38	28
0	1	2	3	4	7	8	10	13	14	15	17	18	24	25	26	27	31	35	42	59	61	65	86	88	95	109	136	
43	30
1	2	6	7	8	11	14	15	17	19	20	21	22	23	25	26	27	32	33	35	38	42	65	77	85	96	98	136	147	153	
35	28
0	2	3	4	5	6	7	8	9	10	11	13	17	18	19	22	24	25	26	27	35	42	58	59	65	77	85	109	
39	28
0	1	2	4	8	9	10	14	17	18	19	20	21	22	24	25	26	29	35	38	60	65	88	93	99	101	109	176	
41	31
1	2	4	6	7	8	9	10	12	14	15	17	18	19	23	25	27	28	29	31	33	34	42	52	65	66	77	85	86	109	111	
37	30
1	3	4	5	6	8	9	10	11	14	15	18	21	24	25	26	27	29	31	33	35	36	42	65	73	77	85	89	96	99	
33	28
1	3	4	5	6	7	9	10	11	13	14	15	16	17	18	20	22	24	26	27	35	38	42	59	65	66	73	88	
42	29
2	4	5	6	8	9	10	11	15	17	19	20	22	23	24	28	29	31	32	39	48	56	65	77	85	96	111	147	153	
44	31
0	1	2	4	5	6	9	10	12	14	15	16	18	21	24	27	29	31	37	42	56	59	61	65	77	82	85	93	95	96	147	
41	31
1	2	3	4	8	10	14	16	18	19	20	21	23	24	25	26	27	29	31	35	36	37	48	52	56	59	60	82	85	86	147	
38	28
1	4	5	6	7	8	10	11	14	16	17	18	19	20	24	27	29	33	35	38	48	56	66	82	85	99	109	149	
50	32
0	3	6	8	9	10	11	14	19	21	24	25	27	28	29	33	35	48	51	56	59	61	65	66	75	77	83	85	86	96	147	149	
39	31
2	5	6	11	13	14	17	18	19	20	21	22	23	25	27	29	31	33	38	40	42	47	48	56	59	66	73	77	82	85	89	
42	29
1	2	4	8	10	11	14	20	21	22	23	26	27	33	35	36	38	43	52	56	59	65	66	77	88	93	101	109	136	
38	29
0	1	2	3	4	6	8	9	10	11	15	17	18	21	22	24	25	27	35	38	42	55	60	61	65	77	82	96	109	
40	29
0	1	2	8	10	14	15	18	19	21	22	24	25	27	31	33	35	36	42	55	56	61	65	66	75	89	94	96	109	
37	28
1	2	3	4	6	8	10	13	14	17	18	22	23	24	26	27	29	31	35	36	42	61	66	83	88	95	109	136	
40	30
1	2	3	4	6	7	8	10	13	14	18	19	22	24	25	27	31	33	36	38	42	48	56	59	77	82	83	89	96	147	
38	29
1	2	4	6	8	9	10	11	14	15	18	19	21	22	23	24	26	27	31	33	35	42	56	65	77	82	88	98	147	
38	30
1	2	4	6	7	8	9	11	12	14	15	17	18	20	22	23	24	25	27	31	35	37	42	55	59	61	75	88	99	109	
37	30
0	1	2	3	4	5	6	8	10	11	15	17	18	19	21	22	24	26	27	29	31	37	38	47	48	65	75	77	88	147	
43	30
1	3	5	6	8	11	14	18	19	22	23	24	27	28	31	35	36	42	43	48	59	61	66	77	82	85	95	98	109	149	
45	31
1	5	6	7	9	10	11	12	15	19	22	24	25	26	31	32	33	35	36	39	48	52	56	65	73	85	89	95	109	136	153	
38	30
1	2	3	4	6	7	8	10	14	17	18	19	20	23	24	26	27	28	31	33	35	38	48	51	52	61	82	86	96	109	
40	31
1	3	4	5	6	7	8	14	17	18	19	21	22	23	24	25	27	29	31	32	33	35	42	48	51	59	77	82	88	96	147	
40	30
2	4	5	6	8	9	11	14	19	20	22	23	24	25	29	31	33	35	36	37	38	42	48	65	82	85	96	101	109	153	
41	29
1	2	4	5	6	8	9	10	11	12	14	17	20	21	24	26	27	33	35	36	42	56	59	65	86	88	109	111	153	
33	28
0	1	2	3	4	6	7	8	10	12	13	14	15	19	21	22	23	24	26	27	31	33	36	42	56	61	77	109	
38	31
1	2	3	4	5	7	8	9	10	13	14	15	17	19	21	24	25	27	29	33	35	36	38	42	43	48	73	82	85	93	147	
39	29
0	1	4	6	8	10	14	15	17	18	20	23	24	26	27	29	35	42	43	47	48	56	61	65	85	88	95	109	136	
38	30
1	4	6	7	8	9	10	11	14	17	18	19	23	24	26	27	28	35	36	37	38	43	48	50	56	93	94	95	99	109	
33	28
0	1	3	4	5	6	8	10	11	14	15	18	21	24	26	27	29	31	33	35	36	38	42	48	62	65	96	109	
43	30
1	3	6	8	10	14	15	18	19	20	21	26	27	28	31	35	36	38	42	56	58	59	62	73	82	85	88	94	99	153	
40	32
2	4	5	6	7	8	10	11	14	18	19	22	23	24	25	26	27	29	33	35	36	38	42	48	52	58	65	73	82	95	98	101	
32	26
1	4	6	8	9	10	11	14	15	17	18	20	22	23	24	25	26	27	33	35	42	61	65	77	95	109	
44	29
2	3	5	7	8	9	11	13	14	16	20	22	23	24	31	36	38	42	43	59	65	77	82	88	95	99	111	147	153	
43	31
1	3	5	6	7	8	9	11	12	13	14	16	20	22	23	24	27	28	29	31	36	38	47	51	60	66	86	98	109	115	147	
40	30
1	3	4	5	6	7	8	9	10	11	17	18	19	20	23	24	26	27	31	35	42	48	50	51	52	88	95	96	99	147	
40	29
1	5	6	8	9	13	14	17	19	20	22	23	24	26	27	36	37	38	48	59	61	65	78	85	86	88	96	99	111	
36	29
0	1	4	5	6	7	10	11	13	14	17	18	19	20	24	25	26	27	31	38	42	48	55	59	66	78	85	88	98	
35	29
1	2	4	5	6	7	8	10	11	14	15	17	19	21	22	24	25	26	27	29	31	35	38	42	65	73	82	88	109	
40	30
0	1	4	5	6	11	13	14	17	18	19	20	21	22	24	26	27	29	31	36	43	48	59	65	82	85	86	96	99	149	
41	31
0	1	2	4	7	8	12	13	14	15	17	18	20	22	26	29	33	35	36	39	42	43	47	48	59	61	66	85	93	111	153	
42	30
1	3	8	9	10	11	14	17	19	20	23	24	26	27	28	29	33	35	36	38	48	65	75	77	86	88	93	96	109	176	
36	29
1	5	6	7	8	14	18	19	20	21	23	25	26	27	29	31	32	33	35	38	42	48	50	56	65	75	77	93	98	
44	31
1	2	3	5	8	10	11	13	14	19	20	21	22	24	26	27	31	32	35	38	42	43	59	61	82	83	85	96	99	147	176	
48	30
0	1	2	7	10	14	17	21	24	26	27	31	32	33	35	36	42	48	50	59	65	73	77	86	94	98	109	116	147	153	
38	29
2	4	5	6	8	9	10	11	14	17	18	19	20	22	24	25	27	29	31	33	38	42	48	65	73	77	85	109	147	
34	28
1	2	3	4	5	6	9	10	11	12	13	17	18	19	20	23	24	26	27	31	36	42	59	65	73	77	85	96	
37	29
0	1	2	5	6	8	9	11	14	18	20	22	23	24	26	27	28	29	31	36	38	42	48	59	65	77	82	98	147	
37	29
0	1	2	3	5	6	7	8	9	10	11	15	16	17	18	22	24	26	31	35	38	43	51	52	56	77	96	101	109	
40	31
0	2	3	6	7	8	10	11	14	17	18	19	22	24	25	27	28	31	35	36	38	42	47	48	50	56	77	82	88	98	147	
43	31
0	2	4	5	6	8	10	11	12	15	17	18	20	24	25	27	29	31	35	40	50	51	52	56	59	61	65	66	85	101	109	
44	31
1	2	4	6	7	10	11	13	15	17	18	19	20	26	27	31	33	36	38	43	48	52	59	66	82	85	86	96	99	109	147	
40	29
0	1	4	7	8	10	11	14	18	19	20	22	23	24	25	26	27	35	38	42	48	82	85	88	94	95	101	109	149	
40	30
0	2	3	4	5	6	13	14	15	16	19	21	22	24	25	26	27	29	31	32	33	48	51	59	66	82	88	95	99	153	
36	28
1	2	3	4	6	8	9	10	14	17	18	21	25	27	29	31	32	33	35	38	42	52	65	82	94	96	98	109	
38	31
1	2	3	4	5	6	7	8	11	14	17	18	19	20	21	22	24	25	26	27	29	31	35	38	47	55	61	77	82	86	115	
33	30
1	3	4	6	7	8	11	12	14	15	16	18	20	21	22	24	25	26	27	31	33	35	36	38	39	42	48	85	95	99	
40	29
1	3	4	6	8	10	11	13	14	15	17	18	20	21	22	26	27	28	29	35	36	38	42	59	73	94	109	147	153	
39	30
0	1	2	3	7	8	10	11	12	14	17	18	19	23	24	25	26	27	34	35	36	40	42	56	59	62	73	85	88	147	
38	27
1	2	3	4	6	8	10	11	14	16	17	18	20	24	26	27	29	31	36	42	59	65	77	88	96	147	153	
39	31
1	2	3	4	5	7	8	9	10	14	18	19	20	22	24	25	26	27	28	32	33	35	38	39	48	52	55	77	85	86	149	
40	30
1	6	7	8	10	11	13	14	15	17	18	21	22	25	26	27	35	36	38	42	59	61	66	83	85	86	88	94	96	98	
40	28
1	3	8	10	11	13	14	15	17	18	20	23	24	25	27	29	33	35	36	42	82	83	86	88	96	109	115	153	
36	28
0	1	2	6	8	9	10	11	14	18	20	21	24	26	27	28	31	33	35	36	38	42	50	56	61	65	98	147	
38	30
1	4	6	8	9	10	13	14	18	19	22	24	25	26	27	29	31	32	33	37	42	48	52	56	58	59	73	75	82	98	
37	27
0	1	2	3	4	5	6	8	11	15	17	22	23	24	25	27	35	42	47	48	55	65	85	88	89	109	153	
40	28
1	4	6	8	10	12	14	15	18	19	21	24	26	27	29	31	32	35	36	56	59	65	73	82	85	88	109	153	
39	29
1	5	6	7	9	10	11	13	14	17	18	19	21	22	24	25	27	31	42	47	48	55	56	59	66	77	83	88	147	
36	29
1	4	6	7	8	9	10	11	12	13	14	15	17	19	21	24	26	27	29	31	36	42	56	59	65	77	88	95	99	
43	30
1	4	5	6	8	9	10	11	16	17	21	22	23	24	25	27	33	35	36	51	60	61	65	66	83	85	86	95	98	153	
38	27
1	2	3	6	8	10	11	14	15	18	22	23	26	27	29	31	33	38	42	52	59	62	66	95	98	109	153	
45	29
1	3	6	8	10	11	14	15	19	22	24	25	27	33	35	36	39	42	56	59	61	66	73	77	88	96	109	149	153	
44	30
0	1	2	6	8	10	11	12	13	15	17	18	23	24	27	31	32	33	38	43	52	59	61	85	88	95	98	109	136	176	
41	29
1	7	8	10	11	14	16	17	18	20	23	24	25	26	27	33	35	36	42	48	65	75	82	88	94	95	98	109	153	
35	29
1	2	5	6	7	8	9	11	14	18	19	20	21	24	26	27	31	35	36	38	40	42	48	56	77	82	83	99	101	
43	30
0	1	3	4	6	7	8	10	11	14	17	19	20	26	27	28	29	32	35	38	48	50	65	73	77	83	94	96	153	176	
30	26
0	1	2	3	4	6	7	8	10	14	17	18	21	22	24	25	27	28	29	31	35	38	42	65	88	109	
38	28
1	2	3	6	7	8	10	11	15	17	19	24	26	27	29	31	33	35	36	38	43	50	52	56	75	77	109	153	
36	30
1	5	6	7	8	10	14	16	18	19	20	22	23	24	25	27	31	32	33	35	37	42	47	48	59	77	82	86	88	89	
38	28
1	2	7	8	10	14	17	19	21	23	24	25	27	28	29	35	36	37	38	43	52	56	77	82	86	88	109	115	
35	29
1	3	4	6	8	10	11	13	14	15	18	22	23	24	26	27	29	33	35	36	37	39	42	47	56	59	77	78	109	
34	30
2	4	5	6	7	8	10	11	14	17	18	19	21	22	24	25	26	27	29	31	33	35	36	38	40	48	52	56	59	85	
41	30
1	2	5	6	9	14	16	17	18	19	22	23	24	27	29	31	33	36	38	42	43	48	59	65	88	94	98	99	109	147	
38	30
1	5	6	8	9	11	14	15	17	18	19	20	22	23	24	26	27	29	33	35	37	40	43	48	50	56	77	82	109	136	
37	29
0	1	3	6	7	8	10	11	14	17	18	19	20	23	24	26	27	29	33	35	38	48	52	59	65	66	89	94	109	
44	31
1	2	3	5	6	9	10	11	13	15	17	19	26	27	35	36	38	47	48	52	56	59	61	65	75	78	82	85	88	96	109	
38	28
1	3	5	6	7	8	9	10	14	16	17	18	23	24	26	27	29	35	36	38	42	51	65	75	85	98	109	149	
39	29
1	2	4	5	6	7	8	9	10	11	17	22	24	26	27	29	31	38	42	48	56	59	61	65	66	88	96	98	109	
43	30
1	5	6	8	9	10	11	14	17	19	20	22	24	25	26	27	29	31	33	43	48	55	59	61	62	77	82	86	147	153	
38	31
0	1	2	4	5	7	8	10	11	14	17	18	19	21	22	26	27	31	33	35	36	37	38	48	52	59	77	82	86	93	99	
44	30
2	3	4	6	10	11	12	14	17	18	19	20	23	24	26	27	38	42	47	52	59	65	66	85	86	88	99	101	115	147	
44	31
0	1	2	4	5	7	8	10	11	14	15	17	21	22	24	27	29	31	48	52	55	59	65	66	82	86	88	98	99	101	109	
37	29
1	2	3	6	7	8	9	10	13	14	17	18	19	20	23	24	26	27	29	33	35	39	42	48	56	65	75	136	147	
37	28
1	3	4	6	8	10	11	13	14	17	18	20	22	23	24	25	27	29	31	33	42	48	61	85	86	98	109	149	
41	30
0	1	3	4	6	8	10	11	14	18	19	22	24	26	27	28	29	31	35	39	42	52	58	59	65	82	85	95	98	153	
38	28
0	1	2	3	5	7	8	10	11	13	14	15	17	22	23	24	25	27	32	35	42	47	88	95	98	109	136	153	
39	30
0	1	2	3	4	6	7	8	9	10	14	15	17	18	19	22	25	27	29	33	35	50	51	59	66	77	83	86	96	99	
42	31
1	2	6	10	14	15	17	19	20	22	23	24	25	26	27	29	32	35	38	43	48	52	55	56	62	65	75	85	88	89	115	
40	29
1	4	5	6	7	8	9	10	14	15	17	18	23	24	26	27	32	33	35	38	42	59	65	66	94	95	96	109	147	
40	31
1	2	5	6	7	9	10	11	12	13	14	19	26	27	29	32	33	35	36	38	42	48	56	59	65	78	85	86	95	96	99	
39	30
0	1	2	4	5	6	7	8	10	11	12	13	15	17	18	22	24	26	27	33	35	38	48	52	55	66	82	95	109	115	
44	31
0	2	3	8	10	13	14	15	16	17	18	19	21	22	24	27	31	33	36	40	42	56	59	73	75	77	82	96	99	109	153	
33	29
1	4	6	7	8	10	11	13	14	17	18	19	21	22	25	26	27	29	31	33	34	36	38	42	48	59	73	77	82	
40	29
0	1	2	5	10	11	13	14	15	17	21	27	28	29	35	36	38	42	48	56	59	65	73	78	83	88	99	101	111	
40	30
0	1	2	5	6	8	9	10	11	14	17	18	21	24	26	29	31	36	38	43	48	56	59	61	66	75	95	98	99	111	
46	30
3	8	10	11	14	17	18	22	23	24	27	28	29	33	36	38	42	48	56	60	65	77	82	83	88	95	99	111	136	147	
38	29
1	2	3	6	7	8	9	10	14	18	19	20	23	25	27	28	33	35	37	38	42	51	56	59	66	75	82	89	109	
39	28
0	1	3	4	6	10	14	18	20	21	22	23	24	25	26	27	29	31	35	42	48	59	82	85	88	95	149	153	
38	29
1	2	6	8	10	11	12	14	18	19	20	23	24	25	26	31	32	33	35	42	48	56	65	73	75	82	95	99	109	
39	29
0	1	2	3	5	6	10	13	14	18	20	21	24	27	29	31	36	42	48	55	56	59	65	66	77	82	93	96	98	
37	29
0	1	4	7	8	10	11	13	14	15	17	18	20	22	24	25	27	29	31	33	35	42	52	59	61	77	88	89	109	
41	29
1	2	5	6	8	10	11	13	14	15	17	18	19	26	27	33	34	35	36	38	48	52	56	58	59	73	88	147	153	
40	30
0	1	2	3	4	5	6	7	10	11	13	14	18	20	21	26	27	29	33	35	37	38	42	59	65	82	85	88	109	147	
39	29
0	2	4	5	6	7	8	10	14	16	19	21	22	23	24	25	27	32	33	35	38	43	48	52	77	82	83	147	149	
40	30
0	1	2	6	7	8	10	11	14	17	18	19	21	22	25	26	27	29	33	35	36	42	48	55	59	82	85	98	111	147	
40	31
1	2	4	5	6	7	8	10	14	16	17	19	21	24	27	28	29	31	33	35	38	42	43	47	56	58	65	82	85	95	176	
43	31
2	5	6	8	10	11	14	17	18	19	21	25	26	27	28	29	33	35	37	38	48	50	56	59	65	75	77	82	88	111	115	
41	30
1	8	10	11	13	14	15	18	20	22	23	26	27	28	29	32	33	36	38	40	43	48	50	56	77	82	85	93	111	149	
45	28
2	4	6	10	11	14	15	18	19	23	24	25	26	27	29	31	33	42	61	65	85	88	95	98	109	147	149	153	
39	30
0	1	2	3	4	6	9	10	12	13	14	18	21	22	23	24	26	27	29	31	38	42	52	56	66	82	88	89	99	109	
41	29
1	2	5	6	8	10	11	14	17	18	21	22	24	25	26	27	29	35	38	42	51	61	65	73	77	83	98	115	153	
39	29
1	2	3	4	6	7	8	10	11	12	14	15	16	17	20	21	22	24	26	27	29	36	42	77	88	89	109	111	147	
40	28
0	2	3	5	6	7	8	11	15	17	22	24	25	26	27	35	38	42	65	75	77	78	85	88	95	96	109	111	
35	27
0	1	2	3	4	8	9	11	17	20	22	23	24	25	26	27	32	35	36	42	48	56	65	77	88	93	153	
42	30
1	4	6	7	8	9	10	11	14	19	21	24	25	29	31	32	33	35	36	38	48	56	65	73	77	82	85	96	109	153	
35	29
0	1	2	3	4	6	8	9	10	13	14	15	17	18	20	24	25	26	27	32	33	35	38	42	48	66	75	85	149	
36	28
1	2	3	4	5	6	8	10	11	17	18	22	24	25	26	27	29	31	35	38	42	52	65	66	94	96	98	109	
34	30
0	1	2	3	4	5	8	9	10	15	17	18	21	22	24	25	27	29	31	34	35	36	37	38	42	47	58	65	85	95	
38	27
1	3	4	6	8	10	12	14	15	17	18	20	21	23	24	26	27	32	35	42	52	88	94	101	109	111	153	
38	30
1	2	4	5	6	7	8	9	14	19	21	22	23	24	25	31	32	35	38	42	47	48	56	59	77	82	83	88	95	99	
33	27
1	3	4	8	10	11	14	15	17	18	20	22	23	24	26	27	29	35	36	38	42	48	50	56	73	88	109	
37	29
1	2	7	8	10	14	15	17	18	19	21	23	24	26	27	32	33	35	36	38	42	43	48	50	52	56	75	89	147	
43	29
0	1	2	10	11	13	17	18	23	24	26	27	32	33	35	38	48	52	58	59	61	65	73	85	88	93	95	98	147	
40	29
0	1	2	3	4	5	6	7	8	9	10	13	14	19	22	24	26	27	28	35	38	42	52	59	65	73	82	147	176	
43	32
1	4	7	8	9	10	11	13	14	17	18	19	20	23	24	25	27	31	33	35	36	38	42	48	52	65	73	75	88	96	109	147	
37	29
0	1	2	3	7	10	11	14	17	18	19	20	21	22	23	24	25	26	27	29	33	35	48	52	59	66	73	89	176	
35	28
1	4	5	6	7	10	11	13	14	15	17	18	19	24	25	27	29	33	35	36	38	42	65	82	85	88	96	109	
42	30
4	5	6	8	11	17	18	19	20	22	24	25	26	27	31	33	35	37	47	48	55	59	61	65	77	78	85	86	88	153	
38	29
0	1	3	4	5	6	10	11	14	15	18	19	20	21	24	26	27	33	35	36	42	59	65	66	85	88	89	95	111	
37	29
1	2	4	8	11	14	17	18	19	20	21	22	23	24	25	27	31	33	34	35	36	38	42	47	56	77	85	109	153	
38	28
0	4	5	10	11	13	14	18	19	20	22	23	24	26	27	31	33	38	47	48	56	65	77	85	88	94	99	147	
44	29
0	1	2	3	4	6	7	8	9	10	14	18	23	24	27	29	33	38	42	47	52	56	65	88	99	109	115	147	153	
35	30
1	4	5	6	8	9	11	14	17	18	19	20	22	23	25	26	27	29	32	33	35	36	38	42	48	52	59	77	82	88	
40	31
1	2	4	5	7	8	11	12	13	14	15	16	20	21	22	24	26	31	32	33	36	38	42	43	52	61	73	82	96	99	147	
43	31
2	3	5	6	9	10	11	14	15	16	17	18	21	22	24	25	26	27	29	31	42	48	59	65	73	82	89	94	99	111	147	
45	31
1	3	6	8	9	14	17	18	19	22	24	25	26	27	29	31	33	35	36	38	48	58	66	73	75	77	83	86	99	149	153	
35	29
0	1	2	4	5	6	7	8	10	14	15	17	18	20	21	24	26	27	29	31	32	36	42	48	56	59	66	98	109	
41	32
1	2	3	4	6	7	8	10	12	14	16	17	18	22	24	26	27	31	33	35	36	42	48	52	59	61	66	85	88	94	95	99	
42	30
0	2	7	9	10	11	13	17	18	19	22	24	25	26	27	31	33	36	42	48	52	65	75	77	85	89	93	95	109	111	
34	29
1	3	4	5	6	7	8	9	10	12	14	15	16	17	20	21	24	25	26	27	29	35	38	42	48	83	85	86	109	
36	29
0	1	3	4	6	7	8	9	10	14	15	16	17	18	21	22	23	27	29	33	34	35	36	38	42	61	96	109	153	
43	30
1	4	6	7	8	10	11	13	14	15	17	18	20	21	24	25	27	33	36	38	42	47	66	77	88	96	99	111	147	153	
40	30
1	2	3	4	5	6	8	9	10	11	17	18	19	20	25	26	29	31	33	35	38	42	47	52	59	66	82	96	109	153	
34	28
1	4	5	6	7	10	11	12	13	14	15	19	20	21	24	25	26	27	32	33	35	42	56	59	65	85	88	98	
36	29
0	1	2	3	5	6	8	9	11	15	17	18	20	23	24	25	26	29	35	37	42	47	48	56	59	93	98	99	109	
40	32
1	2	5	6	7	8	11	13	14	17	18	19	21	22	23	25	26	27	28	31	33	35	37	47	52	59	77	82	86	88	96	98	
34	26
1	3	4	6	8	10	11	17	18	24	26	27	29	31	34	35	36	42	48	50	62	75	88	89	96	109	
50	31
1	3	4	6	7	8	10	11	17	18	19	21	22	24	25	27	29	31	32	33	35	56	62	82	85	89	109	147	149	153	176	
33	28
2	4	6	8	9	10	11	14	16	17	19	20	21	22	23	24	25	26	27	31	33	35	42	55	65	77	82	88	
39	28
0	1	2	3	5	6	10	13	14	18	20	24	27	29	31	33	35	38	42	47	56	59	61	66	88	98	109	147	
41	29
0	1	2	3	4	6	9	10	11	17	19	20	21	22	24	26	27	28	31	33	38	43	62	66	95	99	109	153	176	
39	30
1	4	6	8	10	11	13	14	17	18	20	24	25	26	27	29	33	35	36	38	47	48	50	52	56	66	73	88	95	109	
34	27
1	3	4	6	7	8	10	11	13	14	17	18	22	24	26	27	35	36	38	42	48	65	82	88	95	96	109	
36	27
0	1	2	3	4	6	11	13	14	17	18	19	21	22	24	26	27	29	38	43	47	65	66	88	99	109	153	
36	28
1	2	3	4	5	6	7	9	10	11	13	14	17	18	20	24	25	26	27	35	42	59	66	73	88	95	96	136	
37	29
2	5	6	7	8	10	11	14	18	19	21	22	24	25	27	29	32	33	35	36	48	52	56	59	66	75	77	83	85	
39	27
0	4	7	8	10	11	14	18	19	20	22	24	26	27	29	33	35	48	52	56	59	83	85	86	88	111	147	
39	30
1	3	5	6	7	8	9	10	12	14	17	18	19	21	22	23	24	26	27	35	36	42	59	61	73	82	88	89	96	115	
39	29
1	2	3	4	6	7	8	10	14	18	19	21	24	25	27	31	35	36	38	42	60	61	65	77	82	86	95	96	109	
38	28
0	1	2	7	8	10	11	13	14	18	19	20	21	23	24	26	27	32	33	35	38	43	52	56	88	109	136	153	
38	30
1	2	4	6	8	11	13	14	16	17	18	19	22	23	24	25	27	31	33	38	42	47	48	56	65	77	85	88	98	136	
44	30
0	1	4	5	6	7	10	13	17	21	24	26	27	32	33	35	36	42	43	55	58	66	73	77	82	85	89	99	115	176	
42	30
0	1	3	4	7	9	10	11	13	14	16	20	21	23	24	25	27	29	33	35	42	56	61	66	77	82	88	95	109	153	
40	30
1	2	4	5	6	7	8	10	11	15	17	18	19	20	24	26	27	31	33	35	36	42	48	51	59	66	85	96	109	147	
42	29
1	3	5	6	7	8	9	15	18	19	20	21	22	25	26	27	29	35	40	50	51	52	59	83	86	96	111	115	136	
36	27
1	2	4	5	6	7	8	10	11	12	17	18	20	21	24	27	31	33	35	38	42	56	66	85	98	109	153	
38	30
0	1	3	4	6	7	9	10	13	14	20	21	22	24	26	27	29	33	35	38	42	48	56	59	62	66	73	88	93	99	
36	29
1	3	4	6	9	10	14	15	17	18	20	21	23	24	25	27	28	29	31	35	42	43	59	65	73	93	94	95	96	
42	29
0	1	2	4	6	7	10	11	14	16	17	18	21	24	27	28	29	32	34	35	38	52	56	59	73	95	109	149	153	
36	29
1	2	3	4	7	8	10	14	18	19	20	21	22	23	24	26	27	29	33	35	36	38	42	43	56	59	65	109	136	
39	31
0	2	5	6	8	9	10	14	15	16	17	19	21	22	24	25	26	27	29	31	35	42	48	56	58	59	61	65	66	75	85	
43	31
4	6	8	9	10	14	16	17	18	19	20	21	23	24	26	27	29	31	33	35	37	38	42	48	61	66	82	96	109	147	153	
43	32
2	3	4	5	6	7	9	11	14	21	22	24	25	26	27	29	31	33	38	40	42	43	48	59	65	73	75	77	85	86	88	147	
38	28
1	2	3	6	7	8	10	11	13	14	18	19	21	24	26	27	33	35	36	38	42	52	56	59	65	96	109	153	
36	29
1	2	3	5	11	14	17	18	20	21	22	23	24	26	27	29	35	36	38	42	43	48	59	65	66	73	88	95	98	
45	32
2	3	6	7	10	11	14	16	18	21	22	24	25	26	27	28	31	33	36	42	48	51	56	59	65	66	85	88	94	96	99	176	
42	30
0	1	4	5	6	7	8	10	17	18	23	24	26	27	29	32	35	36	37	43	48	59	62	66	82	85	86	109	111	115	
36	28
1	4	6	7	10	11	13	14	15	17	18	19	22	24	26	27	35	36	37	38	42	52	59	65	66	82	88	109	
38	30
0	1	2	4	5	6	7	8	10	14	15	16	17	20	26	27	31	33	35	36	42	48	56	59	61	66	77	82	88	89	
41	31
0	1	2	3	4	5	6	10	13	15	18	22	23	24	27	31	32	33	35	36	42	47	50	65	66	75	88	95	98	99	109	
37	31
1	4	6	8	10	14	15	17	18	19	20	21	22	23	24	25	26	27	29	31	32	33	35	42	48	50	61	65	77	82	85	
40	29
2	5	6	8	14	15	16	19	21	22	23	24	27	28	29	31	32	33	36	38	48	50	56	82	88	99	101	109	147	
44	30
1	2	3	4	5	6	8	9	11	14	22	23	24	26	27	35	42	43	47	48	50	56	65	66	88	94	96	109	115	176	
37	29
1	2	6	7	8	11	15	16	17	19	21	22	26	27	29	31	33	35	36	38	42	43	47	56	59	77	88	109	115	
44	30
0	1	5	9	11	17	19	20	22	23	24	25	26	27	28	31	32	33	48	51	52	61	66	73	75	77	88	95	109	153	
37	28
1	3	5	6	8	10	11	14	18	20	21	22	24	25	26	27	29	35	38	42	48	56	65	75	82	88	109	111	
41	30
0	1	5	11	13	14	18	19	20	22	23	24	25	26	27	29	31	36	38	42	48	59	66	77	82	85	88	89	94	147	
36	29
1	2	3	4	6	7	8	9	10	11	13	14	15	16	17	18	21	22	24	26	27	32	33	35	42	59	77	109	147	
37	27
1	2	7	8	10	11	14	15	17	18	20	21	22	24	26	27	28	35	36	38	42	56	75	83	109	115	149	
38	29
0	1	2	4	6	7	8	10	11	14	17	18	19	21	22	24	25	26	27	29	31	33	38	42	48	77	111	147	149	
40	30
0	1	3	6	8	10	11	12	13	14	15	18	19	21	22	24	26	29	33	35	36	38	42	56	61	73	75	95	109	153	
37	29
1	3	4	6	7	8	10	13	14	17	18	19	24	26	27	29	32	34	35	36	38	43	56	59	62	73	77	82	109	
38	29
0	1	4	8	9	10	14	15	16	18	20	21	24	26	27	32	33	35	36	38	42	56	61	65	73	78	88	94	109	
43	31
0	1	2	4	5	6	8	10	13	14	15	17	22	24	25	26	27	29	31	36	38	40	43	61	77	85	86	95	115	136	153	
37	30
2	6	8	9	10	11	13	15	17	18	19	22	23	24	25	26	27	28	31	35	37	42	43	59	65	73	82	85	89	95	
35	28
1	4	5	6	7	8	9	10	11	14	17	18	19	20	24	26	27	29	31	39	48	56	59	66	75	77	83	99	
39	31
0	1	2	4	8	10	11	13	14	15	18	19	20	23	24	26	27	32	33	35	36	42	48	52	56	65	77	85	86	88	95	
43	30
1	3	4	7	8	9	10	13	14	17	19	22	23	24	26	27	32	35	38	42	56	59	62	83	85	86	89	95	111	147	
42	30
1	2	5	6	7	10	11	12	13	14	15	17	19	22	24	25	27	33	38	48	52	56	65	77	82	85	96	99	111	115	
42	30
1	3	6	8	10	11	13	14	15	17	18	21	22	24	27	29	31	33	35	36	38	42	59	62	65	73	88	98	147	176	
36	29
0	1	3	4	6	8	10	14	18	21	22	23	26	27	28	29	31	32	33	35	36	42	48	66	75	82	85	95	109	
36	27
0	1	4	6	8	10	11	14	16	18	19	20	24	27	28	29	31	33	35	38	48	52	56	65	88	109	147	
42	30
0	2	4	9	10	11	12	13	14	15	19	22	24	25	26	27	31	32	33	42	52	56	61	62	66	75	77	88	89	149	
36	29
0	1	2	4	5	6	10	11	13	14	17	18	19	20	24	25	27	31	33	38	43	48	52	59	65	77	82	88	94	
40	30
0	1	2	3	4	5	6	9	10	11	17	18	19	21	23	24	28	29	33	35	43	65	82	85	88	95	96	98	99	111	
47	31
1	2	3	4	8	10	11	14	18	19	21	22	23	24	25	27	29	31	33	36	43	56	86	88	89	95	98	109	136	147	153	
40	30
1	2	3	4	5	8	12	14	15	19	20	21	23	24	25	27	29	31	35	36	38	42	82	83	85	88	94	95	96	153	
40	30
1	3	4	6	8	10	14	17	18	19	23	24	25	26	27	29	31	33	35	39	42	48	58	59	65	77	85	88	98	153	
40	30
1	4	6	7	8	10	13	14	15	18	19	20	26	27	31	32	33	36	38	42	48	56	59	61	66	86	95	99	101	116	
38	29
1	4	6	8	9	10	11	13	14	15	17	18	19	20	23	24	26	27	29	31	35	38	50	56	60	61	65	86	147	
36	27
1	4	6	7	8	10	11	14	17	18	19	22	27	29	33	35	36	38	42	48	59	82	88	94	96	109	111	
42	31
1	3	4	5	6	7	8	9	11	12	14	15	17	20	21	22	25	26	27	31	35	36	38	42	43	59	85	96	136	147	153	
38	30
0	1	3	4	5	6	7	8	10	11	12	14	15	18	20	21	22	25	27	31	33	35	42	50	59	65	88	98	99	109	
38	29
1	5	6	8	10	11	14	15	17	18	19	20	22	24	25	26	27	29	31	33	35	42	59	75	77	82	85	96	153	
38	30
1	4	6	7	9	10	11	13	14	16	17	19	20	22	24	25	26	27	32	33	35	38	42	48	59	66	77	82	88	153	
38	29
0	1	2	4	5	6	8	10	14	16	18	22	24	26	27	29	31	32	35	38	48	65	66	73	82	85	94	95	109	
39	30
0	1	2	3	4	7	10	13	14	15	16	21	22	24	27	32	35	36	42	43	48	52	62	65	82	85	88	89	95	99	
40	28
1	6	7	8	10	11	14	15	18	19	20	23	25	26	27	29	33	35	38	42	56	59	65	66	77	98	147	153	
37	29
1	2	4	6	7	9	10	11	13	14	17	18	19	21	24	26	27	32	33	35	36	38	43	56	59	65	88	94	147	
36	28
1	3	5	6	7	8	10	11	13	14	15	18	19	21	22	26	27	29	33	35	36	38	42	52	59	75	109	153	
41	31
0	2	3	4	5	6	7	8	11	13	18	19	20	23	24	25	27	29	32	35	36	50	59	61	82	83	85	95	96	99	101	
40	28
0	1	4	7	8	11	14	17	18	19	20	21	22	24	26	27	31	33	43	48	52	55	59	94	98	109	136	147	
42	29
0	1	6	8	10	11	13	15	17	18	19	23	24	26	27	29	35	38	42	56	58	59	61	65	85	88	89	136	153	
36	29
1	2	3	5	6	8	9	10	11	15	17	18	21	25	26	27	29	31	35	38	40	42	43	56	59	93	94	98	109	
41	28
0	1	2	3	4	5	6	8	11	12	15	20	22	23	25	26	27	29	35	52	59	82	85	95	96	109	136	153	
39	30
1	2	4	5	6	7	8	9	10	16	17	19	21	22	24	26	27	29	31	36	38	42	48	61	66	77	88	96	109	111	
39	32
0	1	2	4	5	6	8	13	14	17	18	19	20	21	24	26	27	29	31	32	33	36	38	42	48	59	62	65	77	78	83	96	
42	28
0	1	2	4	6	8	9	10	12	14	15	17	18	24	26	29	35	42	59	61	65	73	77	85	88	95	147	149	
38	31
1	2	5	6	8	9	10	11	13	14	17	18	19	20	21	24	25	26	27	29	31	38	39	42	48	56	66	73	77	82	136	
39	28
0	1	3	4	5	10	14	15	17	18	23	24	25	27	29	31	33	35	39	42	48	65	85	86	88	109	136	147	
52	31
0	5	6	9	13	16	17	20	21	26	28	29	33	35	36	50	52	55	59	77	83	85	88	89	95	96	98	109	111	115	149	
35	28
2	4	6	7	8	10	11	13	14	16	18	19	21	22	24	26	27	32	33	35	36	38	52	56	82	83	94	109	
38	29
1	2	4	6	7	8	10	11	13	14	17	18	20	21	25	27	32	33	35	36	37	38	42	48	65	88	96	147	153	
38	29
1	5	6	8	10	11	13	14	18	19	20	22	23	24	26	27	29	31	36	38	42	48	56	59	61	77	82	99	147	
34	29
0	2	4	6	8	9	10	11	14	17	18	19	20	21	22	24	25	26	27	29	31	32	33	35	38	43	65	85	147	
46	31
2	5	6	8	9	11	12	13	14	17	18	19	20	22	23	27	31	33	38	43	48	52	56	59	65	66	75	98	136	149	153	
34	28
1	2	4	5	6	7	8	10	11	13	14	17	18	19	22	24	25	27	33	35	38	42	48	52	59	82	96	109	
47	32
1	2	5	6	9	10	13	14	19	21	22	24	25	26	27	28	29	31	32	38	48	61	66	73	75	77	82	85	88	109	111	149	
36	28
1	3	4	5	6	8	10	11	14	18	19	20	22	24	25	26	27	31	34	35	42	48	59	73	77	82	85	147	
44	32
1	6	7	8	9	11	12	14	17	18	19	20	21	22	23	24	25	26	27	28	29	34	38	42	55	77	88	96	99	111	136	147	
40	29
1	4	6	9	10	13	14	17	18	19	20	23	24	26	27	29	31	33	38	42	48	59	66	73	77	88	94	109	147	
40	29
1	2	4	6	7	8	10	11	14	17	18	21	22	23	24	26	27	28	35	42	55	66	73	85	93	95	98	109	136	
38	27
1	4	6	7	8	10	11	14	15	18	24	25	27	29	31	33	35	36	42	59	61	65	88	95	96	109	147	
35	27
1	2	3	4	6	7	8	10	11	14	18	22	24	25	27	29	31	32	35	42	56	59	65	82	88	95	109	
42	32
0	1	2	4	6	8	11	12	14	16	19	21	22	23	25	27	28	29	31	33	35	36	43	48	55	56	59	77	88	98	99	176	
43	29
1	3	4	6	8	10	11	14	16	18	19	20	24	27	31	32	35	42	59	65	66	75	77	82	88	95	96	109	147	
46	31
0	2	3	4	6	7	8	10	11	14	16	17	18	22	25	27	29	31	33	42	48	50	51	59	77	82	85	98	109	147	149	
34	28
1	2	3	4	5	6	7	8	9	10	13	14	18	19	20	24	25	26	27	31	35	42	52	59	73	82	95	96	
38	29
1	3	6	7	8	10	11	12	14	15	19	20	21	22	23	24	27	28	32	35	42	56	59	66	77	82	88	98	109	
36	28
1	2	3	6	7	8	10	11	13	14	17	18	19	22	24	27	33	35	36	42	47	59	77	82	85	96	98	109	
39	29
0	1	2	4	9	10	11	13	14	15	17	18	19	21	24	26	27	32	33	35	48	52	59	61	65	73	85	89	147	
40	29
1	2	4	6	8	9	11	13	17	21	22	23	24	27	31	33	36	38	42	43	52	59	61	65	77	83	88	98	153	
35	29
1	3	5	6	8	10	11	14	15	18	19	21	22	23	24	25	27	29	31	33	35	36	42	48	52	75	85	98	109	
39	29
0	1	2	6	10	11	12	13	14	15	17	19	20	24	26	29	31	36	38	42	47	59	65	77	82	85	88	96	153	
37	29
0	1	2	4	6	7	10	13	14	15	17	18	20	24	25	27	31	33	35	38	42	52	56	61	65	73	77	85	96	
46	32
1	2	3	4	5	6	9	10	11	13	15	17	23	24	26	27	35	36	38	48	52	59	61	65	73	82	83	85	86	88	96	149	
43	33
1	2	4	8	10	11	14	16	17	18	20	22	24	26	27	29	31	32	35	36	38	39	42	48	52	65	66	75	82	85	88	96	136	
41	31
1	2	5	6	8	10	13	14	17	19	20	21	22	24	26	27	31	33	35	36	38	40	43	48	56	61	75	82	86	109	147	
35	30
0	1	2	3	4	5	8	9	10	11	13	15	17	18	19	21	22	24	26	27	29	33	35	36	38	47	56	85	99	109	
38	30
2	3	4	5	6	7	8	11	13	14	15	19	21	22	23	26	27	31	33	35	36	38	42	50	52	59	85	88	101	109	
37	29
0	1	2	3	4	5	6	7	10	13	17	18	21	24	26	27	32	35	36	38	42	43	50	59	66	85	96	99	109	
35	27
1	2	3	6	8	9	10	11	14	17	18	23	24	26	27	29	31	33	42	48	59	61	65	66	85	98	109	
41	28
0	1	2	4	6	9	10	11	13	17	18	21	24	25	35	37	42	47	55	59	65	66	78	85	88	95	109	153	
40	29
0	1	4	5	10	11	13	15	19	20	22	23	24	26	27	32	33	35	36	38	48	55	65	86	89	94	99	136	147	
41	29
0	1	2	3	5	6	7	8	10	11	15	20	23	26	27	29	35	36	38	42	59	65	77	82	83	85	89	136	147	
43	31
0	1	2	3	5	6	7	10	15	17	21	22	23	26	27	32	33	35	38	42	43	48	56	59	65	73	77	85	88	111	147	
38	28
1	2	3	6	7	8	11	14	18	19	22	23	24	25	26	27	35	42	47	56	59	65	77	82	85	88	95	109	
34	28
1	4	5	6	8	10	13	14	18	19	20	22	24	25	27	31	32	33	38	42	47	48	59	73	82	88	95	99	
35	28
0	1	4	8	10	11	14	15	18	19	20	21	22	24	26	27	28	29	31	33	35	42	48	56	58	59	75	147	
43	32
1	2	3	5	6	7	8	9	10	11	13	14	18	19	20	21	22	23	24	26	33	36	39	48	56	61	75	85	96	99	111	176	
41	28
0	1	2	6	8	9	11	12	15	18	19	22	23	24	25	33	35	36	42	43	50	65	88	95	101	109	147	153	
44	32
1	4	8	9	11	14	16	19	20	21	22	23	24	25	26	27	32	33	35	36	42	47	50	51	52	65	77	85	86	95	101	147	
38	28
1	3	5	6	7	10	11	13	14	18	20	23	24	25	26	27	29	35	42	48	59	66	73	75	82	96	98	147	
37	28
1	4	6	7	8	10	13	14	15	18	19	22	23	26	27	32	33	36	38	42	48	56	59	86	95	99	109	111	
37	27
1	3	4	6	8	10	11	14	17	18	24	27	29	31	33	35	36	38	42	48	56	65	75	88	98	109	147	
44	31
0	1	2	4	7	10	11	12	17	18	19	21	23	26	27	29	31	33	36	38	50	52	58	59	65	77	85	88	93	96	147	
38	29
1	2	4	5	6	7	8	10	11	15	17	19	21	22	23	24	26	27	33	35	42	43	48	56	78	94	98	109	147	
40	29
1	3	4	5	6	7	9	11	14	15	16	22	24	26	27	32	33	35	38	42	59	65	75	77	78	85	88	96	147	
34	28
0	1	3	4	5	6	7	8	9	10	14	15	17	18	21	23	24	26	27	32	35	36	42	59	65	66	77	136	
43	28
0	1	3	4	7	8	10	14	15	17	18	20	21	24	27	29	38	66	82	88	89	95	96	99	101	109	111	153	
45	30
0	1	2	4	5	6	8	9	14	15	16	21	22	25	26	27	35	38	47	48	52	59	61	78	82	88	94	109	147	149	
46	31
1	2	4	7	8	9	10	11	12	14	15	17	18	22	24	25	27	28	35	37	48	59	61	65	66	77	83	109	111	115	149	
39	30
1	2	4	5	6	7	8	10	14	17	18	19	20	24	27	31	33	38	39	42	47	48	56	61	65	66	77	85	101	111	
37	29
0	1	2	3	5	6	7	8	9	10	11	13	14	17	19	20	22	24	26	27	35	38	48	52	59	65	66	85	153	
35	28
0	1	3	4	6	7	8	9	10	14	17	18	19	22	24	26	27	29	35	36	42	48	56	59	77	83	88	109	
43	30
1	2	5	6	8	12	14	17	19	20	21	22	24	26	32	33	35	36	38	42	43	52	59	82	88	94	95	109	111	153	
36	30
0	1	4	5	9	10	13	14	17	18	19	20	21	22	23	24	25	26	32	33	35	38	47	48	52	66	78	88	95	99	
34	28
1	3	6	8	9	10	11	12	14	15	18	19	21	22	23	24	26	27	32	33	35	36	42	59	95	96	98	109	
38	29
1	2	6	7	8	10	11	14	17	19	21	23	24	25	27	29	35	38	40	42	56	58	62	65	73	77	82	83	85	
39	29
1	2	3	6	7	8	10	11	12	14	17	18	22	24	27	29	31	33	36	37	42	52	59	65	73	88	95	98	147	
45	28
1	4	6	10	11	12	13	14	15	17	18	23	27	28	33	35	42	59	65	66	75	86	88	96	98	147	149	153	
44	33
0	4	5	6	8	9	10	11	13	18	19	21	24	25	26	27	31	33	34	35	36	37	38	42	47	50	61	66	82	85	88	109	147	
35	29
1	4	6	8	10	11	14	17	18	19	22	23	25	27	28	32	33	35	36	37	38	42	47	48	50	61	82	88	109	
41	29
4	6	7	10	11	13	14	18	19	21	22	24	26	27	31	33	35	36	42	48	55	56	59	66	82	88	98	109	153	
38	31
1	2	3	8	10	11	15	17	18	19	20	21	22	24	25	26	27	28	31	34	35	36	42	43	48	59	61	82	89	94	109	
44	31
1	2	7	8	10	14	15	18	20	21	24	26	27	29	31	33	36	37	38	43	48	56	61	75	77	82	83	93	95	136	147	
42	30
0	10	11	14	16	18	19	20	21	22	23	24	25	26	27	29	31	33	35	38	48	52	56	59	66	73	82	96	109	147	
39	28
1	2	5	6	7	8	10	11	13	14	15	18	19	22	24	26	27	33	35	42	43	52	59	77	82	109	111	147	
40	30
1	4	6	7	8	9	10	13	14	17	19	20	22	24	27	31	33	36	38	42	43	48	56	59	65	73	77	88	98	176	
40	30
0	1	2	6	8	9	10	11	13	14	15	18	20	21	24	25	26	29	32	33	35	40	56	59	66	73	85	96	98	149	
37	29
1	3	8	9	10	11	12	13	14	15	18	20	21	22	23	24	26	27	29	31	33	36	38	42	56	59	98	109	149	
38	29
1	2	3	6	7	8	10	11	12	13	14	17	18	19	22	24	26	27	33	36	42	47	77	85	88	89	96	109	115	
42	28
1	2	5	6	8	10	11	15	17	18	19	21	22	27	28	31	33	37	43	52	59	65	73	85	98	115	147	153	
37	30
1	4	5	6	7	10	14	17	18	19	20	21	23	24	25	26	27	29	31	32	35	38	42	52	65	82	89	94	95	99	
41	30
0	1	2	4	8	9	10	11	12	14	15	16	17	22	24	25	27	28	31	32	38	42	50	55	59	77	88	89	109	147	
39	28
1	4	6	8	9	10	11	14	16	18	21	26	27	29	32	33	35	36	38	42	52	56	60	65	75	88	136	153	
39	27
1	4	6	8	10	11	14	15	17	18	20	23	24	25	27	31	33	35	42	51	56	62	66	82	109	115	176	
38	30
0	1	2	3	4	6	8	10	14	17	18	20	21	24	25	26	27	29	31	37	39	42	43	48	59	65	77	85	88	147	
38	30
0	1	2	3	4	7	8	9	10	14	15	17	18	20	23	24	25	27	31	36	42	48	51	52	55	56	66	77	88	89	
39	28
1	2	3	4	5	7	11	13	16	17	24	25	26	27	29	35	38	42	43	52	65	82	83	85	88	96	109	136	
32	27
1	2	3	4	5	6	9	10	11	13	14	16	17	18	20	22	24	25	26	27	35	38	42	65	85	88	109	
38	29
0	1	4	5	6	9	14	15	18	19	22	23	25	26	27	29	32	33	35	36	42	52	65	66	82	88	95	99	109	
37	29
1	2	3	4	6	7	8	9	10	13	14	17	18	19	22	24	26	27	29	32	33	35	38	56	82	85	89	109	136	
39	29
1	4	5	6	11	14	17	18	20	22	23	24	26	27	28	33	35	36	38	48	52	56	59	65	85	88	95	96	109	
45	30
1	4	5	6	8	10	14	15	19	23	24	25	26	27	28	31	32	33	35	36	42	58	65	77	88	96	109	136	147	153	
43	31
1	2	4	6	7	8	9	10	16	17	19	22	23	26	27	29	31	33	35	38	48	52	56	58	59	66	75	77	88	99	153	
43	30
0	2	3	4	6	8	9	10	11	14	17	19	23	24	26	27	29	31	32	39	42	52	60	66	77	85	94	109	115	153	
33	28
1	4	6	8	10	11	14	15	17	18	19	20	22	24	25	26	27	29	31	33	35	36	42	48	52	59	78	109	
38	29
1	6	7	8	9	10	11	12	13	14	15	16	19	20	23	24	27	31	33	38	40	42	56	59	60	65	77	88	147	
37	30
1	2	4	5	6	7	8	10	11	13	14	17	18	19	21	22	24	26	27	35	36	38	42	47	56	62	75	82	83	136	
48	29
1	2	6	8	9	10	15	17	19	24	27	29	31	33	35	38	50	56	59	61	62	65	86	88	99	109	111	149	153	
42	30
2	5	6	8	11	14	17	19	21	22	25	26	27	28	29	31	33	35	38	42	43	50	56	59	75	77	82	88	115	153	
40	27
1	2	5	6	8	10	11	13	14	16	17	21	24	28	29	35	43	51	59	65	73	82	86	96	98	115	153	
40	28
1	2	5	6	7	8	10	11	14	15	19	21	22	24	26	27	35	42	43	52	55	59	65	77	82	93	111	147	
32	27
0	1	3	4	8	9	10	14	18	20	21	23	24	25	26	27	29	33	35	38	42	47	48	56	65	88	109	
40	29
1	3	6	8	10	13	14	18	21	24	27	29	31	33	34	36	38	42	47	48	56	65	73	75	82	88	95	98	149	
43	31
0	2	3	5	11	12	14	15	17	21	24	25	26	27	31	32	37	42	43	47	48	56	59	61	66	82	86	88	95	98	176	
42	32
1	2	3	4	5	6	8	10	11	21	22	24	25	26	27	29	31	33	35	38	39	42	43	48	50	56	59	61	85	88	98	149	
40	32
0	1	2	4	5	6	8	9	10	13	17	18	21	22	23	24	26	27	29	31	34	36	38	42	48	59	61	77	82	96	98	111	
44	32
1	3	4	6	8	10	12	14	15	17	18	20	21	22	23	24	27	31	32	33	35	42	65	66	73	77	82	83	85	99	111	136	
43	30
0	1	2	4	5	6	7	8	9	10	14	19	26	27	29	31	32	35	40	48	56	59	65	75	82	85	95	98	136	153	
40	28
0	1	3	4	8	9	10	17	22	24	26	27	31	35	36	38	42	50	52	59	61	62	65	73	86	88	89	109	
40	29
1	2	3	4	6	8	10	14	17	18	20	21	24	26	27	31	35	36	38	42	48	61	65	75	88	94	95	136	147	
36	29
0	1	2	4	6	7	8	10	13	14	17	18	19	22	24	25	26	27	32	33	35	38	42	48	65	85	95	109	111	
42	28
0	2	3	5	8	11	15	17	19	20	22	23	24	25	26	27	35	42	55	61	65	77	78	85	95	109	136	153	
40	31
0	1	2	6	8	9	10	11	12	14	16	17	18	21	22	23	25	28	29	31	32	33	35	38	40	66	77	82	96	111	149	
35	30
2	4	5	6	8	11	14	18	19	20	21	22	23	24	25	26	27	31	32	33	35	38	42	47	48	50	56	77	82	99	
39	29
0	1	3	7	9	10	11	13	14	15	16	18	20	25	26	27	32	33	35	43	50	78	83	88	89	94	95	98	109	
41	32
0	1	3	4	5	6	7	8	10	14	15	16	18	20	21	22	23	25	27	29	31	32	33	35	42	51	59	65	86	93	95	149	
38	29
1	4	7	9	10	11	13	14	16	17	19	20	24	26	27	28	33	36	38	43	48	52	65	73	77	88	96	99	111	
43	29
2	3	5	6	11	16	17	19	20	21	22	24	26	27	29	31	38	42	59	66	75	78	82	85	94	95	99	109	153	
38	29
0	1	2	4	6	8	9	10	15	16	17	21	22	23	26	28	33	35	36	47	50	59	61	62	65	66	88	95	99	
40	30
1	2	3	4	6	8	10	11	12	14	18	21	24	25	31	33	35	36	42	48	56	65	66	77	82	85	89	93	98	101	
39	29
1	2	4	5	6	7	8	9	10	11	14	17	18	19	21	24	26	27	31	35	36	56	59	61	65	77	86	88	149	
46	32
1	4	6	7	8	9	10	11	14	15	21	25	27	31	32	33	35	38	39	42	47	50	62	65	66	86	88	94	95	99	109	147	
41	30
1	4	6	8	9	10	11	13	14	15	17	18	19	20	21	24	25	26	27	32	33	35	38	42	65	96	99	136	147	149	
39	28
1	2	5	6	7	10	11	14	15	19	21	26	27	28	31	33	35	36	42	43	56	59	65	66	85	88	115	147	
36	29
1	2	4	6	8	11	13	14	15	17	18	21	22	23	24	26	27	32	33	35	42	43	47	56	66	77	82	88	109	
46	31
1	6	10	11	12	14	15	17	18	19	27	28	31	33	36	38	43	48	52	55	59	65	66	75	77	82	85	88	95	98	147	
38	30
0	1	3	4	5	6	7	10	11	13	14	16	18	20	24	26	27	32	33	35	36	48	59	61	65	66	82	85	88	95	
42	30
1	2	3	4	5	6	8	10	11	15	17	21	22	23	24	26	27	29	31	35	42	43	47	56	82	94	95	109	147	153	
38	28
0	1	2	3	4	7	8	9	10	13	14	15	20	21	24	26	27	28	35	42	50	56	65	73	77	82	89	147	
42	30
1	2	5	6	8	10	12	14	17	19	20	23	24	25	27	31	32	33	35	38	48	56	59	66	75	82	94	96	109	153	
40	30
1	4	5	6	7	10	11	13	14	17	18	22	23	25	26	27	29	35	36	38	42	48	59	61	66	73	78	98	99	153	
39	30
1	3	4	6	7	8	10	11	13	14	15	16	18	20	23	24	27	29	31	33	35	42	51	59	65	78	85	95	98	136	
40	29
0	1	3	4	5	6	9	10	13	14	18	20	22	24	26	27	35	38	39	42	59	65	66	73	82	88	95	101	149	
36	29
0	1	3	4	5	8	10	11	14	17	18	19	20	21	22	23	24	26	27	29	31	32	35	48	59	73	96	109	136	
45	32
1	2	3	5	7	8	14	15	16	20	21	23	24	25	26	27	29	31	35	36	39	47	52	75	77	82	86	88	94	98	115	147	
34	27
0	1	2	3	4	8	10	11	14	18	20	21	23	24	26	27	29	35	42	47	48	56	59	66	82	88	109	
46	32
1	3	4	8	10	14	17	18	19	23	25	26	27	29	31	36	38	39	40	42	43	56	61	65	66	73	77	78	85	88	109	153	
36	30
0	2	4	7	8	9	10	11	13	15	16	17	18	19	21	22	24	25	26	27	31	33	37	48	52	55	59	73	77	82	
37	28
1	2	4	5	6	8	10	14	17	18	19	20	24	25	27	28	31	35	42	47	48	52	65	75	82	85	89	149	
40	31
1	2	3	4	5	7	8	9	10	14	15	18	19	20	21	22	24	25	27	31	32	35	40	47	52	59	85	86	89	109	115	
37	29
0	1	2	3	4	5	6	8	10	13	14	17	18	22	24	25	27	31	32	35	38	42	51	52	59	66	82	95	109	
39	31
0	1	4	8	11	13	14	16	17	18	19	20	21	22	24	25	26	27	29	31	33	38	47	48	52	56	61	65	95	99	109	
38	30
1	2	3	4	6	8	10	11	16	17	18	21	24	25	26	27	31	32	35	38	42	43	48	66	73	82	88	94	96	109	
36	27
1	5	6	10	12	13	14	17	18	19	23	24	27	31	32	33	38	42	47	48	56	59	65	85	88	98	147	
39	28
1	2	8	9	10	11	14	15	17	18	20	23	24	26	27	29	35	36	38	42	52	56	59	65	88	98	109	153	
44	30
1	3	4	7	8	9	10	14	15	17	18	20	23	26	29	33	35	36	38	42	59	65	73	77	82	85	88	93	147	149	
36	30
0	1	2	5	8	10	11	14	15	17	18	20	22	23	24	25	26	27	31	35	37	40	42	47	48	52	61	65	77	111	
37	27
2	4	5	6	8	10	11	14	18	19	20	24	25	27	31	33	38	47	48	52	56	61	65	77	85	101	147	
39	29
1	3	4	5	6	7	8	10	14	15	18	19	20	22	24	26	27	31	42	48	52	59	61	66	77	82	83	95	109	
37	29
0	1	3	6	8	9	10	14	17	18	20	23	25	26	27	28	29	35	36	42	47	48	59	65	77	88	98	101	136	
40	31
1	2	4	6	7	8	10	13	14	15	16	17	19	22	24	27	29	31	32	33	35	38	43	56	59	77	88	96	99	101	109	
43	30
3	4	5	6	7	11	14	18	19	20	22	25	26	27	29	33	34	35	36	38	50	56	65	83	85	86	96	99	109	147	
37	29
1	5	6	7	10	11	13	14	17	18	19	23	24	26	27	29	31	35	36	43	48	51	56	58	66	75	88	98	99	
38	30
1	6	7	8	9	10	11	13	14	15	17	18	19	20	21	23	25	26	27	33	35	38	42	56	59	65	75	86	88	111	
40	30
0	1	2	5	6	8	11	13	14	17	19	20	21	22	25	26	27	29	32	35	38	48	52	59	75	82	88	94	99	153	
36	30
1	2	4	5	8	10	11	14	15	17	18	21	22	23	24	25	26	27	29	31	36	39	42	43	48	52	61	73	77	116	
45	31
0	1	2	3	5	8	17	18	20	21	22	23	24	26	27	28	29	31	35	38	42	52	58	61	65	75	95	98	109	115	176	
40	28
1	3	4	5	6	8	10	13	14	18	20	24	25	26	27	31	42	48	50	65	73	77	82	85	88	89	95	149	
39	30
1	2	4	5	6	8	10	11	14	15	17	18	20	23	24	26	27	31	36	37	40	42	48	59	61	65	75	94	99	147	
40	27
1	2	3	4	5	6	7	8	10	14	16	17	25	27	29	33	35	38	43	52	56	59	82	88	109	149	153	
43	32
0	1	2	7	8	11	13	14	17	18	19	22	23	24	25	27	28	29	31	32	35	36	38	39	48	59	73	85	88	96	147	176	
40	29
1	2	5	6	8	10	14	15	16	19	20	24	27	28	31	33	35	38	40	42	51	59	61	66	75	85	96	98	147	
38	30
1	3	4	5	6	7	8	10	11	14	16	17	22	23	24	25	26	27	29	32	35	36	38	42	43	65	82	101	109	153	
44	29
0	1	2	4	6	10	13	14	15	17	20	23	25	27	33	35	38	39	42	43	52	59	62	66	73	85	147	153	176	
40	29
0	1	3	4	5	6	7	8	10	11	14	15	18	19	20	21	26	27	33	35	51	52	59	60	66	77	86	109	136	
40	28
1	3	4	6	8	10	11	14	15	17	18	22	24	25	26	27	33	35	36	42	59	61	65	77	85	111	136	153	
35	28
0	1	2	3	4	5	6	9	11	14	17	19	22	23	26	27	28	29	33	35	40	42	48	50	66	75	88	176	
39	31
0	1	2	5	6	7	8	10	11	12	13	15	17	19	20	22	26	27	32	33	35	36	38	48	56	59	82	85	89	94	109	
43	29
5	11	14	17	18	20	22	23	24	25	27	28	33	35	36	38	42	48	51	55	56	58	65	77	82	85	88	109	147	
41	29
1	2	3	4	6	7	8	9	10	13	14	17	18	20	24	25	27	29	32	33	35	38	42	61	65	85	147	149	153	
34	28
1	3	5	6	8	10	13	14	15	18	19	20	23	24	25	27	29	31	33	35	38	42	59	66	75	95	96	98	
36	28
1	2	4	6	7	8	10	11	12	14	15	17	21	22	23	24	25	27	33	35	42	59	61	66	77	82	85	109	
34	26
1	3	4	6	7	8	10	11	13	14	15	17	18	22	24	26	27	35	36	38	42	88	95	96	109	149	
42	31
2	3	4	8	10	14	16	18	20	21	22	23	24	26	27	29	32	35	36	38	42	47	48	56	59	65	82	83	88	111	176	
38	30
0	1	2	4	6	8	10	11	12	14	19	22	23	24	26	27	31	33	35	36	38	42	43	48	56	60	61	65	77	147	
45	30
0	6	8	9	11	12	14	19	20	22	24	26	27	28	29	31	33	35	38	48	55	56	65	77	83	88	99	136	149	153	
36	28
0	1	2	3	4	5	6	10	11	13	17	21	22	23	24	27	29	31	36	38	40	42	65	66	75	88	98	153	
37	29
0	1	3	4	6	8	10	11	14	17	18	23	24	25	26	27	31	33	35	36	42	48	65	75	77	85	95	98	109	
38	28
1	3	4	5	6	8	11	14	15	17	21	22	23	24	27	28	29	31	32	36	42	66	73	77	88	98	109	153	
36	29
1	2	3	5	6	8	14	17	18	19	20	21	22	24	25	26	27	29	31	33	35	48	55	56	59	75	77	82	99	
38	27
1	5	6	8	10	14	17	18	20	23	24	26	27	31	35	36	38	42	48	51	56	61	65	85	88	109	149	
38	29
0	1	3	4	5	6	8	10	11	13	17	18	19	22	23	25	28	29	31	33	43	48	51	73	85	96	98	99	147	
39	30
1	3	4	5	6	8	9	10	13	14	16	17	18	23	24	27	28	32	35	36	42	43	65	77	82	88	94	96	98	109	
40	30
0	1	2	3	4	8	11	14	17	18	22	23	24	26	27	28	29	31	33	39	40	48	66	73	75	83	85	88	99	149	
41	28
2	6	7	8	9	10	11	13	14	18	21	24	27	33	35	36	38	42	51	56	65	66	75	83	98	101	115	147	
39	29
0	1	4	6	8	10	11	14	17	18	19	21	24	29	31	32	38	40	48	56	58	60	66	73	75	85	95	98	101	
38	28
1	2	3	4	5	6	10	11	14	17	21	23	24	26	27	28	35	42	43	48	59	61	65	73	85	88	98	147	
38	26
1	2	4	6	7	8	10	12	14	16	19	21	24	33	35	38	42	65	77	82	88	94	95	101	111	147	
37	27
1	2	3	4	6	7	8	10	11	14	17	18	21	22	24	26	27	35	36	42	48	61	73	88	89	147	149	
35	27
0	1	4	6	8	10	11	13	14	15	17	18	24	26	27	29	35	36	42	48	52	59	61	62	65	94	109	
35	30
0	1	2	4	5	6	8	10	13	14	15	17	18	19	21	25	26	27	33	35	38	40	42	43	48	61	66	85	88	95	
37	30
1	2	3	4	6	7	8	11	13	14	18	19	21	22	24	25	26	27	35	36	38	39	42	43	50	73	82	88	95	109	
40	29
1	4	6	8	9	10	14	15	18	19	20	25	26	27	29	32	33	35	38	48	52	56	59	66	82	83	85	95	153	
41	29
1	4	5	6	7	8	10	11	13	14	15	18	21	22	25	26	27	29	32	35	36	42	52	59	75	94	115	147	153	
42	31
0	1	2	5	6	7	8	10	14	15	21	22	23	24	27	28	29	31	32	35	36	43	56	82	85	88	95	96	98	109	115	
40	29
0	1	2	3	4	10	11	14	17	18	19	20	23	24	26	27	29	32	35	48	52	58	59	65	66	88	93	96	147	
43	29
1	2	4	5	6	7	10	11	15	17	18	21	24	27	33	35	36	38	42	59	65	77	78	85	88	96	109	115	153	
40	29
1	4	6	8	10	11	14	17	18	22	24	26	27	28	29	31	35	36	38	42	48	51	61	65	85	95	98	109	153	
40	29
1	3	4	6	8	10	12	14	16	17	18	19	20	23	24	28	29	31	35	43	59	65	73	77	82	85	86	96	153	
40	28
0	2	4	8	10	11	14	15	16	17	18	21	22	24	25	26	27	28	29	31	35	42	59	65	109	111	149	153	
39	29
1	3	4	6	7	8	10	11	14	16	18	19	22	23	24	27	28	29	35	40	42	59	65	66	75	82	88	95	147	
35	30
0	1	4	6	8	9	11	14	18	19	20	22	23	24	26	27	28	31	32	33	35	36	38	42	47	48	56	59	95	109	
46	32
1	2	5	6	7	9	11	14	20	23	25	26	27	29	32	33	35	38	42	43	48	51	59	65	66	82	93	95	96	99	109	153	
37	28
1	6	7	8	10	11	14	17	18	19	20	23	25	26	27	29	33	35	47	48	59	66	73	82	86	89	94	109	
40	30
1	2	3	5	8	9	11	13	14	15	18	20	21	22	23	24	25	26	35	36	42	61	62	73	77	82	95	98	101	109	
38	30
0	1	2	3	4	6	8	10	13	14	17	18	22	24	26	27	28	31	32	38	40	42	48	50	65	77	85	95	96	109	
38	29
1	4	6	8	10	11	12	14	17	19	20	24	26	27	29	31	32	35	36	38	40	42	48	56	65	77	88	109	153	
40	31
0	1	2	3	4	5	7	8	10	11	14	15	17	18	19	21	22	24	26	27	31	35	42	48	59	61	66	77	82	99	153	
42	28
0	1	2	3	4	7	9	10	11	16	17	22	23	24	25	27	33	35	43	61	77	85	86	88	95	109	149	153	
39	31
1	2	4	5	6	7	8	9	10	12	14	17	18	23	24	26	27	32	35	37	38	40	42	43	48	59	61	65	83	85	147	
33	27
0	1	2	5	6	7	8	10	12	14	15	19	21	24	26	27	32	33	35	36	38	42	59	65	75	96	111	
34	29
1	2	3	6	7	8	9	10	14	15	19	20	21	22	23	24	26	27	29	31	33	35	38	42	56	62	65	77	88	
33	28
0	1	2	4	5	6	7	8	10	11	17	18	19	21	23	24	25	26	27	29	35	38	42	48	59	65	85	111	
32	26
1	4	6	7	8	10	11	14	15	17	18	23	24	25	27	29	31	33	35	36	42	61	65	77	96	109	
43	29
1	2	4	5	6	7	12	14	15	16	22	26	32	33	35	38	42	43	47	61	75	77	82	85	95	96	99	147	149	
37	30
1	3	4	5	6	8	10	11	14	15	17	18	19	20	25	26	27	28	31	32	33	35	48	52	56	59	66	82	86	88	
40	31
1	3	4	5	6	8	11	12	14	20	21	23	24	25	27	29	31	32	33	35	36	42	48	55	56	65	73	85	93	94	109	
39	27
0	1	2	3	4	5	9	10	13	14	17	19	20	24	26	48	52	61	65	66	77	82	88	89	96	99	111	
42	31
0	1	2	3	5	11	14	16	17	20	21	22	23	24	25	26	27	33	35	36	40	48	52	59	66	73	77	88	95	98	153	
41	30
1	2	3	4	6	7	8	10	13	14	18	19	20	23	24	25	27	31	33	35	38	47	52	56	60	73	82	85	109	149	
41	31
1	2	3	5	6	7	8	11	13	15	17	18	20	21	22	23	26	27	31	36	38	42	43	48	59	61	77	94	98	111	147	
42	29
1	2	6	8	9	10	11	13	17	18	21	22	24	25	26	27	31	32	33	52	58	59	73	78	86	95	98	109	153	
38	29
1	2	3	4	6	8	10	11	14	19	20	21	24	25	26	27	31	35	36	38	40	42	62	77	82	85	95	96	153	
40	30
0	1	5	6	10	11	12	14	15	18	19	24	25	27	31	32	33	35	36	38	42	43	56	66	75	85	88	95	109	115	
41	29
1	2	3	6	8	9	10	11	12	14	17	23	24	29	31	33	35	38	42	47	61	62	65	77	82	96	98	109	149	
40	29
1	3	4	6	9	11	14	17	18	22	23	24	26	27	28	31	35	36	42	48	52	65	66	73	85	88	95	99	153	
42	30
1	2	6	7	8	9	10	14	16	18	19	21	23	24	25	26	29	32	35	38	43	56	59	65	75	82	88	96	111	153	
33	29
1	2	4	5	6	7	8	10	14	18	19	20	21	22	24	26	27	28	31	32	33	35	38	42	47	52	59	65	82	
43	29
1	3	4	5	8	14	16	17	21	22	23	24	27	29	33	35	36	38	42	43	56	66	73	82	88	99	109	149	153	
42	32
1	3	4	6	7	8	9	10	11	14	21	23	24	26	29	33	35	36	39	42	43	47	48	56	58	61	77	78	93	98	99	109	
44	29
1	3	4	6	8	10	14	17	18	19	22	23	24	25	27	29	31	33	38	48	56	59	82	86	98	109	111	147	149	
41	31
0	2	3	4	6	7	8	9	10	13	16	17	18	19	22	24	25	26	27	28	31	32	38	48	52	55	58	77	78	109	149	
39	29
1	2	4	6	7	8	9	10	13	14	18	19	22	26	27	32	35	36	37	38	48	52	56	65	82	86	88	109	136	
39	32
1	2	3	4	8	9	10	11	14	15	16	17	18	19	20	24	25	27	29	31	32	33	35	39	48	56	59	65	73	77	88	101	
36	29
1	3	4	5	6	8	10	14	15	17	18	19	22	23	24	25	27	29	31	33	35	36	39	42	65	77	85	109	136	
43	32
1	2	4	5	6	7	8	9	10	12	14	17	19	24	26	32	35	36	38	42	43	48	52	55	60	65	77	82	93	94	99	111	
38	28
1	4	5	6	7	8	10	11	13	14	15	18	19	22	24	25	27	31	33	42	48	59	88	96	98	99	109	147	
41	31
0	2	3	4	5	6	7	8	9	10	14	15	16	18	19	21	22	25	26	27	31	35	42	59	65	73	75	82	94	98	149	
43	31
1	3	4	6	7	8	11	12	14	16	17	18	22	24	25	26	29	35	36	42	47	59	65	66	77	82	85	88	95	99	149	
43	27
0	2	4	5	6	8	9	10	11	15	17	19	24	27	28	35	43	52	59	65	83	85	95	109	115	147	153	
43	31
1	3	4	5	6	8	11	14	19	20	21	22	23	24	25	26	27	31	35	36	42	43	48	73	82	94	95	96	99	149	153	
43	30
0	1	2	4	7	8	10	13	14	15	18	19	22	24	25	27	28	31	33	35	42	47	56	59	77	88	89	109	147	176	
36	29
1	2	4	5	6	7	8	10	14	15	17	18	19	24	26	27	29	31	32	35	36	38	43	56	59	65	85	99	109	
39	31
1	4	6	8	11	14	15	17	18	19	20	22	24	25	26	27	31	33	35	36	42	43	47	59	65	66	73	77	82	85	88	
37	28
0	1	2	3	4	5	8	10	11	15	16	17	22	23	25	26	27	29	31	35	48	52	59	78	85	88	101	176	
37	28
1	2	3	5	8	11	14	18	20	21	22	23	24	25	26	27	31	35	36	42	48	50	61	77	82	88	98	149	
43	32
0	1	2	4	5	6	8	9	10	11	13	14	19	20	21	22	24	25	29	31	32	34	35	38	42	73	86	94	95	96	147	153	
40	29
0	1	2	4	6	8	13	17	18	21	22	24	25	26	27	31	32	35	36	42	55	59	66	77	85	88	98	109	111	
38	28
1	2	6	10	14	15	17	18	19	21	23	24	25	26	27	29	31	35	42	48	56	65	73	82	88	94	109	115	
37	29
1	3	6	8	10	14	17	18	19	20	22	23	24	25	27	31	32	33	35	42	47	48	59	73	77	82	88	98	109	
50	30
1	2	4	6	8	10	11	15	17	20	23	24	25	27	29	31	42	61	65	77	82	85	88	93	94	95	109	147	153	176	
42	30
0	1	2	6	10	11	14	18	21	24	27	29	31	32	33	36	42	43	48	56	59	61	62	66	73	86	95	96	98	109	
37	30
0	1	2	4	5	6	8	11	13	14	15	17	18	19	20	25	26	27	28	29	33	43	47	48	59	77	85	86	93	109	
41	30
0	2	3	5	6	7	8	10	11	15	17	18	21	22	26	27	28	31	33	35	42	56	59	65	75	82	95	98	109	111	
41	31
1	2	4	6	7	8	10	17	18	19	21	22	23	24	26	31	32	35	36	42	47	50	51	55	59	62	65	82	85	96	99	
41	31
0	1	4	5	8	9	13	14	17	18	19	21	22	23	24	25	26	27	31	36	38	42	48	52	59	77	82	89	95	98	149	
39	30
0	1	2	3	4	6	8	9	10	14	16	17	18	19	20	24	27	31	35	36	39	48	59	61	62	94	95	96	99	109	
36	30
1	2	4	5	6	7	8	10	14	18	19	24	25	26	27	28	31	32	33	35	36	38	42	48	65	77	82	85	95	96	
37	28
1	6	8	10	11	13	14	15	17	18	20	23	24	25	27	31	32	33	43	48	56	59	61	83	88	95	98	109	
46	32
1	2	4	9	10	11	14	15	17	18	20	21	23	24	26	27	31	33	38	40	48	52	59	65	66	73	86	89	99	101	136	147	
38	28
1	2	3	6	7	8	10	11	14	15	17	18	21	22	24	26	27	35	36	42	48	56	59	60	94	98	109	147	
39	29
1	2	4	6	9	10	12	13	14	17	18	19	20	21	24	25	27	31	32	33	38	42	65	73	75	85	99	111	153	
43	29
1	2	3	4	5	6	7	9	10	11	14	17	21	23	24	26	27	35	42	50	59	65	73	75	77	85	98	147	153	
41	30
1	4	6	7	10	11	13	14	15	17	18	23	25	26	27	33	35	36	38	43	59	61	65	73	75	86	89	94	95	109	
37	32
1	4	5	8	11	13	14	17	18	19	20	21	22	24	25	26	27	29	31	33	35	36	38	39	42	47	48	52	59	61	77	99	
34	27
1	4	6	8	10	11	13	14	15	18	19	20	22	23	24	26	27	32	33	35	42	59	66	82	95	96	109	
45	29
1	4	6	8	9	10	14	15	19	20	23	24	27	35	38	43	59	61	65	77	82	83	85	86	88	95	96	111	147	
38	27
1	3	6	7	8	9	10	14	17	18	19	22	23	24	27	29	31	33	42	48	52	59	88	99	109	111	147	
43	29
2	3	4	5	9	10	11	14	18	19	20	22	24	25	28	31	35	39	42	48	59	77	82	88	96	99	111	149	176	
41	32
2	4	5	6	7	8	9	10	14	16	18	19	20	21	24	25	27	29	33	35	36	38	42	48	55	61	66	78	82	85	95	109	
43	31
0	1	2	6	7	10	14	15	20	21	22	23	26	27	29	32	33	35	36	42	43	56	61	62	65	77	85	88	98	99	147	
40	29
1	2	7	8	10	11	13	14	15	17	18	19	22	23	24	27	29	35	36	38	42	52	55	82	88	99	109	111	136	
34	29
0	1	2	3	4	5	7	8	9	11	13	17	19	21	22	23	24	25	31	32	33	42	47	48	59	65	88	95	99	
36	29
1	4	5	6	8	9	10	11	14	17	18	19	20	24	26	27	31	33	35	36	42	48	56	59	65	75	77	88	99	
37	31
1	2	3	4	6	8	11	13	14	15	17	18	21	22	25	26	27	28	32	33	35	36	38	43	47	52	66	85	88	95	96	
36	29
1	2	4	6	8	10	11	14	15	17	18	22	23	24	25	27	28	29	31	33	42	48	59	66	73	77	82	85	89	
41	29
1	3	4	5	8	10	11	14	17	18	20	21	24	25	26	27	28	29	35	36	39	48	52	59	88	96	109	147	149	
34	29
0	1	2	5	6	8	10	11	13	15	17	18	19	22	23	24	25	26	27	28	29	32	35	38	48	59	75	82	111	
35	28
0	1	2	4	5	7	10	14	15	17	21	22	25	27	28	29	31	32	35	38	42	48	73	78	86	88	95	109	
39	29
1	2	3	4	5	6	7	8	10	11	12	14	15	17	23	27	29	32	33	35	38	42	65	66	75	96	98	109	153	
40	29
1	4	6	7	8	9	10	14	18	20	23	24	27	29	32	33	35	36	38	42	48	52	56	61	82	86	98	109	149	
39	28
0	1	2	3	5	14	18	20	21	22	23	24	25	27	28	29	31	35	42	48	65	73	75	86	88	98	115	149	
42	28
0	1	2	3	4	5	6	9	10	14	17	24	31	35	43	50	56	59	61	65	66	73	88	89	95	98	99	109	
37	29
1	2	5	6	7	8	10	14	17	19	21	25	26	27	29	33	35	38	39	42	43	48	59	61	62	82	85	88	111	
38	29
1	2	3	4	5	6	9	11	13	17	18	19	23	24	27	32	33	35	36	43	56	59	61	65	77	83	85	88	98	
36	30
1	2	4	5	6	7	8	10	13	14	15	17	19	21	25	26	27	31	32	33	35	38	42	48	52	65	82	85	88	95	
45	33
2	6	7	11	14	16	17	18	19	20	22	23	24	27	28	29	31	33	35	36	38	47	48	52	58	65	73	75	78	85	89	94	147	
36	29
0	1	2	4	5	6	10	12	14	18	19	24	25	26	27	29	31	32	33	38	42	48	56	59	65	66	77	88	95	
40	30
1	5	6	8	10	11	14	16	18	21	22	24	26	27	29	31	32	35	36	38	48	56	58	60	61	65	75	82	98	115	
39	29
1	2	4	5	8	11	17	18	22	23	26	27	28	33	35	36	38	42	43	48	51	65	66	77	78	85	88	96	136	
43	29
0	1	4	9	10	11	13	14	17	18	22	24	26	27	33	35	38	40	42	48	52	56	66	77	88	96	109	147	149	
33	27
1	4	6	8	10	13	14	15	17	18	19	22	23	24	26	27	31	32	33	35	36	42	48	56	59	109	136	
45	31
1	2	3	4	5	6	11	12	13	14	16	21	22	25	26	27	35	42	43	48	52	59	61	65	66	82	86	88	109	111	136	
38	29
1	3	4	5	6	7	8	14	17	20	21	22	24	26	27	29	35	36	38	42	43	48	50	65	73	88	95	96	149	
35	28
0	1	4	6	8	10	11	14	18	21	22	24	26	27	29	31	32	33	35	36	38	42	56	61	65	66	89	109	
36	29
0	1	5	6	7	8	10	11	14	16	18	19	21	23	25	26	27	29	32	35	36	38	47	56	59	65	82	99	136	
39	30
1	2	3	4	6	7	8	10	12	14	19	22	23	24	26	27	31	33	35	36	38	42	59	61	77	86	94	95	96	109	
33	30
1	4	5	6	7	8	10	11	13	14	17	18	19	21	22	24	25	27	28	29	32	33	35	36	38	47	48	59	82	96	
43	30
0	1	2	5	10	11	12	13	14	17	18	20	21	24	25	27	31	33	36	38	47	52	65	77	85	88	98	111	115	153	
38	29
1	2	3	5	6	9	11	17	18	19	20	21	22	23	24	26	28	31	33	35	36	42	59	65	66	73	82	95	153	
40	30
0	1	4	5	6	7	9	10	11	14	16	19	21	22	29	31	33	35	37	38	43	48	56	59	65	85	88	96	101	147	
52	33
1	2	4	6	7	8	9	10	14	17	18	19	21	22	24	27	31	33	35	36	42	59	66	75	85	94	96	101	109	115	136	147	176	
37	30
1	2	3	5	8	9	14	17	18	19	20	23	24	25	27	28	29	32	35	36	38	40	48	52	59	65	83	85	88	89	
41	31
0	2	4	6	8	9	10	11	13	14	16	18	19	20	22	24	25	31	33	36	38	47	48	56	61	65	85	95	98	99	147	
39	28
1	2	6	8	9	10	11	13	14	15	17	18	20	23	24	25	33	35	42	43	59	62	73	77	82	96	111	153	
35	27
0	1	2	3	5	8	10	14	15	17	18	19	24	25	27	29	31	35	47	48	55	56	59	65	88	99	109	
41	29
0	1	4	11	13	14	15	17	18	22	24	26	27	28	29	35	36	38	48	56	65	66	73	85	88	95	96	99	153	
45	32
1	3	4	6	9	10	14	16	21	22	23	24	26	27	28	32	33	35	36	47	48	52	56	66	73	77	83	85	88	95	99	153	
34	29
0	1	2	3	4	7	8	9	10	11	13	14	17	18	20	22	23	24	26	27	35	36	42	48	56	65	73	75	88	
35	30
1	2	4	5	6	7	10	11	12	13	14	17	19	21	22	24	25	26	27	29	31	35	36	38	42	43	66	93	96	109	
39	30
0	1	2	3	7	8	9	10	14	20	21	22	23	24	26	29	33	35	36	42	48	56	65	73	75	77	83	88	95	99	
33	29
0	1	3	4	5	6	8	10	14	15	16	18	20	23	24	25	27	28	29	31	33	35	37	42	48	59	65	77	85	
37	28
2	3	4	5	9	11	13	14	17	20	21	23	24	25	27	28	35	47	48	52	61	65	73	83	85	86	88	95	
43	30
1	2	4	6	7	9	11	14	16	22	24	26	28	32	33	35	36	38	42	48	65	75	77	82	88	95	96	99	111	153	
31	28
0	1	2	3	4	5	6	8	9	10	11	13	17	18	19	20	23	24	25	26	27	31	35	38	42	59	65	85	
45	31
0	5	6	10	11	14	16	18	20	21	22	24	25	26	27	29	33	35	36	38	51	66	77	82	83	88	95	98	99	109	147	
42	28
0	1	2	3	4	7	8	10	14	23	26	27	29	35	38	42	43	59	65	77	78	82	88	89	95	96	109	147	
41	28
1	2	6	7	8	9	10	13	14	15	16	17	19	27	32	33	35	38	42	65	77	82	88	89	96	109	136	149	
38	28
0	1	2	3	4	6	8	10	14	16	18	20	21	24	25	26	27	31	35	42	48	56	65	82	88	89	109	147	
41	28
0	1	2	4	5	9	11	17	18	21	23	24	25	26	27	31	35	36	38	50	52	61	65	83	88	94	147	149	
38	30
1	4	5	6	7	8	10	13	14	15	18	19	22	27	29	31	32	33	36	38	42	48	56	59	82	83	85	95	98	99	
42	31
1	2	5	7	8	9	11	13	17	19	24	25	26	28	31	33	35	36	38	40	42	43	48	65	82	88	95	96	101	109	176	
39	30
0	1	2	4	5	6	9	10	11	15	16	17	18	23	26	27	28	33	35	36	42	43	56	59	65	66	95	96	99	109	
42	28
1	2	3	4	6	10	11	12	13	14	15	17	19	24	26	27	35	42	59	65	77	85	88	96	98	111	136	153	
44	30
1	2	4	6	7	8	10	11	12	14	15	18	19	24	27	31	33	47	48	52	56	65	85	88	89	95	98	101	111	147	
36	31
1	2	4	5	6	8	10	11	12	13	14	17	19	21	22	24	25	26	27	28	31	33	36	38	43	48	50	52	61	65	77	
41	30
1	2	5	14	15	16	17	18	19	20	22	23	24	25	27	28	29	31	35	36	42	48	52	65	77	85	88	98	136	147	
39	30
1	2	3	4	6	8	9	10	11	13	14	18	20	25	27	29	33	35	36	38	42	47	52	56	59	65	82	88	95	109	
40	29
0	1	2	3	4	5	6	7	9	10	12	17	18	22	24	27	29	35	38	48	50	52	66	83	95	96	98	99	149	
42	30
0	1	2	3	6	7	8	9	10	12	14	15	23	25	29	33	35	42	51	56	59	65	66	73	77	82	88	89	95	99	
46	31
1	5	6	8	10	11	14	18	19	20	25	26	27	29	31	33	35	36	40	42	48	59	65	66	75	86	88	96	109	147	153	
39	31
0	2	5	8	10	11	13	14	16	17	18	19	21	22	24	26	27	29	31	32	33	38	48	56	60	62	65	73	77	82	94	
41	31
1	3	4	6	7	8	9	10	13	14	15	16	19	20	21	22	23	24	26	27	33	35	42	59	61	77	88	95	96	109	136	
37	30
1	3	4	5	6	8	9	10	14	15	17	18	19	20	22	23	24	27	28	29	35	38	43	48	52	65	82	88	98	109	
45	30
0	1	2	4	7	8	10	14	15	17	20	21	25	26	27	32	33	35	36	38	42	48	77	82	85	93	111	147	153	176	
38	30
1	2	3	6	7	9	10	13	14	16	17	19	20	24	25	26	27	32	35	36	38	42	50	61	62	65	85	88	89	95	
40	29
1	2	5	6	8	10	12	13	14	18	21	22	24	27	29	31	32	33	36	38	56	61	66	75	85	96	98	99	149	
33	28
1	2	3	4	5	6	7	10	11	12	13	15	17	23	24	26	27	31	32	35	36	40	42	59	65	85	88	96	
41	28
1	6	8	9	10	14	17	18	19	23	27	28	29	31	33	38	43	48	52	55	59	62	66	77	96	98	109	147	
40	28
1	2	4	5	6	7	8	9	14	15	20	22	25	26	27	29	32	33	35	38	42	56	75	85	89	109	149	153	
41	28
0	1	2	4	6	9	10	14	17	18	19	20	25	26	27	29	31	40	48	52	62	65	75	89	94	99	147	153	
34	27
1	2	4	5	6	7	10	11	14	15	17	21	24	27	28	31	35	36	37	42	47	56	59	65	75	88	115	
32	26
0	1	2	3	5	6	10	13	14	17	18	19	22	24	25	27	28	29	31	42	48	59	65	88	98	109	
37	29
1	6	7	8	10	11	13	14	16	17	18	19	20	23	24	27	31	33	36	38	43	48	52	56	59	82	88	99	109	
47	32
4	8	10	11	14	15	17	19	20	21	22	23	24	26	27	31	35	36	38	42	47	52	59	65	66	75	77	88	95	101	147	149	
36	29
1	2	6	8	10	11	13	14	16	17	18	19	21	23	24	27	29	31	33	38	47	48	56	59	65	66	82	85	99	
39	30
0	1	2	3	4	5	6	7	10	14	17	18	23	24	26	27	31	32	33	35	36	42	56	65	77	85	88	95	99	109	
41	31
0	1	2	3	5	6	8	10	11	13	14	17	18	19	24	25	27	29	32	33	35	36	37	38	50	59	65	83	88	136	176	
37	29
0	2	3	4	5	6	7	8	10	11	12	13	17	18	19	24	26	29	33	34	35	38	48	52	85	96	101	109	115	
40	29
1	2	5	6	8	10	11	14	17	18	19	21	22	24	26	27	29	38	47	48	56	65	66	73	75	82	88	99	149	
39	28
1	2	10	13	14	17	20	23	24	26	27	29	31	33	35	36	38	42	48	51	56	65	77	82	85	88	94	153	
36	27
1	3	6	7	8	10	14	15	17	18	19	20	23	24	26	27	29	35	42	48	56	59	62	75	82	109	111	
48	32
1	2	4	5	6	10	11	17	19	23	24	25	27	29	31	32	38	48	56	61	65	73	77	82	83	85	88	94	95	96	98	147	
39	28
0	1	2	3	7	8	9	11	13	14	17	19	20	22	23	24	25	26	31	42	47	59	65	77	88	96	147	153	
42	31
0	1	2	4	5	6	8	10	11	12	15	17	18	22	23	24	26	27	33	35	43	47	48	56	61	75	77	82	86	136	149	
38	29
0	1	2	4	6	8	9	10	11	12	14	15	16	18	21	23	24	26	27	28	33	35	38	52	56	65	95	109	147	
36	28
1	2	3	4	6	8	10	11	12	14	17	18	20	22	23	24	27	31	33	36	42	52	59	65	66	85	98	109	
43	32
1	3	4	5	6	7	8	16	17	19	22	23	24	25	27	28	31	32	33	36	37	48	52	59	66	77	82	85	88	94	96	111	
45	30
1	2	5	6	10	11	12	14	18	19	20	22	25	26	27	28	32	33	35	36	38	42	48	56	88	109	136	147	149	153	
35	28
1	3	6	8	10	11	14	18	19	20	21	22	24	25	27	29	31	33	35	36	42	48	56	59	61	75	88	109	
38	29
3	4	5	6	7	9	11	16	17	19	21	22	23	24	25	27	28	31	35	37	42	43	59	65	75	77	85	88	147	
39	29
1	3	5	6	7	10	11	13	14	18	19	20	21	24	25	26	27	29	35	37	48	59	66	73	75	82	85	86	153	
39	28
0	1	3	6	7	10	13	14	17	18	19	20	23	24	25	27	29	31	48	59	60	66	75	83	85	95	99	153	
40	31
0	1	5	6	7	8	9	10	11	12	16	17	19	21	22	23	24	25	26	27	35	36	37	56	59	61	73	86	95	98	109	
40	29
0	1	3	4	6	8	9	10	11	14	15	17	18	22	27	31	33	35	36	47	50	52	59	65	75	88	89	109	115	
44	29
1	2	5	7	8	10	11	17	18	23	24	25	27	28	31	33	36	38	48	52	65	75	77	88	95	96	111	147	153	
37	29
0	1	2	4	5	6	9	10	14	17	18	20	21	26	27	28	31	32	33	35	37	38	42	59	65	82	96	99	147	
36	29
1	2	6	8	9	10	14	16	17	18	19	20	23	24	25	27	29	31	35	38	40	42	48	51	65	75	88	94	111	
36	28
0	1	2	4	5	6	7	8	9	10	14	17	21	22	23	24	26	27	32	35	36	42	55	56	61	65	77	147	
37	28
1	5	7	8	10	11	14	15	17	18	19	22	24	26	27	29	35	36	38	39	42	52	58	59	65	99	109	111	
39	29
1	2	3	5	6	7	8	9	10	11	13	18	19	23	24	27	31	35	36	38	43	52	56	61	65	85	95	115	136	
42	31
1	2	4	6	7	8	9	10	11	14	15	16	18	20	21	24	28	35	36	38	42	56	61	77	82	83	93	96	99	101	136	
42	31
1	2	4	5	8	10	13	14	15	17	18	19	21	22	23	24	25	27	32	36	37	40	42	47	52	77	89	96	109	111	153	
40	31
1	2	4	5	6	8	10	12	13	14	17	18	19	22	23	24	25	27	31	32	33	35	38	42	48	65	73	77	98	111	149	
40	31
1	2	6	7	8	9	10	14	19	21	22	25	26	27	28	29	31	32	33	35	36	42	51	52	56	59	62	66	77	86	88	
38	28
1	2	4	6	8	10	11	13	14	15	16	17	22	23	24	26	27	33	35	42	59	65	66	77	78	85	98	153	
36	29
1	4	5	6	7	8	9	10	11	13	14	16	17	19	20	21	24	27	28	33	35	38	42	59	82	83	88	96	109	
43	30
0	1	5	6	7	9	10	11	16	17	20	23	24	29	35	38	40	48	59	66	73	82	85	88	89	95	96	98	99	109	
34	27
1	6	8	9	10	11	14	15	17	18	21	23	24	26	27	28	33	35	36	38	50	52	56	65	73	95	98	
38	29
1	2	5	6	8	10	12	13	14	17	18	19	20	24	25	27	31	32	33	35	38	48	56	62	65	75	82	85	147	
40	29
0	1	2	4	6	7	8	10	13	14	17	18	20	24	26	27	29	31	35	36	42	48	56	65	75	88	89	153	176	
