1000 
43	31
0	1	2	4	7	8	10	14	18	19	23	28	30	31	33	34	35	38	46	49	54	55	56	60	66	67	71	74	76	107	118	
40	30
1	5	7	8	10	12	14	17	20	26	31	32	33	35	36	37	41	49	51	52	55	61	66	68	71	74	86	96	106	107	
42	31
2	4	8	13	17	18	19	20	21	23	26	28	31	33	34	35	37	39	42	46	47	58	61	66	68	71	76	86	91	107	112	
44	33
1	7	8	10	13	15	18	19	20	21	22	23	27	28	33	35	36	38	40	42	46	47	52	58	60	61	73	89	91	103	106	107	130	
40	30
1	3	7	11	12	14	15	17	18	19	26	30	31	32	33	34	41	42	43	46	51	54	55	60	66	67	74	86	104	117	
40	29
0	1	2	5	10	12	13	14	18	20	27	28	29	31	33	34	37	38	42	55	59	66	67	68	74	76	84	107	117	
38	28
1	2	7	8	10	12	13	15	17	20	26	28	30	31	33	34	35	37	42	43	55	67	70	71	106	107	112	118	
46	32
1	3	8	10	11	12	13	17	18	19	20	21	26	32	34	36	37	43	52	55	56	58	60	61	71	73	74	76	84	89	107	108	
39	31
0	1	4	5	7	8	10	12	14	17	20	21	26	27	31	33	34	36	37	38	42	46	47	49	54	61	67	68	76	86	118	
39	31
1	2	3	5	9	12	13	17	18	21	25	26	27	28	29	31	32	33	42	43	46	47	51	55	68	70	71	74	86	89	103	
39	31
1	2	5	8	9	11	12	13	14	15	17	18	19	20	31	32	33	40	42	46	49	50	51	55	57	58	67	68	74	79	107	
38	30
1	2	8	9	12	18	19	20	21	26	28	31	33	34	35	38	40	41	42	43	47	51	56	61	66	67	70	89	103	106	
40	31
0	1	4	5	6	7	11	12	15	17	19	20	26	27	28	31	33	34	35	38	42	46	51	58	67	68	70	89	91	106	117	
39	29
1	4	7	8	12	18	19	23	26	27	29	30	31	33	34	36	37	39	41	54	55	56	60	68	70	71	74	76	91	
43	31
1	2	3	7	8	10	12	14	15	19	20	26	27	28	31	33	36	38	40	46	54	58	67	70	74	76	79	84	86	96	117	
41	30
1	3	4	5	7	8	10	11	12	14	17	19	21	23	27	28	33	34	42	43	47	57	58	59	66	67	104	107	108	112	
39	32
0	1	2	4	6	7	8	10	11	13	15	18	19	20	27	28	32	33	35	36	41	46	47	50	52	58	67	70	89	96	106	107	
45	32
0	1	4	6	8	11	12	19	20	23	28	30	33	34	35	36	38	41	46	51	55	59	61	66	67	68	76	79	84	103	107	130	
41	30
1	7	8	11	12	14	15	17	18	20	26	28	30	32	33	34	35	38	41	52	55	58	74	79	82	89	91	106	107	130	
43	31
0	1	8	15	18	19	20	21	23	26	27	34	37	38	40	41	43	46	47	51	56	58	67	68	70	71	74	76	103	106	130	
40	30
0	1	3	4	6	8	11	12	15	17	18	19	25	28	30	34	35	38	42	46	51	55	57	60	67	76	79	84	104	118	
40	32
1	7	8	13	14	15	17	19	23	26	27	28	30	31	32	33	35	37	38	39	41	43	46	52	61	66	67	68	86	89	103	107	
38	31
3	7	8	11	12	13	14	15	17	18	19	20	21	22	31	32	33	35	40	41	43	46	50	51	55	58	67	68	70	86	89	
46	32
7	10	11	12	15	17	18	19	21	22	27	28	29	31	32	33	34	36	37	46	55	61	66	67	70	74	86	89	91	103	118	130	
38	30
0	3	8	10	12	13	17	18	19	20	21	23	24	26	30	33	34	36	37	38	46	49	55	60	66	68	74	76	84	103	
40	30
0	1	2	3	5	7	8	12	13	23	26	28	29	30	31	33	34	36	43	46	50	58	61	66	67	68	76	86	91	110	
38	30
0	1	3	4	7	9	12	14	15	19	20	23	26	27	28	31	33	34	40	42	46	47	52	56	74	91	103	104	107	110	
45	32
4	8	10	12	18	20	23	26	31	32	33	35	37	39	41	42	47	50	51	52	54	56	58	60	61	66	68	71	76	86	107	130	
36	27
1	2	5	7	8	10	12	15	17	18	21	23	26	28	30	33	34	38	39	46	55	60	91	106	107	112	118	
43	31
5	7	8	12	13	14	15	17	18	20	21	33	34	35	36	38	43	46	49	50	56	58	61	66	68	71	74	76	89	91	118	
40	32
0	1	3	4	7	8	10	14	17	18	19	23	28	29	30	32	34	36	38	42	43	46	47	50	61	66	70	74	76	104	106	107	
39	30
1	3	6	8	10	17	18	19	20	21	23	28	30	31	33	34	35	38	47	49	52	56	57	60	61	67	70	76	89	103	
37	27
1	2	4	5	6	7	8	10	12	13	18	20	33	34	35	43	47	54	55	56	60	66	70	71	74	76	107	
41	31
1	2	4	5	7	8	12	18	19	21	26	27	28	33	34	37	38	42	43	46	50	51	55	59	66	67	86	91	106	107	118	
41	31
0	4	6	7	9	12	13	14	15	17	18	19	26	30	31	34	37	38	39	42	50	51	55	59	68	70	74	84	89	107	118	
36	28
1	3	7	9	11	12	17	18	19	23	26	30	31	33	34	35	36	39	45	46	47	55	56	58	61	68	76	112	
41	31
1	7	8	10	12	18	19	20	21	26	27	30	34	35	37	38	40	42	43	46	51	52	55	66	68	71	76	84	86	91	108	
39	31
1	2	3	7	8	10	12	17	19	20	21	26	28	30	31	32	33	34	35	42	43	45	46	52	67	76	86	91	96	104	118	
42	32
1	2	3	4	5	7	11	14	17	20	21	23	28	29	33	34	36	37	38	43	49	52	58	59	61	70	73	76	89	104	106	107	
40	30
1	11	12	15	17	18	19	20	33	34	35	37	38	39	40	41	42	43	46	47	54	55	58	60	67	71	73	76	79	96	
41	30
1	2	4	6	8	13	14	15	18	19	23	27	28	30	31	32	33	34	37	43	46	55	58	66	67	68	76	107	118	130	
41	31
2	6	7	8	9	10	12	15	17	18	26	28	30	31	32	33	34	35	37	43	46	58	61	66	67	68	70	76	89	96	106	
40	31
3	5	6	7	8	10	19	20	21	23	25	26	28	30	33	34	37	42	43	46	49	52	54	55	61	66	68	70	73	76	86	
40	28
4	10	11	14	18	19	20	25	28	29	31	33	34	42	47	49	52	56	58	61	66	70	74	76	104	106	107	108	
38	30
1	3	7	11	14	15	19	20	21	23	27	30	32	34	35	37	38	42	43	45	46	47	51	66	67	70	71	86	106	118	
38	29
1	4	7	8	14	15	17	19	23	27	28	31	32	34	35	37	38	42	43	46	47	52	58	66	74	89	107	112	118	
45	32
0	1	3	4	5	7	8	18	19	20	21	23	33	34	37	38	41	43	45	46	51	55	56	67	70	71	73	76	89	107	118	130	
40	30
1	3	4	7	8	13	18	19	20	25	28	31	34	36	39	40	42	43	46	49	51	55	56	58	68	76	89	91	106	118	
37	29
1	3	5	7	8	12	13	17	19	20	23	26	28	31	34	37	39	42	46	49	51	54	58	60	66	76	84	103	107	
42	28
4	6	7	8	10	14	17	19	23	28	32	34	35	39	46	47	55	56	58	59	61	66	67	68	70	76	118	130	
43	33
1	3	4	7	12	14	15	18	19	20	21	23	27	28	30	35	36	38	40	43	47	49	51	52	56	58	59	70	74	86	96	106	130	
44	31
0	1	4	8	10	12	13	14	17	19	20	22	26	28	30	38	41	42	46	54	56	59	60	67	68	71	74	76	89	96	118	
45	30
0	1	3	4	6	7	8	12	15	17	28	31	32	35	38	42	51	55	61	66	71	73	74	76	89	91	106	107	117	118	
37	30
1	3	4	7	8	11	12	13	15	17	18	19	20	28	31	32	34	35	36	40	42	43	51	67	68	70	74	79	86	89	
38	30
0	1	2	4	6	8	11	12	14	18	19	20	27	28	33	35	36	37	38	39	40	47	54	58	66	67	68	70	71	76	
39	31
0	1	3	5	7	8	10	14	18	19	20	23	26	28	29	30	31	34	41	43	46	49	51	56	59	60	66	74	76	79	107	
38	29
1	3	4	10	12	14	17	18	19	23	25	27	28	31	34	38	40	42	46	47	49	59	61	66	67	70	76	106	118	
41	32
0	1	2	3	10	13	14	15	17	18	19	21	22	23	26	27	28	31	33	37	42	46	47	51	54	67	82	86	89	103	107	112	
41	30
1	2	6	12	14	17	18	19	27	28	30	33	34	35	37	38	40	43	45	54	55	59	60	66	67	71	73	76	86	96	
43	31
0	1	2	5	9	11	14	18	19	20	21	25	28	33	34	35	36	38	45	51	56	58	66	70	76	86	89	103	104	106	117	
41	29
1	4	6	7	8	10	13	17	19	20	28	30	31	33	34	37	43	46	52	55	56	58	67	68	76	89	107	118	130	
34	29
0	1	3	5	8	12	13	17	18	19	20	23	26	28	30	34	35	37	38	39	40	42	45	46	60	66	71	76	106	
41	32
1	3	4	5	6	7	10	12	17	19	21	22	27	28	31	32	33	34	38	40	43	46	47	54	56	58	59	67	73	76	86	89	
37	30
1	3	8	9	12	14	15	17	18	19	20	21	26	28	30	31	32	33	38	41	43	46	51	55	66	67	68	74	86	103	
42	31
8	10	11	12	14	15	18	19	20	22	23	26	28	33	34	35	37	38	43	47	49	54	61	67	73	76	86	89	91	103	112	
37	31
0	1	2	3	4	7	8	13	15	17	18	19	20	23	25	26	28	31	33	35	39	42	46	47	52	60	68	73	76	84	107	
39	31
0	1	2	6	8	12	13	14	18	19	20	22	23	26	28	31	33	34	36	41	45	46	51	60	67	68	70	76	91	96	103	
40	31
1	2	5	6	7	8	11	12	15	20	28	30	31	33	34	35	36	37	43	45	46	50	54	55	61	66	67	86	91	96	106	
43	30
1	5	6	7	8	11	12	13	18	28	31	33	34	35	36	39	46	47	54	55	56	58	67	68	71	74	76	89	91	112	
40	29
1	2	4	7	12	14	15	17	18	28	30	31	33	34	35	42	43	46	47	54	55	61	66	67	79	82	86	107	118	
42	30
0	1	2	3	4	5	7	8	12	18	19	26	27	28	31	34	46	49	51	55	56	61	66	68	70	71	74	86	107	118	
39	29
1	2	4	5	6	7	12	15	18	20	27	28	29	32	33	34	37	46	49	57	58	61	66	68	71	86	89	91	96	
41	30
0	1	2	4	5	6	7	21	23	27	28	29	32	33	35	36	39	41	46	58	61	66	67	68	70	89	91	103	106	107	
40	30
1	4	7	8	9	10	12	13	19	20	23	28	31	33	34	35	43	46	51	52	55	56	66	67	68	74	76	86	96	107	
42	32
0	1	7	8	11	19	20	21	23	25	26	28	30	33	34	36	38	42	43	47	49	50	54	61	66	67	70	74	76	84	86	106	
39	29
1	2	5	8	10	11	12	13	15	17	19	20	30	31	32	33	34	35	43	52	56	59	67	71	74	84	86	107	118	
45	32
0	2	3	8	15	17	18	19	20	28	29	32	34	37	38	42	45	46	47	55	58	67	68	71	74	79	84	86	89	103	106	107	
39	29
1	2	4	6	7	12	15	17	18	19	21	23	25	30	31	33	34	41	43	52	54	55	60	61	66	68	76	79	112	
35	28
1	2	3	4	6	7	8	10	11	12	14	15	17	19	20	22	26	32	33	38	43	51	54	55	66	70	86	112	
43	30
1	6	11	12	18	20	21	22	23	24	27	28	31	32	33	34	35	37	49	55	56	60	61	74	91	104	106	107	112	118	
37	29
0	2	3	4	6	7	8	11	12	15	18	19	20	28	29	32	34	40	47	49	50	58	66	67	73	74	89	91	106	
40	30
0	1	2	3	6	7	8	12	15	17	20	26	28	32	33	35	38	42	43	47	55	66	67	68	71	73	82	91	106	107	
43	30
0	1	4	6	7	8	12	14	17	19	21	28	30	32	33	34	38	46	49	55	58	66	67	68	73	76	86	89	112	130	
44	31
1	2	3	4	7	8	12	13	17	18	20	21	23	28	31	33	35	43	46	52	54	55	60	66	74	76	89	91	96	108	112	
40	30
0	1	2	4	7	10	12	13	14	17	18	19	25	27	30	31	32	34	36	46	47	55	67	68	70	73	76	89	107	118	
45	33
4	5	7	8	14	15	17	21	23	26	28	30	31	34	38	40	41	42	43	46	50	51	59	61	66	67	68	71	76	86	89	107	118	
40	32
0	1	2	5	8	11	12	17	18	20	21	23	27	28	31	32	34	36	38	40	42	46	47	49	51	55	58	66	68	76	103	118	
37	30
0	2	7	8	11	12	14	15	18	19	23	28	30	31	33	34	35	43	45	46	47	49	50	58	60	61	67	68	71	76	
39	30
2	4	5	7	8	12	17	19	20	21	22	23	26	28	29	33	34	36	38	40	47	51	55	58	66	67	71	103	106	112	
43	33
0	1	2	3	4	5	7	8	11	12	14	17	19	20	21	26	31	32	35	40	41	45	51	52	54	61	66	70	82	86	106	107	117	
32	28
0	1	8	10	12	14	15	17	18	19	20	22	26	28	30	33	34	35	37	38	42	43	46	47	54	60	74	76	
41	33
0	1	3	5	8	9	10	12	18	19	27	28	31	33	34	35	39	40	41	42	46	47	49	51	52	56	60	61	67	82	84	91	107	
41	32
1	4	5	7	10	12	13	15	17	18	20	23	28	33	34	35	36	38	42	43	46	47	51	61	66	67	70	71	86	91	104	106	
42	31
4	7	8	10	12	13	15	17	18	19	21	22	25	30	31	32	33	40	46	51	52	55	60	61	71	74	76	96	103	106	130	
42	29
0	1	2	4	6	8	11	19	28	31	33	34	35	37	38	42	43	46	47	54	55	56	59	67	76	89	108	118	130	
43	31
0	7	8	12	14	18	19	21	23	28	32	33	34	35	39	41	43	46	50	51	54	61	66	67	68	71	74	76	89	91	117	
41	31
1	8	9	11	12	15	19	20	26	31	32	33	34	35	37	38	40	41	42	43	52	55	58	59	66	67	71	84	89	91	107	
44	32
1	2	5	7	8	11	12	13	19	20	22	23	25	27	28	34	38	42	43	47	54	56	59	61	66	67	68	70	74	76	106	107	
41	31
1	2	4	5	7	8	11	12	13	14	17	18	19	28	29	31	33	34	36	51	52	55	56	66	67	68	79	86	91	96	107	
37	29
1	2	3	4	5	6	7	8	12	14	15	18	19	26	28	30	33	34	35	37	38	43	54	55	66	67	76	86	112	
36	31
1	4	6	8	10	15	17	18	19	20	21	23	26	27	28	31	33	37	38	40	42	43	46	47	49	51	55	56	68	76	107	
35	30
2	6	7	8	10	12	14	15	17	19	20	26	27	29	33	34	35	36	39	43	46	47	50	51	52	54	55	58	67	71	
40	31
1	2	4	7	8	10	11	14	15	19	20	32	33	34	35	36	37	38	41	42	43	49	51	54	58	70	71	74	89	106	130	
37	30
1	8	10	12	13	14	15	18	19	20	21	22	23	26	29	30	32	33	34	35	38	43	51	54	55	61	67	70	71	104	
40	31
1	2	4	7	8	11	12	14	21	22	23	27	28	30	31	34	35	37	38	41	42	43	56	60	61	66	68	70	76	79	84	
42	31
6	7	10	13	14	15	19	20	22	23	24	25	27	28	33	34	35	43	46	49	51	54	55	56	67	70	74	89	91	107	118	
38	29
4	5	7	8	12	14	17	18	19	20	26	28	32	33	34	35	37	42	43	46	47	59	61	66	71	74	86	107	108	
41	32
1	4	6	8	11	12	13	14	17	20	22	23	27	31	33	34	35	37	40	41	42	51	52	55	59	66	71	74	76	84	86	106	
38	31
0	6	8	10	11	12	14	17	18	19	20	21	23	27	28	30	32	33	35	37	38	41	42	50	60	61	66	68	70	76	107	
40	31
1	2	3	5	8	11	13	14	15	18	19	20	22	26	27	31	32	33	34	35	37	40	46	51	54	55	56	73	86	118	130	
42	31
1	5	7	8	11	12	15	17	18	20	31	33	34	35	38	41	42	43	51	52	55	58	67	68	70	73	76	89	91	106	107	
43	32
0	1	2	4	8	10	11	12	13	14	15	17	20	21	23	26	28	33	34	35	43	46	49	59	61	66	68	74	79	107	108	130	
40	30
0	4	6	7	8	10	11	12	17	18	21	23	27	31	32	35	36	38	39	40	47	55	67	68	70	76	86	91	103	118	
39	30
1	2	5	7	8	10	11	12	14	20	22	25	26	28	32	33	35	38	40	43	51	52	58	61	67	70	76	89	103	112	
41	31
1	2	5	7	8	10	14	15	18	20	21	26	30	31	33	36	38	39	41	43	49	51	54	55	58	61	66	70	76	86	130	
39	31
1	3	5	6	7	8	9	10	11	12	15	17	19	23	25	26	28	30	33	34	35	38	42	45	60	66	67	71	106	107	112	
41	30
1	7	8	14	17	19	23	26	28	29	32	33	34	35	37	42	43	45	46	47	57	58	66	67	71	74	76	84	89	117	
43	33
0	1	2	3	4	7	8	10	11	14	15	21	26	27	28	33	34	35	38	47	49	51	52	55	58	70	73	74	76	86	91	106	107	
44	32
1	3	5	7	8	9	11	12	18	19	20	25	30	33	34	37	38	41	43	46	52	54	56	66	67	71	74	76	86	89	107	118	
42	32
0	1	8	12	14	17	18	19	20	23	28	30	32	33	34	35	36	38	42	43	45	47	56	60	66	67	73	91	96	103	104	107	
39	30
0	6	7	8	13	14	15	17	19	20	26	30	31	32	33	34	41	45	46	50	51	55	58	61	66	67	71	74	89	107	
42	29
0	1	2	4	6	7	13	14	18	19	20	23	26	27	34	46	51	59	60	61	67	68	70	74	76	86	106	107	118	
39	29
1	3	7	8	11	14	15	17	18	21	23	30	33	34	35	38	41	43	46	55	60	66	67	76	86	89	103	106	107	
45	32
4	7	8	10	12	13	14	15	17	18	31	34	35	36	37	41	46	49	51	54	55	57	59	60	71	76	79	82	89	91	96	103	
46	34
1	2	7	8	10	13	15	19	20	23	27	31	33	34	36	38	41	42	46	47	51	52	55	56	60	61	71	76	79	84	86	103	106	107	
35	28
1	2	7	9	10	12	13	14	15	20	28	31	32	33	34	35	36	41	43	46	51	54	55	58	61	66	67	91	
40	31
1	2	3	4	5	8	10	13	14	15	18	23	27	28	31	32	34	37	42	43	46	47	54	58	61	70	71	79	86	89	91	
41	30
0	1	2	3	4	5	7	8	12	14	17	20	21	26	27	31	32	33	36	39	47	55	61	71	74	76	84	86	117	118	
36	29
1	2	3	4	7	8	13	14	17	18	19	20	28	29	31	32	33	42	43	46	47	49	56	61	66	67	74	96	107	
34	29
1	2	3	4	7	8	10	12	13	14	19	20	23	26	28	34	35	37	38	42	43	47	51	52	66	71	76	79	107	
37	30
1	2	4	8	9	10	12	13	14	18	21	27	28	29	31	32	33	34	35	43	46	51	52	55	61	66	74	76	86	89	
38	30
0	7	8	10	11	12	17	19	20	21	22	23	26	27	28	31	33	34	35	37	38	46	47	50	60	67	68	76	112	117	
45	32
1	4	7	10	11	13	15	19	20	26	27	31	32	36	40	42	46	47	50	51	55	58	61	66	67	70	71	73	79	89	107	118	
33	28
1	2	4	7	8	11	12	14	17	18	19	20	23	26	28	29	31	32	33	34	35	42	47	52	74	89	107	112	
37	29
1	2	4	5	6	7	8	10	11	12	19	20	26	28	29	31	33	34	37	47	51	54	60	66	70	71	74	86	107	
41	30
1	4	8	9	10	12	17	18	20	23	26	31	32	33	34	35	36	41	47	55	60	61	66	67	70	82	86	89	106	107	
41	31
1	3	4	6	7	8	9	11	13	18	22	28	29	31	33	34	39	42	46	47	51	54	55	56	58	60	61	66	74	89	91	
41	31
0	2	5	6	7	8	12	14	17	18	21	23	27	29	34	36	38	42	43	47	52	55	60	61	66	67	68	74	82	106	107	
36	30
0	2	4	5	6	7	8	10	12	15	18	19	25	28	30	31	32	33	34	35	37	45	49	52	55	61	67	71	76	96	
42	31
0	3	7	8	10	11	12	13	14	15	17	20	25	30	31	33	35	41	42	43	45	46	58	61	66	70	71	89	106	110	130	
43	32
1	2	3	5	8	12	13	17	18	20	23	25	26	28	30	31	37	40	41	43	47	50	54	60	61	67	68	70	76	86	96	118	
38	31
0	1	3	4	7	8	10	11	12	14	15	17	19	23	24	30	31	32	34	38	41	45	46	49	51	56	66	67	71	89	118	
42	32
0	1	3	8	10	12	13	14	20	22	23	27	28	29	30	31	34	35	38	39	43	45	54	55	59	60	66	70	71	79	86	107	
39	30
1	4	7	8	11	12	14	17	19	20	21	23	27	28	32	33	34	35	38	43	46	47	56	58	66	68	71	74	76	130	
42	30
0	3	4	5	8	10	11	12	15	17	23	30	31	33	34	41	43	46	55	58	59	60	61	66	68	70	74	76	89	91	
40	32
0	1	3	4	7	8	10	12	18	19	23	26	28	29	31	32	34	37	39	43	45	46	47	49	58	60	66	70	76	82	84	96	
37	28
0	1	2	7	11	14	15	18	23	27	31	33	34	35	42	46	47	49	50	51	56	58	61	71	73	76	106	118	
42	32
0	1	4	5	7	12	13	15	18	19	20	22	23	28	30	33	34	35	36	38	42	43	52	55	59	61	70	71	76	106	107	117	
38	29
0	1	2	13	15	19	20	21	23	26	28	30	31	33	34	35	37	42	43	46	55	56	59	61	66	67	68	74	76	
39	31
0	1	3	8	12	13	14	15	18	19	20	22	27	28	31	34	35	37	38	40	46	47	49	51	54	67	70	71	76	107	118	
38	30
0	1	5	7	8	11	12	13	14	20	25	26	30	31	32	33	34	38	41	42	49	52	54	61	66	68	70	76	89	107	
41	29
1	6	7	12	13	17	24	27	28	31	32	33	34	35	43	45	51	52	55	56	59	71	73	74	76	79	89	103	117	
41	30
0	1	2	7	8	10	11	13	15	19	21	22	25	26	27	28	34	37	38	46	52	54	60	66	73	76	96	103	118	130	
35	29
0	1	4	7	8	15	17	18	19	21	23	25	26	27	28	31	32	34	42	43	46	49	51	60	61	66	74	76	79	
43	30
1	3	7	8	9	12	14	18	19	21	23	26	28	29	30	32	33	34	35	54	55	56	58	66	68	70	76	106	117	130	
44	31
0	3	7	10	12	13	14	15	18	19	20	27	28	30	34	37	42	43	49	54	58	59	60	71	73	74	76	79	103	106	117	
40	29
1	3	5	6	12	13	18	20	23	24	25	27	31	33	37	42	43	47	55	56	60	61	68	70	71	74	76	84	91	
37	28
1	3	4	7	11	12	14	17	18	19	29	31	33	34	35	36	40	43	46	51	54	55	58	59	60	86	106	118	
40	30
1	2	7	8	10	11	14	17	19	20	21	22	28	29	31	32	33	34	35	36	46	55	56	61	66	70	74	76	89	118	
41	30
1	2	4	5	7	8	10	12	14	18	20	28	31	33	34	35	43	49	51	52	54	55	60	61	74	76	86	106	107	118	
37	29
1	2	3	7	8	12	14	19	23	27	28	30	31	32	33	34	35	36	43	45	52	55	71	73	76	91	103	104	106	
41	31
0	14	17	18	19	20	23	24	25	26	27	28	29	32	33	34	37	38	42	43	46	50	51	60	67	68	70	74	106	112	130	
36	27
0	9	10	11	12	14	15	17	23	27	30	31	33	34	35	36	43	46	55	58	59	61	66	68	74	96	107	
40	29
0	7	8	10	11	12	14	17	18	22	23	29	30	33	35	38	41	49	52	55	61	66	68	71	74	76	79	103	130	
39	31
1	2	4	7	8	12	13	15	19	21	23	26	28	30	32	33	34	35	38	40	42	43	46	52	60	61	71	76	91	104	130	
37	30
1	2	4	7	8	10	11	12	14	18	20	25	26	33	34	35	37	38	41	43	46	47	49	54	55	61	74	76	86	103	
41	29
1	2	7	13	15	17	19	22	23	28	30	33	36	40	42	43	46	51	55	56	61	66	67	70	71	73	103	106	117	
38	31
0	1	3	7	11	12	14	15	18	19	25	27	28	29	31	32	33	34	42	43	46	47	49	51	54	66	67	70	73	74	86	
44	31
1	3	4	5	7	10	13	15	17	19	20	21	22	27	31	36	46	49	50	56	58	60	66	68	74	86	89	91	96	107	118	
40	32
1	3	4	5	6	7	8	12	13	17	18	20	21	27	28	31	33	34	35	36	40	43	45	52	55	67	71	76	91	96	103	107	
38	29
1	2	3	4	7	8	12	13	15	17	19	22	23	28	30	33	38	39	40	46	55	56	58	66	67	70	89	103	107	
40	31
1	5	7	9	13	17	18	22	24	26	28	30	32	33	34	35	38	41	42	43	49	52	55	60	67	71	74	79	91	96	107	
41	29
0	1	3	8	10	12	13	18	19	20	22	26	29	33	34	35	40	43	51	52	55	59	60	76	86	96	108	118	130	
40	29
1	2	3	4	5	8	9	11	12	14	18	27	31	33	34	37	39	42	43	51	61	66	71	74	84	86	107	112	118	
36	30
1	2	4	7	8	9	12	17	19	20	21	23	26	28	31	32	33	34	35	36	37	38	43	45	55	61	66	67	70	91	
40	31
2	6	7	8	12	14	19	20	21	23	26	27	29	31	33	34	37	38	39	43	47	49	55	61	66	67	68	73	91	106	107	
36	29
0	2	3	4	7	8	10	11	12	14	17	19	20	21	26	28	32	38	39	43	45	49	52	55	61	84	89	107	118	
39	30
0	1	2	3	10	12	14	17	19	20	23	27	28	30	33	34	35	38	42	43	45	52	56	59	60	76	79	86	103	118	
45	34
1	2	3	8	10	12	18	19	23	26	28	29	31	33	34	39	40	41	43	45	49	50	51	52	55	56	60	61	68	70	104	106	107	112	
37	30
0	3	8	9	11	12	14	15	17	18	19	20	23	26	27	31	32	33	34	37	43	46	47	56	58	61	66	76	79	86	
40	32
0	1	2	3	5	7	8	11	13	14	19	20	23	27	28	31	33	34	38	39	42	46	47	49	51	54	61	67	68	76	86	117	
40	29
1	2	4	14	17	18	19	25	26	27	31	33	35	36	38	41	43	47	49	54	60	68	70	71	76	79	86	103	130	
38	30
0	2	6	7	8	9	10	12	13	14	18	19	20	21	28	31	33	34	35	49	50	52	55	61	66	67	76	91	96	106	
38	30
1	2	4	7	8	10	11	12	13	14	17	19	20	25	30	32	33	35	37	38	41	43	58	60	66	70	71	76	79	104	
39	30
1	4	8	9	10	11	15	18	19	20	21	23	28	33	34	38	40	41	42	43	46	49	56	60	61	74	76	104	106	118	
40	30
1	2	4	8	12	15	18	19	21	23	25	26	27	31	34	36	37	39	40	42	46	59	60	61	67	74	76	86	106	118	
39	31
0	1	7	8	11	12	14	15	17	19	22	23	26	27	28	30	34	35	37	38	42	43	46	66	67	68	73	76	79	86	89	
38	30
7	8	9	10	11	12	14	17	18	19	22	26	27	28	31	32	33	34	35	43	46	47	51	55	61	67	68	74	89	130	
42	32
5	8	12	14	17	18	20	22	26	27	31	33	34	35	37	38	40	41	42	43	46	47	52	55	56	58	70	71	76	86	106	108	
42	31
0	1	2	8	9	10	12	18	21	23	26	32	33	34	35	36	40	41	43	46	51	54	55	61	66	67	71	73	91	107	117	
39	31
0	1	4	8	10	11	12	14	15	17	18	19	20	26	27	28	29	30	31	34	37	42	52	54	55	56	66	74	76	79	107	
39	30
2	3	4	6	8	10	12	13	14	15	17	18	19	27	28	30	32	34	36	42	43	49	51	54	67	71	73	89	110	118	
41	31
3	8	12	15	18	19	20	21	22	23	27	28	31	33	34	37	40	43	46	47	49	50	51	59	61	67	71	74	106	118	130	
44	33
1	4	8	9	11	13	14	17	19	23	24	29	31	32	33	34	35	36	37	41	42	46	52	54	57	58	59	74	86	89	96	107	117	
35	30
0	1	2	4	7	8	12	14	18	19	23	26	28	30	31	32	33	34	35	37	38	43	46	47	49	55	67	68	91	106	
37	30
1	2	4	5	7	8	11	12	13	14	17	20	23	28	29	31	33	34	39	40	42	45	47	52	61	66	74	76	106	112	
38	30
0	1	2	4	7	8	12	15	17	18	19	21	25	26	29	31	32	33	34	36	43	46	49	66	68	74	76	106	107	118	
42	31
1	2	3	4	5	6	7	8	10	12	14	15	23	25	29	34	35	36	37	43	47	55	58	60	66	70	71	74	86	107	118	
40	29
1	4	6	7	10	11	12	13	14	19	20	22	27	32	33	35	41	47	51	54	55	58	61	66	68	70	76	89	117	
36	29
1	7	8	12	15	17	18	19	20	21	26	29	30	31	32	33	34	36	40	46	47	49	55	57	61	68	71	76	96	
42	30
1	2	6	7	8	10	11	14	17	20	27	30	31	33	34	35	38	40	46	49	55	58	71	74	76	84	86	106	118	130	
40	29
4	6	8	13	17	18	19	20	21	23	26	31	32	33	34	35	37	40	47	49	55	58	61	66	67	68	76	112	130	
41	30
1	2	6	9	12	14	15	18	22	28	30	31	33	35	37	38	41	43	51	52	55	56	58	71	74	76	103	106	107	112	
39	29
2	6	7	8	12	14	17	18	19	21	26	28	33	34	36	38	40	43	46	47	55	59	61	67	68	73	74	76	112	
38	29
0	1	2	3	4	7	8	10	11	12	13	18	21	25	26	28	29	34	35	40	45	55	58	66	67	76	86	106	117	
37	30
1	2	3	4	5	7	8	12	14	17	18	27	28	29	33	34	38	40	42	43	46	47	51	58	61	66	74	86	89	107	
36	29
1	4	7	8	12	17	18	19	20	23	26	31	32	33	34	35	36	38	42	43	49	51	52	60	71	74	84	86	118	
40	32
0	1	2	8	9	10	15	18	19	20	21	22	25	26	27	28	34	38	40	42	43	46	49	50	52	56	58	68	73	76	106	118	
42	31
0	4	7	11	12	14	18	19	20	23	26	28	32	34	35	37	38	41	42	43	47	55	59	60	61	67	68	70	84	89	108	
38	29
5	6	8	12	14	15	17	18	23	26	28	31	33	34	35	36	37	43	47	52	54	55	58	59	61	67	68	74	76	
38	31
1	3	5	7	8	10	11	13	14	17	18	20	25	28	31	32	33	35	42	43	46	47	49	51	54	61	66	67	68	73	74	
40	28
2	8	11	12	18	20	23	26	28	31	33	34	35	37	38	43	47	55	56	60	66	68	70	76	103	106	107	130	
38	29
0	1	6	7	12	17	18	19	21	22	25	26	28	30	31	33	34	35	38	43	46	55	60	66	68	73	76	96	112	
38	30
0	1	7	8	10	12	14	15	17	18	22	26	27	31	32	34	35	36	37	46	47	51	55	58	61	67	68	89	103	106	
40	30
0	1	5	7	8	10	12	17	19	20	25	26	27	28	33	34	37	38	39	42	51	54	55	60	61	70	76	89	103	110	
43	32
1	2	7	8	12	13	14	17	19	20	21	23	27	28	31	38	39	40	42	45	46	55	67	68	71	74	76	82	84	86	96	106	
38	30
1	2	3	5	7	8	10	12	13	17	19	23	26	28	30	31	34	35	43	50	51	52	67	70	73	74	76	91	106	107	
34	29
0	1	2	3	5	7	8	11	12	14	19	20	21	28	31	32	33	34	35	37	38	42	46	49	61	66	67	76	89	
37	28
0	1	2	3	7	8	10	12	19	20	21	27	28	31	33	34	37	42	46	52	56	58	61	67	76	86	104	118	
37	32
1	2	3	5	7	8	11	12	13	14	15	18	19	20	27	29	31	32	33	34	35	37	38	41	43	47	52	67	71	76	96	107	
38	30
0	1	7	9	10	11	13	14	15	17	21	23	26	32	33	34	35	36	38	41	42	43	46	55	60	68	74	91	96	130	
35	28
1	6	7	8	12	15	17	18	19	20	23	25	27	30	31	32	33	34	35	38	47	55	67	68	70	76	106	107	
41	32
1	2	3	7	8	10	12	14	17	19	20	21	23	27	28	30	31	33	35	36	41	43	52	59	61	66	67	70	74	76	79	107	
45	34
1	7	8	9	11	15	17	19	23	24	27	28	30	31	32	34	35	37	38	41	42	43	46	51	52	55	58	66	67	71	73	96	118	130	
41	29
1	4	7	8	10	13	18	20	23	31	33	35	37	41	42	46	52	55	56	57	58	61	67	70	76	86	91	104	106	
39	31
0	1	6	7	9	10	11	12	14	17	18	19	21	25	28	30	31	33	34	35	38	40	43	52	55	58	70	76	89	106	117	
40	32
0	1	2	3	4	5	7	8	10	14	15	17	19	20	28	32	34	38	41	43	45	46	50	51	66	67	70	74	79	89	96	107	
40	31
0	1	2	3	4	6	7	11	14	17	18	19	27	31	32	33	40	41	42	43	46	47	51	61	68	70	74	76	89	106	130	
39	30
4	5	7	8	10	11	12	14	15	17	20	21	22	26	31	33	36	38	40	46	52	55	60	66	68	74	86	89	104	107	
40	31
0	1	3	5	8	9	12	14	18	19	20	23	28	29	31	32	34	35	37	42	46	47	52	67	71	73	76	79	89	107	112	
42	31
1	2	6	7	8	11	12	14	15	17	19	21	23	31	33	38	39	40	43	46	51	55	58	61	67	68	74	89	104	106	118	
40	31
1	2	3	4	7	8	9	12	13	14	17	18	19	23	25	27	31	32	35	36	39	47	51	58	70	71	73	79	89	103	118	
41	31
0	1	4	5	10	12	17	18	19	21	27	28	29	30	33	34	36	38	40	43	51	52	55	58	66	67	74	96	104	106	108	
39	28
0	1	2	3	4	5	6	8	12	13	18	30	34	37	42	43	51	55	66	68	70	74	76	82	84	86	89	107	
39	29
1	7	8	12	13	19	20	21	23	27	28	31	33	34	35	38	40	43	46	47	55	61	67	68	73	76	91	106	108	
40	32
1	3	4	5	12	14	15	17	18	19	21	22	23	24	27	28	30	31	34	35	37	38	42	43	47	56	73	76	89	103	107	118	
36	30
1	4	6	7	8	12	15	17	18	19	26	28	31	32	33	34	35	36	42	43	46	47	51	52	61	67	74	86	89	96	
44	32
0	1	3	5	7	12	15	17	18	19	23	25	28	30	31	34	35	38	42	43	47	52	55	61	70	71	74	84	106	107	112	117	
43	29
1	2	6	7	10	14	15	18	20	28	30	32	33	34	35	38	51	54	58	61	70	79	89	96	103	104	107	112	118	
45	32
0	1	3	7	8	9	12	14	17	20	21	23	26	28	31	34	35	36	51	52	54	55	56	60	61	66	71	73	76	91	104	118	
39	30
0	1	4	7	10	12	14	17	18	19	23	27	28	34	35	36	38	43	46	47	49	50	56	60	68	73	74	79	107	112	
37	30
1	2	4	7	8	12	13	14	17	18	19	22	23	26	28	31	33	34	35	42	43	46	47	49	54	55	73	86	107	117	
43	32
0	2	4	5	6	7	8	15	18	19	22	24	28	30	32	33	35	37	38	40	45	46	47	54	55	56	66	68	91	103	118	130	
36	28
1	2	7	8	12	14	15	17	18	19	21	23	27	28	32	33	34	38	43	46	47	51	55	66	67	107	112	118	
39	31
0	2	3	7	8	13	14	15	18	19	20	21	24	28	30	31	33	34	42	43	46	49	50	54	55	61	67	71	73	76	106	
37	30
2	7	8	10	11	12	14	15	17	19	23	28	33	34	35	36	37	38	42	45	46	47	50	54	56	58	66	67	89	107	
40	30
1	3	4	5	8	10	12	14	17	18	19	20	21	26	33	38	42	43	46	47	51	54	55	59	73	74	86	89	107	130	
42	30
1	4	5	8	11	12	18	20	26	28	31	35	36	37	41	42	43	47	54	55	58	59	61	67	70	73	74	89	91	106	
39	33
1	2	3	4	7	8	11	13	14	18	19	20	26	27	28	31	32	33	34	35	42	43	46	49	50	51	52	61	67	71	73	76	86	
35	29
0	1	3	4	6	7	8	11	12	13	14	17	19	20	22	23	27	28	33	34	35	42	43	47	56	66	73	76	130	
35	29
2	7	10	11	12	14	15	17	18	19	22	28	30	32	33	34	35	38	42	43	46	47	52	55	56	61	67	76	91	
35	29
0	2	3	4	6	7	8	12	15	17	18	19	28	29	31	33	34	36	43	46	47	50	52	56	58	60	67	79	107	
37	29
0	1	2	3	4	7	8	10	12	17	18	19	20	25	26	28	29	30	31	41	46	52	60	66	70	76	82	107	118	
33	28
1	7	8	10	11	12	13	14	15	17	18	20	23	27	32	33	34	35	38	39	46	47	52	55	58	67	71	76	
34	29
1	4	7	8	9	12	14	17	18	19	23	25	26	28	32	33	34	35	36	38	42	43	46	51	55	58	61	66	67	
39	32
0	1	4	5	7	12	17	18	19	20	22	23	26	27	28	33	34	35	36	38	39	42	46	47	49	54	60	74	79	86	91	106	
36	28
1	3	4	7	8	11	12	14	17	19	20	23	29	31	33	34	35	47	51	52	55	58	66	67	70	86	89	107	
40	31
0	1	2	4	10	12	18	19	20	21	22	23	27	28	33	34	37	38	42	43	47	49	51	55	56	57	66	67	70	107	112	
41	30
0	2	7	8	12	14	17	19	20	21	26	33	36	37	38	41	46	47	51	55	60	61	66	67	68	71	73	74	76	107	
40	30
2	4	10	14	18	19	20	21	22	23	26	28	33	34	37	38	42	43	47	49	51	54	55	71	73	74	89	103	107	130	
39	30
2	3	4	6	7	8	12	14	15	17	19	23	28	29	31	33	34	39	43	45	47	52	55	60	66	67	74	103	107	118	
43	29
1	3	5	7	8	11	12	13	14	23	26	27	33	34	35	43	47	54	55	56	58	59	60	70	76	86	89	108	117	
43	32
1	2	3	6	8	9	10	12	13	14	15	20	26	31	33	35	40	42	46	49	51	54	59	61	71	74	86	89	91	96	104	107	
36	30
1	2	3	4	7	8	12	14	21	22	23	26	27	28	32	33	34	35	37	38	41	43	51	52	55	66	67	76	106	107	
36	30
0	1	4	5	7	8	11	12	13	14	19	20	22	26	27	29	30	31	32	33	35	41	42	47	51	68	70	71	104	112	
39	29
0	7	8	13	14	15	17	20	26	27	31	34	35	36	42	46	47	49	51	55	58	61	66	67	71	74	76	89	106	
39	31
0	3	7	8	9	11	12	14	15	18	19	20	22	28	31	33	34	35	38	46	47	49	51	55	58	60	66	67	68	89	106	
36	30
1	2	3	5	8	10	12	17	18	20	21	22	23	26	28	31	33	35	36	38	42	43	46	51	55	56	66	67	70	76	
40	31
1	2	3	6	7	8	10	13	14	15	19	20	23	28	31	32	35	37	42	43	47	49	52	56	58	61	67	74	76	79	118	
41	30
1	2	4	7	10	11	17	18	20	28	33	35	37	38	40	42	43	46	47	52	54	55	56	58	67	70	71	76	86	130	
37	28
0	1	2	3	5	6	7	8	9	12	14	19	26	30	35	38	42	43	50	51	58	66	71	74	76	106	107	117	
36	28
0	2	3	6	7	8	10	13	15	19	20	25	26	34	35	37	39	41	46	51	55	60	66	71	76	96	103	106	
43	29
1	3	10	12	14	15	18	19	25	28	34	36	37	38	43	47	54	55	59	60	61	67	68	70	71	73	89	107	118	
37	30
0	1	7	8	9	12	18	20	21	22	23	26	30	32	33	34	35	36	38	41	43	46	49	54	55	60	66	67	68	76	
42	31
1	2	3	4	8	12	14	18	19	20	22	23	27	28	30	31	32	33	34	37	46	47	58	61	66	67	68	76	86	112	118	
46	30
0	6	7	8	10	13	14	17	18	19	20	33	41	46	51	55	56	60	61	68	71	74	76	79	86	89	103	104	107	130	
37	31
1	4	5	7	8	11	12	13	14	17	18	20	23	26	27	30	32	33	38	41	42	43	45	47	51	61	66	73	74	84	86	
39	29
1	2	7	8	10	12	14	15	22	23	27	28	30	34	35	37	38	43	46	52	55	60	66	68	74	86	89	107	118	
39	28
1	4	7	8	12	13	20	23	31	33	34	35	37	41	42	43	46	56	61	68	71	73	76	84	89	91	104	106	
40	32
1	3	4	6	7	8	14	15	17	19	20	23	28	30	31	33	35	37	38	40	41	42	46	51	55	61	66	67	68	71	76	107	
37	30
1	4	7	8	10	11	12	13	17	19	20	23	27	28	31	32	33	34	35	38	43	46	47	56	66	67	70	76	86	107	
37	29
1	2	3	7	8	12	13	15	18	19	20	23	26	28	31	34	35	36	42	43	46	47	58	60	70	71	76	103	118	
37	31
2	4	6	8	11	12	13	15	18	19	20	23	27	28	31	32	33	34	35	37	43	47	50	51	52	58	61	67	68	76	86	
39	30
1	3	5	7	8	10	12	14	18	22	28	30	33	34	38	40	41	43	47	49	51	54	55	61	66	70	73	78	86	107	
39	31
3	4	7	8	9	11	12	13	14	15	18	19	25	27	28	31	33	34	41	43	47	49	52	54	56	60	66	67	74	76	103	
38	30
1	6	7	8	10	11	12	13	14	17	20	25	27	32	33	34	35	36	37	40	45	46	55	58	66	71	76	84	103	107	
43	30
2	6	10	11	14	18	19	20	21	23	28	30	31	32	33	37	43	46	51	54	55	58	61	70	76	86	89	106	108	118	
38	30
4	6	7	8	9	10	12	13	15	20	22	23	28	30	33	34	35	36	38	41	43	46	54	55	66	67	79	84	86	107	
42	32
0	1	3	5	6	7	8	10	12	14	18	19	20	22	28	31	33	34	35	49	51	52	61	66	67	68	70	76	86	89	96	107	
46	33
1	5	8	10	12	13	15	17	18	19	20	21	25	28	31	32	33	39	40	42	46	55	60	66	70	76	79	86	89	91	96	107	108	
41	33
0	1	3	5	7	8	10	11	14	17	19	23	28	30	31	32	33	34	38	42	43	46	47	50	52	58	61	73	76	79	84	89	107	
34	30
1	3	7	8	12	13	14	17	19	20	21	22	23	26	27	28	31	32	33	34	35	43	45	46	47	51	58	66	67	74	
41	32
1	2	3	5	6	7	8	17	18	20	22	23	27	28	30	31	35	36	38	42	45	46	51	55	66	67	68	73	74	76	84	106	
40	30
1	3	4	6	7	9	12	14	19	20	23	26	27	31	32	33	34	38	40	46	51	55	61	66	68	70	76	79	107	117	
39	29
0	4	6	8	14	15	17	18	19	22	23	26	30	31	32	33	34	35	37	43	50	55	60	67	68	104	107	112	118	
39	30
0	2	3	4	7	10	14	15	19	20	26	28	30	33	34	37	38	42	43	46	47	54	55	60	68	71	74	76	89	103	
39	30
0	1	2	3	4	7	8	12	13	15	18	30	32	34	35	36	37	38	41	46	52	55	56	58	67	70	71	76	79	107	
36	30
0	1	3	4	7	8	10	12	15	18	19	21	27	28	32	33	34	35	37	38	42	43	46	51	54	66	68	70	86	89	
44	31
1	2	3	4	5	7	8	12	18	20	23	28	32	34	37	38	42	47	49	52	54	55	58	66	68	74	76	86	89	108	118	
39	30
0	6	8	12	15	18	19	20	23	27	28	29	30	31	34	35	37	38	46	47	49	51	55	60	66	68	70	76	103	118	
46	31
1	4	8	13	14	18	19	20	26	28	33	34	35	39	41	43	47	54	55	59	61	66	67	68	73	76	89	96	103	107	117	
43	32
0	1	7	8	11	12	13	17	19	20	26	30	31	33	34	36	38	42	45	46	51	52	54	59	60	66	74	84	86	89	107	118	
42	32
2	3	5	7	8	10	12	13	15	17	20	28	31	33	37	38	43	45	46	47	50	52	55	56	61	66	67	70	71	74	76	86	
35	29
0	1	2	6	8	10	12	15	17	20	23	26	28	31	34	35	37	38	43	47	50	51	52	55	59	61	66	67	106	
40	31
2	6	7	8	12	13	14	18	19	21	22	26	27	29	30	32	33	34	39	43	46	47	51	55	60	61	66	68	74	89	130	
38	29
0	1	2	5	6	7	9	12	13	17	18	19	20	26	30	31	32	33	34	46	49	55	56	67	68	70	106	107	112	
38	30
1	2	3	7	8	11	12	13	14	15	17	18	19	20	22	23	28	31	35	42	45	51	54	56	67	68	70	76	96	106	
38	30
2	4	7	8	9	11	12	14	15	17	18	20	26	31	32	33	35	38	40	43	50	51	58	61	68	70	74	79	86	96	
39	31
0	1	4	7	8	11	12	13	17	18	19	20	23	25	28	29	31	32	33	34	35	39	42	54	60	70	73	76	84	86	106	
36	31
0	1	2	3	5	6	7	8	12	14	15	17	18	19	20	26	28	31	33	34	37	38	39	41	46	47	66	67	74	106	107	
39	31
3	5	6	7	8	9	12	13	14	15	17	20	22	23	28	30	33	35	38	39	41	43	46	50	55	60	61	66	68	107	130	
40	30
1	3	7	8	9	12	14	15	18	20	23	25	27	28	31	34	38	42	46	49	51	60	61	67	68	73	76	106	107	118	
42	31
4	5	7	8	9	12	15	20	23	28	33	35	36	38	40	42	43	49	50	51	55	58	66	68	70	71	73	74	89	103	107	
41	30
0	1	3	4	8	12	18	19	20	26	27	28	34	37	38	40	43	47	49	51	55	56	61	66	67	71	84	91	106	112	
35	30
0	4	8	10	11	12	15	17	18	19	21	23	27	28	29	30	34	37	38	39	40	43	46	47	50	66	67	74	76	106	
38	30
1	3	4	6	8	9	12	14	15	17	18	19	20	21	25	29	31	37	41	42	43	45	51	54	73	74	86	89	106	118	
39	30
1	7	8	10	12	15	17	18	26	28	31	32	33	34	35	36	39	41	42	43	51	52	54	55	60	61	66	67	74	130	
40	31
0	1	9	14	18	20	21	22	23	27	28	33	34	35	37	38	41	42	43	46	47	49	51	55	56	61	66	67	73	106	118	
42	32
1	3	7	10	11	12	13	17	18	19	21	27	28	31	32	34	38	40	42	46	47	52	55	56	68	71	74	76	86	89	106	107	
36	28
1	2	7	8	12	13	14	17	19	28	31	33	34	35	36	42	43	45	46	47	55	56	66	68	71	73	86	107	
39	28
1	5	7	8	11	12	14	17	18	21	31	33	34	35	36	38	43	52	55	60	61	67	68	74	76	86	89	118	
41	29
1	4	6	7	8	12	13	17	20	23	28	30	33	35	41	42	43	52	55	56	61	68	74	76	89	104	106	107	130	
38	30
1	3	4	7	8	10	11	15	17	19	20	21	23	26	27	28	31	32	34	35	38	39	42	49	60	70	76	106	118	130	
38	30
0	1	2	3	4	8	11	12	15	18	19	20	23	33	34	35	37	38	41	43	47	50	51	67	70	79	86	89	106	118	
37	29
1	3	4	5	7	8	12	13	15	17	20	21	27	28	31	33	34	37	41	42	43	46	55	66	67	74	106	107	118	
44	31
8	9	12	15	17	18	19	20	22	30	31	33	34	35	37	38	43	46	47	54	55	68	71	74	76	79	82	86	96	107	130	
43	32
1	2	5	7	8	11	14	18	19	23	28	29	30	32	33	34	36	40	42	43	50	51	55	56	61	66	68	70	73	79	84	117	
46	32
1	3	8	10	14	15	17	19	23	26	32	33	34	39	42	43	45	46	47	51	55	59	61	66	67	70	73	74	86	89	117	130	
40	30
1	2	7	8	10	12	18	19	20	21	26	31	33	34	36	37	41	42	43	45	52	54	55	61	68	74	76	86	96	130	
40	29
0	4	6	8	9	10	12	14	17	19	21	23	26	33	34	37	39	41	51	58	59	61	66	68	74	79	89	107	112	
42	30
0	1	4	7	8	12	13	19	23	27	28	30	31	34	37	38	39	49	51	54	55	60	61	66	68	70	76	79	103	118	
37	29
0	1	5	6	8	9	10	11	12	17	18	19	27	31	32	33	34	35	38	46	47	54	56	68	76	79	84	86	107	
39	32
1	2	4	6	7	8	9	10	11	14	17	20	26	28	33	35	38	39	41	42	43	45	49	51	52	61	71	76	91	96	106	107	
41	30
3	8	10	11	14	17	18	19	21	27	28	30	31	33	34	38	42	43	46	49	55	61	66	68	74	84	86	91	107	108	
39	31
1	7	12	17	18	19	22	23	26	27	30	31	32	33	34	35	36	38	39	41	43	46	47	49	54	67	68	86	89	107	130	
39	30
1	4	5	7	8	9	14	15	17	21	23	24	26	28	33	34	35	36	38	42	43	46	55	58	66	74	76	106	107	112	
36	28
1	3	5	7	8	12	14	15	17	18	22	27	28	30	33	34	38	41	43	46	55	66	67	74	86	96	106	107	
45	30
0	1	4	7	9	11	13	14	15	17	19	25	27	34	35	42	46	51	58	61	66	68	71	74	76	86	89	117	118	130	
37	30
1	2	3	5	11	12	14	17	18	20	21	28	29	30	31	33	34	36	37	38	43	46	47	54	55	58	67	74	76	86	
38	30
1	4	6	7	11	12	17	18	23	25	26	27	28	31	32	33	34	35	38	40	43	47	55	56	68	70	71	76	89	106	
39	32
2	3	4	5	6	7	8	10	12	15	17	20	23	26	27	31	32	33	34	36	38	43	46	49	51	55	60	66	71	76	79	103	
41	31
0	1	2	8	10	12	15	18	19	20	21	23	26	29	30	31	32	33	34	38	40	46	47	55	56	68	76	79	91	117	130	
38	32
1	2	3	4	8	10	12	14	18	19	20	22	25	27	28	31	33	34	35	36	38	42	43	45	46	49	56	58	66	70	76	84	
40	31
0	1	2	4	5	6	8	9	12	14	15	18	22	25	26	29	30	33	34	37	43	51	52	58	61	66	67	68	106	107	130	
38	32
0	1	2	3	4	6	7	8	10	11	14	17	19	20	27	28	30	31	32	35	37	38	41	42	43	46	66	67	76	79	89	107	
43	31
2	7	8	11	13	14	15	19	20	23	26	27	32	33	34	37	38	42	46	47	60	61	66	67	70	76	86	89	104	106	118	
41	29
1	6	12	13	14	15	17	18	19	26	27	30	31	33	34	43	46	49	54	55	58	60	67	68	71	76	103	107	117	
39	31
1	3	4	7	8	12	14	15	17	18	19	29	30	32	33	34	35	38	43	46	47	49	51	55	56	58	59	60	67	68	104	
40	30
0	3	4	8	12	13	18	19	20	21	24	28	32	34	37	38	42	46	49	50	51	60	66	67	68	76	84	86	89	118	
39	31
0	1	4	6	7	8	10	13	18	19	20	25	26	28	29	30	32	33	34	38	42	43	49	50	67	68	70	89	106	107	117	
41	29
0	1	2	3	4	6	7	9	14	18	20	27	28	37	42	43	46	47	54	58	60	61	66	67	68	76	106	107	118	
40	30
1	2	3	7	8	11	14	17	18	19	20	29	30	31	32	33	35	36	37	42	46	49	55	61	66	71	74	76	118	130	
39	29
1	6	7	8	9	11	13	14	19	20	22	26	30	33	34	42	43	46	50	52	54	55	61	66	71	73	74	107	130	
35	30
0	2	3	4	6	10	12	14	15	18	20	22	23	27	28	31	32	33	34	35	37	38	40	47	52	55	59	67	76	96	
36	28
1	3	6	7	8	12	15	17	18	19	27	28	31	32	33	34	37	40	43	46	51	55	56	58	61	66	67	118	
36	30
1	2	3	4	5	7	8	9	10	11	12	13	14	17	19	20	23	28	29	31	36	38	46	50	51	66	67	106	107	118	
37	30
1	2	4	5	14	17	18	19	20	21	26	28	31	32	33	34	38	42	43	46	47	49	52	54	55	60	70	86	103	107	
37	30
1	2	3	4	7	9	11	12	13	17	19	20	23	28	29	31	33	34	35	36	38	42	46	51	56	66	67	104	106	117	
41	31
1	6	7	8	12	14	18	19	21	23	26	27	33	34	37	38	41	43	46	47	49	50	54	55	60	66	67	68	74	107	112	
39	31
3	4	7	8	11	12	14	15	17	18	19	22	30	32	33	34	35	38	40	41	42	43	46	47	60	66	67	76	86	89	118	
39	31
1	3	5	7	8	10	12	13	15	17	19	22	23	26	27	28	31	35	37	38	42	46	50	66	67	68	84	89	103	106	107	
38	28
1	2	3	4	5	7	8	10	11	14	20	28	32	33	36	38	42	49	51	55	58	61	66	67	73	103	107	112	
36	28
1	3	4	7	8	11	12	14	15	17	19	20	25	31	32	33	34	38	40	41	46	55	66	84	86	89	107	118	
40	31
1	3	6	7	10	12	14	15	17	18	19	20	23	27	28	34	37	38	41	42	43	46	47	54	60	67	68	86	106	107	118	
33	28
0	1	2	4	6	7	8	10	12	15	17	19	20	26	28	32	33	35	38	40	43	47	52	56	67	71	86	107	
44	31
0	1	4	8	10	12	15	17	18	19	20	21	22	23	28	32	33	34	38	42	55	58	61	67	68	70	74	76	86	112	130	
44	33
1	2	3	4	5	6	7	11	12	15	17	18	19	24	27	28	30	32	33	35	40	46	50	51	56	61	66	67	68	73	106	117	130	
38	30
1	7	8	11	12	15	18	19	20	23	26	30	31	32	33	34	35	37	38	43	46	47	55	56	68	70	71	74	76	89	
38	29
1	3	7	8	10	11	12	14	15	18	19	28	30	32	33	34	35	38	43	46	51	54	55	61	66	68	70	103	112	
40	30
3	7	8	11	12	15	17	18	19	25	26	32	33	34	35	37	38	39	43	47	49	55	61	66	67	68	73	96	107	112	
42	30
1	4	6	8	12	17	18	19	23	27	28	30	31	33	34	35	36	38	51	55	58	67	68	70	73	76	86	103	107	130	
37	29
0	2	4	6	7	8	10	12	13	14	15	20	22	28	32	33	34	35	38	42	43	47	49	61	66	74	107	112	118	
36	30
0	4	7	8	10	11	12	15	19	20	21	28	29	31	32	33	34	35	36	41	42	43	46	50	60	66	67	74	76	103	
38	31
0	1	4	6	7	8	10	12	23	26	28	30	33	34	35	38	40	41	43	46	47	49	51	52	54	55	60	61	84	91	107	
42	32
1	2	4	7	8	11	12	14	15	17	18	22	28	30	31	32	33	34	35	46	47	51	55	61	68	73	74	76	86	89	96	106	
42	31
4	7	8	10	12	14	15	19	20	28	30	33	34	35	38	40	43	47	49	52	54	55	58	67	70	71	74	82	89	103	107	
36	28
1	4	8	12	18	19	20	22	23	26	28	30	31	32	33	34	35	37	42	43	52	60	61	68	70	76	91	112	
37	29
0	1	4	5	8	12	15	18	19	23	27	28	30	31	33	34	35	36	37	39	45	54	55	60	61	67	70	74	107	
40	32
1	2	3	7	8	11	12	13	14	19	20	21	22	28	29	30	31	33	34	37	38	40	46	51	52	54	66	67	76	86	107	118	
37	30
1	2	3	6	7	8	9	12	13	14	15	19	22	23	24	26	30	31	33	35	37	39	43	52	55	66	71	76	106	112	
42	32
1	4	5	7	8	9	11	12	14	20	21	26	29	30	33	34	37	38	39	42	43	52	54	55	56	57	66	70	71	76	86	106	
43	32
0	2	4	7	8	11	12	14	15	18	25	28	34	35	36	38	41	43	45	46	47	49	54	59	61	66	67	70	73	76	103	118	
37	29
0	1	4	8	13	14	18	19	20	22	23	26	27	28	31	34	37	42	45	46	47	50	51	67	68	76	86	112	118	
38	31
3	4	8	12	14	17	18	19	23	28	29	30	31	32	34	35	37	38	39	42	43	47	50	51	52	60	71	89	103	106	130	
36	28
1	4	7	8	12	14	19	20	26	28	31	33	34	35	38	43	46	47	49	52	54	55	66	68	70	86	89	107	
39	30
0	1	3	6	8	12	13	17	18	19	20	21	23	32	33	37	41	42	43	45	46	56	66	67	71	73	74	86	89	107	
43	32
1	3	6	8	13	18	19	20	23	26	31	33	34	35	37	41	42	43	45	49	50	52	58	67	70	76	84	86	89	96	106	112	
45	31
1	2	3	4	6	7	10	12	14	17	18	26	30	35	46	47	51	55	56	60	61	66	67	68	70	74	76	89	96	106	107	
37	29
0	1	7	8	12	19	20	21	26	27	28	31	33	34	36	38	40	42	46	49	51	54	56	58	60	66	76	91	96	
40	29
1	7	8	10	14	17	19	21	23	26	28	30	31	33	34	38	43	46	52	55	58	66	67	71	74	76	89	107	112	
44	32
1	2	3	7	8	10	15	17	19	20	23	25	28	29	30	37	38	41	43	49	50	56	60	67	68	70	74	76	79	89	106	112	
39	29
0	5	7	8	12	15	17	22	26	29	33	34	37	38	39	42	43	47	49	55	61	66	67	68	71	73	89	104	107	
43	31
1	4	7	8	9	10	11	12	17	20	22	26	28	33	35	37	38	40	46	51	58	61	66	67	68	74	76	86	89	96	117	
44	30
1	2	3	7	8	10	12	13	14	19	20	28	31	32	33	38	43	46	51	54	55	66	67	76	79	104	107	117	118	130	
41	32
0	8	11	12	14	18	19	20	21	22	26	28	30	32	33	34	35	37	38	41	43	47	49	52	61	66	68	74	84	91	107	130	
40	30
1	7	12	17	18	19	27	28	30	33	34	35	36	38	41	43	45	46	47	51	55	60	67	68	71	76	79	84	86	96	
37	29
1	2	3	4	7	8	15	19	20	23	27	28	31	34	37	38	39	42	43	46	47	51	66	68	76	86	89	107	118	
41	33
1	3	4	5	7	8	12	13	18	19	20	23	25	26	27	33	34	35	38	39	41	43	46	50	51	60	66	74	76	79	86	104	107	
38	30
1	3	4	6	7	11	12	14	17	18	19	23	28	30	31	33	34	35	38	43	47	52	55	59	60	67	73	89	96	107	
40	31
1	5	7	8	10	11	12	14	17	19	20	21	28	32	33	34	37	38	40	43	46	47	49	55	58	67	68	71	76	89	130	
35	29
0	1	4	5	8	9	10	12	17	18	19	23	26	28	30	33	34	35	38	42	46	47	50	56	60	66	68	70	107	
41	32
1	3	4	8	12	13	14	17	18	19	21	26	28	31	34	35	36	37	42	43	47	49	51	55	68	71	73	76	84	89	104	107	
41	31
1	4	7	10	12	17	18	19	20	26	27	28	31	33	35	38	40	42	46	51	52	56	60	61	67	68	70	76	91	96	107	
40	30
0	2	3	4	7	8	10	12	17	19	23	26	27	32	36	38	40	43	46	49	51	55	66	68	70	71	74	103	106	130	
39	30
1	4	5	6	7	8	10	12	13	19	20	26	33	35	38	41	43	45	50	51	52	56	58	60	68	71	79	86	91	107	
39	32
2	3	4	6	7	8	10	14	15	17	18	19	20	25	28	30	33	34	35	38	39	42	43	46	47	59	61	66	73	76	89	103	
38	30
1	4	7	8	10	11	12	13	14	15	17	19	20	23	26	27	31	32	33	34	35	47	55	58	68	71	73	86	89	107	
42	31
0	1	3	4	5	7	8	10	11	12	14	19	20	21	26	34	37	38	39	43	45	51	55	58	60	67	74	86	91	112	118	
42	31
2	4	7	8	11	13	18	20	21	23	30	31	33	34	35	38	42	43	46	50	55	56	67	68	70	71	74	76	84	86	106	
41	30
0	2	4	7	8	12	15	17	23	24	28	30	33	34	35	38	43	46	47	54	60	61	66	67	68	70	76	89	91	107	
40	31
0	1	3	6	7	8	12	13	14	15	18	19	20	25	27	28	31	34	40	43	46	51	55	66	67	70	71	74	84	86	107	
36	31
1	4	5	7	8	9	10	11	12	13	14	18	19	20	21	22	23	27	28	31	32	33	34	35	43	52	66	74	76	89	107	
40	29
1	3	7	8	9	11	13	15	18	20	28	33	34	38	40	41	43	46	47	55	56	58	67	71	74	76	79	89	118	
39	29
0	1	3	4	5	7	8	9	11	12	17	20	24	26	29	33	35	37	38	43	55	57	58	66	68	76	86	89	112	
36	29
3	6	7	8	10	13	14	15	19	20	23	26	27	28	30	31	34	36	42	46	49	50	54	60	66	73	74	76	106	
43	32
1	2	5	8	12	18	19	21	28	30	31	32	34	37	38	42	43	45	46	49	51	58	59	61	66	67	70	71	76	84	86	91	
39	30
1	3	7	8	12	13	14	15	18	20	24	27	28	32	33	35	38	39	43	46	47	54	55	66	67	68	70	76	86	107	
38	30
0	1	2	3	4	7	8	12	13	14	18	19	20	28	29	30	31	34	36	39	40	49	54	55	66	67	70	74	76	106	
35	28
1	2	3	4	5	7	8	9	12	14	15	17	18	19	20	29	30	33	37	38	43	66	73	74	82	86	104	107	
36	28
0	4	7	8	11	12	14	17	20	21	23	33	34	35	38	41	42	43	46	47	56	61	66	67	76	86	89	106	
39	30
0	1	6	7	8	12	14	15	17	18	19	22	23	27	28	29	34	35	42	43	47	52	59	67	68	74	76	89	91	118	
41	29
1	2	7	8	14	20	21	26	28	31	32	33	34	35	41	42	43	47	54	55	61	66	68	70	71	73	76	103	117	
41	34
3	4	7	8	9	11	12	13	14	15	17	19	20	22	25	28	30	31	33	35	37	40	41	47	49	51	52	55	56	76	82	96	103	107	
38	31
0	1	3	5	7	8	11	12	14	15	17	18	20	23	28	30	31	33	35	36	42	43	47	52	55	56	58	61	67	73	107	
38	30
0	1	2	3	7	8	10	13	17	20	22	28	30	35	37	38	39	41	42	45	46	52	55	60	71	84	89	103	106	107	
40	31
1	2	4	7	8	10	11	13	19	20	28	31	32	33	34	35	38	42	43	46	51	52	56	61	66	68	70	71	74	76	106	
41	30
1	5	6	7	8	11	12	14	17	18	20	23	33	34	35	36	40	43	50	55	58	60	61	66	67	68	73	74	76	84	
41	30
3	4	8	9	10	11	12	15	18	19	20	28	31	32	35	40	42	46	49	51	58	61	66	68	71	74	76	89	106	130	
42	32
1	2	3	5	7	8	12	15	17	18	20	22	27	28	30	31	32	33	34	43	47	50	51	56	61	67	68	70	71	86	107	112	
44	31
1	3	5	7	14	18	20	23	27	28	29	34	35	37	38	39	42	43	46	47	55	56	58	66	70	71	73	76	106	112	118	
35	29
0	1	2	6	7	8	9	10	14	20	21	24	25	27	32	33	34	43	46	47	49	50	52	56	61	71	73	76	91	
40	32
1	3	7	8	12	13	14	15	17	18	19	21	22	26	28	30	31	33	34	35	36	40	43	46	51	58	60	74	76	86	89	118	
41	31
1	3	4	8	9	10	11	12	13	14	15	18	19	20	23	28	30	31	35	37	39	46	54	58	60	76	79	86	96	107	118	
36	30
1	2	4	7	8	10	12	13	14	15	19	20	23	26	28	33	34	35	38	43	45	46	47	49	54	74	76	79	86	107	
35	29
1	2	3	5	7	8	11	12	13	14	17	19	20	22	26	28	30	31	32	33	36	46	49	55	58	60	66	67	107	
40	32
1	2	3	4	6	7	8	14	17	18	23	25	28	30	31	33	34	35	38	41	42	49	51	52	55	66	70	76	79	103	106	107	
44	30
1	3	8	10	17	18	19	20	21	23	25	26	28	31	34	38	43	46	52	55	61	66	67	70	74	76	86	112	118	130	
41	31
1	2	6	7	8	15	19	20	25	27	28	31	33	34	35	37	38	39	42	43	46	51	55	56	60	61	66	76	106	107	118	
43	32
0	2	4	5	7	9	10	12	15	20	23	26	27	28	32	34	35	37	38	39	42	47	59	60	61	67	70	71	73	76	89	118	
40	29
0	1	3	8	12	15	18	19	23	25	28	30	31	34	35	42	43	47	54	58	61	67	70	71	74	84	86	103	107	
39	30
1	2	6	7	8	9	12	19	20	21	29	30	31	32	33	34	36	37	42	43	46	55	56	61	66	67	71	74	76	107	
40	30
3	7	8	12	14	15	17	18	19	20	23	25	27	31	32	33	34	35	36	46	47	55	61	71	74	76	103	104	106	118	
42	31
0	1	5	7	8	10	13	14	18	19	20	21	27	28	33	34	35	43	45	46	51	55	56	66	67	68	70	74	76	96	108	
38	30
0	1	2	4	5	6	8	12	15	18	20	28	29	30	33	34	37	38	42	46	49	51	54	55	60	67	71	76	79	106	
37	31
3	4	7	8	9	10	11	12	14	15	17	18	19	20	26	28	33	35	38	40	43	47	49	51	52	54	55	61	86	96	107	
44	30
0	1	2	3	7	9	11	12	17	18	20	30	31	33	42	43	46	49	54	55	56	61	66	68	73	86	106	107	112	130	
41	31
1	4	5	7	8	10	13	14	15	17	18	21	23	26	28	31	33	34	39	42	45	49	55	58	60	66	67	71	74	76	112	
38	30
1	2	4	7	8	11	12	15	18	19	25	27	31	33	34	35	37	38	39	42	43	46	47	60	66	71	76	86	106	118	
41	31
1	4	5	8	10	13	17	18	19	20	23	31	32	33	34	36	39	41	42	49	51	54	56	60	68	70	74	84	91	106	107	
42	30
1	6	7	11	12	13	14	17	18	28	33	34	35	37	38	39	43	46	47	54	55	60	61	66	67	68	76	86	107	130	
38	30
0	1	4	7	8	12	18	19	20	21	23	26	27	31	32	34	35	36	38	39	41	49	50	60	68	73	76	91	106	118	
38	31
1	3	5	6	12	14	17	18	22	23	27	28	30	31	32	33	34	35	37	38	41	43	47	52	54	61	76	79	82	89	103	
37	30
2	4	7	8	12	14	17	19	21	23	26	28	33	34	35	37	38	39	43	46	47	50	52	61	66	67	68	71	76	107	
43	33
0	1	2	8	9	12	14	15	18	23	28	31	32	33	34	35	36	41	43	46	47	50	51	55	58	61	68	76	79	84	86	89	103	
40	32
1	4	5	7	8	11	12	13	14	19	20	25	28	32	33	34	35	36	38	40	41	42	46	49	54	60	66	70	76	84	89	107	
37	31
1	2	3	6	7	8	9	10	11	12	17	19	23	25	26	30	31	33	39	41	43	45	46	47	52	55	61	68	74	76	86	
40	30
1	6	11	12	13	14	18	20	21	22	30	31	32	33	35	37	38	39	41	43	54	55	59	61	68	70	76	91	104	106	
37	29
0	1	2	3	7	8	10	12	15	18	19	20	28	31	33	34	38	43	46	47	51	52	55	56	67	70	74	107	110	
40	31
1	2	4	8	11	12	13	14	18	19	20	23	27	30	31	32	33	34	37	42	43	46	51	52	66	67	71	76	86	112	118	
43	31
1	7	9	12	18	21	22	27	28	31	32	34	35	37	38	41	42	43	46	51	52	54	55	58	67	68	71	74	103	112	118	
34	28
0	1	2	3	4	7	8	11	12	15	19	21	23	27	33	34	35	37	38	43	46	47	55	66	67	71	91	107	
36	30
1	2	3	8	9	10	11	12	15	17	18	20	27	31	33	35	37	38	42	43	46	47	51	52	55	58	66	67	86	107	
44	31
3	7	8	10	11	12	13	14	15	17	18	19	29	30	33	35	38	46	51	54	55	60	61	66	68	70	76	86	103	107	130	
40	31
0	1	3	5	6	7	8	11	12	13	14	19	20	22	28	32	34	35	41	46	47	52	58	60	66	67	70	74	76	79	103	
38	31
0	1	2	3	4	7	8	9	12	13	17	18	19	20	26	27	31	32	36	38	42	43	46	49	51	67	68	91	106	107	118	
42	29
0	1	7	8	11	14	17	19	23	27	31	32	33	34	35	42	46	55	58	66	67	73	74	76	84	86	89	104	130	
36	28
1	2	3	7	8	12	14	15	18	19	20	28	30	31	33	34	35	36	38	43	49	60	61	67	70	71	107	118	
43	31
1	8	12	15	17	18	19	20	23	28	31	33	34	35	37	38	39	42	47	56	58	67	68	70	76	79	86	89	91	106	107	
43	32
1	2	3	4	6	7	8	12	14	15	17	19	21	23	28	35	36	38	39	47	50	52	55	58	60	66	67	70	76	79	91	118	
40	31
0	1	2	3	5	7	9	11	14	20	28	30	34	36	37	38	39	42	43	45	46	49	55	60	61	66	68	76	91	96	106	
42	32
3	6	7	9	10	11	13	14	18	19	20	21	27	28	29	31	33	34	35	36	46	47	49	54	55	60	67	68	76	89	103	112	
40	31
0	1	2	3	5	11	14	17	18	20	22	27	30	31	32	34	36	37	38	42	46	47	55	58	68	70	74	76	84	86	106	
47	32
1	4	7	8	10	11	12	14	17	19	28	30	31	34	35	42	46	52	58	59	61	67	71	73	74	76	79	82	89	106	107	118	
42	30
1	2	3	4	5	6	7	11	12	13	14	17	18	20	21	33	40	43	46	55	60	66	67	71	74	76	79	103	106	117	
41	30
1	7	8	10	13	14	15	20	25	26	28	31	33	35	40	42	46	47	49	54	58	59	60	61	68	73	74	76	86	96	
40	32
1	2	3	4	7	8	10	18	20	27	28	31	33	35	36	38	39	41	42	43	47	49	51	52	55	58	66	67	71	76	103	107	
35	29
0	1	2	7	8	11	12	14	17	18	20	21	29	30	31	33	34	35	41	42	46	49	51	54	55	66	71	73	76	
33	28
1	2	3	4	7	8	10	12	13	14	19	20	26	28	32	33	34	35	37	38	43	46	47	66	67	71	76	107	
35	28
1	3	12	14	15	17	18	19	26	29	31	33	34	35	36	37	39	43	46	47	51	54	55	60	74	76	86	103	
41	30
1	2	5	7	8	10	12	13	14	19	21	23	25	27	28	29	31	34	36	46	58	61	67	68	76	86	89	91	104	118	
39	31
1	2	7	8	9	10	14	17	19	20	21	26	28	30	32	33	34	35	38	43	46	50	52	58	67	71	76	86	89	96	107	
39	29
0	1	2	3	4	11	12	14	17	18	31	33	35	36	38	43	46	47	51	54	55	60	66	74	76	86	89	103	107	
38	29
1	2	4	6	7	8	11	12	14	15	17	18	27	28	32	33	34	35	43	46	47	54	61	66	67	82	89	107	118	
40	30
0	1	3	7	8	9	18	20	22	23	28	29	30	34	37	38	39	40	42	46	52	55	66	67	71	74	76	103	106	130	
41	31
0	1	7	12	14	15	17	18	27	28	31	32	33	34	35	36	38	45	46	47	51	55	58	68	70	73	79	86	89	103	107	
39	30
2	3	7	8	10	12	13	14	15	20	26	28	30	33	34	35	37	38	43	46	52	54	55	60	70	71	86	89	103	107	
38	31
0	1	2	8	11	12	15	17	18	19	20	22	23	25	27	28	30	33	35	37	38	41	42	43	52	66	67	70	106	107	118	
35	28
0	1	2	7	8	9	10	15	20	22	23	26	28	30	33	34	35	37	38	42	46	55	60	66	68	74	89	107	
42	32
0	1	2	3	4	5	6	8	10	11	12	14	15	18	19	22	23	28	34	35	38	39	51	55	60	66	67	74	89	106	107	117	
40	31
1	4	5	7	8	13	14	17	18	21	23	26	27	28	31	33	34	35	36	39	43	46	61	67	68	71	73	74	76	89	107	
41	32
0	1	3	8	17	18	19	20	23	26	28	32	34	35	37	38	39	40	42	45	46	47	51	58	61	66	67	70	71	79	86	89	
39	30
1	4	6	7	8	12	15	17	20	26	28	31	33	34	35	37	38	41	42	43	47	55	60	61	66	73	74	76	106	107	
40	29
1	4	7	8	12	13	18	20	21	22	27	28	30	31	32	35	41	45	54	55	56	57	58	61	67	70	76	84	86	
39	30
4	5	7	8	10	11	12	14	19	21	23	27	28	32	33	34	35	38	43	49	52	54	55	58	60	61	66	67	76	91	
41	31
1	5	6	8	11	12	13	14	17	18	19	22	27	28	31	33	34	35	43	46	47	54	60	67	68	71	74	76	89	103	107	
43	31
1	7	8	13	17	19	23	33	34	36	38	39	40	41	42	43	45	46	47	54	55	56	60	61	66	67	68	70	76	79	106	
39	28
2	7	11	19	20	21	23	27	31	33	34	36	37	39	42	45	46	47	55	56	58	60	61	66	68	76	79	130	
35	30
1	3	4	6	7	8	10	12	13	17	18	19	20	23	26	28	30	33	34	35	37	38	40	43	52	54	55	60	66	76	
39	28
0	1	3	4	6	7	8	12	13	18	20	21	28	30	34	35	37	39	55	56	60	67	68	70	76	79	96	112	
45	32
1	2	8	12	18	19	21	27	28	30	33	34	37	38	40	43	49	50	51	54	55	56	59	60	61	66	67	68	70	73	82	107	
40	30
0	1	5	7	8	9	10	12	13	15	20	22	24	28	30	33	34	35	38	50	52	58	60	61	67	68	91	96	107	118	
39	30
3	4	7	8	11	15	18	20	23	28	30	32	33	34	35	38	39	42	43	47	49	61	66	67	68	70	71	91	104	106	
42	32
0	1	5	6	8	12	13	14	17	18	19	20	22	26	30	31	33	34	37	49	51	52	54	55	68	71	74	76	84	86	89	106	
36	30
1	4	7	8	10	12	17	18	19	21	26	27	28	30	31	32	34	36	38	43	45	46	50	51	56	60	68	71	79	86	
40	32
3	4	7	8	10	11	14	19	20	21	22	23	27	28	30	31	37	38	41	42	46	47	50	52	61	67	73	74	78	89	106	107	
42	32
1	3	10	17	18	19	21	23	25	26	27	28	32	33	38	40	42	43	45	46	47	49	51	56	61	66	70	73	79	86	103	117	
41	31
2	3	7	8	12	19	20	26	30	31	32	33	34	35	37	38	39	41	43	46	50	51	52	60	67	71	76	86	96	117	130	
40	32
0	1	3	4	7	10	12	15	17	18	25	26	28	30	32	34	35	37	38	39	42	43	47	52	55	61	67	70	74	76	79	91	
41	31
0	2	7	8	9	10	11	12	14	15	17	21	25	27	28	31	34	35	39	43	46	47	51	54	56	58	61	73	82	118	130	
37	31
0	1	3	4	6	7	8	11	15	17	19	23	25	27	31	33	34	35	38	40	41	43	46	50	51	55	60	61	66	68	76	
40	30
1	2	5	7	8	12	13	14	15	17	19	20	26	28	30	31	33	34	36	43	49	58	67	68	71	84	89	106	107	117	
37	29
1	2	3	6	7	8	10	11	12	14	20	23	28	33	34	35	37	45	46	47	51	56	58	61	66	67	73	76	107	
36	29
7	8	10	12	14	15	17	20	22	23	24	28	29	31	32	33	34	35	37	42	46	47	55	58	61	68	76	79	103	
46	33
0	1	4	7	9	14	15	20	21	23	26	27	28	30	34	36	38	43	45	46	52	55	58	66	67	70	74	76	91	103	106	107	118	
38	30
0	2	5	8	10	11	13	14	15	18	19	20	21	22	26	31	33	34	42	45	46	47	55	68	74	84	86	96	106	107	
46	32
0	2	4	7	12	18	19	20	21	22	27	28	31	34	42	43	47	49	52	54	55	60	71	74	76	89	96	103	104	106	107	130	
45	31
1	2	3	7	11	18	19	28	30	31	34	36	37	42	43	45	46	52	54	58	66	67	71	76	79	84	86	89	91	104	118	
35	28
1	2	3	4	7	8	12	14	15	17	18	19	26	27	33	34	35	38	43	46	51	55	60	66	67	86	104	107	
36	29
1	3	4	7	12	13	14	17	19	20	26	30	31	32	33	35	36	42	43	46	47	49	54	55	61	66	68	74	76	
40	31
0	1	4	5	8	10	11	15	18	19	20	22	23	26	28	29	30	31	33	34	36	46	49	58	60	68	70	74	76	96	118	
41	28
0	1	3	6	11	12	17	18	20	22	27	28	30	33	35	37	39	54	56	58	60	61	67	68	74	76	112	130	
37	28
0	1	2	3	7	8	11	12	14	15	18	19	20	26	30	31	33	35	38	42	43	58	74	86	91	106	117	118	
42	30
0	2	6	12	13	17	18	19	20	23	26	27	30	31	32	33	37	38	46	47	54	55	61	66	68	76	79	107	108	130	
36	30
0	1	3	7	8	9	12	13	19	20	22	23	25	26	28	34	35	38	41	42	43	45	51	52	59	66	67	68	89	106	
37	28
1	2	5	7	8	10	12	17	18	23	28	31	32	33	34	35	36	43	51	55	58	60	61	66	70	74	76	103	
39	31
0	1	4	6	7	8	12	13	14	17	18	19	23	25	27	28	33	34	37	42	43	46	47	49	66	68	73	76	86	91	130	
42	32
0	1	4	5	7	8	12	14	15	18	19	20	28	30	34	35	38	42	43	46	47	49	58	59	61	66	68	74	76	91	96	106	
40	31
3	4	5	6	7	8	11	14	19	20	21	22	23	26	27	31	33	34	38	41	43	49	50	66	68	70	76	84	86	89	112	
41	30
1	2	3	4	7	8	9	10	11	12	20	25	27	29	33	34	38	43	46	49	55	60	67	74	76	79	84	86	89	118	
35	30
3	5	6	8	10	12	13	15	18	19	20	21	23	27	28	31	32	33	34	35	37	38	49	51	52	55	61	67	70	106	
44	32
0	4	8	10	12	15	17	18	23	25	27	29	33	35	36	38	41	43	51	52	54	55	59	66	67	68	70	71	74	86	103	107	
38	31
1	2	3	4	7	12	17	18	19	20	23	26	27	28	33	35	38	42	43	45	46	47	51	52	67	70	79	91	104	106	107	
38	30
0	1	4	5	6	8	11	12	13	14	17	18	19	20	23	25	28	33	34	35	37	39	51	60	66	76	79	86	107	112	
38	29
1	3	4	6	8	10	12	13	14	18	19	20	23	26	33	34	35	38	42	43	46	47	59	61	73	76	86	112	118	
36	30
0	1	2	3	4	11	14	15	17	18	20	25	28	30	31	32	34	35	37	38	42	46	47	51	54	61	79	86	104	106	
37	28
1	2	5	7	10	12	20	23	27	30	32	34	35	36	37	38	43	46	47	55	56	60	68	70	76	89	106	107	
44	31
3	4	5	7	8	12	14	15	17	28	30	31	34	36	41	42	43	50	52	54	55	58	67	71	73	74	79	89	104	107	118	
37	29
0	1	3	4	5	6	7	8	9	12	14	18	20	31	33	34	37	38	41	43	46	55	56	57	66	76	86	103	106	
41	30
1	3	8	11	13	14	15	19	20	27	28	31	33	34	36	37	41	43	45	46	55	59	60	61	66	67	74	76	84	130	
39	31
4	5	10	11	12	14	15	17	18	19	20	21	22	26	27	31	33	34	40	41	42	43	47	54	56	61	73	79	86	106	107	
39	30
1	3	4	6	7	8	11	12	18	19	22	23	26	28	33	36	38	40	47	49	51	54	55	58	67	70	73	79	89	106	
38	29
1	4	7	8	12	13	18	20	23	25	27	28	31	33	34	35	38	49	51	52	55	61	66	68	70	76	103	106	107	
38	31
0	1	2	3	5	8	10	11	12	14	18	20	23	24	27	30	33	37	38	42	43	45	46	47	55	58	68	74	76	89	106	
40	32
1	3	4	7	8	12	13	14	15	18	19	20	23	31	33	34	35	36	38	41	42	43	45	47	55	56	66	70	86	89	103	107	
36	29
0	2	3	6	7	8	10	11	12	14	19	20	21	23	33	34	35	37	38	39	41	46	58	59	61	66	67	68	76	
37	28
0	1	2	6	7	10	11	13	15	18	21	26	27	31	33	34	35	41	46	47	55	56	60	68	74	76	107	130	
39	30
1	2	7	8	10	12	14	15	17	18	25	26	31	33	34	35	37	39	43	46	47	51	55	61	66	67	71	74	106	130	
42	32
0	1	3	6	7	8	9	11	13	14	19	20	21	30	31	32	33	41	42	46	47	50	52	58	66	67	68	70	76	79	107	118	
40	31
0	1	3	4	6	7	8	12	13	14	15	17	18	19	20	26	32	33	34	41	47	52	54	55	60	66	67	71	74	89	107	
40	30
1	4	7	8	13	18	19	21	26	27	28	31	32	33	34	37	40	43	46	47	49	54	55	56	61	68	74	91	106	130	
35	30
1	3	4	7	8	10	12	15	17	18	20	21	23	26	28	30	31	33	34	35	36	38	43	47	52	55	60	66	67	107	
33	29
0	1	7	10	11	12	13	14	15	17	19	20	26	27	30	32	33	34	35	38	41	42	43	46	47	56	67	68	76	
39	30
1	8	12	13	17	18	19	20	21	26	28	31	32	33	34	37	38	41	42	43	46	52	56	71	74	76	84	86	89	117	
45	32
1	3	4	8	10	12	13	14	18	20	23	24	28	31	32	35	36	39	46	49	51	57	60	61	67	70	71	74	76	86	117	118	
41	32
0	1	4	6	10	12	15	18	19	21	22	27	28	29	30	31	34	35	36	37	39	43	52	54	58	66	67	74	79	86	89	91	
35	30
1	3	4	7	11	12	13	14	15	18	19	20	22	23	27	28	31	32	33	34	35	38	40	42	47	54	68	70	76	79	
44	28
1	7	10	15	17	20	28	30	31	32	33	34	35	42	43	46	55	58	61	68	73	79	103	107	108	117	118	130	
41	30
0	1	3	5	7	12	14	15	17	23	25	30	31	32	33	34	36	41	43	55	61	66	68	70	71	79	84	91	96	107	
40	30
1	3	4	8	10	12	17	18	20	22	23	25	26	27	31	32	33	35	42	51	55	60	68	70	76	82	86	104	106	107	
40	30
1	2	3	5	7	11	12	14	19	23	25	30	31	33	34	40	42	43	47	49	51	55	60	61	66	73	86	96	106	112	
40	32
0	1	2	4	7	8	11	12	13	18	19	22	27	28	33	34	35	36	38	39	42	46	47	50	56	58	67	68	76	79	86	91	
40	33
0	1	4	7	8	9	10	11	12	13	18	19	22	26	27	28	30	32	33	34	35	36	42	43	46	47	51	67	68	82	89	106	117	
43	32
1	3	4	7	8	10	13	18	19	20	21	28	30	31	34	37	40	42	43	46	50	52	54	55	61	68	74	76	79	86	103	118	
41	32
1	2	4	7	9	10	11	13	17	19	20	22	26	28	32	33	37	38	39	40	42	43	46	55	56	61	66	67	70	84	91	106	
42	31
0	1	7	13	14	15	17	18	26	27	28	31	33	34	35	36	40	46	49	51	52	54	55	58	68	76	86	91	103	104	118	
42	30
0	1	7	8	10	18	19	20	23	26	28	30	33	34	35	38	40	43	45	47	55	60	70	74	76	91	106	107	117	118	
35	28
1	2	7	8	12	13	14	15	17	18	20	28	29	30	33	35	38	41	42	43	46	55	60	66	67	76	106	107	
41	32
0	1	2	3	5	6	7	8	12	13	14	17	19	20	27	31	32	33	35	37	39	41	51	55	60	61	67	68	70	76	82	89	
46	33
1	2	3	5	7	8	9	12	14	19	21	23	27	28	30	31	34	43	45	49	52	54	56	61	66	68	70	71	76	89	106	107	112	
38	30
1	2	3	7	8	10	12	14	19	20	27	28	29	32	33	35	36	37	38	40	43	46	51	58	67	68	91	103	107	130	
43	32
1	2	3	4	5	8	12	17	18	20	21	23	36	37	38	39	40	41	42	46	49	56	58	61	68	71	73	74	76	79	91	106	
41	29
1	7	8	11	14	19	20	21	23	27	31	32	34	36	38	39	42	46	47	58	59	61	67	70	76	86	106	117	118	
41	30
2	3	4	5	8	11	15	18	20	27	31	32	33	35	37	41	42	47	49	51	54	58	61	66	67	70	71	86	96	130	
37	29
1	2	4	5	7	8	12	13	18	20	26	27	28	31	33	34	35	37	43	47	49	61	66	67	68	70	96	106	107	
41	31
1	3	10	11	13	15	18	23	27	29	32	33	34	35	38	41	42	46	47	50	51	54	56	58	60	61	66	68	70	86	104	
38	28
1	2	3	4	6	7	8	10	11	15	20	23	28	31	34	35	38	42	47	49	61	68	74	76	91	106	112	118	
46	31
2	3	7	8	12	14	18	19	25	27	33	34	35	37	38	40	43	50	51	58	59	60	67	70	71	86	91	107	112	118	130	
37	30
1	3	4	8	10	11	12	17	18	20	23	27	31	32	33	34	35	39	41	43	46	47	51	56	58	61	68	76	79	86	
38	29
1	2	3	4	7	8	9	11	12	13	15	18	19	20	23	31	32	33	35	43	47	58	60	67	68	70	89	91	112	
35	29
0	1	2	4	5	7	8	10	15	19	21	23	25	26	28	31	33	34	35	37	39	42	46	60	61	66	68	74	76	
41	29
1	2	7	8	11	12	13	14	15	19	20	32	33	35	37	41	47	51	55	56	58	61	66	67	68	70	76	89	117	
36	28
1	4	7	12	14	18	19	20	23	25	27	28	32	34	35	37	38	42	43	47	51	55	66	67	70	76	107	118	
41	31
3	4	6	8	9	10	12	14	15	18	19	20	21	22	28	30	34	35	37	38	43	49	56	58	60	67	68	73	82	107	118	
36	31
1	7	8	12	13	17	18	19	20	21	25	27	28	29	32	33	34	35	36	38	40	41	43	45	46	47	55	66	67	103	107	
38	28
0	1	2	3	4	7	8	12	17	18	19	23	25	34	36	38	41	43	46	58	66	67	76	84	86	89	91	118	
40	30
1	4	7	10	12	14	17	20	23	26	28	30	33	34	35	38	41	42	43	47	52	54	61	70	76	103	104	106	107	112	
37	30
0	2	3	4	6	8	10	11	12	15	18	19	20	22	23	26	28	34	37	38	41	42	46	60	66	67	76	84	89	96	
39	31
1	2	3	6	8	9	12	15	17	18	19	21	23	26	28	31	32	33	36	37	38	43	46	55	56	66	68	74	79	86	91	
42	30
1	2	7	8	12	14	18	19	20	27	28	30	31	32	33	34	35	42	43	45	55	57	61	66	76	82	86	107	117	118	
38	30
0	1	5	6	7	10	13	18	27	29	31	32	33	34	35	37	40	41	43	46	51	52	55	56	67	70	82	86	91	106	
39	30
1	2	4	7	8	9	10	12	13	14	20	25	27	28	31	32	34	36	39	43	46	51	55	58	60	66	71	76	89	118	
37	29
1	7	8	9	10	11	12	14	17	20	21	30	32	33	34	35	36	38	41	43	51	54	55	58	61	66	68	70	84	
36	31
1	3	4	5	7	8	9	10	11	13	14	18	19	20	21	27	28	32	33	34	35	38	42	43	49	52	71	74	76	79	89	
39	30
0	1	4	7	8	12	14	19	20	23	28	29	33	34	35	36	38	42	43	47	52	54	60	66	67	71	86	91	103	107	
44	31
1	3	7	8	10	12	14	19	20	23	26	27	31	33	34	38	40	47	49	54	55	59	60	66	68	70	74	89	103	107	130	
45	31
0	2	3	5	10	11	14	18	20	21	22	24	28	37	38	42	43	49	55	60	61	66	67	68	70	73	84	89	106	107	117	
41	32
1	2	4	8	11	12	14	15	17	18	25	26	28	31	32	33	35	36	38	41	45	46	47	54	55	74	86	89	96	103	106	107	
41	31
0	3	6	7	8	12	13	15	18	19	20	31	33	34	37	41	43	46	47	49	50	56	58	60	66	74	76	79	86	89	106	
40	30
2	4	7	14	18	19	21	25	26	27	28	32	33	34	35	38	40	42	43	46	47	66	67	68	70	71	74	86	91	110	
44	31
1	2	3	6	7	10	12	14	15	17	18	19	23	28	30	32	33	34	35	43	55	57	59	61	66	68	86	91	96	117	118	
38	30
1	7	8	10	12	15	17	18	19	21	23	26	27	28	31	32	34	35	37	42	43	46	47	61	67	74	76	89	106	118	
40	29
0	1	2	3	4	7	8	12	18	19	20	28	29	33	35	37	38	49	51	55	58	66	67	70	71	76	103	104	112	
41	32
2	3	4	5	7	8	12	13	17	18	19	20	26	28	33	35	37	38	39	42	43	46	47	49	55	58	61	66	67	71	107	130	
40	29
1	3	8	17	18	19	20	23	25	26	27	31	33	37	38	42	43	46	51	52	55	66	68	70	76	86	103	118	130	
35	30
0	1	3	4	5	7	8	12	14	17	18	23	27	28	32	34	35	38	39	41	42	43	45	46	49	55	66	76	84	107	
39	31
0	5	10	12	13	14	17	18	19	20	21	23	25	26	28	30	31	33	40	42	43	46	49	55	61	68	70	71	73	76	91	
43	32
0	1	2	5	6	8	12	13	17	18	22	27	28	32	34	37	38	40	45	46	52	55	56	58	59	68	71	76	84	91	96	106	
40	31
2	4	5	8	10	11	12	15	17	18	20	23	26	30	31	33	34	35	37	38	46	47	49	55	68	74	84	103	106	107	118	
36	29
0	1	7	8	9	10	11	12	14	15	18	19	20	27	28	32	33	34	35	38	46	49	51	55	58	67	74	76	118	
37	29
0	1	4	5	7	11	12	14	18	20	25	27	32	34	35	38	41	42	43	49	50	51	55	66	68	74	76	79	117	
40	30
0	1	2	3	7	8	12	13	14	15	18	19	20	26	27	31	33	35	36	49	51	55	67	68	71	74	76	96	104	117	
39	32
1	2	3	7	8	10	14	15	17	18	20	21	22	28	30	31	33	34	35	38	43	46	47	50	52	61	67	70	71	73	89	107	
39	30
0	1	5	12	13	18	19	20	23	26	27	28	30	34	37	38	42	43	46	47	50	58	66	67	70	71	74	76	106	107	
41	32
0	1	5	7	10	12	13	14	17	18	19	22	25	26	27	28	31	33	34	35	36	46	47	51	58	66	67	68	73	76	106	117	
40	30
0	1	7	8	10	12	14	17	19	21	26	32	33	34	37	38	40	43	46	47	49	55	58	61	66	67	68	73	74	108	
45	34
0	1	3	8	11	12	13	17	18	19	21	22	23	26	27	31	32	33	34	37	38	40	41	43	54	61	67	71	74	76	89	106	107	112	
41	30
0	1	3	4	6	7	11	12	14	17	18	19	22	27	34	36	40	42	43	45	55	57	59	61	67	68	70	106	107	112	
47	33
0	1	3	5	9	10	11	13	18	20	25	26	28	30	34	38	39	42	46	52	54	55	56	58	61	67	68	76	84	86	89	91	118	
40	30
3	5	7	8	10	11	12	15	17	18	20	22	23	26	27	28	31	37	38	39	42	55	57	66	67	84	89	106	107	112	
34	29
0	1	4	7	8	12	14	15	17	18	21	23	27	28	31	32	33	34	35	38	39	41	46	47	55	68	76	91	106	
40	29
0	1	2	11	12	17	18	19	21	23	25	27	29	30	31	33	34	37	42	43	56	66	67	68	70	106	107	112	118	
35	29
1	4	8	10	11	12	14	17	18	19	20	23	26	28	31	32	33	34	35	37	42	43	47	58	61	68	70	76	89	
42	32
0	1	3	5	7	8	11	13	14	18	20	27	32	33	34	38	41	42	43	46	50	51	54	55	68	71	76	79	86	89	103	107	
44	31
1	3	4	5	7	8	12	17	18	23	26	28	29	38	39	42	43	47	52	55	61	68	71	76	79	86	91	103	106	107	118	
35	29
1	2	3	6	7	8	10	11	12	14	15	17	18	19	20	28	33	34	35	37	38	46	47	58	66	67	71	89	107	
36	29
1	2	7	8	9	10	12	14	15	17	18	20	26	28	30	33	35	36	38	40	43	52	54	55	59	66	79	86	107	
34	28
0	1	2	7	8	10	12	13	14	15	20	26	28	31	32	33	34	35	37	43	46	51	55	60	66	74	76	103	
38	29
0	1	2	4	7	8	12	17	18	19	21	23	28	30	31	32	33	35	37	41	46	55	61	66	67	76	103	107	112	
38	29
0	3	4	5	8	11	18	19	20	21	22	23	28	32	34	37	38	42	49	50	51	66	67	68	70	84	86	89	130	
41	29
0	2	7	10	12	14	15	20	22	27	28	30	31	34	35	38	42	43	46	54	55	66	68	70	71	103	107	112	118	
38	29
0	6	17	18	19	20	21	23	26	30	31	32	33	34	37	38	46	47	49	51	54	55	68	74	79	86	89	103	106	
38	30
0	1	3	4	5	7	8	11	12	14	15	17	18	27	30	31	32	33	34	35	38	39	52	55	60	67	70	74	86	108	
36	29
0	2	6	7	8	10	11	12	20	21	23	28	29	31	32	33	34	35	37	43	46	47	55	58	60	66	73	76	103	
43	32
1	3	5	7	8	10	12	14	15	17	19	20	23	28	34	36	37	38	41	42	43	51	54	58	60	61	68	73	86	103	106	118	
39	30
1	5	7	8	10	11	12	13	14	15	17	18	20	25	26	28	30	33	34	38	43	55	60	61	68	70	73	76	79	84	
38	29
1	6	8	10	11	12	15	18	19	20	23	27	28	35	37	40	42	43	47	52	55	56	58	60	61	70	73	76	106	
39	30
0	3	7	8	10	11	14	15	17	19	20	23	26	28	31	32	35	38	42	47	49	55	61	67	68	73	74	76	79	89	
40	30
1	2	4	6	7	10	12	14	19	20	24	25	26	33	35	38	41	42	43	46	51	55	56	66	70	76	86	106	107	117	
37	32
1	2	3	4	7	8	10	12	14	17	18	19	21	22	25	26	28	30	31	34	35	38	43	45	47	49	52	58	68	76	79	86	
43	32
1	2	3	7	8	11	12	13	15	19	20	23	26	27	30	31	33	34	35	36	38	39	52	55	61	67	76	86	89	106	117	130	
40	30
1	6	8	11	12	14	15	17	18	19	23	27	30	31	33	34	35	37	39	42	52	55	58	61	66	68	76	86	107	118	
38	31
1	3	4	7	8	11	12	14	15	17	18	19	20	22	23	26	28	31	32	33	35	43	47	52	56	58	61	67	68	74	91	
43	32
0	1	2	4	12	13	14	17	18	19	20	21	23	25	26	28	31	33	34	40	42	43	51	55	57	58	66	76	84	106	117	130	
42	31
0	1	4	7	12	17	18	19	21	22	23	26	27	30	31	32	33	34	35	36	38	45	55	56	60	66	67	71	76	117	130	
41	30
1	4	7	8	11	12	13	15	17	18	21	30	31	33	34	35	36	39	41	46	55	56	67	68	71	79	89	91	106	112	
37	29
1	3	7	8	10	12	14	15	17	18	19	21	28	30	33	34	35	38	40	42	43	46	58	66	67	89	106	107	118	
37	30
0	1	2	7	8	10	12	14	17	23	27	28	30	32	33	34	35	38	43	45	46	50	52	61	70	76	79	89	91	107	
38	30
1	4	7	8	10	12	14	17	18	19	26	28	29	31	33	34	36	38	42	43	46	47	51	55	61	68	74	76	86	118	
35	29
0	2	6	7	9	10	12	13	14	19	20	21	22	26	27	28	33	34	40	42	43	46	47	54	56	68	73	76	86	
38	29
1	2	4	6	7	8	11	12	17	23	26	28	33	35	38	39	40	43	46	47	54	55	56	66	67	68	71	74	76	
39	30
0	1	2	8	9	10	11	12	13	14	18	20	21	22	28	33	34	35	42	45	47	51	55	58	66	76	79	103	106	117	
41	29
1	7	10	12	14	15	17	18	20	28	30	33	34	35	36	39	42	43	46	54	55	58	61	66	68	71	84	108	118	
38	29
1	3	4	7	8	10	11	12	17	19	23	26	27	28	31	34	35	36	39	49	51	58	61	67	70	89	104	106	118	
43	32
2	6	7	8	9	11	12	13	14	15	17	18	19	23	28	30	33	34	41	43	46	50	66	68	71	74	76	79	84	89	107	130	
41	31
0	1	2	3	4	7	10	12	18	19	22	27	28	33	34	38	40	42	43	46	49	51	60	68	84	91	96	104	106	107	118	
39	31
1	3	7	10	11	12	17	19	21	22	27	29	30	31	32	33	34	35	36	37	46	47	52	55	56	60	73	74	76	86	106	
39	32
0	2	7	8	9	10	11	12	13	15	17	18	20	27	30	31	35	37	38	40	45	46	49	50	51	55	66	68	74	76	96	106	
41	32
0	1	6	7	12	17	20	21	25	26	27	28	30	31	33	35	40	42	43	46	47	49	52	55	56	61	66	67	74	96	106	107	
43	31
1	3	5	7	14	18	19	20	21	23	27	28	30	33	34	38	39	42	46	49	58	59	61	67	70	71	76	89	106	107	118	
37	27
1	3	5	7	8	10	12	14	17	19	21	23	28	29	34	37	38	46	56	58	60	66	74	76	84	89	117	
40	30
1	2	3	4	5	7	8	12	14	15	28	30	31	32	33	34	35	37	42	49	51	61	66	70	73	74	89	96	106	112	
38	29
3	4	7	8	11	12	14	17	19	20	26	33	34	35	38	42	43	47	49	50	52	55	61	66	74	86	89	107	130	
37	29
0	1	2	5	6	7	8	10	14	18	20	21	26	31	33	34	35	38	41	47	49	55	66	67	68	73	76	103	106	
42	31
1	2	3	6	13	18	20	22	27	28	29	31	34	35	37	42	43	45	51	52	54	61	67	71	74	84	86	89	91	104	107	
39	29
1	3	5	7	8	10	12	14	15	17	18	21	28	31	32	33	34	43	46	51	54	55	58	61	67	70	74	107	117	
37	28
1	4	6	7	11	12	17	18	19	28	30	33	34	35	38	43	46	47	51	55	56	58	61	66	67	68	76	84	
41	29
0	1	5	6	8	10	11	12	13	18	21	23	25	28	33	34	35	39	54	56	60	61	66	68	70	73	76	107	130	
43	29
1	3	4	7	8	10	11	14	17	18	23	28	31	34	35	38	43	50	55	57	67	76	86	89	96	107	110	117	118	
46	32
1	2	3	5	7	11	19	20	25	26	27	30	34	37	38	42	46	47	51	60	61	66	67	68	70	71	76	86	89	106	107	118	
41	28
0	2	4	6	7	8	11	19	20	23	28	33	34	35	39	47	49	55	56	61	68	70	76	82	84	89	118	130	
38	30
1	2	3	8	12	15	18	19	21	22	28	30	31	33	34	35	37	43	46	47	49	51	54	61	67	74	89	96	106	107	
43	31
0	1	4	5	8	10	11	18	19	20	23	27	28	32	34	35	37	38	46	47	54	55	58	68	70	76	84	86	106	107	118	
43	32
0	1	2	7	8	10	11	14	18	21	26	27	30	33	34	35	38	39	43	49	51	52	55	57	58	60	66	74	76	86	106	130	
39	28
0	7	8	11	14	20	22	23	26	30	31	33	34	35	38	39	41	42	47	54	55	59	71	76	84	89	117	130	
33	27
1	3	4	5	7	8	12	14	17	18	20	21	23	26	27	33	34	35	36	38	43	55	60	66	68	70	76	
44	32
0	1	2	7	10	14	15	17	19	21	22	28	30	31	33	36	38	39	41	43	46	54	55	58	67	73	86	89	91	103	107	118	
41	30
1	3	7	8	10	12	13	18	19	21	25	28	30	31	32	34	40	43	52	54	55	56	60	70	71	74	76	86	106	107	
44	32
0	1	2	3	4	8	18	19	23	26	27	30	31	33	34	36	37	43	46	47	52	61	67	71	73	76	79	84	89	106	107	118	
43	31
0	1	5	7	8	15	19	20	21	22	23	30	31	33	34	37	42	51	52	54	55	56	60	70	71	74	76	84	104	106	107	
40	30
0	1	7	8	9	10	11	15	17	21	23	30	31	33	34	35	38	39	43	46	55	58	66	68	74	76	89	91	106	107	
37	28
0	1	3	4	8	10	12	17	18	19	25	27	28	30	34	35	36	38	42	54	60	67	70	74	76	84	89	107	
43	32
2	7	8	10	11	12	13	14	15	18	19	23	27	28	30	31	33	34	38	46	49	51	56	61	66	67	70	86	89	103	106	118	
39	30
1	3	4	5	10	12	15	20	21	27	28	31	32	33	34	36	37	40	42	43	46	54	55	58	59	67	70	74	76	104	
42	30
2	8	9	10	12	14	18	22	25	28	29	30	33	34	36	38	43	46	49	55	58	61	67	68	71	73	74	89	107	130	
37	30
1	3	5	8	10	11	12	14	17	18	19	20	22	28	30	31	34	35	40	42	43	47	52	54	61	71	74	76	79	89	
41	30
0	1	3	4	7	8	11	13	19	20	28	29	32	33	35	37	38	42	46	51	55	58	66	67	70	86	89	103	107	110	
45	34
0	1	4	7	8	13	14	18	19	20	22	26	28	32	33	34	35	38	41	43	46	50	51	52	54	59	66	67	68	70	74	89	96	118	
41	31
0	1	3	4	6	11	12	17	18	19	20	23	25	26	27	28	35	38	42	43	47	49	51	56	68	71	74	103	106	112	130	
41	29
2	4	7	8	10	11	14	19	20	21	23	28	31	33	34	35	42	46	54	56	58	66	74	76	89	103	104	107	118	
43	31
3	4	5	7	8	10	11	13	14	15	20	21	23	27	38	41	42	46	50	51	58	61	66	68	70	71	76	86	89	107	118	
41	30
1	2	4	5	7	8	12	14	17	20	21	28	31	33	34	35	42	43	46	47	52	61	66	70	71	74	76	86	112	118	
40	31
1	2	5	6	7	8	12	14	18	20	22	23	28	29	30	33	34	37	42	43	47	52	54	60	61	74	76	79	89	91	107	
39	30
0	1	3	4	7	8	12	14	17	18	19	28	30	31	33	34	36	38	43	46	49	51	55	60	66	74	76	89	103	118	
41	30
1	4	6	7	8	11	12	17	19	22	23	26	27	33	35	38	40	43	45	47	55	60	66	67	68	70	71	76	86	130	
45	31
1	3	5	7	8	14	15	17	18	28	29	33	34	37	39	42	43	46	47	55	58	61	66	67	70	74	86	89	107	108	130	
39	29
1	4	7	12	14	17	18	19	27	28	32	33	34	35	38	40	42	43	46	47	55	56	66	67	74	76	86	107	118	
35	28
0	1	3	7	8	10	11	13	14	15	18	20	27	30	31	33	34	35	41	46	50	55	60	66	68	74	76	107	
43	31
1	3	5	6	7	12	13	27	28	31	32	33	34	37	40	41	43	46	47	54	55	56	58	59	66	67	68	73	74	76	106	
42	33
1	2	3	4	6	7	11	12	13	14	17	18	19	20	21	27	32	33	34	37	41	42	46	49	52	59	60	67	76	86	96	106	130	
44	32
1	2	4	8	17	18	19	21	23	28	33	34	37	38	39	42	43	45	46	47	57	58	67	68	70	76	79	91	103	104	106	107	
36	28
1	3	7	8	10	12	15	17	18	20	23	26	31	33	35	36	38	41	43	51	52	55	60	70	76	86	96	118	
38	30
0	1	2	4	7	8	10	11	12	18	22	23	27	28	32	34	35	36	38	39	47	52	55	60	67	74	76	89	103	106	
37	30
1	3	4	7	8	11	12	13	15	17	18	20	23	28	30	31	32	33	35	37	38	39	43	55	61	68	70	86	91	106	
42	30
1	3	5	6	7	8	9	11	12	17	18	19	28	29	33	36	39	51	52	54	55	56	58	68	70	71	79	86	106	130	
43	32
0	1	3	4	7	8	10	13	20	25	28	30	31	32	33	34	35	37	42	43	46	47	51	61	67	74	76	91	103	106	110	118	
40	31
2	3	6	7	9	11	12	14	17	18	19	21	28	31	32	34	35	36	43	46	50	51	52	55	58	61	67	76	91	96	118	
38	30
3	8	9	11	14	15	17	18	19	20	22	23	26	31	33	38	40	42	43	46	47	51	55	58	66	67	68	74	103	106	
41	32
1	6	7	8	15	17	18	19	22	23	26	30	31	33	35	36	37	38	41	43	49	51	52	54	55	60	61	68	70	86	89	106	
43	32
1	3	4	5	7	8	10	12	15	19	21	28	31	32	34	37	38	40	41	42	43	47	50	51	54	58	60	79	91	117	118	130	
39	29
0	1	2	3	6	7	8	17	20	21	23	26	27	31	32	33	35	39	46	55	59	61	66	67	68	74	76	91	106	
47	32
0	1	5	7	8	14	17	19	20	21	23	25	28	32	33	34	43	49	54	55	58	59	61	68	71	73	76	86	103	104	106	117	
42	30
0	1	2	7	8	10	12	17	18	20	26	28	33	35	37	38	40	45	51	55	60	66	70	73	74	76	96	106	107	118	
42	33
1	4	7	9	11	12	18	19	20	22	23	25	26	31	33	34	35	37	41	42	43	46	47	51	54	55	58	60	61	67	86	103	106	
38	28
0	1	5	7	11	13	18	19	20	22	23	27	30	31	33	34	39	42	45	46	56	60	66	68	91	106	112	118	
42	30
1	2	3	6	7	8	10	15	23	25	28	30	31	34	35	38	43	45	46	55	60	66	68	71	74	76	89	103	107	118	
37	30
1	2	3	4	6	8	11	12	13	14	18	19	25	28	29	30	31	35	37	38	42	43	51	54	58	66	70	84	89	106	
40	30
2	3	7	8	11	13	14	15	17	19	22	23	28	30	32	33	35	40	42	43	50	51	54	56	61	66	74	103	117	130	
47	32
5	7	13	14	17	18	21	22	27	31	34	36	38	42	43	46	47	49	52	55	56	58	60	67	71	73	74	86	106	107	118	130	
42	31
1	3	7	8	10	11	12	13	14	15	17	19	20	30	31	33	35	40	41	42	43	56	58	68	70	74	86	89	106	107	118	
42	32
0	1	3	4	5	9	12	14	15	17	18	19	27	30	31	32	34	35	36	37	38	49	50	55	56	59	66	68	70	74	91	118	
45	32
1	7	12	15	17	19	20	22	23	27	28	31	33	34	36	38	43	46	47	51	55	58	61	66	67	68	70	82	86	103	106	130	
40	31
0	1	2	6	7	8	11	13	19	20	30	31	33	34	37	38	41	42	43	45	46	49	58	61	66	68	70	76	103	106	107	
37	29
0	1	2	7	8	11	12	13	14	19	20	26	28	30	33	34	35	38	43	45	49	56	61	66	67	70	89	106	107	
36	28
0	2	6	7	8	10	11	12	14	19	20	21	23	28	30	33	34	35	37	42	43	61	66	76	79	86	103	112	
40	31
0	2	7	8	13	14	15	17	19	20	23	28	31	32	33	34	37	42	43	47	49	51	54	55	56	61	66	70	71	82	86	
44	31
0	6	7	8	12	14	17	20	21	22	28	31	33	34	35	38	40	46	47	51	55	58	67	68	70	76	89	96	106	117	118	
41	31
1	6	13	14	17	18	19	23	25	26	27	28	31	33	34	38	43	45	46	47	49	51	56	61	76	79	89	103	106	107	118	
36	29
0	1	2	3	7	8	12	17	18	20	21	26	28	30	31	33	35	36	38	43	47	52	54	55	67	74	76	86	96	
37	32
1	2	4	8	9	12	15	17	18	19	20	21	22	23	25	26	31	33	34	35	36	37	38	42	43	45	46	68	71	74	76	106	
41	32
3	7	11	12	13	14	15	17	19	20	22	23	26	28	31	32	34	37	40	42	45	46	47	51	55	58	66	68	86	89	96	118	
38	27
0	2	4	7	8	11	18	19	20	28	32	33	34	35	38	42	43	47	56	66	67	76	84	86	103	117	130	
37	29
0	1	2	6	7	8	12	18	19	21	22	26	28	30	34	37	38	39	41	42	46	58	59	60	66	67	76	104	106	
44	30
8	9	11	12	14	15	17	18	19	25	28	34	35	42	46	49	50	51	58	59	61	66	67	68	76	89	103	104	117	118	
38	29
0	1	2	6	7	11	12	13	17	18	19	28	30	33	34	40	43	45	46	50	51	55	56	57	60	66	67	76	112	
40	30
1	3	7	8	9	10	12	14	15	17	18	28	30	34	37	38	41	43	46	50	54	55	60	61	66	67	74	89	106	107	
39	30
0	1	2	7	8	12	14	15	17	18	20	22	28	31	33	35	37	38	41	46	47	51	54	55	60	67	76	89	107	112	
39	32
0	1	2	3	4	7	8	11	14	15	17	18	19	20	21	25	26	27	28	31	32	33	36	37	46	47	61	73	86	89	107	118	
38	30
0	1	2	3	4	5	7	8	12	14	18	20	26	28	30	31	34	37	39	41	45	46	51	58	61	66	67	70	86	118	
37	29
1	2	4	8	10	12	14	17	18	23	26	28	31	32	33	34	35	38	39	43	51	52	55	60	76	89	91	107	118	
40	31
1	2	3	7	8	10	12	13	17	18	19	21	26	28	30	31	33	34	36	40	46	47	49	55	59	67	76	91	96	103	118	
36	27
0	4	7	8	10	12	19	20	21	26	28	30	33	34	37	38	42	43	49	50	55	60	71	74	107	112	118	
41	31
1	4	7	8	11	12	13	15	19	20	25	30	31	33	34	38	39	40	41	42	43	47	54	61	66	67	70	86	106	107	118	
41	31
3	7	8	10	13	14	15	18	19	20	21	27	28	31	33	34	35	42	43	46	49	50	54	58	67	71	74	76	89	96	112	
40	30
7	9	11	12	13	14	15	18	20	22	26	28	33	36	38	40	41	43	45	47	54	55	56	58	67	73	79	96	103	107	
41	30
1	4	7	12	17	18	19	21	22	23	26	28	31	32	33	34	36	41	45	46	55	56	60	61	74	76	79	91	106	118	
45	33
3	5	11	12	14	17	18	19	20	21	22	23	28	37	38	42	43	46	50	51	52	55	56	58	61	70	71	73	76	79	86	91	103	
40	31
0	1	2	7	8	11	12	17	19	20	21	30	31	32	33	37	38	40	41	42	46	49	55	60	66	74	76	79	86	103	107	
40	31
3	7	8	9	10	11	12	15	17	19	20	21	22	23	27	28	31	32	34	37	38	46	50	55	61	66	67	76	86	106	118	
38	29
1	2	3	4	7	8	10	14	17	18	19	23	27	28	38	39	42	43	46	49	51	59	61	66	76	89	103	107	118	
42	31
1	2	3	4	7	8	12	14	18	20	23	27	28	29	33	35	37	38	43	46	51	54	58	61	66	71	74	76	104	107	110	
38	29
1	3	4	5	6	7	8	12	17	18	19	26	27	28	29	37	42	43	51	52	58	66	68	71	74	76	89	106	107	
38	31
0	3	4	5	6	7	8	15	17	18	23	28	29	31	32	34	37	38	39	42	47	49	51	52	55	61	67	74	79	86	89	
37	30
0	3	4	6	7	8	12	14	15	19	20	21	22	28	32	33	34	38	41	43	46	49	50	66	67	74	76	84	86	89	
45	31
1	2	3	7	8	10	19	20	21	26	27	28	33	37	38	43	47	49	51	54	56	58	61	67	70	71	73	76	86	112	130	
38	31
0	1	3	5	7	8	11	12	14	17	18	19	26	30	31	32	33	34	38	41	43	46	49	51	52	55	60	67	68	89	118	
41	33
1	2	3	5	7	12	15	17	18	19	20	21	23	26	30	31	32	33	35	37	38	41	42	43	46	51	66	73	86	103	104	107	117	
37	30
0	1	4	7	11	12	13	14	17	18	19	23	26	27	31	32	33	34	36	38	43	46	47	55	57	60	68	70	76	86	
35	29
1	2	3	7	8	12	15	17	19	20	23	28	30	33	34	35	36	38	39	40	43	46	47	60	66	67	89	96	107	
42	29
1	7	8	12	15	17	18	20	23	25	31	33	34	35	36	37	43	55	61	66	67	68	70	73	74	84	106	107	118	
38	29
1	11	12	13	14	15	17	18	19	31	32	33	34	37	39	42	43	46	47	51	54	55	67	68	74	76	86	89	107	
43	31
1	3	7	8	13	15	17	18	19	20	23	28	31	32	35	38	42	46	52	55	56	61	67	70	71	73	74	76	84	106	107	
40	29
2	4	7	8	11	17	19	20	21	23	26	31	33	34	35	41	42	46	50	56	60	66	68	74	76	104	106	107	110	
36	31
0	1	2	3	7	8	9	11	12	14	17	18	19	20	23	25	28	29	31	33	35	38	43	45	51	52	70	76	89	103	106	
42	30
1	3	6	7	8	12	15	17	18	20	22	23	27	28	33	35	40	43	47	56	58	60	61	67	68	74	79	96	107	117	
39	30
1	2	3	5	7	8	9	12	17	18	28	30	31	33	34	37	38	39	46	49	52	55	56	58	66	67	71	76	86	96	
41	30
1	2	4	7	8	12	13	14	15	18	19	20	23	26	27	32	33	34	38	46	47	54	67	68	71	76	106	107	118	130	
38	30
2	3	4	6	7	8	12	13	14	15	18	19	21	25	28	33	34	35	36	38	43	46	50	54	66	67	71	76	89	118	
38	31
0	1	2	3	4	7	8	10	11	13	15	19	20	21	26	28	31	32	34	35	39	43	45	49	68	70	76	91	96	106	107	
41	31
1	6	7	17	19	22	23	25	27	28	29	30	32	33	34	35	36	40	42	43	45	46	55	58	66	67	68	70	71	103	108	
38	30
0	1	2	4	6	7	10	11	12	14	19	26	28	33	34	35	38	42	43	46	47	51	52	58	76	79	89	104	106	117	
40	30
4	6	7	8	10	12	14	17	18	21	22	23	28	33	34	35	36	37	38	41	43	47	54	55	67	71	76	89	117	118	
38	30
0	1	2	3	4	7	8	12	14	18	19	22	27	28	33	34	37	38	41	43	46	51	55	56	66	67	76	89	96	107	
42	32
1	3	4	6	7	8	12	13	14	17	18	20	23	26	27	32	34	35	36	37	42	47	49	55	58	59	66	70	76	79	86	130	
37	31
0	1	2	3	4	7	10	11	14	17	18	19	20	21	27	33	37	38	41	42	43	45	46	47	52	60	70	74	76	86	106	
36	29
1	7	8	10	12	14	15	17	18	20	26	32	33	35	36	37	38	41	42	43	51	52	54	55	61	66	67	68	74	
42	29
3	5	7	8	11	14	17	18	19	20	29	32	33	40	42	43	47	49	56	58	61	66	67	68	70	74	106	108	118	
39	32
1	3	7	8	9	10	12	15	17	18	20	23	26	31	32	34	35	36	37	38	41	42	43	46	47	55	58	67	68	71	106	107	
42	30
1	3	4	5	7	12	13	14	15	17	21	26	28	32	33	34	42	43	46	51	55	56	58	66	67	68	86	89	117	118	
37	29
1	2	3	5	7	11	13	14	20	25	26	27	28	30	31	33	38	42	46	47	51	56	61	68	74	76	86	104	106	
40	33
1	2	3	7	8	11	12	14	17	18	19	20	21	26	27	28	31	33	34	35	38	40	41	43	47	52	55	61	66	67	76	89	106	
37	30
1	4	6	7	8	13	15	18	19	20	26	27	28	33	34	35	37	38	40	42	43	46	47	54	59	67	71	76	103	106	
38	29
0	1	3	4	5	6	11	12	15	17	18	19	20	27	28	33	34	38	42	46	51	54	57	60	66	67	91	106	117	
36	29
1	2	3	7	8	10	12	23	26	27	28	31	32	33	34	35	37	39	43	47	50	51	52	61	67	76	86	96	130	
42	29
0	3	4	8	10	12	14	15	17	18	28	34	35	38	39	46	47	54	58	59	61	66	67	70	71	74	76	89	118	
42	33
1	4	7	9	11	12	13	14	17	18	19	20	22	27	31	32	35	37	38	41	42	47	51	52	55	56	67	68	76	89	103	106	107	
37	28
1	4	7	8	12	14	18	20	27	28	30	31	33	34	35	36	43	46	49	55	61	66	68	73	74	86	91	106	
36	29
0	1	3	4	5	7	8	11	12	13	15	19	20	21	22	23	28	31	34	35	43	52	58	66	67	74	89	91	106	
40	30
1	7	13	14	15	18	19	20	25	26	28	30	31	33	35	36	41	42	43	46	47	55	58	61	68	70	71	74	76	118	
40	30
1	3	4	5	7	8	9	12	13	14	17	18	19	27	28	33	34	43	46	49	50	51	55	60	66	73	74	107	108	118	
35	29
1	2	3	5	7	8	9	12	13	17	18	19	20	25	26	28	33	38	41	43	46	47	49	56	58	66	67	106	107	
39	31
1	3	5	8	11	12	14	15	17	18	19	20	23	25	27	29	30	31	33	34	37	47	49	51	55	66	67	71	106	107	112	
44	31
1	2	3	5	7	8	9	11	12	23	26	28	30	31	33	34	37	38	43	46	55	58	59	66	68	73	76	86	96	112	118	
37	28
0	2	3	6	7	10	15	19	22	23	28	30	31	34	37	38	42	43	46	47	54	55	67	68	79	106	107	118	
40	31
1	3	4	7	8	11	12	14	15	17	18	28	30	31	34	35	37	38	39	40	41	52	55	58	66	67	68	70	89	106	107	
41	30
0	1	4	5	7	10	12	13	17	18	20	21	26	27	28	31	34	35	42	46	51	55	66	71	74	76	91	106	112	117	
39	28
0	1	2	3	5	7	9	10	15	20	22	23	27	28	30	33	35	42	52	55	60	73	103	104	106	107	117	130	
39	29
0	1	4	8	14	17	18	19	20	22	23	27	29	31	34	37	38	42	46	47	51	55	56	67	68	76	86	118	130	
41	31
0	1	7	8	9	10	13	15	20	24	25	27	28	29	32	34	38	39	42	43	49	51	55	58	61	66	67	68	70	107	118	
41	29
0	1	6	8	12	17	18	19	20	21	23	31	33	34	35	37	38	43	47	56	60	61	73	76	86	103	106	112	118	
40	30
0	1	4	6	7	12	15	17	18	19	28	30	31	32	33	34	35	38	43	45	46	55	56	59	60	66	74	76	103	118	
39	30
0	1	2	7	8	10	13	19	20	21	22	26	28	30	31	33	34	35	36	42	46	51	55	66	67	70	74	76	106	118	
41	31
1	2	4	7	8	11	13	18	19	20	23	26	30	31	33	36	39	40	42	46	47	54	55	58	61	68	74	76	79	89	106	
37	30
1	2	3	6	7	8	11	12	14	15	18	19	21	22	27	28	31	32	37	40	43	46	47	51	58	66	67	70	104	118	
40	32
0	2	3	5	6	7	8	12	14	15	17	18	20	22	23	25	27	30	31	32	33	38	46	47	55	60	68	73	79	86	89	107	
36	28
1	7	8	9	12	14	15	17	18	19	25	28	30	31	33	34	35	38	43	46	55	66	68	70	76	86	89	107	
42	32
0	1	2	8	10	14	15	17	18	19	21	26	28	30	31	32	33	34	35	38	43	45	46	61	67	68	73	79	84	91	103	118	
41	31
1	2	3	7	8	9	11	12	13	14	19	22	23	26	27	30	33	34	35	38	43	52	55	60	66	68	74	91	106	107	130	
42	31
0	5	7	8	10	11	17	18	19	23	25	28	33	34	35	37	38	39	42	46	51	58	61	66	67	74	76	89	103	106	130	
33	28
1	2	4	7	8	12	13	14	19	20	26	28	30	32	33	34	35	37	38	42	43	47	49	66	67	70	71	107	
44	32
1	4	7	8	11	13	18	19	22	23	28	29	30	31	33	34	39	42	46	50	56	60	61	67	68	71	74	82	89	96	104	107	
40	30
1	2	4	7	8	10	12	17	19	20	21	26	27	28	29	31	34	35	37	43	47	51	54	55	61	67	89	106	112	118	
41	31
0	2	4	7	8	9	10	11	13	17	19	20	23	28	32	33	39	41	42	46	50	51	56	58	60	66	76	79	89	91	108	
37	30
1	2	3	4	7	8	12	14	15	17	18	19	21	23	26	28	31	32	34	36	37	38	46	47	70	76	84	106	107	118	
42	32
0	1	3	4	5	7	8	10	12	14	18	27	28	30	34	37	38	39	40	43	45	50	54	61	67	68	70	74	76	89	104	106	
45	32
1	4	5	8	9	11	12	13	17	20	21	23	25	28	34	38	42	43	46	52	55	59	66	68	71	74	76	79	86	104	106	108	
41	30
1	3	4	7	8	13	14	17	19	20	23	28	31	32	34	35	37	42	47	54	58	61	70	74	76	91	96	103	104	106	
44	31
3	5	7	8	10	11	12	14	17	18	19	20	21	23	27	29	32	33	35	51	55	60	61	67	68	71	74	84	86	117	118	
42	30
0	1	2	8	12	15	18	20	21	23	27	28	30	32	33	35	37	38	43	46	55	58	60	67	68	74	76	79	108	118	
39	30
0	1	4	8	10	12	14	18	19	20	25	28	30	33	34	35	37	38	43	47	49	54	55	61	70	71	74	76	79	89	
40	30
1	3	7	8	12	15	17	19	20	21	23	28	29	31	32	33	34	40	47	52	55	58	60	70	74	76	91	96	104	106	
37	29
0	1	2	4	8	12	13	14	17	18	20	22	28	29	31	33	34	35	37	47	49	51	54	55	70	76	86	106	112	
40	30
1	2	3	5	7	8	12	14	20	23	25	28	30	33	34	37	38	41	43	45	47	61	66	67	68	74	86	89	107	112	
38	30
0	1	2	3	5	7	8	14	18	20	28	29	30	31	34	35	37	38	42	45	46	51	55	67	68	70	76	84	86	107	
41	32
1	4	6	7	9	10	14	15	17	19	20	23	28	30	32	34	35	36	38	43	46	47	49	52	55	56	59	74	89	106	107	118	
41	31
0	1	7	8	10	12	13	17	18	19	26	28	30	31	33	34	35	38	39	42	43	52	60	67	73	74	76	89	106	107	130	
42	31
1	2	5	6	8	10	11	12	13	14	19	20	23	26	28	30	34	41	42	43	52	54	59	61	68	74	76	89	104	107	118	
42	30
0	1	2	3	5	7	8	10	17	18	23	28	31	32	33	34	35	41	50	56	59	61	66	67	68	73	76	84	86	117	
40	32
0	1	2	5	7	8	12	13	14	18	19	20	22	28	30	33	34	38	40	41	42	43	46	52	61	66	67	70	76	91	106	107	
35	29
0	1	4	6	8	9	12	14	18	19	23	27	28	29	31	34	35	37	38	39	42	46	47	54	55	67	76	86	106	
38	30
0	6	7	8	10	14	15	20	21	23	25	26	28	31	33	34	35	38	41	43	45	46	55	61	67	68	71	76	91	103	
38	29
0	1	5	8	11	12	14	18	19	23	27	29	32	33	34	35	37	38	43	47	54	55	56	61	68	70	76	79	91	
36	28
0	1	2	5	7	8	12	14	18	20	23	26	28	30	33	34	37	38	40	43	46	55	66	68	71	76	106	110	
37	30
1	4	7	8	9	10	11	13	14	19	20	28	30	32	33	35	36	38	40	42	43	46	51	58	66	71	73	74	89	91	
43	31
0	1	8	11	12	17	18	23	26	28	33	34	35	36	37	38	39	43	46	47	49	55	56	58	68	71	79	89	107	118	130	
40	31
1	3	4	7	8	12	14	17	18	19	27	28	31	32	33	34	35	43	46	49	51	52	55	58	61	66	67	68	70	76	107	
41	31
1	4	6	7	12	14	17	18	19	22	23	25	26	27	29	35	41	43	47	51	52	60	66	67	68	70	71	74	76	106	107	
39	29
1	2	7	11	14	17	19	21	23	27	28	31	32	33	34	36	38	40	46	47	56	58	61	68	74	76	79	89	117	
42	31
2	4	7	11	12	14	18	20	21	23	28	30	31	32	35	36	37	38	40	50	51	55	59	61	66	70	71	84	104	106	112	
40	31
1	3	5	7	8	11	12	15	18	20	22	28	30	31	33	36	37	40	41	42	43	46	55	61	66	68	70	71	74	76	104	
42	31
0	1	3	4	6	7	8	13	15	18	19	20	22	28	31	34	35	42	43	46	51	55	56	59	61	67	68	73	103	106	118	
40	31
0	1	3	4	7	8	10	12	14	19	20	22	23	28	31	33	34	37	38	41	43	47	54	60	67	68	70	74	76	89	107	
42	33
0	2	4	6	8	10	11	12	13	15	17	18	19	20	22	33	34	35	36	40	42	43	47	51	52	54	66	67	71	74	79	106	118	
40	28
1	4	7	8	17	19	23	26	28	29	31	34	38	39	46	47	52	58	59	66	67	68	76	89	91	106	107	118	
43	33
0	1	2	3	4	7	8	11	12	18	19	20	26	30	31	32	33	34	38	41	42	46	49	52	58	66	67	68	70	76	86	91	118	
44	34
2	4	6	7	8	13	17	18	19	21	26	28	30	32	33	34	35	38	40	43	45	46	50	51	52	66	68	73	76	96	103	106	107	130	
38	29
2	3	4	6	7	8	11	17	18	19	25	26	28	31	32	33	35	38	42	46	47	50	61	66	74	76	106	117	130	
39	31
1	3	8	12	14	17	18	19	20	21	23	26	27	28	31	32	33	34	37	38	43	46	47	49	55	56	66	70	86	91	118	
38	29
1	4	6	7	8	10	12	13	15	17	19	23	26	28	30	31	33	40	42	43	46	55	56	58	61	68	76	107	118	
36	28
1	2	5	7	8	10	11	12	13	15	17	20	21	26	31	33	34	35	42	46	55	56	58	66	67	68	74	107	
37	30
1	2	3	4	7	8	11	12	13	17	18	20	21	23	25	26	27	31	32	33	35	36	47	55	68	73	76	91	106	107	
38	30
0	1	4	6	7	8	12	17	19	20	21	22	23	26	27	28	30	33	34	38	42	43	46	66	68	70	76	86	89	130	
41	30
1	2	4	6	7	8	18	19	23	27	28	29	37	38	40	42	43	46	47	55	56	58	67	68	76	79	89	91	103	107	
35	28
1	2	4	7	8	11	12	15	17	18	25	28	30	31	33	34	35	39	42	46	47	60	61	66	76	86	96	106	
38	28
2	7	8	10	12	14	23	26	28	33	34	35	36	38	40	46	47	49	51	54	55	56	61	66	71	76	89	130	
38	31
2	4	5	7	8	10	11	12	13	14	15	18	22	26	29	32	33	34	35	38	39	46	47	51	54	55	60	66	67	68	71	
38	30
1	6	7	8	12	13	14	18	19	20	22	26	27	30	31	32	33	34	38	41	42	45	57	61	66	70	71	84	89	107	
38	30
1	3	4	5	6	7	12	13	14	17	18	19	27	28	33	34	35	36	40	42	43	46	51	54	55	66	76	96	106	112	
41	31
1	5	7	8	11	12	13	14	17	18	19	21	22	23	27	28	33	34	36	38	43	46	60	61	66	68	74	76	89	103	130	
42	31
1	4	7	13	14	17	19	20	24	26	28	30	31	33	34	37	42	43	46	49	52	55	56	61	66	67	74	76	91	106	118	
38	31
1	2	3	5	8	11	14	18	19	20	26	31	33	34	35	37	38	39	40	41	42	45	46	50	54	56	70	76	84	86	89	
39	30
3	5	10	11	12	14	17	18	19	20	21	22	23	28	29	37	38	42	43	47	49	51	55	56	61	67	73	86	107	118	
42	30
0	1	5	8	9	12	13	18	21	22	29	30	31	33	34	41	43	51	52	55	56	61	67	68	71	76	82	86	103	130	
42	31
0	1	4	8	11	12	17	19	20	27	28	32	33	34	35	38	39	42	46	47	51	54	59	66	68	76	86	89	91	103	130	
42	33
3	4	7	8	11	12	18	19	20	21	26	27	28	31	32	33	37	38	42	43	46	47	49	51	55	61	66	67	70	74	96	104	107	
45	32
2	3	5	7	8	14	18	23	26	27	31	32	33	34	35	36	39	42	49	50	51	58	60	61	66	67	68	70	71	79	118	130	
39	32
1	3	4	8	12	14	18	19	20	22	27	28	30	31	32	33	34	35	37	38	41	42	43	51	52	54	55	58	66	68	70	76	
37	28
1	2	5	6	7	13	18	21	23	27	28	29	31	33	40	42	43	46	47	55	56	58	61	67	68	74	76	86	
43	31
1	3	4	8	9	11	13	17	18	19	23	28	30	31	32	37	38	40	46	51	54	55	67	68	84	86	89	91	103	107	118	
38	30
1	4	5	8	12	14	17	18	19	20	21	26	28	29	31	33	34	38	42	43	47	52	54	61	70	71	74	86	103	107	
37	30
1	2	3	8	9	10	12	13	14	15	17	20	26	31	32	33	35	36	37	43	46	50	51	52	59	61	67	71	74	130	
39	28
1	2	3	5	7	12	13	15	17	20	23	28	30	31	35	36	42	43	46	55	66	67	70	71	89	107	112	118	
42	32
4	7	8	10	12	13	15	20	21	26	28	32	33	35	38	41	42	43	46	47	50	51	52	55	56	60	71	73	74	76	104	118	
39	28
1	3	7	8	13	19	20	21	23	28	31	34	35	37	39	51	52	55	56	58	61	67	68	70	76	79	89	104	
35	30
2	3	4	6	8	15	17	18	19	20	23	28	29	31	32	34	35	37	38	40	42	43	46	47	50	58	61	68	76	106	
39	30
0	1	7	8	9	12	14	15	17	21	24	28	30	31	33	34	35	38	40	43	46	54	55	56	58	66	73	76	82	86	
44	32
0	3	4	7	8	11	14	19	22	23	28	31	34	35	36	40	42	43	46	49	50	51	66	67	76	82	86	89	104	107	118	130	
40	32
1	3	4	6	7	8	11	12	13	15	17	18	19	20	21	27	31	32	35	37	38	42	43	51	52	55	61	68	74	79	106	130	
41	31
0	2	4	6	8	9	10	12	13	14	15	18	19	26	28	30	31	32	33	34	46	47	61	67	68	73	74	84	89	107	112	
41	30
0	3	5	7	8	10	11	12	14	19	20	21	22	27	28	34	38	47	49	50	54	56	58	66	73	74	86	96	107	118	
39	31
3	5	6	7	8	13	14	15	17	18	20	24	26	30	31	32	33	38	42	43	46	47	51	55	61	67	68	74	84	106	107	
42	30
0	1	2	6	7	8	10	15	17	19	26	27	28	34	35	38	42	45	47	51	55	66	71	73	76	103	106	107	117	130	
36	29
1	5	7	8	10	12	14	15	17	18	20	21	26	32	33	34	35	38	41	43	46	47	51	55	61	67	68	104	112	
41	32
1	3	8	10	11	13	14	15	17	18	19	23	26	27	31	32	33	37	41	42	43	46	51	59	60	66	68	74	76	89	103	106	
40	31
3	4	7	10	11	12	17	18	19	21	26	31	34	36	37	38	40	41	46	47	49	51	54	55	56	60	61	67	76	84	86	
35	28
1	3	5	7	8	12	14	17	18	19	23	28	29	30	32	33	34	38	43	49	52	55	66	67	76	89	106	107	
40	30
1	4	7	8	13	14	17	18	19	20	21	26	29	31	33	34	37	38	40	43	46	47	55	61	67	68	76	86	118	130	
42	30
1	2	4	5	7	8	10	17	20	21	26	28	33	34	36	38	43	46	47	61	66	67	70	74	76	84	96	106	107	130	
37	31
1	2	4	7	8	11	12	14	18	19	20	23	26	27	28	31	32	33	34	35	37	38	43	46	47	56	68	76	79	86	107	
40	32
0	2	4	8	9	12	13	15	18	19	22	24	27	28	32	33	34	36	37	38	41	42	46	47	51	55	59	61	66	67	104	130	
41	31
0	1	2	3	6	7	8	13	15	19	20	21	23	25	28	33	41	42	43	46	52	58	61	66	67	70	74	76	89	106	107	
41	30
2	5	7	8	10	11	12	14	17	18	21	28	29	33	34	36	38	43	47	54	55	58	61	67	70	76	79	89	106	107	
39	29
0	1	3	4	8	9	18	20	23	30	31	34	36	37	38	40	42	46	49	51	55	56	66	67	71	74	76	106	118	
38	30
1	3	6	7	8	14	15	17	18	19	23	28	31	32	34	35	37	38	39	42	43	46	47	56	58	67	74	76	89	118	
44	33
1	2	4	11	12	13	14	17	18	19	20	28	30	31	33	34	36	37	38	43	46	49	51	54	55	56	60	67	68	71	76	91	118	
43	33
1	2	3	4	7	8	11	12	14	18	20	21	28	30	31	33	34	35	37	39	43	45	46	49	59	61	68	71	76	86	106	107	112	
42	32
3	6	7	11	14	15	17	21	22	23	28	30	31	32	33	35	36	38	43	47	49	52	54	55	61	67	68	71	74	82	89	91	
40	31
2	4	7	8	11	12	14	15	17	18	19	20	21	32	33	34	38	40	41	43	47	50	51	54	61	66	67	68	70	73	118	
39	30
1	4	7	8	12	13	17	23	26	28	31	33	34	35	38	39	42	43	46	47	52	55	60	66	68	76	86	91	106	107	
39	28
0	1	4	8	12	13	18	27	28	29	34	35	37	38	41	43	46	51	54	55	59	66	67	68	76	84	91	118	
46	33
1	5	8	9	12	13	14	17	18	20	26	30	33	34	36	37	38	41	46	49	51	55	56	58	61	66	67	68	89	96	104	107	118	
42	31
0	1	3	5	7	8	15	19	21	23	25	28	34	35	37	38	39	40	43	46	54	56	58	66	67	70	76	84	89	106	107	
42	32
1	2	7	11	12	13	14	17	18	19	20	22	26	27	31	33	35	38	40	41	42	47	51	54	59	66	67	70	71	76	106	130	
42	31
1	2	4	5	6	7	12	15	17	23	27	28	30	31	32	33	38	40	41	46	55	56	59	66	67	68	70	73	74	82	107	
38	30
2	3	6	7	8	9	10	12	17	19	20	21	23	26	28	35	37	38	39	40	43	47	51	60	66	70	89	103	106	117	
34	28
1	2	3	7	8	12	13	14	19	20	21	23	27	28	31	32	33	34	35	36	37	43	66	70	71	76	96	107	
45	33
1	3	4	7	8	10	12	14	17	18	25	28	31	33	34	35	36	37	38	43	47	49	55	58	66	67	70	71	74	89	91	106	112	
42	31
1	2	8	10	12	13	15	17	18	19	23	25	28	30	31	33	34	38	40	46	47	55	61	67	68	70	76	79	86	107	118	
36	29
0	1	6	7	8	10	11	12	14	17	18	20	27	28	33	35	39	41	42	45	46	47	58	61	67	68	74	76	86	
44	29
1	3	5	7	12	13	14	20	27	30	33	34	36	40	41	42	51	54	55	56	58	59	66	71	96	106	112	117	118	
42	30
1	8	12	15	18	19	20	23	28	30	31	33	34	35	41	42	46	49	51	54	61	66	68	74	76	89	91	106	107	108	
42	30
1	2	3	4	6	13	17	18	19	23	27	28	30	31	37	38	42	43	46	52	55	56	61	66	73	76	106	107	117	118	
40	32
7	8	11	14	15	17	18	19	20	21	23	26	28	31	32	34	37	38	41	42	43	47	49	52	55	59	60	61	67	74	84	107	
43	30
1	3	4	7	8	9	11	12	14	18	20	29	30	33	39	40	46	51	54	58	60	61	66	67	68	74	76	86	106	117	
39	29
0	2	4	6	7	8	10	14	15	19	20	21	27	28	30	34	35	37	39	46	55	58	61	67	68	70	76	106	118	
38	32
1	3	4	7	8	9	12	13	14	17	18	19	23	26	27	31	34	35	36	37	39	41	42	47	51	52	55	56	58	86	89	106	
44	32
2	3	7	8	11	13	14	19	21	22	23	27	28	29	30	34	36	42	43	47	51	52	55	57	58	60	66	67	74	106	117	118	
41	31
1	5	7	8	9	12	13	14	17	18	19	20	21	22	26	30	33	35	36	38	41	43	68	70	73	74	89	96	106	107	130	
37	30
1	2	3	4	7	8	12	14	17	19	20	23	26	28	31	32	33	38	40	46	47	49	51	55	56	66	76	89	91	107	
39	30
1	4	7	8	9	11	12	14	18	19	20	23	26	32	33	34	35	38	41	43	45	51	55	66	67	71	74	76	103	117	
37	30
1	4	7	8	9	10	11	12	14	17	19	20	23	25	33	34	35	36	38	41	43	46	47	56	58	68	79	84	89	107	
38	31
2	3	4	6	7	10	14	15	19	20	23	26	27	28	31	32	33	38	42	43	46	47	49	50	56	58	60	68	76	79	107	
35	30
1	2	3	4	7	8	12	18	19	20	21	23	26	28	30	31	33	34	35	38	39	41	43	49	52	55	56	66	68	76	
46	32
1	3	6	7	8	10	11	15	17	19	23	28	30	32	36	39	40	41	46	55	61	66	67	70	71	73	74	76	86	104	106	130	
41	31
1	3	4	5	8	11	12	14	15	17	18	19	20	23	29	30	31	33	34	40	46	49	51	56	60	68	96	103	106	118	130	
41	30
1	3	4	5	7	8	17	22	23	27	28	32	33	34	37	38	41	42	46	58	61	66	67	74	76	84	86	89	103	107	
42	29
0	1	2	3	5	8	11	18	19	20	26	27	28	31	33	39	42	47	49	54	56	61	66	104	106	107	108	112	117	
41	30
1	6	13	15	17	18	19	20	26	27	28	32	33	36	40	42	43	49	51	52	54	55	59	67	71	73	74	79	103	117	
41	30
1	2	6	7	8	10	12	15	20	25	27	28	31	34	35	37	38	43	46	55	58	61	66	67	76	82	84	89	96	106	
37	30
0	1	7	8	9	10	11	12	15	19	20	25	27	28	31	32	34	35	38	42	46	47	49	54	58	67	74	76	103	106	
42	30
1	3	7	8	12	15	17	18	22	23	25	28	30	31	33	34	35	39	43	50	59	61	67	70	73	79	86	89	110	118	
37	28
1	3	7	8	13	15	17	19	20	21	22	23	27	28	31	33	34	35	43	46	47	60	66	67	74	107	118	130	
42	32
1	7	8	12	14	15	18	20	23	27	28	31	32	33	34	35	36	43	45	46	47	50	52	55	58	73	76	79	103	104	107	130	
37	30
0	2	3	5	6	7	8	10	12	19	22	23	28	29	30	31	34	35	37	38	40	42	46	51	56	66	67	89	106	130	
39	31
0	2	4	6	7	8	10	11	13	14	19	21	23	26	28	30	31	33	34	43	45	46	52	55	61	66	67	68	74	76	86	
39	29
1	8	12	15	17	18	19	20	22	28	29	30	31	33	34	35	37	45	51	52	55	57	61	67	84	86	89	107	112	
39	30
0	4	7	8	10	12	14	15	17	18	19	23	28	31	33	34	35	39	46	47	52	54	55	61	67	71	76	86	96	107	
38	31
0	3	4	6	7	8	12	14	15	17	18	19	20	28	30	32	33	34	35	38	43	47	50	51	52	56	57	59	61	67	118	
42	30
1	2	3	7	8	12	13	14	19	21	22	27	28	31	33	34	38	40	43	46	55	61	67	76	84	86	104	106	117	118	
36	30
0	1	4	7	8	12	14	15	17	18	20	21	25	28	31	33	34	35	38	40	41	42	43	46	54	55	60	61	66	76	
46	31
1	2	8	12	14	17	18	19	21	23	26	27	31	33	34	46	51	58	60	67	68	76	86	89	91	96	103	104	106	107	118	
40	32
0	1	7	8	10	11	13	15	19	20	21	22	26	27	28	30	31	33	34	35	39	43	46	52	56	57	58	59	60	68	71	76	
38	30
1	3	7	8	12	13	14	18	19	21	22	26	28	30	31	33	34	35	43	50	51	52	54	60	71	74	76	86	96	107	
42	32
2	3	4	5	6	8	9	15	18	21	23	26	27	28	33	34	35	37	45	49	50	51	58	61	66	67	73	74	76	89	106	107	
37	29
8	10	11	12	14	15	18	19	20	22	26	27	30	31	33	34	35	36	43	49	52	54	55	61	66	74	76	86	91	
38	29
2	4	7	8	13	15	19	20	23	27	28	29	31	32	33	34	37	42	47	49	55	58	60	61	66	70	71	74	76	
41	30
6	8	11	15	18	19	21	23	31	33	34	35	37	38	39	46	47	49	50	54	55	58	67	68	71	74	76	84	89	107	
41	30
0	1	4	5	12	14	17	18	19	20	26	33	34	35	37	38	41	42	43	46	51	54	55	60	68	74	76	106	112	130	
41	30
2	3	8	11	12	14	15	18	19	27	31	33	34	35	37	41	46	47	51	54	55	58	60	61	67	73	76	86	96	107	
39	30
1	3	5	8	11	15	17	18	19	22	23	25	26	28	30	37	38	41	42	43	49	54	60	66	67	70	73	103	106	107	
41	32
0	1	2	4	7	8	10	11	17	20	25	26	28	31	32	33	34	35	37	38	42	43	46	47	52	55	60	71	73	89	110	112	
39	31
0	1	8	10	13	15	17	18	19	26	28	30	33	34	35	38	39	40	42	43	46	51	52	54	59	60	61	70	76	89	91	
41	31
1	2	3	4	5	7	8	11	12	14	15	18	27	28	30	31	33	34	35	39	45	55	61	67	68	70	74	86	103	106	107	
39	28
1	5	7	8	11	12	14	15	18	20	21	25	26	27	32	33	46	49	55	56	58	59	61	68	70	86	89	108	
42	31
0	1	4	5	7	8	12	15	17	18	19	21	23	28	29	34	38	39	41	45	50	52	59	60	66	67	71	91	106	118	130	
37	30
0	8	9	11	12	13	17	18	19	20	21	26	31	32	33	37	40	41	42	43	46	47	49	50	67	68	74	89	106	108	
40	30
1	2	4	6	7	8	10	11	12	15	18	19	21	23	32	33	36	37	40	43	46	55	58	60	61	66	74	86	107	112	
38	28
0	1	5	7	8	11	12	17	18	20	26	29	30	31	33	34	35	37	39	40	54	55	60	76	86	106	112	118	
40	29
0	1	2	7	8	9	10	15	20	23	27	28	31	32	35	38	40	46	47	49	55	58	67	70	74	89	107	118	130	
37	31
1	3	7	8	9	10	11	12	15	20	23	25	27	30	31	32	33	34	35	38	40	46	47	49	50	55	61	67	68	76	89	
45	33
0	1	7	8	20	22	23	28	31	32	33	34	35	41	43	45	46	49	50	51	52	56	61	66	67	68	73	82	84	89	91	106	107	
39	30
0	1	3	5	8	10	12	14	15	17	18	19	20	21	24	28	33	34	35	38	43	46	54	56	60	68	70	86	107	118	
38	27
1	2	3	7	8	10	12	15	20	23	28	30	31	32	35	37	43	51	55	60	70	89	104	106	107	112	118	
38	29
1	3	5	7	8	11	12	13	14	17	19	20	22	26	29	31	33	37	49	51	55	66	70	74	86	89	96	104	107	
42	32
1	3	4	5	7	8	10	17	18	20	21	22	23	25	26	28	31	38	39	45	46	47	55	58	60	66	70	71	73	76	79	89	
39	32
1	2	3	4	7	12	14	17	18	19	20	23	27	28	30	31	33	35	37	38	42	46	49	51	52	56	58	67	68	70	76	91	
40	32
1	2	7	8	10	15	19	20	26	28	30	31	32	33	34	35	37	38	39	41	42	43	45	46	56	58	66	67	71	89	91	106	
34	29
1	2	3	6	7	8	10	12	13	15	17	20	21	25	26	29	31	32	33	35	38	43	46	50	55	66	67	68	107	
36	28
0	2	5	6	7	8	10	12	14	18	19	20	21	25	31	33	34	37	39	46	55	60	61	66	68	74	76	96	
40	32
1	4	5	6	9	10	14	15	17	19	23	26	27	31	33	35	38	39	40	42	46	47	49	51	54	59	71	73	74	76	89	106	
45	34
5	7	8	9	10	11	12	15	17	19	20	28	29	31	32	33	36	37	41	42	43	49	51	52	58	59	60	61	66	67	74	96	107	130	
40	29
0	1	2	3	4	7	8	12	14	18	19	27	28	31	34	38	43	46	49	60	67	68	70	84	86	104	106	107	118	
37	30
1	6	8	10	11	12	15	17	18	22	23	24	29	30	31	32	33	34	35	36	43	46	47	51	55	68	79	89	107	112	
40	30
1	3	5	6	7	8	9	10	13	17	18	23	33	34	35	38	39	41	43	47	52	56	60	61	67	76	86	104	107	130	
38	30
1	2	4	7	8	11	14	15	19	20	21	23	27	28	31	32	37	38	39	40	42	43	46	47	58	66	70	107	118	130	
43	33
1	8	9	11	14	15	17	18	19	21	23	27	28	29	31	32	33	34	35	37	40	42	46	49	58	61	67	68	73	74	76	89	130	
43	31
1	4	5	7	8	11	12	14	18	19	22	28	29	30	33	34	37	38	42	51	54	56	57	60	66	70	71	84	86	106	130	
39	32
0	1	3	4	7	8	10	13	14	17	18	19	21	23	28	29	31	32	33	34	38	43	49	50	51	52	56	60	67	70	86	117	
39	30
0	1	2	4	7	8	10	12	13	14	19	20	23	30	33	34	36	38	41	43	46	54	55	56	67	71	76	79	86	106	
36	29
0	1	3	4	7	8	12	14	18	19	20	27	28	30	33	34	35	38	39	43	47	49	66	67	68	70	76	106	107	
42	31
1	4	7	8	10	11	12	13	15	19	20	26	30	31	33	34	35	37	38	42	54	55	61	67	68	70	74	76	79	106	107	
35	28
0	1	3	4	7	8	11	12	13	14	15	19	20	31	32	34	36	42	46	47	49	55	66	74	86	89	91	106	
37	30
0	1	2	8	9	10	11	12	14	15	18	19	20	26	29	30	32	33	34	37	38	43	52	58	71	74	76	79	86	106	
40	30
1	3	7	8	9	13	15	17	20	21	28	29	31	32	33	34	37	41	46	47	51	54	55	60	67	74	84	96	104	130	
34	28
1	7	8	10	12	13	14	18	20	21	23	26	27	30	32	33	34	35	38	39	43	52	55	61	70	76	86	104	
37	29
1	7	10	13	17	19	20	21	26	28	30	31	32	33	34	36	42	43	46	47	51	54	55	67	74	76	79	89	107	
40	30
0	1	4	7	8	11	12	13	14	15	17	18	20	27	30	33	34	35	38	39	41	45	54	55	70	71	76	79	110	130	
39	30
0	1	4	7	8	12	13	19	20	28	33	34	35	37	38	40	42	43	45	46	47	54	55	56	66	67	70	76	86	89	
36	28
0	2	4	7	8	10	11	13	14	15	19	20	26	27	28	30	31	34	42	46	49	55	61	68	74	76	86	118	
40	30
1	3	4	7	8	11	13	14	17	18	19	20	33	34	35	38	39	41	46	47	55	56	60	66	67	68	76	89	103	106	
36	28
4	7	8	12	14	15	17	19	20	23	26	28	31	33	34	35	38	42	43	47	54	66	70	71	86	89	103	107	
43	30
0	1	4	7	8	10	11	12	13	19	20	26	33	34	35	37	43	51	55	58	59	61	66	67	70	71	74	96	106	117	
42	31
0	1	2	4	5	8	11	13	15	18	19	20	22	31	33	34	37	42	43	46	49	54	56	60	68	74	84	89	91	106	118	
39	29
2	3	7	8	10	12	14	15	19	20	23	28	29	33	34	35	38	43	45	50	67	70	71	74	84	96	103	107	118	
40	30
0	5	7	8	11	12	14	15	17	18	19	20	22	25	26	33	38	41	43	46	47	58	61	66	67	68	86	106	107	110	
37	28
1	3	8	12	18	19	20	21	23	28	30	31	34	35	37	38	43	46	51	52	56	60	67	70	76	89	107	118	
43	32
0	1	4	6	8	11	18	19	20	22	23	26	30	31	32	33	34	35	37	38	49	50	55	66	67	68	71	73	74	89	107	118	
37	29
0	1	4	8	12	18	19	20	21	23	26	28	32	33	34	35	38	42	43	47	51	56	61	66	67	70	76	86	103	
40	30
0	4	6	8	9	10	13	17	18	19	20	21	22	23	26	27	30	31	40	46	50	51	58	67	68	70	89	106	118	130	
33	28
1	2	3	5	7	8	12	14	15	17	18	19	20	23	26	27	28	33	35	38	43	46	51	66	67	70	71	107	
35	29
1	2	6	7	8	9	12	15	17	19	28	29	31	32	33	34	35	36	42	43	46	47	52	55	58	67	73	104	107	
