1000 
44	31
0	1	2	4	5	6	9	12	14	15	16	18	24	31	32	36	40	44	54	61	62	63	65	75	78	80	84	88	93	97	125	
41	30
3	5	8	9	12	14	15	18	19	22	24	28	29	34	35	39	40	41	42	49	51	61	65	73	78	80	87	93	112	122	
47	32
0	1	4	5	7	14	17	20	24	25	27	28	30	31	32	35	36	40	51	52	59	61	65	68	78	81	88	94	97	107	112	122	
44	30
3	4	6	9	10	14	16	17	22	28	31	34	35	36	39	42	50	51	58	63	66	67	73	78	80	81	93	97	107	122	
44	31
0	1	2	5	6	9	10	14	16	17	18	21	22	27	31	32	35	37	45	50	58	62	64	68	73	75	80	84	93	107	125	
36	27
0	2	3	4	9	15	27	28	32	35	36	37	39	42	44	45	48	49	50	56	64	75	80	81	89	97	125	
44	31
0	2	3	9	10	12	14	18	19	24	27	29	32	34	35	37	38	42	48	49	56	58	62	77	78	80	81	88	89	112	122	
42	29
2	4	7	9	11	14	15	18	20	24	25	28	30	35	39	40	41	44	50	56	58	61	62	63	87	93	107	122	125	
38	31
2	3	4	5	7	11	12	15	16	18	28	30	31	35	36	37	39	41	44	45	49	50	51	54	61	65	66	78	80	93	97	
46	33
0	6	7	9	10	15	16	17	19	24	26	30	31	32	34	36	37	43	45	48	51	54	56	58	61	62	65	73	75	77	81	112	125	
46	32
3	4	6	9	10	11	14	15	17	25	27	30	31	36	39	45	48	50	51	54	56	58	67	73	78	81	84	87	88	93	122	125	
43	31
0	2	5	9	10	14	15	16	19	20	25	27	30	35	36	40	42	44	48	54	56	58	61	73	81	87	88	89	93	97	125	
44	30
0	2	4	8	9	10	11	24	25	29	30	36	37	40	49	50	51	54	56	59	61	64	75	78	80	81	88	97	125	149	
40	28
0	1	3	6	7	9	10	11	12	15	16	17	25	27	28	37	39	52	58	61	62	65	66	80	81	97	107	125	
41	30
1	5	8	9	11	12	14	16	17	19	24	25	27	28	34	35	37	42	49	50	56	61	62	63	65	78	88	93	97	125	
44	32
1	2	4	6	7	8	9	10	11	12	14	19	21	22	26	34	37	39	42	44	48	51	56	61	64	65	84	93	94	97	125	149	
39	31
0	1	3	5	6	7	8	9	10	14	15	17	18	19	20	27	30	31	32	35	42	49	51	52	54	65	88	93	97	122	133	
45	31
2	3	4	5	8	12	14	15	18	19	26	28	29	31	32	39	40	41	50	61	62	65	66	73	77	78	80	88	93	107	112	
42	30
0	1	2	4	8	10	11	12	19	22	25	27	32	34	36	37	39	40	44	58	61	64	65	67	68	80	89	93	97	112	
39	28
0	2	3	4	5	9	10	15	16	17	24	28	30	37	39	40	42	44	50	51	56	75	80	81	97	112	122	125	
42	30
0	3	5	7	8	9	10	11	15	18	25	28	32	34	35	37	38	41	44	45	49	56	62	63	65	77	93	107	112	122	
43	30
0	1	2	3	4	5	8	9	10	12	14	25	35	39	44	50	51	54	56	58	62	64	65	73	75	81	88	93	96	125	
39	30
2	3	4	5	7	8	10	12	14	15	16	17	20	21	25	27	28	30	35	36	45	56	58	61	62	69	81	87	88	97	
38	29
1	4	5	7	11	12	14	15	16	17	18	19	24	31	34	35	39	40	49	51	54	61	62	65	73	87	88	97	125	
38	28
2	4	5	7	10	11	12	14	17	25	28	31	36	37	43	48	50	51	56	58	59	61	69	77	80	81	88	94	
41	31
0	1	2	3	5	7	11	12	14	15	16	17	18	20	28	31	35	37	40	41	44	51	52	61	63	75	80	93	97	122	125	
43	29
0	1	2	5	6	9	16	18	24	25	29	32	35	40	48	51	54	56	58	59	61	63	64	73	75	93	97	107	122	
48	30
8	11	12	14	18	19	21	24	25	30	42	44	45	50	52	56	61	62	65	67	75	80	81	87	88	89	97	112	122	125	
40	29
0	5	6	7	8	9	11	12	14	15	18	19	22	27	31	34	36	39	48	50	66	69	73	80	87	93	97	125	149	
36	28
1	2	4	6	7	8	9	10	11	12	14	15	16	17	19	25	30	31	44	45	50	62	64	77	80	81	88	122	
42	29
0	5	6	8	9	11	15	17	20	21	28	32	34	35	36	39	48	49	50	56	64	65	69	75	80	97	107	112	122	
38	30
3	5	6	7	9	10	11	12	14	15	24	25	27	28	30	32	35	39	40	41	44	51	52	66	69	73	75	88	97	107	
41	30
1	2	4	5	6	9	12	17	18	19	22	24	25	27	30	31	34	36	48	50	52	64	66	69	73	81	87	93	112	133	
38	30
2	4	5	6	7	10	12	14	15	16	17	18	19	21	27	30	36	37	39	40	44	50	51	65	80	81	88	93	97	149	
41	30
3	4	5	10	12	16	24	25	27	28	31	34	37	39	40	42	43	44	45	62	64	65	73	78	80	81	87	88	93	94	
39	28
0	1	2	4	5	7	8	9	10	11	14	15	18	24	31	34	35	50	54	56	62	69	73	84	93	97	112	125	
41	28
0	1	5	8	11	12	15	17	21	25	26	31	35	36	37	39	48	50	61	62	73	78	88	89	93	107	112	122	
41	30
0	7	8	9	12	14	16	17	24	25	26	29	31	34	36	39	40	48	51	52	56	58	61	73	80	81	84	88	97	122	
43	31
1	2	5	7	8	10	11	12	14	15	17	21	24	25	27	34	36	39	42	50	51	56	61	65	73	77	84	87	97	112	122	
43	31
0	1	2	3	6	7	9	10	14	17	18	19	25	30	31	34	35	39	49	51	54	56	61	62	80	81	87	88	97	107	149	
35	27
0	1	2	3	5	7	9	11	12	15	16	22	26	34	35	36	39	42	48	50	56	58	67	87	88	93	125	
40	28
4	5	6	9	10	12	14	15	16	18	25	26	31	32	34	42	44	50	61	62	64	65	73	77	78	93	107	112	
44	32
0	2	5	7	12	14	17	18	19	21	22	24	26	27	32	37	42	44	50	51	52	54	56	58	61	62	66	69	75	78	112	149	
35	27
2	4	6	12	14	16	18	25	28	30	32	36	37	39	40	41	44	50	51	52	61	65	68	77	80	93	112	
37	29
0	4	5	6	7	9	10	11	12	14	22	24	25	27	29	31	32	35	36	40	44	51	56	61	69	87	88	93	125	
42	30
2	3	5	6	7	9	14	15	26	28	29	31	34	35	36	39	48	49	51	52	54	56	65	78	88	93	97	107	112	149	
38	28
2	3	4	5	6	9	12	14	16	22	24	25	26	34	39	40	48	50	56	58	59	75	80	81	84	87	93	97	
40	31
2	5	8	9	10	12	14	17	18	25	28	32	36	37	38	42	43	44	45	48	49	51	52	59	61	62	64	65	73	80	125	
39	28
1	2	3	4	5	7	8	12	14	15	22	25	26	28	34	37	44	50	51	58	61	66	69	80	81	93	122	125	
41	30
2	4	5	6	9	14	15	16	18	24	25	27	28	35	37	39	40	44	48	50	61	63	64	73	75	78	87	93	97	112	
44	30
2	3	5	6	8	9	10	15	18	24	25	27	28	34	35	37	42	45	52	54	61	62	64	65	81	89	107	112	122	125	
40	31
1	4	5	6	7	8	9	10	15	20	22	24	26	29	32	34	35	36	37	44	49	51	54	56	65	75	78	81	88	97	125	
41	30
0	3	5	6	9	10	16	18	25	26	27	31	34	39	40	41	49	50	51	56	59	63	75	78	80	81	84	87	93	97	
36	27
0	1	2	6	7	8	11	12	14	16	22	24	26	27	34	35	36	42	51	58	61	78	80	88	93	97	125	
36	30
0	2	4	5	7	9	10	14	15	17	18	19	25	28	30	31	34	35	37	39	40	44	49	50	52	62	64	65	81	112	
39	29
0	1	3	4	8	9	10	11	12	15	16	21	24	27	30	32	34	48	49	50	65	73	77	78	80	81	88	94	125	
39	30
0	1	3	5	9	10	11	12	15	17	18	20	21	24	30	31	32	34	37	39	50	51	54	56	65	73	80	81	107	149	
46	31
0	1	3	8	10	11	17	19	22	24	25	30	36	37	39	40	49	52	54	59	61	62	64	66	75	81	87	88	112	125	149	
41	30
2	3	4	6	11	12	14	16	17	20	25	31	34	36	40	41	48	50	51	56	58	61	64	66	75	77	78	80	93	97	
38	27
0	1	8	9	10	12	16	17	18	24	25	34	35	37	40	41	52	62	64	65	66	73	80	81	87	97	112	
41	30
0	1	4	5	6	10	11	12	14	16	17	18	19	29	31	32	39	45	48	50	56	58	61	62	73	80	81	93	97	125	
38	30
1	3	4	5	7	9	14	16	24	25	27	29	30	32	34	37	39	40	41	42	44	48	51	59	65	73	78	93	97	112	
40	31
0	1	3	5	8	9	10	12	14	16	18	21	27	28	35	36	37	40	41	42	49	50	51	52	56	61	78	81	93	107	122	
44	31
0	1	4	5	6	8	10	14	16	19	25	27	30	31	32	36	40	44	50	52	59	61	64	68	75	80	81	88	97	112	122	
38	29
0	3	4	5	11	12	14	15	16	20	22	28	29	34	39	40	41	42	48	50	58	61	66	73	80	81	87	93	97	
43	31
2	3	4	5	7	8	9	12	14	15	18	20	25	28	30	32	35	40	48	49	50	56	61	64	65	80	81	93	97	107	125	
41	30
1	2	4	5	7	8	11	12	14	15	27	28	30	32	35	37	39	41	44	48	56	61	63	66	73	81	87	89	93	122	
39	28
1	2	5	7	9	11	12	15	16	24	25	26	27	28	31	35	36	48	51	63	65	78	80	87	88	96	112	122	
43	29
0	3	9	15	25	27	31	32	37	39	42	44	48	51	54	56	58	59	61	63	64	67	73	78	80	87	88	89	97	
44	32
0	1	3	4	8	10	11	12	14	15	18	19	20	24	25	29	32	35	37	41	48	52	56	58	65	69	78	81	93	97	107	122	
41	28
0	1	2	5	8	10	11	12	14	15	17	25	36	37	39	42	50	56	58	61	62	73	75	80	81	89	122	125	
39	30
1	3	4	5	9	10	11	15	16	18	19	25	27	31	32	35	36	37	39	44	50	62	63	65	73	75	78	80	81	84	
39	29
0	2	3	5	6	7	9	16	17	24	27	28	32	34	35	37	39	40	42	48	50	58	62	64	65	73	93	107	112	
44	31
0	2	3	5	6	9	10	11	15	20	22	25	26	27	30	32	36	39	42	48	51	61	64	73	78	81	87	97	112	122	125	
40	29
2	7	8	9	10	12	15	19	21	24	26	28	34	36	37	40	42	50	51	61	63	65	75	81	88	93	94	97	122	
38	29
0	1	6	9	11	12	15	18	22	24	25	26	27	32	35	36	44	48	51	52	54	56	62	64	69	75	81	97	112	
39	29
0	1	3	4	5	7	8	10	11	12	14	16	17	18	25	31	50	52	54	56	58	59	61	62	65	66	80	81	96	
39	31
0	2	5	6	7	9	10	11	16	17	18	24	25	29	32	34	37	38	39	40	41	44	45	49	56	62	65	68	78	80	112	
40	31
0	1	2	3	4	5	6	7	8	9	10	17	18	26	30	34	39	40	42	48	51	52	56	62	66	69	73	75	80	81	88	
39	30
0	2	3	6	7	8	9	10	15	28	32	35	36	37	39	41	48	49	50	51	52	59	61	69	75	80	84	87	93	97	
43	31
0	1	2	3	5	7	8	11	12	15	16	20	28	30	32	35	36	39	44	48	50	58	61	65	78	88	89	93	97	107	122	
43	29
0	5	7	8	10	11	22	24	25	27	30	34	36	39	40	48	52	58	59	61	62	64	66	68	73	88	93	122	125	
36	29
0	3	7	8	9	11	12	14	15	17	18	19	22	27	28	32	34	39	41	49	50	51	56	59	61	78	88	93	97	
35	29
0	2	3	4	7	8	9	10	11	12	15	16	17	19	25	27	28	30	31	39	41	50	51	52	56	58	66	81	125	
41	30
0	1	2	5	6	11	15	18	25	28	30	31	34	39	40	42	44	48	49	51	56	58	61	66	73	78	88	93	97	112	
40	29
1	5	6	7	9	10	15	16	17	21	25	27	31	32	35	37	39	42	52	59	62	65	75	80	81	87	96	97	125	
43	29
1	2	4	7	10	11	12	14	15	18	24	27	35	39	41	42	51	56	62	64	73	78	80	84	88	89	97	107	125	
39	30
0	1	4	7	8	12	14	16	17	19	24	25	28	29	35	37	44	45	48	49	52	54	61	65	75	77	78	81	97	125	
38	29
1	4	7	8	9	10	12	14	16	17	22	25	27	30	32	39	42	44	50	52	56	58	64	68	75	78	81	93	94	
39	29
0	2	10	11	12	15	18	22	24	25	28	30	32	36	39	40	44	48	49	51	52	56	61	64	66	73	80	112	122	
42	31
0	1	2	5	7	9	10	11	15	17	25	27	30	32	34	36	37	39	40	50	51	58	59	63	65	77	81	84	89	97	122	
42	31
1	4	5	7	8	10	11	14	15	17	20	21	22	28	31	34	35	43	50	51	54	56	62	65	73	78	80	81	88	97	125	
40	28
0	1	3	4	5	8	10	12	14	24	25	31	32	34	39	42	43	44	48	61	64	65	73	77	93	107	112	125	
40	30
0	1	2	5	8	10	12	14	16	18	19	21	24	25	28	30	31	35	42	44	51	56	62	64	69	75	80	81	93	122	
48	30
0	7	8	9	11	12	15	16	24	29	34	36	37	39	50	51	58	61	64	66	73	81	84	87	93	97	112	122	125	149	
38	29
0	1	3	5	7	8	10	11	15	17	22	24	25	28	29	30	31	36	48	50	56	58	61	64	66	67	73	77	97	
40	30
0	1	2	3	4	5	7	10	15	16	18	25	27	31	34	35	38	48	49	50	51	61	63	75	78	80	81	88	93	122	
38	28
1	3	4	5	6	8	10	12	15	16	22	25	31	32	37	39	44	45	50	56	61	62	69	75	80	81	88	122	
46	31
0	1	6	11	15	22	27	29	31	32	34	35	36	37	39	42	48	56	58	59	63	64	69	73	78	80	81	84	93	97	125	
42	32
2	3	4	7	8	9	10	11	15	16	19	24	25	27	28	34	36	39	41	42	45	50	51	59	63	65	73	80	87	94	97	112	
37	28
0	1	4	5	6	7	8	9	10	11	12	15	16	25	32	34	39	41	44	51	52	56	65	67	75	89	112	125	
44	30
0	2	3	5	6	7	8	10	15	21	28	30	32	34	36	37	39	51	52	59	61	63	64	66	73	78	81	112	125	133	
41	30
1	4	5	6	7	8	14	18	22	24	25	26	32	35	37	39	44	48	52	54	58	61	64	65	66	69	88	93	97	122	
43	31
0	1	4	5	6	8	9	14	15	16	22	26	27	29	34	41	42	44	45	48	50	54	73	78	80	81	87	93	107	122	125	
39	30
0	1	2	3	5	8	9	12	14	15	18	27	29	31	32	35	37	41	45	48	49	52	61	67	69	73	75	80	81	122	
38	28
0	1	3	4	6	10	12	14	16	18	19	25	29	31	32	39	44	51	52	61	62	63	73	77	78	88	97	112	
46	29
1	4	5	10	11	12	15	18	22	26	37	39	42	45	48	58	59	63	65	69	73	80	81	84	93	97	107	112	125	
36	28
1	3	4	5	9	10	11	12	15	18	20	25	27	31	32	37	39	44	49	51	54	56	69	77	80	81	88	107	
45	32
0	2	3	4	5	6	9	10	12	14	20	28	32	35	37	39	40	42	44	50	51	56	58	61	69	77	78	80	88	93	107	112	
43	32
0	2	4	8	9	10	14	15	16	20	22	24	25	26	30	31	32	37	39	49	51	54	56	61	62	63	66	80	88	93	97	107	
43	31
1	7	9	10	11	12	14	15	16	18	25	27	31	32	36	37	38	39	40	44	49	56	58	62	73	80	87	88	97	122	149	
39	29
0	2	4	5	8	9	10	11	15	17	18	32	34	36	37	39	48	49	50	52	59	62	66	73	80	81	87	93	125	
40	31
0	1	2	3	9	11	12	15	16	17	20	21	22	24	25	27	34	35	36	37	39	40	42	61	62	67	77	88	93	97	125	
40	28
0	1	5	10	11	12	17	18	19	27	36	37	39	40	41	48	49	50	56	59	61	62	63	73	80	93	107	122	
41	30
1	2	3	4	6	10	11	12	14	17	19	25	29	31	35	42	45	48	50	51	61	64	65	75	77	78	81	88	97	125	
41	29
0	4	5	6	9	12	14	15	16	18	24	26	30	31	39	40	42	51	52	61	73	77	80	81	84	93	97	122	125	
35	29
0	1	2	4	5	6	7	10	11	12	15	16	17	24	26	27	28	29	31	32	39	41	51	75	78	81	88	93	97	
44	32
0	3	7	9	10	14	15	19	22	24	25	30	31	34	35	36	37	39	40	44	49	56	59	61	62	63	65	73	77	88	97	122	
41	30
0	1	3	4	5	7	8	9	10	12	18	20	32	34	36	39	44	48	49	52	64	65	66	69	73	81	84	88	93	125	
39	29
0	4	7	8	9	10	15	17	20	24	26	30	31	34	37	39	42	51	52	54	58	64	66	69	75	81	88	97	122	
44	31
0	3	5	9	10	11	12	16	17	19	22	24	25	34	35	37	40	42	49	50	51	56	61	65	81	87	88	93	122	125	149	
40	29
1	2	4	7	9	10	11	18	26	27	28	36	37	38	39	45	48	49	50	56	59	61	69	77	80	84	93	97	125	
40	28
0	3	4	5	6	9	10	11	12	15	18	24	25	27	32	37	44	45	51	59	61	62	65	73	88	107	122	125	
40	29
0	1	3	5	10	11	12	14	16	18	24	27	29	32	35	37	40	42	44	48	50	61	65	73	75	80	107	122	125	
38	30
1	2	3	4	5	6	7	8	9	12	14	15	18	24	29	34	35	36	37	42	44	48	50	52	59	65	87	93	107	112	
44	31
0	1	2	3	4	11	14	15	17	25	27	30	31	32	36	42	45	48	51	54	56	58	61	65	75	78	87	88	93	122	125	
41	29
7	8	9	10	14	16	17	24	26	28	32	34	39	41	48	49	50	59	64	65	69	73	77	81	84	87	88	93	97	
37	28
0	1	3	4	5	6	11	12	14	16	17	18	24	28	29	34	35	44	48	51	65	73	75	78	81	88	97	125	
42	31
0	2	10	12	17	18	20	21	24	25	31	32	35	36	40	44	45	48	50	52	56	59	61	62	64	66	67	75	84	93	97	
36	30
0	2	4	5	6	7	8	9	10	11	12	15	17	25	27	30	35	37	39	42	45	48	50	52	58	59	81	88	93	97	
39	30
0	1	3	4	5	6	8	9	10	14	16	22	25	34	36	38	39	42	44	48	50	52	65	73	78	80	81	93	96	122	
50	34
1	9	10	11	12	14	16	24	25	26	27	28	30	31	34	35	36	42	51	52	61	63	64	65	66	68	69	73	80	88	93	94	122	149	
42	29
0	1	2	3	6	9	10	11	12	15	17	24	25	30	35	37	42	44	54	56	62	64	65	75	80	81	112	122	125	
41	30
0	1	2	3	7	14	15	17	18	19	24	25	28	34	35	36	39	48	49	50	56	64	69	75	77	87	88	93	97	125	
34	27
0	2	3	4	5	7	8	9	10	11	12	14	15	18	29	30	32	37	39	42	50	51	56	66	80	112	122	
42	31
1	2	5	6	7	8	9	11	16	18	22	24	25	26	30	31	36	37	39	44	49	59	61	62	64	69	80	81	88	97	112	
44	32
1	3	5	6	8	10	12	16	19	24	25	26	28	31	34	36	37	39	42	52	54	62	64	65	69	75	77	80	81	88	93	149	
41	31
2	3	7	9	10	12	14	15	17	19	24	27	28	30	35	36	37	40	44	48	49	51	56	61	64	73	81	84	87	94	112	
35	28
0	1	2	4	6	7	8	9	10	11	12	24	26	27	28	29	30	35	37	44	48	56	61	75	81	88	93	97	
40	29
0	1	4	5	8	9	10	12	14	17	18	22	24	25	31	34	35	37	42	48	56	65	73	75	81	84	97	112	125	
42	32
0	1	2	3	4	5	7	10	11	14	15	17	19	25	27	28	30	31	34	40	42	49	50	51	54	58	66	78	88	107	112	122	
42	31
1	5	6	7	8	11	12	14	16	17	18	19	24	31	34	36	37	39	42	50	51	52	56	63	65	68	77	88	93	122	149	
38	30
2	4	5	6	8	9	10	11	12	14	17	22	25	27	30	37	38	42	45	48	50	52	54	58	59	64	75	81	93	112	
42	32
1	3	4	5	11	12	14	15	19	20	21	22	24	25	27	30	31	32	37	39	44	48	51	58	61	67	73	75	78	81	88	122	
36	28
0	1	2	3	5	8	9	12	14	15	19	25	27	30	31	32	36	37	39	44	51	58	61	65	69	73	89	122	
40	31
1	3	4	5	11	12	14	15	22	24	25	27	29	32	40	42	44	45	48	49	50	51	61	64	67	69	73	78	80	81	88	
37	29
0	1	4	7	8	9	10	11	12	14	15	17	19	20	24	26	30	31	32	34	35	48	58	65	73	75	77	88	125	
40	30
0	6	9	10	11	12	14	17	19	22	25	27	30	32	34	36	37	44	50	52	54	61	62	65	69	75	80	84	93	125	
39	30
0	2	4	5	6	7	8	9	10	14	18	20	25	27	30	32	37	39	42	44	51	56	61	65	73	75	78	87	88	97	
41	32
3	5	6	7	9	10	12	15	18	20	24	25	30	31	32	35	36	37	39	40	44	50	54	56	62	69	75	78	81	87	88	97	
44	31
0	1	6	7	8	9	14	16	24	25	27	28	29	32	35	37	39	42	45	48	56	59	62	64	75	81	84	89	93	122	133	
46	30
1	8	9	11	14	15	17	20	22	27	32	34	35	37	39	42	49	51	61	65	73	77	80	84	88	97	107	112	122	125	
35	28
0	1	2	3	5	6	7	8	10	12	14	16	17	24	30	31	32	34	35	36	37	48	65	66	81	88	93	112	
46	30
7	8	9	10	11	12	15	24	25	27	30	32	36	37	49	50	51	61	62	65	66	67	73	75	77	84	97	107	112	122	
38	29
2	9	10	14	16	17	18	20	22	24	25	28	32	36	37	40	44	49	50	54	56	59	61	62	65	80	81	87	97	
39	27
0	1	2	3	6	7	8	12	14	15	24	28	31	32	35	41	48	58	63	64	66	80	88	93	97	107	125	
45	30
0	1	2	3	4	6	10	12	14	19	34	36	39	42	43	44	49	51	61	62	69	75	81	87	88	93	97	107	122	125	
36	29
1	4	6	8	9	11	12	14	16	18	21	22	24	25	29	31	34	35	36	39	48	50	64	73	77	80	88	93	97	
42	31
0	1	4	7	9	10	12	14	16	18	20	25	27	32	42	44	45	48	50	52	54	56	61	64	65	69	73	75	78	89	125	
41	29
0	4	6	7	10	12	14	16	17	25	27	28	30	31	39	42	44	51	56	62	64	66	75	78	84	88	93	97	107	
34	28
0	1	2	3	5	6	7	12	14	15	16	18	22	27	29	30	31	32	34	42	50	51	52	56	61	81	89	133	
36	28
0	1	3	4	7	9	10	11	12	15	19	22	24	28	29	30	31	35	37	48	52	56	58	75	81	88	89	112	
39	30
0	1	4	7	8	9	11	12	14	16	24	25	27	29	32	34	36	39	41	44	48	50	56	58	63	78	80	93	97	112	
34	28
0	3	4	5	8	9	10	14	15	17	19	20	21	24	29	31	32	34	35	39	48	52	69	73	77	78	88	97	
41	29
6	7	8	9	10	11	12	18	20	22	28	30	34	35	39	44	48	50	51	56	58	59	65	67	78	87	93	107	125	
41	29
0	4	5	8	12	14	16	18	25	32	37	41	44	45	48	49	50	56	58	61	62	65	68	69	78	80	81	87	97	
43	29
0	4	5	7	8	11	12	14	15	17	22	25	27	43	45	50	51	58	59	61	65	68	73	81	84	88	97	122	125	
36	27
0	1	5	6	7	8	9	11	16	17	22	24	25	34	35	36	44	48	50	56	58	59	65	67	75	97	122	
39	31
1	2	3	6	7	8	9	15	18	19	24	25	26	28	32	34	35	37	38	41	44	48	51	56	58	66	69	73	75	78	97	
45	29
2	7	11	12	14	17	18	22	25	26	30	35	36	37	42	44	56	58	59	61	62	66	67	69	75	80	107	122	125	
43	30
0	1	3	6	7	8	14	20	25	26	32	35	36	44	45	49	50	52	54	61	62	63	65	66	75	80	93	97	112	133	
40	28
0	1	3	4	5	8	12	14	15	17	18	19	21	26	30	31	37	40	48	59	61	65	73	80	93	107	122	125	
45	30
0	2	4	5	9	10	14	15	18	29	30	31	38	42	44	45	48	52	56	66	69	73	77	78	80	81	93	107	112	125	
39	29
1	2	4	7	9	10	11	12	14	15	18	24	25	32	36	37	39	41	48	49	56	58	62	65	73	80	87	97	125	
41	28
3	4	5	9	10	12	14	15	19	25	31	35	39	40	41	44	50	51	56	59	61	73	77	81	97	107	112	125	
44	30
0	2	3	6	8	9	10	11	12	15	17	20	24	34	42	48	51	56	61	62	64	66	73	75	78	81	84	88	97	125	
34	27
0	1	3	4	5	7	9	11	12	14	17	27	28	29	31	34	39	41	48	51	56	58	64	66	81	96	97	
40	30
0	3	7	8	9	11	16	17	20	22	24	28	32	35	36	39	44	48	49	50	54	56	58	59	64	66	80	93	97	107	
46	29
5	6	11	14	16	18	19	28	32	35	39	44	48	50	58	59	64	65	66	67	73	75	78	80	81	88	93	107	125	
42	30
0	2	4	8	9	14	15	16	24	25	27	28	34	35	40	50	51	54	56	59	61	73	75	78	80	87	88	93	96	97	
36	28
0	5	6	11	12	14	17	18	20	21	24	26	27	28	36	37	40	44	50	51	52	56	59	61	62	65	73	125	
42	30
1	5	6	9	10	14	16	22	25	27	31	32	35	39	42	44	50	51	52	58	64	73	75	77	78	80	81	93	97	125	
45	31
0	1	3	4	5	14	15	20	25	28	30	31	32	36	39	40	44	48	52	56	63	65	69	73	80	81	88	93	97	112	125	
43	28
0	1	2	3	5	10	11	12	15	16	18	24	25	35	36	37	56	61	62	63	65	73	75	81	93	107	122	125	
45	31
1	2	4	5	7	9	10	12	15	16	24	26	27	28	37	44	50	54	58	59	62	63	64	65	67	75	87	88	93	96	122	
37	29
0	1	2	4	7	8	9	12	14	15	17	25	27	31	32	35	39	40	42	48	52	54	58	66	73	75	87	97	125	
41	31
0	2	4	6	7	9	10	11	12	14	15	18	22	24	25	28	30	35	39	40	48	50	52	59	61	75	87	88	93	112	122	
46	33
1	9	11	14	15	16	20	22	24	27	28	29	31	32	35	36	37	42	44	45	48	54	56	61	80	81	84	87	88	93	97	122	149	
37	29
0	2	3	4	5	7	9	12	14	22	24	25	29	30	31	35	37	40	48	49	52	58	61	65	73	81	88	93	97	
44	30
1	2	6	7	8	10	11	17	18	24	25	27	30	35	36	37	40	45	50	56	61	62	65	66	75	80	81	112	122	149	
35	30
0	1	2	4	5	8	9	11	12	14	15	17	21	24	25	29	34	35	36	41	42	44	48	49	50	58	66	75	93	97	
37	28
0	1	5	7	9	11	12	15	16	17	21	26	27	31	34	36	39	48	50	51	52	58	81	87	93	97	125	149	
35	27
0	1	2	6	7	8	11	12	14	15	16	17	18	28	29	30	31	35	42	48	58	62	84	88	93	97	125	
44	32
0	1	3	7	8	9	10	15	16	19	25	27	28	30	34	35	37	39	40	41	49	51	52	59	61	77	81	87	97	122	125	149	
42	32
0	1	2	4	5	7	10	11	14	15	16	17	20	25	31	32	34	37	43	44	48	49	52	54	61	66	80	87	89	93	112	125	
39	29
1	3	4	5	7	8	9	10	11	12	15	25	26	32	34	37	39	44	49	54	58	62	64	65	73	78	81	93	107	
36	28
0	1	2	4	5	7	12	14	15	16	17	18	22	24	25	32	35	40	44	51	52	58	61	66	80	81	88	122	
35	27
0	1	2	6	8	10	11	12	14	15	19	25	27	30	31	32	37	39	41	44	62	64	81	84	88	89	112	
39	29
1	2	4	7	8	10	11	12	14	19	24	25	27	28	31	35	42	45	49	50	58	59	61	62	63	78	88	97	112	
46	30
0	2	3	4	6	10	16	17	18	30	31	32	37	40	44	51	59	61	65	66	68	75	77	81	87	93	96	97	107	112	
40	31
0	2	6	7	9	10	11	15	16	20	22	24	25	27	28	31	32	35	37	40	48	49	50	54	61	64	65	75	97	107	112	
46	30
0	1	3	4	5	10	11	14	19	30	34	36	44	45	50	51	54	56	59	61	63	65	75	80	81	93	97	107	122	125	
41	29
2	5	9	11	12	15	16	18	22	25	32	34	35	36	37	39	40	44	50	58	61	62	65	81	88	89	93	112	122	
42	31
3	4	5	8	9	10	11	14	21	22	25	27	34	37	39	40	42	45	49	51	56	59	63	65	69	75	77	80	81	87	97	
42	30
2	3	4	5	6	9	12	15	16	18	24	27	31	34	35	36	37	44	50	59	61	62	63	69	75	77	81	88	97	107	
38	29
2	3	4	5	8	9	11	14	15	18	24	25	26	27	28	32	37	39	44	45	50	61	62	75	80	81	87	96	112	
37	29
0	2	3	6	7	8	9	10	14	15	16	18	24	25	28	35	36	39	45	50	51	52	58	75	80	88	93	97	122	
43	29
6	7	8	9	10	16	18	22	24	31	32	34	35	37	39	42	50	51	56	63	65	75	78	80	94	97	107	112	122	
40	30
0	2	3	7	8	9	11	12	14	15	17	18	24	28	31	34	35	36	39	42	50	61	62	75	78	81	88	94	97	122	
40	28
0	1	3	4	5	7	9	15	16	25	30	31	32	34	39	44	48	52	58	62	64	68	73	77	88	97	112	125	
39	30
0	1	2	3	4	10	11	12	18	19	24	29	31	32	35	37	40	41	42	43	44	48	61	64	80	81	88	89	93	112	
39	29
0	1	3	5	7	8	9	11	15	16	18	21	24	31	34	35	36	39	48	50	54	63	73	77	87	93	97	112	133	
41	28
0	1	2	4	5	6	10	11	12	16	17	18	31	38	45	48	50	56	59	61	65	73	78	80	93	97	107	125	
37	29
0	1	2	7	8	11	12	14	15	16	17	18	24	25	28	30	31	34	35	36	40	51	56	58	61	80	81	88	122	
38	28
0	2	5	6	7	9	12	14	16	18	22	27	32	34	36	40	43	44	50	59	61	62	73	75	80	88	93	125	
39	31
4	5	8	9	12	14	15	17	19	22	24	25	26	28	30	31	32	36	37	41	48	50	52	61	65	75	78	80	81	96	97	
36	28
0	1	2	3	5	6	7	8	9	10	11	12	21	27	34	35	36	39	48	49	50	56	62	63	81	93	96	112	
38	28
2	4	6	8	9	10	11	12	14	17	20	22	25	36	37	39	40	49	50	62	63	64	73	80	81	93	97	122	
38	27
0	1	3	6	7	10	12	14	15	16	18	20	29	30	35	41	50	51	56	59	61	66	77	81	88	122	125	
43	32
3	8	9	10	11	12	14	15	21	22	25	27	35	36	39	41	42	45	49	50	51	52	56	58	59	65	73	77	78	80	97	122	
38	28
0	1	3	4	5	7	8	9	14	15	22	25	30	32	34	39	42	48	51	52	61	65	73	78	84	97	122	133	
44	30
2	4	5	10	11	15	16	18	24	25	30	37	40	44	48	50	54	61	65	66	67	73	78	80	81	87	88	89	93	112	
44	30
1	3	5	6	7	15	16	27	31	32	34	39	41	44	48	49	51	58	61	65	66	73	75	78	80	81	87	88	93	122	
45	31
2	3	5	6	9	11	12	15	22	24	28	30	35	37	39	41	44	48	51	58	62	65	66	73	77	80	81	93	97	107	112	
37	29
0	1	2	4	7	9	12	14	15	16	17	25	27	29	32	34	36	44	48	50	51	52	58	62	66	75	81	97	149	
42	31
0	3	4	5	6	9	10	11	12	14	15	16	24	25	30	32	35	37	40	44	49	61	62	63	65	73	84	88	89	97	122	
42	27
2	4	8	9	12	14	15	17	27	28	30	32	44	50	56	61	62	64	65	69	75	77	78	87	93	112	125	
33	28
0	1	2	3	4	5	6	7	9	10	12	15	16	22	25	26	32	36	39	40	48	50	51	56	75	80	81	87	
46	31
5	8	15	16	19	25	28	32	34	39	42	44	45	48	49	51	52	58	61	64	66	69	73	75	77	78	80	87	88	97	112	
41	29
2	7	8	9	10	11	15	16	24	25	26	27	29	32	37	39	42	48	61	63	65	69	73	80	81	87	93	97	112	
42	29
0	1	4	5	7	8	10	11	12	14	19	24	28	31	34	37	49	51	52	56	62	69	81	88	93	97	107	122	125	
43	33
1	3	5	9	10	11	14	16	17	18	21	22	25	28	32	34	37	38	40	41	43	44	50	51	54	59	69	73	77	88	89	107	149	
42	30
0	1	2	4	9	10	11	14	15	16	18	25	27	32	35	37	48	49	56	62	64	68	69	75	78	80	81	88	89	93	
36	30
0	1	2	3	4	5	6	10	17	18	19	27	28	29	30	34	35	37	39	40	43	49	51	52	58	64	69	73	81	87	
42	30
0	2	3	4	5	9	10	11	12	15	16	24	26	28	32	34	37	44	50	51	58	61	63	66	80	81	88	94	122	125	
41	28
0	1	6	8	10	11	14	16	18	19	24	30	32	37	39	40	48	56	59	61	63	65	67	73	80	97	107	149	
35	27
0	1	2	4	5	7	8	9	10	11	12	14	17	18	32	34	39	42	48	51	56	58	62	88	93	97	125	
44	30
0	2	3	6	7	8	10	11	14	15	28	36	37	39	40	45	48	52	58	61	66	69	75	80	81	87	93	97	122	125	
41	31
1	2	3	4	5	8	11	14	15	17	25	26	27	30	39	40	44	45	48	49	50	56	59	61	69	73	77	78	80	93	94	
41	31
1	4	5	8	9	11	12	18	20	24	25	28	30	31	34	35	37	42	44	48	50	52	58	59	61	64	65	75	81	88	112	
43	29
0	2	3	4	5	8	12	14	16	22	24	34	36	40	44	45	51	58	61	65	66	73	81	87	88	93	97	122	125	
37	29
1	4	6	10	11	12	14	17	18	22	25	30	35	36	40	42	43	48	50	52	54	64	66	73	77	78	80	81	88	
40	27
1	4	6	12	14	16	18	24	29	36	39	44	48	51	58	61	62	63	65	66	73	75	78	81	88	93	97	
42	31
0	2	3	6	7	8	9	10	12	15	18	19	27	28	30	32	35	36	40	48	50	51	61	65	75	88	93	96	97	122	125	
42	30
0	1	4	5	6	7	8	9	11	12	15	17	19	31	34	36	39	42	48	51	63	65	67	69	73	75	78	93	112	122	
42	30
0	3	6	7	9	15	19	22	26	28	31	34	36	39	48	49	50	52	54	56	58	59	61	75	78	80	81	87	89	125	
40	30
1	2	5	6	7	8	9	11	15	16	24	25	26	31	32	34	36	37	39	48	51	52	62	65	68	78	87	93	112	122	
42	31
0	1	4	5	6	10	12	15	16	18	19	24	25	26	27	30	31	32	39	48	51	56	61	62	75	78	81	87	88	93	122	
40	27
0	1	2	4	7	8	9	11	24	28	32	34	37	39	51	56	58	59	61	63	69	75	81	87	93	97	122	
45	31
1	3	5	10	11	12	14	16	17	18	27	31	35	39	42	44	45	48	50	58	61	62	65	73	77	78	87	88	97	112	125	
39	29
0	1	3	4	9	12	15	22	25	27	28	32	34	36	37	39	44	48	49	51	56	58	61	64	65	73	80	97	125	
38	31
1	4	6	9	12	14	15	17	18	22	25	28	30	32	36	37	40	41	42	43	44	48	49	50	51	56	59	65	80	81	122	
45	31
0	4	7	8	12	14	16	19	25	27	31	34	37	39	40	44	45	48	56	58	59	62	63	69	75	78	80	89	94	97	112	
34	28
0	1	2	3	7	8	9	10	11	12	15	24	25	27	30	32	34	35	36	39	40	43	51	58	80	81	88	122	
40	30
0	1	5	6	8	10	18	19	22	24	25	27	28	29	34	35	36	37	38	50	56	59	62	64	69	73	77	81	88	97	
40	30
0	1	12	14	16	19	24	25	26	28	29	30	36	37	40	42	43	45	48	49	51	52	61	63	64	68	78	93	107	122	
44	31
4	7	8	11	12	14	15	19	24	25	30	31	34	35	36	39	40	42	51	52	56	61	73	78	84	88	93	94	96	122	125	
41	31
0	3	4	5	8	11	12	14	15	17	20	25	26	27	28	32	39	48	49	50	52	59	61	64	66	73	75	78	80	88	97	
39	31
0	1	2	3	5	6	7	9	11	12	16	18	22	24	26	27	32	36	41	42	44	48	50	51	56	61	62	80	81	88	112	
38	29
0	1	3	6	7	8	14	15	17	18	19	22	28	31	32	35	36	39	45	49	51	56	61	65	73	75	80	97	112	
37	28
0	1	2	3	4	7	9	10	11	12	15	16	18	24	28	30	32	37	44	50	51	64	80	81	84	88	112	125	
37	28
0	2	3	4	6	7	8	10	12	14	15	19	25	34	36	39	44	48	50	52	61	66	80	87	88	93	97	125	
43	30
1	6	8	10	11	15	16	19	25	26	30	37	39	41	44	45	49	51	56	61	63	65	75	77	81	84	88	89	97	122	
42	30
1	4	7	11	12	14	18	22	24	25	27	30	32	34	39	44	50	51	52	56	58	61	62	63	64	81	84	88	97	125	
36	29
1	2	4	5	8	12	14	15	16	19	24	25	26	27	29	32	34	37	39	42	50	51	61	73	75	78	80	81	93	
40	29
1	5	6	7	10	11	12	14	15	16	17	18	19	27	29	31	32	37	42	51	61	65	73	78	81	93	97	107	125	
41	29
0	2	3	6	10	11	12	14	20	22	28	30	34	35	41	42	51	54	56	61	62	64	66	75	81	89	93	97	107	
34	26
0	1	3	8	11	12	14	15	16	17	27	28	32	37	44	49	50	51	54	61	65	73	78	84	89	107	
43	31
1	2	3	5	6	7	11	14	15	16	18	24	25	28	32	34	40	44	45	48	50	68	73	77	78	80	84	87	88	107	125	
39	29
0	1	2	6	10	11	12	15	18	19	27	32	34	35	36	37	39	44	48	50	56	58	59	63	77	81	88	89	125	
39	29
1	4	6	9	14	15	17	18	20	25	31	35	36	40	45	48	50	52	54	58	66	73	80	81	84	87	88	93	97	
42	30
0	2	4	7	8	9	10	14	15	18	27	29	30	32	34	39	40	44	49	50	56	59	61	62	77	80	81	93	112	149	
40	30
0	1	2	3	4	7	10	11	12	15	16	22	24	25	28	31	43	44	49	50	51	54	75	81	84	88	93	97	122	125	
40	28
0	2	4	6	7	12	14	16	17	18	22	24	26	30	34	36	37	51	52	61	66	75	78	93	97	107	112	125	
40	29
1	3	5	7	8	11	12	15	18	19	22	25	28	34	35	39	45	48	49	51	58	59	65	73	87	88	93	107	122	
39	29
3	4	5	6	9	10	14	15	16	17	25	27	28	31	34	35	40	50	54	56	61	62	69	73	78	80	87	93	94	
40	30
0	1	2	3	10	11	12	14	16	22	25	27	28	29	32	36	39	42	44	50	52	61	62	73	77	78	80	88	89	122	
47	31
7	9	14	15	17	18	24	25	27	28	29	31	32	35	40	44	54	56	59	61	62	63	75	80	81	88	93	96	97	107	125	
42	30
1	5	7	8	9	10	14	15	16	17	18	19	22	25	27	30	39	41	44	49	51	56	58	67	77	78	88	107	125	149	
41	30
1	4	6	7	8	9	10	11	12	14	17	22	28	30	34	35	37	44	48	49	50	56	58	63	65	78	81	93	122	125	
41	31
2	3	5	6	7	8	12	14	16	18	19	25	29	30	31	35	39	40	42	44	45	51	52	64	68	73	77	88	89	112	122	
34	27
0	1	3	4	7	9	12	15	20	24	27	31	32	34	36	37	44	48	50	51	56	58	63	75	81	88	89	
40	29
0	1	2	4	7	8	10	14	18	24	28	32	34	36	39	42	44	49	51	59	61	62	65	69	75	87	93	97	112	
46	30
0	7	8	15	22	25	27	28	31	34	35	36	39	40	48	50	54	59	61	65	66	69	73	75	78	88	89	107	112	122	
40	30
1	2	5	6	10	14	16	17	18	19	24	25	28	29	35	36	37	40	44	52	54	62	64	66	73	75	80	81	88	122	
43	29
0	1	2	4	5	7	9	11	15	16	17	18	24	25	43	45	50	56	58	62	65	68	75	78	80	87	93	112	122	
45	31
4	5	6	8	10	11	12	16	19	22	25	27	34	44	48	50	52	56	59	61	65	66	69	73	77	80	81	87	93	94	96	
43	31
1	3	5	7	10	11	12	14	16	18	24	32	34	35	36	37	39	45	48	51	52	61	65	66	73	75	80	87	94	112	125	
36	28
0	1	4	7	10	11	12	14	25	27	28	31	34	37	39	44	45	50	51	52	59	61	65	75	81	88	89	96	
40	30
1	2	4	6	8	9	11	14	15	16	19	20	24	25	30	34	39	44	45	49	51	56	58	59	61	75	78	81	88	122	
46	32
0	1	3	7	10	15	16	17	18	19	22	24	30	35	36	39	42	48	50	52	56	61	64	69	73	77	78	80	81	93	112	125	
45	30
1	7	10	11	15	17	22	25	27	30	37	39	40	41	42	51	58	59	61	65	66	69	73	77	78	80	81	93	97	125	
40	29
1	2	4	6	7	10	12	16	18	22	24	31	34	35	42	45	48	49	50	56	58	59	61	65	75	81	87	97	107	
43	32
0	2	6	8	14	16	17	20	25	29	30	34	35	37	39	40	42	45	49	50	52	54	56	61	66	67	68	81	88	93	97	122	
43	32
1	2	3	5	6	7	9	11	12	15	20	22	24	25	27	29	30	34	36	37	42	44	50	51	61	69	75	81	93	122	125	149	
38	32
1	3	4	5	6	7	10	11	12	15	16	17	18	19	20	24	25	29	30	31	32	34	37	50	51	52	54	65	81	87	88	133	
42	29
1	2	3	6	7	10	14	16	18	22	24	25	29	34	42	44	48	49	56	59	61	75	80	87	88	93	97	125	149	
49	31
2	5	6	7	9	10	15	17	18	19	22	31	36	39	48	50	54	56	58	61	62	65	73	75	80	87	93	112	122	125	133	
43	31
2	3	5	6	7	11	12	14	16	18	22	25	32	34	35	36	44	48	49	50	51	61	62	75	77	78	88	94	97	107	112	
41	30
0	1	3	5	6	10	11	12	20	29	30	31	32	34	35	36	37	39	40	44	48	52	56	62	81	88	97	122	125	149	
38	27
3	4	5	9	12	14	15	16	25	28	30	31	34	35	37	44	51	52	61	69	73	77	88	89	97	107	112	
43	31
0	1	4	5	6	7	12	14	21	24	27	28	31	35	36	39	41	45	48	50	52	59	61	62	65	73	77	78	88	107	112	
34	29
1	2	4	5	9	10	12	14	15	16	17	18	20	25	31	32	34	35	36	37	39	42	48	52	58	59	73	77	81	
42	31
0	1	2	4	8	9	14	15	16	21	24	25	27	30	31	32	34	35	45	48	52	64	67	73	75	77	78	80	88	93	122	
43	32
1	2	4	5	7	8	10	14	16	17	26	28	32	35	36	37	40	41	42	45	48	54	56	58	59	61	65	69	80	93	97	122	
40	31
0	1	3	4	9	14	15	17	18	22	24	29	31	32	34	35	36	37	41	44	48	49	54	56	59	61	65	73	77	97	122	
41	28
0	1	6	7	10	12	14	20	22	25	27	30	31	32	34	42	44	56	59	61	62	65	78	80	81	97	107	125	
41	30
0	1	3	5	9	12	14	17	18	20	21	29	32	36	39	40	41	44	49	51	56	59	61	62	65	75	78	84	97	112	
38	30
1	3	4	6	7	9	10	11	15	20	25	30	32	36	37	39	40	41	44	45	51	52	54	58	59	62	63	69	73	107	
39	30
0	1	3	4	5	7	8	9	11	12	14	15	19	20	25	29	35	37	40	42	44	48	56	65	75	80	87	88	93	122	
40	30
0	3	5	8	9	10	15	19	22	25	26	27	34	37	39	42	48	49	51	52	59	64	65	66	68	73	80	81	87	97	
41	32
1	4	5	6	7	8	10	12	15	17	19	20	21	24	26	30	31	32	34	36	37	48	49	52	65	66	69	75	80	81	93	125	
41	30
2	5	9	10	11	14	15	18	21	24	25	30	34	35	36	37	39	40	44	50	54	59	61	62	77	87	93	94	112	122	
44	34
4	5	7	10	11	15	19	21	22	24	25	26	27	28	32	35	37	40	41	44	48	49	50	51	54	56	61	69	73	80	88	93	97	107	
46	31
0	3	5	9	10	11	12	14	16	17	20	34	37	39	42	44	50	51	56	59	61	65	66	69	78	80	81	93	97	112	125	
45	30
0	1	2	4	7	9	10	11	24	25	27	28	34	48	50	51	56	58	59	62	66	68	73	75	78	80	87	88	97	122	
41	30
4	6	7	8	9	12	14	15	19	24	31	32	34	35	37	39	41	48	51	52	54	56	64	65	73	78	80	97	107	133	
42	28
0	2	3	4	5	8	9	14	15	16	26	28	34	35	36	49	50	56	59	61	68	73	77	78	84	107	122	125	
40	30
3	4	5	8	9	10	12	15	18	22	25	27	28	29	31	34	37	39	40	44	49	58	68	73	80	81	87	93	97	149	
41	30
3	4	5	6	8	9	12	14	15	16	21	24	25	29	32	34	35	41	48	50	51	56	59	61	62	73	78	88	122	125	
38	28
0	1	2	4	7	8	9	11	18	19	24	25	31	32	34	35	37	39	48	56	58	59	61	75	81	88	97	122	
41	30
0	1	2	6	7	10	15	17	18	19	21	25	28	31	34	35	39	42	45	48	49	56	64	77	80	87	88	97	112	122	
46	31
0	5	7	10	12	14	17	22	25	26	28	31	34	36	38	39	43	49	50	56	58	61	62	66	73	77	78	80	107	112	122	
36	30
0	2	5	6	7	8	9	11	12	15	16	17	20	26	28	34	36	39	40	41	48	49	50	51	52	58	59	61	88	112	
44	32
0	5	7	11	12	14	17	18	24	25	28	30	31	32	34	39	42	45	48	50	51	52	65	66	67	69	77	84	88	97	112	122	
35	30
0	2	3	5	6	7	8	9	10	12	14	15	22	28	30	31	32	35	39	40	41	48	49	50	51	56	65	81	88	97	
42	29
0	1	4	5	7	12	15	16	17	24	30	31	32	34	36	43	44	50	51	56	61	65	78	81	87	97	112	125	149	
45	31
0	2	3	4	8	11	12	14	15	17	18	26	27	29	37	40	44	49	51	52	58	61	65	66	69	77	80	97	112	125	133	
42	30
0	1	3	4	5	8	9	11	12	14	15	16	18	27	31	32	34	35	48	49	56	73	81	87	88	93	94	97	112	125	
38	31
1	2	3	4	6	7	8	9	11	12	14	15	19	24	25	28	32	34	35	37	44	48	50	54	56	58	75	78	81	88	97	
39	28
0	1	2	3	4	6	7	11	12	15	17	25	31	35	36	37	39	48	51	56	58	63	69	73	78	97	107	125	
43	30
2	3	4	5	8	10	16	19	21	22	25	28	30	31	34	35	37	39	40	59	61	62	66	69	75	81	88	96	107	112	
36	29
1	2	4	5	7	8	9	11	12	14	15	17	25	32	34	36	44	45	48	50	51	54	56	58	65	67	87	93	97	
39	31
1	3	4	5	7	9	10	11	12	14	15	16	21	24	25	29	30	35	39	41	42	48	52	62	63	69	78	80	87	88	93	
47	31
0	1	5	6	7	8	9	16	17	20	30	31	34	37	39	44	48	50	56	58	61	65	66	73	75	80	93	97	107	112	125	
42	30
0	1	3	4	5	8	9	10	14	15	17	22	25	27	28	32	35	40	51	54	56	59	65	66	75	80	81	97	112	122	
43	31
0	3	5	10	11	14	16	18	21	22	24	25	28	34	35	37	39	40	48	50	52	54	59	73	75	87	88	97	107	133	149	
42	31
0	1	2	5	6	8	12	14	15	18	22	24	25	27	28	30	34	35	42	48	51	56	65	75	78	80	81	88	93	97	112	
44	30
0	1	2	7	10	15	16	17	25	27	28	30	35	36	37	39	45	50	54	56	61	64	68	75	81	88	97	112	122	125	
43	31
1	3	4	5	6	8	10	11	12	17	19	20	24	31	32	34	35	42	45	48	56	61	65	75	78	80	81	87	88	93	125	
40	29
0	1	2	4	5	7	10	14	15	17	19	25	31	32	35	37	39	43	44	48	56	58	75	77	80	88	89	112	122	
44	32
2	5	11	12	14	15	17	18	24	28	31	32	34	35	36	37	39	44	49	50	51	54	59	61	65	66	67	87	96	97	107	149	
47	31
0	1	2	3	4	5	8	14	18	24	31	36	37	39	40	44	52	58	59	61	62	64	65	66	73	75	87	88	93	107	122	
42	30
0	2	3	8	9	10	11	12	14	15	24	28	29	32	38	39	40	42	48	49	50	73	80	81	84	88	97	112	122	149	
39	30
0	3	6	7	8	9	12	14	16	17	19	25	26	27	30	31	36	37	45	50	51	52	59	61	62	65	75	89	97	112	
39	29
0	5	9	12	14	15	16	17	18	19	24	25	26	27	31	32	36	37	40	50	56	58	61	62	73	80	87	88	125	
38	28
0	3	4	5	7	8	9	10	12	14	20	25	34	37	44	45	51	52	54	58	59	61	65	69	80	93	97	125	
41	31
1	2	3	5	7	9	11	12	14	15	18	22	24	27	30	34	37	39	40	41	42	51	59	61	65	80	81	87	93	97	122	
42	31
0	1	2	3	7	10	12	14	15	17	18	27	28	30	32	35	36	42	44	50	51	56	58	59	64	65	73	77	80	88	125	
39	30
1	2	7	8	9	12	14	15	17	18	21	25	27	32	35	39	42	44	45	48	49	50	56	61	75	81	87	93	97	125	
35	27
1	2	4	8	10	11	12	14	15	22	24	25	27	30	32	39	42	50	51	54	61	63	64	75	80	81	112	
35	28
0	1	2	3	4	5	6	7	8	9	10	12	14	17	27	32	34	35	36	45	51	62	65	78	81	88	93	97	
46	33
0	1	6	9	11	15	16	17	24	25	26	27	28	30	31	39	41	42	43	44	51	58	61	62	63	69	73	77	81	89	93	97	112	
40	31
1	4	5	7	9	10	11	14	16	17	19	25	26	27	28	30	31	34	35	37	48	50	52	54	59	87	88	93	97	112	122	
34	28
0	1	3	10	12	15	16	17	19	24	25	28	30	35	37	40	42	44	45	51	52	54	61	65	75	77	81	88	
42	30
0	5	8	9	10	12	15	16	22	25	27	28	32	34	39	42	44	45	48	50	56	59	65	75	80	81	84	87	112	125	
40	29
0	1	2	3	8	11	12	14	15	17	22	24	26	28	29	32	35	36	37	48	61	64	78	80	81	93	97	112	122	
44	30
2	3	4	5	7	8	12	22	24	25	32	34	39	40	44	48	54	58	61	64	65	66	73	78	81	87	88	93	97	125	
42	32
1	6	7	9	10	12	14	15	18	19	20	22	26	28	29	31	32	35	37	42	48	49	56	61	65	69	73	75	78	81	93	97	
43	32
3	5	6	10	12	17	18	19	20	21	24	25	28	29	34	42	44	45	48	50	51	52	61	62	64	66	69	73	78	81	87	112	
37	28
0	1	2	3	5	7	11	12	15	16	18	20	28	34	35	36	39	42	44	48	49	78	87	88	93	97	112	125	
40	31
1	5	6	7	8	9	10	11	12	14	17	18	22	27	31	32	34	35	40	41	42	49	51	52	62	65	88	94	97	112	122	
38	30
1	2	5	6	8	10	11	12	15	22	25	27	28	32	34	37	39	42	44	45	49	51	52	56	58	61	65	78	93	112	
40	30
0	2	4	6	8	9	10	11	12	14	15	17	18	25	30	31	34	36	37	40	42	50	61	62	65	73	80	93	112	122	
41	30
3	6	7	9	12	14	15	16	17	18	19	24	25	31	32	35	36	39	44	50	51	56	61	78	80	81	88	97	122	125	
42	30
0	1	3	4	11	12	15	16	19	22	24	32	34	36	42	48	50	52	54	61	65	67	69	75	77	78	80	87	89	125	
40	29
0	3	4	6	7	8	11	12	14	15	17	20	26	27	28	29	48	51	56	58	61	64	66	68	69	75	81	87	97	
37	28
0	2	4	5	7	9	10	12	17	18	19	24	25	26	29	34	35	39	48	52	56	58	68	69	75	88	93	125	
44	29
0	1	2	4	8	9	10	12	18	24	25	32	44	48	50	51	56	64	65	75	77	78	80	81	87	88	97	112	125	
42	31
0	1	3	5	7	8	9	10	14	15	17	20	25	27	29	34	35	39	42	51	52	63	65	69	73	75	84	88	89	97	107	
41	30
1	3	4	5	6	7	8	10	12	14	15	18	20	26	28	34	40	43	44	49	51	65	66	67	73	80	88	93	112	125	
45	31
0	2	4	5	8	9	10	12	19	24	26	27	29	34	35	43	45	48	52	56	58	61	69	73	75	81	88	93	94	122	125	
44	31
1	2	3	4	6	11	12	14	17	18	20	24	28	30	35	36	42	44	48	51	62	63	64	65	66	73	81	88	97	107	112	
39	32
1	4	5	8	9	10	11	12	16	17	18	19	24	26	28	32	35	37	40	44	45	48	49	51	52	54	56	61	65	80	81	125	
43	30
8	10	15	17	18	22	24	25	27	28	35	39	40	41	45	51	52	54	56	64	65	66	73	75	78	81	87	88	89	112	
41	30
0	1	3	5	6	8	9	10	12	24	25	26	27	28	34	36	37	39	45	51	56	59	62	65	75	81	84	96	97	112	
41	29
0	1	3	4	8	10	11	15	16	18	19	27	34	35	39	41	43	48	52	58	59	73	77	80	81	88	89	112	125	
43	31
0	1	2	3	6	7	8	11	14	16	18	19	22	32	36	39	40	41	49	51	58	61	64	65	69	75	80	87	88	97	112	
45	30
0	2	3	6	10	12	19	21	22	24	25	29	35	40	48	49	51	52	56	61	62	64	73	84	87	93	97	107	112	122	
42	30
0	3	4	10	11	15	18	19	26	27	30	34	37	39	40	48	49	50	51	58	61	63	65	66	73	77	80	93	97	107	
44	31
1	4	10	11	12	14	15	16	17	18	21	22	25	27	28	30	31	35	44	58	62	65	66	69	73	78	80	81	87	96	149	
39	29
1	2	4	6	7	9	12	14	15	16	25	27	30	31	35	36	37	44	50	52	58	61	68	81	84	87	88	93	125	
42	30
1	5	6	7	8	9	11	12	14	15	20	22	25	31	32	34	42	44	48	50	51	56	65	67	87	88	93	122	125	149	
46	32
1	2	3	7	8	10	11	12	17	18	19	24	28	31	34	35	36	44	48	49	56	58	62	63	66	69	73	87	88	97	122	125	
46	32
2	3	5	7	8	9	11	12	14	16	19	26	27	28	29	34	35	39	40	41	48	58	62	63	65	73	75	78	96	122	125	149	
41	29
0	1	2	3	4	6	10	12	14	15	16	17	18	22	26	28	39	41	51	58	66	75	81	87	88	93	97	112	125	
46	31
0	1	4	9	10	12	15	25	27	30	31	32	38	40	44	48	49	50	58	59	61	67	69	73	77	78	80	81	88	112	149	
35	27
0	1	2	4	5	7	8	9	10	12	14	18	24	25	34	35	36	44	48	51	58	65	80	87	88	93	122	
37	27
0	1	2	3	4	5	8	9	10	11	12	15	18	19	32	34	37	51	52	58	69	73	81	93	96	122	125	
41	29
0	1	2	6	9	10	11	12	14	16	22	24	25	27	34	37	39	41	52	58	61	62	63	64	75	89	93	107	122	
40	30
0	4	7	9	10	11	12	14	15	22	24	25	31	32	37	40	43	44	48	50	51	56	58	61	77	80	81	88	97	122	
39	29
0	1	2	4	7	8	12	14	25	27	30	31	34	36	42	44	48	50	52	58	59	61	65	69	75	80	81	84	93	
46	32
4	6	7	8	9	10	12	14	15	17	18	24	25	32	37	44	50	51	52	56	61	65	67	75	78	80	81	84	87	88	97	122	
42	30
0	1	3	4	8	10	12	14	19	24	28	30	31	34	35	42	45	48	51	52	62	64	73	78	80	81	88	93	107	125	
37	29
1	6	7	8	9	10	12	15	16	21	22	24	25	26	27	32	36	37	39	49	52	61	62	64	65	81	84	94	97	
41	29
0	1	2	3	4	5	9	10	11	15	25	28	30	32	39	40	48	49	51	58	61	66	69	75	78	80	88	107	112	
39	29
0	2	5	6	8	9	12	14	15	16	27	28	35	36	39	44	48	49	50	51	59	75	78	80	81	88	93	97	107	
43	29
0	2	4	6	8	9	11	14	20	24	25	28	39	40	50	51	56	59	61	63	64	65	68	73	80	81	87	97	112	
38	27
2	3	4	7	9	10	11	15	19	25	30	31	34	37	39	44	50	51	58	59	63	65	67	78	93	112	122	
48	32
0	1	2	3	5	6	8	11	17	21	22	26	28	36	39	44	48	50	52	61	62	64	66	73	75	78	87	88	93	107	125	133	
46	32
2	5	6	9	10	12	14	15	17	18	24	26	29	31	32	34	36	37	44	50	51	56	61	64	65	69	88	93	97	107	122	149	
41	30
0	1	5	6	7	10	11	12	16	21	24	25	26	27	34	35	36	41	44	48	49	56	61	62	66	73	88	93	107	122	
42	30
0	2	5	6	10	14	16	19	21	24	27	28	31	32	34	37	44	50	51	54	61	65	66	75	87	93	96	97	107	133	
48	32
1	2	7	8	11	12	15	21	24	25	27	30	31	36	37	39	44	51	52	58	61	63	65	68	69	75	78	81	93	112	122	125	
40	30
0	2	4	10	11	12	18	19	20	21	24	25	30	32	35	36	37	39	40	44	48	50	58	61	62	63	64	68	112	149	
41	30
0	1	2	3	5	8	9	10	11	12	15	17	24	25	28	31	34	35	36	37	40	48	59	61	73	75	88	112	122	125	
37	28
0	1	5	7	9	12	14	15	16	18	22	24	25	32	37	39	40	42	44	49	56	58	61	62	65	73	80	122	
45	32
0	1	4	5	8	9	14	15	24	25	29	35	36	40	42	48	49	51	52	54	58	62	64	73	75	80	81	84	87	93	97	107	
41	31
0	1	5	7	11	12	14	17	18	19	22	24	27	28	30	31	34	35	36	44	48	50	54	56	62	67	69	81	93	112	125	
41	30
0	1	2	5	10	14	15	16	21	24	25	27	36	37	39	44	50	51	52	56	61	62	63	66	73	75	78	80	87	93	
41	29
1	4	9	10	14	15	16	18	22	24	28	31	35	37	42	44	48	50	54	56	61	63	75	78	93	96	97	107	112	
41	29
0	7	8	9	11	12	14	15	20	24	26	28	34	42	44	45	49	50	51	61	65	73	75	81	88	96	97	112	122	
39	29
1	2	3	4	5	6	8	9	10	11	12	14	15	19	25	31	35	36	39	48	52	63	73	78	80	81	93	125	133	
38	30
0	3	4	6	7	8	12	14	15	16	17	27	28	31	32	35	39	42	45	48	51	52	54	58	66	69	78	80	97	112	
41	30
0	3	4	5	7	8	9	10	15	17	18	20	35	36	39	40	42	48	50	52	58	65	69	73	75	78	80	81	84	112	
38	28
1	6	8	10	14	16	18	19	24	25	28	30	32	39	41	42	44	45	51	52	61	62	63	64	75	80	112	122	
43	30
2	4	5	12	14	17	18	19	25	29	30	35	36	37	39	40	44	49	50	58	61	63	66	68	73	88	93	97	107	122	
39	30
0	2	4	5	6	7	10	12	14	24	25	26	27	28	29	34	35	40	44	51	54	61	65	69	80	81	87	88	94	96	
44	29
2	3	4	5	6	7	14	15	25	26	28	31	32	39	42	45	50	58	61	62	64	66	69	78	80	87	112	122	125	
40	30
5	6	7	8	14	15	16	18	25	28	32	34	35	37	39	40	41	44	48	49	50	52	58	61	66	78	93	97	107	125	
38	29
0	2	3	4	6	7	9	10	11	12	14	16	17	27	28	31	34	48	50	51	56	59	61	65	69	75	81	87	97	
44	29
2	4	14	18	22	24	25	28	32	35	36	39	40	44	48	50	56	59	61	66	75	80	81	87	88	93	97	112	122	
40	26
0	1	4	6	8	12	14	15	28	32	37	39	44	51	52	56	61	65	73	75	78	89	97	107	112	122	
46	31
1	2	4	8	11	14	15	18	22	28	32	36	42	44	45	48	50	51	56	58	65	67	75	80	81	87	88	93	97	107	122	
40	30
0	1	4	7	9	11	15	17	18	24	25	30	31	32	36	48	49	50	51	54	59	64	66	67	73	80	81	87	88	97	
39	28
0	1	5	7	8	14	15	16	20	22	24	25	29	39	41	44	50	51	56	61	66	67	73	75	78	87	93	112	
38	29
0	3	5	6	7	11	12	14	18	22	24	27	29	32	39	40	41	50	51	52	56	59	61	64	67	73	81	84	94	
47	31
0	3	8	9	10	11	14	15	17	22	24	34	35	36	39	48	49	52	56	62	64	66	67	73	75	81	89	93	107	125	133	
37	29
0	2	4	5	7	9	11	14	17	22	27	28	30	31	35	37	39	40	42	48	49	50	58	59	61	75	81	97	107	
39	28
0	1	2	3	4	5	7	8	10	11	12	14	15	19	25	32	34	42	51	52	58	61	66	84	88	107	112	125	
37	28
0	1	3	4	6	7	8	9	10	12	16	18	30	32	36	39	41	44	51	52	56	63	64	65	67	80	84	112	
39	31
0	1	2	5	15	17	21	24	25	26	27	28	30	34	36	40	42	44	48	49	50	52	54	58	61	65	66	75	78	80	81	
42	30
0	2	3	5	6	8	9	10	14	15	25	27	31	32	35	37	39	42	48	54	62	64	69	77	78	80	81	88	122	125	
41	29
0	1	3	4	7	8	9	11	22	24	32	34	35	36	37	48	49	52	54	58	59	63	64	81	84	93	97	107	125	
39	28
0	2	4	5	8	9	12	15	17	24	28	32	35	37	39	40	41	42	48	58	64	80	81	87	93	97	107	112	
38	31
0	2	4	5	7	9	14	15	17	20	22	26	28	30	31	34	39	41	42	43	44	50	51	54	56	59	61	65	73	78	97	
41	31
1	3	4	7	9	10	11	12	14	15	19	22	25	30	31	35	40	41	42	48	51	56	58	62	65	67	73	77	78	88	93	
37	28
0	1	2	4	5	7	8	10	12	15	26	27	34	35	37	42	43	44	48	50	54	58	61	80	81	96	133	149	
36	30
0	1	4	6	7	9	11	12	15	16	17	24	26	27	28	30	34	36	41	42	44	48	49	50	52	58	62	80	81	122	
44	30
0	3	6	9	10	14	15	16	17	19	24	26	28	30	32	37	45	48	52	58	61	65	73	75	80	88	97	107	125	149	
44	29
1	6	8	14	16	29	30	32	34	37	39	41	44	49	50	51	56	61	62	65	73	75	78	80	81	84	88	107	122	
43	30
1	4	5	9	10	14	15	16	18	24	26	28	34	37	41	44	49	51	52	54	61	73	80	84	87	93	97	107	125	149	
38	30
1	2	4	5	6	7	8	11	12	14	18	22	24	25	26	32	34	35	44	49	50	51	54	58	61	69	78	88	89	112	
37	29
0	2	3	4	5	9	10	15	16	22	25	28	31	32	35	37	39	42	44	50	51	54	56	66	75	80	81	97	122	
42	29
2	5	6	8	11	12	14	17	18	21	24	25	27	29	35	37	40	42	44	61	62	63	65	66	80	88	107	112	122	
46	31
0	1	3	4	6	7	8	14	16	17	24	27	28	31	37	39	44	48	56	63	64	65	75	80	87	88	89	93	97	107	122	
41	30
0	1	2	3	4	5	6	7	11	14	20	29	34	35	36	40	48	49	50	54	56	59	61	62	66	69	80	87	96	112	
45	29
0	7	9	10	11	12	24	25	26	27	28	31	37	39	45	56	61	62	66	69	78	80	81	87	88	93	97	107	112	
39	29
0	1	3	4	5	6	9	10	11	12	18	19	22	31	35	39	42	44	48	50	56	64	75	78	81	88	93	94	125	
38	28
0	2	3	4	5	7	8	9	10	15	17	18	24	32	34	35	39	42	48	50	64	77	78	80	81	93	112	122	
39	29
0	1	3	6	7	8	9	11	12	15	19	24	25	27	31	32	37	39	41	51	52	58	61	67	75	81	97	122	125	
41	30
1	3	4	8	9	10	14	15	17	18	20	22	26	27	31	35	39	44	50	51	63	64	67	73	81	87	88	93	97	107	
45	32
1	2	5	7	8	9	12	14	17	22	24	25	29	35	36	37	39	40	44	50	54	58	61	62	73	78	87	88	93	97	112	122	
42	31
0	2	3	5	6	7	8	9	11	12	14	16	18	27	31	39	40	42	49	50	51	56	59	61	63	65	75	78	84	97	112	
40	28
0	1	2	4	6	7	11	14	16	17	18	31	36	38	40	50	51	52	61	65	75	80	81	88	93	97	107	122	
41	30
1	4	6	7	8	9	12	14	15	17	18	26	30	32	35	41	42	44	45	48	50	58	59	62	63	69	73	93	107	112	
38	30
0	2	3	4	5	8	9	10	15	17	19	24	25	28	34	35	37	41	45	49	50	54	61	64	68	77	78	87	93	94	
43	29
1	3	4	5	9	11	12	14	15	16	27	28	29	31	34	48	51	56	62	63	66	73	78	81	88	89	93	122	125	
43	32
2	3	4	5	8	10	11	12	15	25	28	29	30	32	34	37	39	42	44	48	49	51	54	59	61	62	65	66	73	77	125	149	
40	29
0	3	4	6	7	9	10	11	12	15	19	24	27	30	34	39	40	42	44	48	52	58	62	65	80	93	107	122	125	
40	31
1	3	4	7	8	9	10	11	12	14	16	19	22	24	26	30	31	34	39	40	42	48	50	52	62	63	80	93	94	112	122	
35	28
0	3	4	5	6	9	11	12	15	16	18	27	30	31	35	36	39	44	48	50	51	52	69	73	81	88	93	125	
39	28
0	1	2	4	5	6	7	8	10	11	12	17	24	34	35	36	42	48	50	56	61	62	73	75	81	93	112	122	
40	31
0	1	3	4	5	10	11	14	15	16	29	31	32	34	37	39	41	44	45	48	52	54	63	66	73	75	78	80	81	87	88	
39	30
1	2	3	4	5	6	9	11	14	20	22	24	25	26	27	29	32	37	39	44	45	51	58	61	62	73	81	87	97	125	
42	30
0	2	8	9	10	12	14	15	20	25	27	32	35	36	37	39	44	48	50	52	58	67	77	78	80	81	87	97	112	125	
40	30
0	1	2	3	4	10	11	12	16	17	18	20	30	31	35	37	39	40	42	50	54	61	64	65	67	68	80	81	93	107	
38	31
1	2	3	4	5	7	8	9	10	11	12	16	17	22	24	26	28	31	35	36	37	40	42	48	64	65	80	87	88	93	97	
37	28
1	2	5	7	12	14	15	16	17	18	22	25	28	29	31	42	44	48	51	52	59	61	65	77	78	81	97	125	
41	30
0	1	2	3	7	8	15	18	19	25	27	28	30	31	32	35	36	37	39	45	50	58	61	62	65	75	93	97	122	125	
38	29
0	1	2	3	4	5	7	8	11	15	18	26	28	30	32	34	39	48	50	52	54	58	64	73	78	80	88	93	125	
41	30
1	4	5	8	9	10	12	14	15	18	20	22	24	28	32	35	36	44	48	49	50	56	61	64	65	73	75	80	107	112	
46	31
0	1	2	3	4	6	10	11	12	14	26	31	32	34	35	37	42	49	59	62	65	78	80	81	87	88	94	96	97	112	125	
41	30
1	5	6	10	14	16	17	22	25	27	28	30	31	42	44	45	49	50	51	54	56	64	75	78	80	81	88	93	97	149	
41	30
1	3	8	9	10	12	17	18	19	20	24	25	28	30	32	35	37	41	48	52	59	61	62	63	64	65	77	80	93	122	
40	29
0	1	4	5	7	8	9	12	14	15	17	19	29	34	35	39	41	42	48	50	58	65	73	78	87	93	97	107	112	
43	29
1	2	4	5	6	7	8	18	22	24	32	34	35	36	37	48	54	59	63	66	69	75	78	80	81	93	96	112	122	
40	29
0	2	3	4	5	8	9	10	11	12	19	24	34	35	39	40	45	48	49	52	56	73	75	78	81	88	93	122	125	
38	30
1	2	7	9	12	14	15	17	18	20	21	22	24	28	30	31	32	34	37	42	44	50	51	58	61	63	75	78	93	122	
41	30
5	7	8	9	14	20	25	26	27	28	30	36	37	39	41	42	44	45	48	49	56	59	61	62	63	64	73	96	97	122	
44	32
1	2	3	5	6	7	8	10	11	14	16	17	19	34	35	36	44	48	49	51	52	54	59	61	63	75	77	87	88	97	107	112	
43	31
0	2	4	6	7	10	11	12	14	16	17	18	19	28	31	39	40	48	49	51	58	64	73	75	77	78	87	88	94	97	149	
38	28
1	3	8	12	14	16	17	24	25	27	29	32	39	41	42	44	45	48	51	61	63	65	66	69	73	78	97	112	
38	29
0	2	3	4	6	7	10	12	14	16	19	24	28	31	34	36	37	41	44	48	50	61	64	65	66	81	93	97	107	
40	31
1	2	3	5	6	7	8	11	12	14	15	22	24	26	27	29	34	36	43	44	50	51	52	56	58	61	66	77	84	93	107	
40	30
0	1	2	3	9	11	12	14	15	16	17	24	28	29	31	34	36	37	39	48	54	58	73	75	80	81	84	88	97	122	
39	27
2	4	7	10	11	12	14	16	18	22	25	27	28	32	44	50	51	61	62	63	64	66	75	81	97	107	149	
48	32
0	1	2	6	8	12	18	25	28	30	32	39	40	41	44	48	49	50	58	62	63	64	65	73	75	78	81	84	88	93	112	122	
44	31
1	4	8	10	14	16	24	25	27	28	31	34	35	37	40	44	45	48	49	56	59	61	65	68	69	73	80	81	93	97	125	
43	30
1	4	5	7	8	9	10	14	15	22	30	31	34	36	39	44	49	50	51	56	62	63	64	73	75	81	93	97	112	122	
38	29
1	4	6	8	10	12	14	16	18	22	25	27	28	30	32	34	35	37	42	44	51	52	58	61	77	80	81	112	133	
43	31
0	2	3	5	6	7	8	9	12	14	17	22	24	34	35	36	37	40	43	49	50	61	62	65	69	78	80	81	93	112	122	
39	30
1	2	5	6	7	8	9	10	14	15	24	25	26	27	31	32	35	36	37	39	43	44	48	59	66	69	80	93	122	133	
44	28
0	1	2	5	9	10	11	15	18	26	27	35	37	39	50	51	56	69	73	78	80	81	93	97	107	112	122	125	
40	28
0	1	3	4	5	8	10	18	19	27	28	32	34	35	39	45	48	51	56	59	61	62	64	73	78	88	107	112	
40	29
0	2	3	5	9	10	11	12	14	15	18	29	30	31	32	37	39	40	42	50	56	61	62	64	73	80	84	122	125	
38	29
0	1	2	3	4	5	7	8	9	10	15	17	24	25	27	32	35	37	45	48	54	56	58	73	75	78	81	93	122	
37	29
0	1	2	4	5	7	8	11	14	15	17	18	22	24	28	34	35	37	40	49	52	54	58	61	62	81	93	97	125	
39	28
0	2	3	4	5	6	11	24	25	28	31	34	39	40	41	48	50	56	58	61	66	69	73	78	80	87	93	97	
40	29
0	4	5	8	9	10	11	15	17	18	20	21	25	35	36	37	39	49	50	51	56	64	69	73	78	80	81	112	122	
39	27
2	4	5	6	7	9	10	14	15	24	25	27	30	32	37	38	44	59	62	75	78	80	87	88	93	122	125	
39	28
0	2	3	4	6	9	10	11	12	14	15	28	29	30	31	34	39	51	58	62	73	78	80	81	88	93	97	122	
41	30
0	1	4	5	8	9	10	11	15	17	18	22	24	30	37	39	41	43	49	51	52	58	65	75	77	81	84	97	107	112	
41	31
1	5	6	7	9	16	18	22	24	25	26	29	31	32	35	36	37	44	49	52	54	56	58	64	68	75	78	80	81	88	97	
42	29
3	6	9	10	11	12	14	15	16	17	22	24	28	31	41	48	50	56	61	65	66	75	78	80	81	87	93	97	125	
42	31
0	1	3	6	8	9	10	11	12	15	17	22	27	28	31	35	39	40	42	44	48	49	58	73	77	78	80	81	97	122	125	
43	33
1	2	11	14	15	17	19	22	25	27	29	30	31	32	34	36	37	39	40	45	48	49	50	51	58	61	63	65	75	88	93	97	122	
38	29
0	1	3	4	6	8	9	11	12	14	15	19	22	24	25	27	31	32	35	45	51	61	62	73	78	80	88	97	122	
48	30
0	1	2	5	14	15	17	22	25	27	34	35	42	48	54	56	61	64	66	69	73	78	80	81	87	93	97	112	122	125	
45	29
0	1	3	5	10	12	14	15	16	17	22	31	32	34	37	44	48	61	62	65	69	73	80	93	97	107	112	122	125	
38	28
1	4	5	12	14	15	16	17	18	21	24	25	31	35	39	40	50	54	61	62	66	73	80	81	87	88	93	97	
39	30
0	2	4	5	8	11	12	14	15	17	19	22	25	31	32	34	35	36	37	45	48	50	58	61	65	66	73	88	93	125	
44	30
1	3	4	5	6	11	14	17	20	24	27	34	35	45	49	50	51	56	61	62	63	64	68	73	77	84	88	93	97	107	
42	31
1	8	10	11	14	15	17	20	21	22	26	27	28	29	35	39	40	41	42	45	48	49	61	63	65	73	80	93	97	112	122	
36	28
0	1	3	6	10	11	14	16	17	22	25	28	29	30	35	36	37	40	52	54	58	61	62	65	69	73	84	89	
43	29
0	2	4	7	10	11	12	15	18	24	25	26	30	36	37	39	48	50	56	58	62	68	78	80	88	96	112	122	125	
38	31
1	2	4	5	7	8	9	10	11	14	15	17	19	20	24	25	27	30	31	32	36	39	43	48	49	51	64	87	94	112	133	
36	28
0	6	7	10	14	15	16	17	18	19	25	30	34	35	36	37	39	42	44	49	52	56	62	65	69	75	94	112	
41	30
2	3	4	6	7	12	14	15	16	20	21	28	29	30	35	36	39	40	42	50	51	56	59	61	63	64	77	81	122	125	
38	28
0	1	3	5	8	10	11	12	15	17	19	24	28	31	34	35	37	42	48	61	64	65	67	73	81	87	93	125	
42	32
0	8	9	10	11	14	16	20	24	25	27	30	32	35	36	37	40	41	44	48	49	52	54	56	59	61	73	80	88	93	97	122	
41	30
0	2	4	8	9	11	12	14	24	25	29	30	31	34	37	39	41	49	50	51	54	58	61	65	75	78	87	89	112	122	
38	29
0	2	3	4	10	15	18	19	21	22	25	27	31	32	34	35	37	39	41	44	45	56	62	64	73	77	88	97	107	
44	32
2	4	6	7	9	14	17	21	24	26	27	28	29	31	35	36	39	40	48	49	56	58	61	69	73	75	78	84	87	88	93	97	
37	29
0	1	2	3	4	5	6	8	11	12	14	19	20	24	28	29	31	32	34	35	37	39	48	80	81	88	93	112	122	
41	29
2	10	12	14	16	17	18	24	26	30	31	32	35	37	39	40	41	42	44	56	58	61	62	63	66	88	93	107	112	
41	30
0	1	2	4	7	8	9	11	12	19	27	28	30	34	36	39	44	48	50	52	56	58	59	65	73	75	80	93	96	107	
39	31
2	3	4	5	10	11	12	14	19	25	28	29	31	32	34	37	39	40	44	45	51	52	54	58	61	73	80	81	87	93	94	
41	29
1	2	3	5	14	15	16	17	21	30	31	34	35	39	44	48	49	50	51	56	61	62	64	65	73	78	97	107	112	
35	29
1	2	3	4	5	6	7	10	12	14	15	16	17	18	22	24	25	32	35	40	45	48	50	61	77	80	81	88	93	
37	28
1	2	4	5	7	12	14	22	24	25	26	29	34	36	43	44	48	50	51	54	58	61	66	67	78	88	93	125	
38	29
1	2	3	4	8	9	10	11	12	14	25	27	28	30	34	35	37	48	49	52	58	59	65	80	81	84	87	88	93	
40	29
1	4	10	11	12	14	18	19	25	31	32	34	37	39	41	44	50	51	52	56	58	61	65	67	73	77	81	97	112	
39	31
1	5	6	7	8	10	12	16	17	19	20	25	26	27	28	32	34	36	39	41	42	49	51	56	61	64	65	81	87	88	93	
43	30
0	1	2	5	6	7	8	14	15	17	26	28	30	31	32	36	49	50	54	61	62	64	65	75	77	78	88	93	112	122	
41	32
0	1	3	7	9	10	12	18	19	22	24	25	27	28	30	32	35	42	45	48	49	50	54	56	61	62	65	69	73	75	78	87	
47	30
2	4	5	10	15	17	18	25	27	30	32	39	44	45	48	51	58	62	65	66	69	73	75	81	87	88	89	107	112	125	
40	28
0	2	3	6	8	9	14	15	16	24	27	28	32	35	39	51	52	56	61	64	65	73	75	78	80	88	97	107	
40	30
1	3	5	7	9	10	11	14	15	16	25	31	35	36	37	39	44	49	50	51	52	63	64	75	78	80	87	93	97	112	
37	29
0	1	3	5	9	11	12	14	18	19	20	21	22	27	29	31	34	35	37	39	42	48	49	62	73	88	96	122	149	
39	29
0	2	5	6	7	8	9	15	24	25	26	27	28	32	35	39	40	41	48	52	54	58	64	73	75	88	97	122	125	
42	29
0	1	3	4	5	7	11	14	15	28	30	31	37	39	44	50	51	56	58	59	61	62	67	73	75	77	81	89	122	
40	30
3	4	5	8	9	10	15	16	17	19	24	28	30	35	37	40	41	48	49	52	54	58	61	62	65	73	75	81	93	125	
43	30
0	2	4	6	9	10	14	16	18	24	29	34	35	39	42	49	51	52	54	56	58	65	75	78	80	81	93	97	107	125	
41	32
0	4	5	8	9	12	15	19	20	24	25	26	27	31	34	35	36	39	42	43	45	48	50	52	61	75	77	78	81	87	93	112	
40	29
0	1	7	10	11	12	14	15	17	22	25	27	28	30	31	35	40	42	48	52	58	66	75	81	87	88	97	122	125	
38	27
0	1	4	6	7	8	9	12	15	17	18	19	22	35	39	48	51	52	58	59	63	64	73	88	97	107	149	
49	33
1	2	3	12	14	16	17	18	19	22	24	28	29	30	34	39	41	42	48	51	54	56	61	63	65	73	77	81	84	112	122	125	133	
41	29
0	4	8	9	10	12	16	18	22	24	25	28	32	34	39	40	48	49	50	59	61	64	66	73	78	84	97	133	149	
42	31
2	4	6	8	11	12	14	15	16	17	18	24	25	28	30	31	34	35	37	48	52	56	61	65	66	73	75	81	87	97	149	
37	29
0	1	2	4	5	7	8	9	12	14	15	24	25	27	30	31	32	37	42	44	50	61	62	65	69	80	81	89	93	
39	28
0	1	2	4	7	8	14	15	22	24	26	32	34	35	39	45	48	51	56	58	61	65	73	75	78	94	97	125	
38	28
0	1	2	3	6	7	12	18	24	28	29	30	31	35	36	37	45	48	50	56	64	67	69	73	80	81	93	125	
42	31
0	1	4	5	7	8	9	10	11	12	14	17	22	24	25	31	32	37	39	40	52	58	59	62	64	65	66	81	87	97	122	
39	29
1	2	8	10	11	12	14	16	22	24	25	31	32	34	36	39	48	50	51	56	58	59	61	65	73	78	80	87	97	
39	30
0	1	3	5	6	8	10	11	12	16	18	19	25	31	32	34	35	36	37	39	44	54	56	62	63	65	75	81	88	125	
43	30
4	5	9	12	15	16	18	24	26	27	28	36	37	40	42	44	50	51	52	61	63	65	75	81	87	88	93	97	122	125	
35	29
1	3	5	6	7	10	11	12	17	18	19	24	27	29	35	36	37	40	42	43	44	45	51	64	65	67	73	81	88	
41	29
0	1	3	5	7	8	11	12	14	15	19	22	31	34	37	42	49	50	51	56	59	61	63	78	80	81	88	122	149	
37	29
0	1	2	3	4	8	10	11	12	14	15	17	18	27	28	29	32	37	39	49	51	56	58	69	75	80	81	88	97	
47	31
1	2	5	7	10	11	15	18	24	25	27	28	32	34	35	37	39	42	45	59	62	65	75	78	81	88	93	107	112	122	133	
45	31
0	3	4	5	6	7	11	14	15	16	17	19	24	28	30	31	38	48	52	65	66	69	75	78	80	81	88	93	97	122	125	
41	31
0	1	2	4	6	7	8	10	15	16	19	24	25	30	32	39	42	44	48	49	50	51	54	61	63	65	69	75	78	107	112	
40	29
0	2	4	7	12	14	17	18	21	24	27	30	31	32	35	40	44	49	50	56	58	61	62	63	77	81	88	93	125	
43	30
0	1	2	5	7	8	14	15	17	28	31	32	34	35	39	40	41	49	51	56	59	61	64	73	87	88	89	97	107	112	
43	32
1	2	4	5	6	7	8	9	10	12	14	16	19	27	30	34	35	37	40	44	45	50	58	62	65	69	73	75	78	80	93	122	
42	32
0	2	3	4	10	12	15	18	19	21	24	27	28	32	36	37	39	40	41	44	45	50	51	61	64	77	81	84	88	93	97	125	
37	29
0	1	3	4	6	7	9	10	12	14	15	20	25	30	31	32	34	42	44	48	51	61	65	68	69	73	81	84	93	
46	31
0	1	2	3	7	8	9	10	11	14	18	20	22	27	32	34	42	51	54	56	59	61	62	66	80	87	93	97	107	122	125	
36	30
1	2	3	4	5	9	10	14	15	18	19	21	24	25	28	31	32	34	38	42	44	48	50	51	56	58	65	73	78	88	
47	30
0	5	6	8	9	12	15	19	28	31	34	39	44	45	48	51	52	54	56	58	61	73	78	88	93	107	112	122	125	149	
40	30
1	5	6	7	8	10	14	16	22	24	25	28	29	32	34	36	39	42	43	44	51	52	61	62	65	77	87	93	112	122	
40	29
0	1	3	9	12	14	16	17	24	25	27	29	31	32	35	37	39	44	51	56	61	63	73	77	78	80	88	97	107	
40	28
0	1	2	4	5	7	9	10	12	14	16	18	27	31	32	42	44	48	61	64	65	73	78	80	93	97	107	125	
40	29
0	1	2	3	4	5	10	11	12	16	18	25	26	32	34	35	39	48	49	52	56	61	69	75	78	80	81	107	125	
40	30
0	1	2	3	4	5	9	14	15	16	25	28	30	31	32	35	49	50	51	54	58	59	61	75	77	78	80	81	88	93	
43	32
3	4	6	8	9	10	11	12	14	15	20	21	25	27	28	35	39	40	41	42	50	52	58	61	63	68	75	78	87	93	97	122	
43	31
2	3	4	5	7	8	9	12	15	18	28	32	35	37	39	44	45	48	52	54	58	59	62	65	73	75	78	80	84	97	112	
37	29
0	1	3	4	6	8	10	12	14	22	24	25	27	28	31	35	36	37	39	44	51	61	63	65	73	80	88	93	97	
37	27
0	1	2	4	5	11	12	14	15	16	17	18	25	28	31	35	42	48	52	61	64	66	73	77	97	112	125	
41	31
1	2	4	6	7	10	11	14	25	27	28	31	34	35	40	44	45	49	50	51	52	54	58	63	65	66	80	88	93	97	122	
46	31
0	3	5	8	9	11	12	15	18	24	25	27	29	32	34	36	39	40	44	48	61	62	64	73	80	81	88	107	112	122	125	
39	28
1	2	4	7	9	11	14	15	17	24	25	27	31	34	39	48	49	54	56	58	59	63	64	87	93	94	97	125	
39	30
0	1	2	5	6	7	11	12	14	15	16	17	24	25	27	30	31	35	37	39	42	48	54	65	77	78	88	97	112	125	
38	29
0	1	4	5	7	8	10	11	12	15	18	27	36	39	41	42	44	45	49	50	51	52	59	61	62	65	80	107	112	
37	28
1	4	10	11	12	14	16	18	22	24	25	31	32	34	37	39	41	48	50	58	66	73	77	78	80	81	88	97	
34	27
0	1	2	6	7	8	9	11	12	15	16	17	18	26	28	34	35	39	42	48	52	58	75	88	93	97	125	
38	30
0	1	4	7	8	10	12	14	15	16	17	19	24	25	27	36	39	41	44	48	49	51	56	58	61	66	73	75	80	97	
42	31
0	1	5	6	7	8	9	10	12	15	17	22	27	28	31	32	35	39	42	48	51	56	59	63	66	69	75	78	89	93	133	
43	29
2	3	7	8	14	16	18	22	27	28	34	36	42	44	49	50	51	58	59	61	63	66	75	87	93	94	97	107	149	
42	31
0	1	2	4	5	9	10	12	14	16	18	19	31	32	36	37	39	40	43	44	48	49	58	59	61	69	73	80	88	107	149	
37	29
0	1	2	3	8	9	12	14	16	17	18	19	22	24	27	29	32	35	40	42	51	61	64	75	77	81	87	93	97	
42	32
0	1	2	4	5	6	7	8	10	14	15	16	18	20	21	24	26	28	32	35	44	49	51	56	65	67	75	80	81	88	97	112	
39	27
0	1	2	3	5	7	8	9	14	15	17	24	28	31	35	42	51	61	62	63	67	69	73	78	97	112	133	
45	32
0	2	5	7	10	14	15	16	17	20	22	25	27	30	35	37	42	48	49	50	52	56	61	62	64	66	78	87	93	97	112	149	
44	29
0	1	2	3	4	8	9	14	15	22	32	34	35	36	37	39	54	58	61	67	68	78	87	88	89	93	107	122	125	
41	30
1	2	5	6	10	12	14	15	16	18	25	27	31	39	40	41	44	45	49	50	59	61	62	75	78	80	88	93	97	125	
47	32
1	6	7	8	11	14	15	17	25	26	27	31	37	42	48	49	50	51	54	64	65	73	75	77	78	84	87	88	93	97	107	122	
39	31
0	1	2	4	7	10	11	15	16	17	18	19	24	25	28	30	32	34	40	45	48	50	51	58	59	67	73	77	78	88	97	
44	30
4	12	17	24	25	27	28	29	30	31	32	36	37	39	44	45	56	58	59	64	66	67	68	69	77	78	81	87	88	97	
42	32
0	1	9	10	11	14	15	16	25	27	28	31	34	35	37	42	44	45	49	50	51	54	56	58	65	78	80	81	87	88	89	97	
39	30
0	1	2	5	7	8	9	14	15	16	17	32	34	35	39	40	42	44	45	48	49	50	56	58	61	62	80	81	88	125	
41	28
0	5	8	9	10	12	15	16	18	25	37	39	41	43	44	45	48	49	50	73	80	81	87	93	107	112	122	149	
40	30
0	1	2	4	5	6	9	10	12	15	16	17	24	26	27	28	29	31	37	40	50	62	63	66	73	75	80	81	93	122	
42	31
1	2	3	5	7	9	12	14	15	24	25	27	31	32	34	37	39	41	44	45	48	52	59	61	75	78	80	81	87	112	122	
39	30
2	3	4	7	8	9	10	11	12	14	15	16	22	25	27	28	32	39	42	49	50	51	56	61	75	77	78	81	97	149	
40	29
0	1	2	3	5	9	12	14	15	16	21	24	25	29	31	35	39	41	48	56	58	64	75	77	78	81	87	93	122	
38	29
1	3	6	8	11	12	14	16	18	20	22	29	30	32	35	41	42	44	49	50	51	56	61	65	69	75	81	93	122	
38	30
0	3	4	5	9	10	11	15	19	22	25	28	29	30	34	35	37	38	41	45	49	52	54	58	62	66	81	89	97	107	
39	28
0	1	2	6	7	12	14	17	20	22	26	27	29	34	36	48	50	51	56	58	61	62	66	75	80	93	97	125	
42	28
0	2	5	6	9	10	11	25	27	32	35	37	39	40	44	45	50	56	58	61	62	66	69	73	93	107	112	125	
44	31
1	2	3	6	7	10	11	12	17	24	25	26	32	34	36	44	48	50	51	56	59	61	62	69	73	80	81	87	88	97	112	
43	32
1	4	5	6	7	10	11	15	17	18	24	26	27	34	36	37	38	40	44	45	49	50	51	58	62	65	73	75	88	93	107	122	
45	30
1	5	6	7	11	12	14	15	16	17	18	19	30	31	40	42	49	51	56	59	61	64	65	81	88	93	97	107	112	125	
42	31
0	1	4	7	8	10	11	15	17	18	20	24	28	31	36	41	42	44	50	51	54	56	59	62	64	81	87	88	93	97	122	
46	32
0	4	6	7	10	11	19	20	25	27	29	30	32	36	37	39	40	44	48	52	61	64	69	77	78	80	81	87	89	94	112	122	
46	29
1	4	5	8	10	12	15	16	25	31	37	39	44	50	51	52	61	65	73	77	78	81	87	89	97	107	112	122	149	
43	29
2	5	9	10	11	12	14	17	18	20	22	31	34	35	39	42	43	49	58	62	64	65	69	75	81	97	107	112	125	
43	29
1	3	4	5	10	12	14	15	19	20	25	28	37	44	49	50	51	54	56	61	64	66	73	77	81	93	107	122	125	
45	31
1	2	3	4	6	8	10	11	12	14	17	19	28	31	32	39	44	49	51	56	64	65	75	77	78	81	88	93	97	112	125	
40	29
0	1	2	5	10	11	12	17	18	22	26	29	31	32	36	37	39	40	50	52	56	58	61	62	78	80	81	122	125	
35	28
0	2	3	4	5	8	9	10	12	14	15	19	20	25	28	31	32	35	37	39	50	51	56	65	66	80	81	112	
43	31
0	1	3	4	5	7	8	9	10	11	15	25	27	31	32	34	36	44	48	51	54	58	59	65	73	78	87	88	96	107	125	
43	31
0	2	6	7	9	10	11	14	15	18	27	30	36	37	41	44	49	50	51	54	56	58	59	61	62	75	78	88	93	94	122	
45	30
0	1	3	5	8	10	12	14	16	17	18	19	21	42	44	49	50	51	56	59	61	75	77	81	87	93	97	112	125	133	
46	32
2	3	4	5	7	10	11	12	15	16	18	19	24	27	28	34	37	39	50	62	63	65	73	75	77	78	80	81	88	93	94	149	
39	30
0	1	2	3	5	7	8	9	10	11	15	24	27	32	34	36	42	43	48	49	50	51	61	62	80	81	87	88	97	149	
39	30
0	3	5	6	9	11	12	15	16	18	22	25	28	31	34	36	39	41	44	48	50	51	59	61	69	73	88	89	97	112	
40	28
2	3	4	5	8	9	10	11	15	17	21	25	34	36	37	39	44	50	52	62	65	73	80	81	87	112	122	133	
40	30
0	1	2	3	4	5	6	7	8	9	10	14	16	17	25	27	32	34	41	44	54	56	62	64	65	73	80	87	93	125	
37	29
0	1	4	5	6	11	12	14	16	17	18	22	27	29	31	34	37	48	50	51	52	63	65	66	73	75	81	88	93	
40	29
0	1	5	6	15	16	18	24	30	31	32	34	36	37	41	42	44	48	50	54	61	64	73	77	78	81	93	107	112	
43	32
0	3	5	9	10	15	17	18	21	22	26	27	29	31	32	34	35	39	41	45	48	52	56	58	73	75	80	81	88	93	97	125	
45	32
0	2	4	6	7	10	18	19	24	25	26	31	32	34	37	39	45	48	50	52	58	61	64	66	78	80	81	87	89	93	97	122	
42	30
1	5	8	9	11	14	17	18	24	25	27	28	32	35	37	42	43	48	59	61	65	66	67	73	75	78	80	81	88	97	
37	30
0	1	4	5	9	10	12	14	15	16	24	25	27	31	32	37	39	40	44	45	48	49	51	56	61	77	78	87	88	93	
45	30
0	4	5	7	8	9	11	12	17	19	20	25	28	30	39	44	48	50	56	58	59	61	65	75	80	87	97	112	125	133	
40	32
0	1	4	5	7	10	12	14	15	24	26	27	34	36	37	39	40	41	42	44	45	48	49	50	54	61	64	67	73	81	93	122	
39	28
0	1	2	6	7	8	9	10	11	12	14	18	22	28	32	37	39	42	44	58	62	64	68	80	81	97	122	125	
37	28
0	2	5	6	7	9	12	15	18	24	26	27	34	36	39	40	44	45	48	50	54	67	75	80	88	93	125	149	
40	31
2	3	4	5	7	8	9	10	11	12	14	17	18	19	25	28	30	35	37	44	45	48	58	61	62	73	80	81	87	89	97	
44	29
2	3	4	5	6	8	10	12	15	17	28	30	40	44	48	58	61	65	66	73	75	77	80	81	87	88	93	96	125	
40	30
1	4	5	8	9	14	15	22	25	30	31	32	34	36	39	40	44	45	48	50	51	58	61	65	73	77	78	88	93	112	
42	29
0	1	2	10	12	14	15	17	18	20	26	27	31	32	35	37	42	44	51	56	61	64	80	81	88	97	107	112	125	
42	30
1	2	3	4	5	8	9	12	14	15	18	25	28	34	35	37	39	41	42	51	56	61	63	73	75	78	80	93	107	122	
39	28
1	2	3	5	6	7	8	9	10	12	14	18	30	32	35	36	49	50	52	58	59	62	64	65	67	88	112	122	
37	30
0	1	2	3	4	6	7	8	10	12	15	17	18	19	22	30	31	32	35	37	39	48	51	61	65	73	75	81	88	93	
41	29
0	1	6	7	9	10	19	27	28	30	31	35	39	44	48	49	50	52	56	59	62	63	64	73	75	78	80	81	107	
41	30
1	3	4	7	8	9	10	14	15	16	20	24	25	31	32	34	35	39	42	51	52	64	66	73	78	84	93	97	107	112	
44	30
1	2	3	4	8	11	12	18	24	28	32	35	40	41	42	51	54	56	58	61	64	65	75	78	80	81	87	93	97	107	
39	28
0	1	3	4	5	9	10	11	12	15	27	28	31	39	40	43	44	48	54	56	58	73	80	81	93	97	107	125	
46	33
2	5	7	10	12	15	16	17	18	24	26	28	31	32	39	41	44	48	49	51	52	58	59	64	65	66	73	78	80	84	87	88	112	
43	29
0	5	8	10	12	15	16	22	24	26	27	31	34	42	45	48	50	56	61	64	66	67	75	77	80	87	93	107	112	
40	32
2	3	4	5	7	8	9	11	12	14	17	19	20	24	28	29	34	35	36	40	42	49	50	51	54	61	65	80	81	88	97	122	
38	29
0	1	3	7	9	11	12	14	16	17	19	24	29	31	34	35	36	39	48	49	50	52	58	63	69	78	97	112	149	
39	30
4	5	8	9	10	12	15	17	22	25	26	31	34	35	37	39	42	44	45	48	50	52	61	64	65	78	81	87	93	112	
38	30
0	1	3	4	5	7	9	12	14	15	22	25	26	28	31	34	37	39	45	48	49	50	52	64	65	66	78	87	93	133	
35	29
1	5	6	7	8	10	12	14	16	17	22	25	26	28	31	32	35	42	44	49	51	52	54	64	73	78	88	93	94	
39	29
1	2	7	8	12	14	16	19	22	25	27	29	31	35	36	37	39	44	45	48	58	61	64	75	77	81	89	93	122	
47	32
1	2	3	4	8	9	11	14	15	18	20	21	24	27	39	40	44	45	49	61	62	63	65	73	80	81	87	88	93	97	122	125	
40	29
5	6	8	9	10	12	14	15	16	18	25	28	32	37	40	41	44	48	49	50	56	58	61	73	80	81	93	107	125	
44	31
0	1	3	4	8	10	11	12	18	19	20	26	27	32	37	38	44	48	51	52	58	64	73	78	80	81	87	88	97	122	125	
37	29
0	1	2	4	5	8	12	14	16	17	22	26	29	31	32	34	35	37	42	45	48	50	58	61	66	75	80	81	133	
41	27
0	1	2	4	5	7	10	12	14	15	18	27	40	44	50	51	56	61	62	69	73	77	81	93	112	122	125	
35	30
0	1	2	3	4	7	9	10	11	12	14	18	19	22	24	29	30	31	32	35	36	37	42	44	48	64	73	75	87	88	
43	29
3	5	7	9	10	14	16	17	24	32	34	35	39	42	44	50	51	59	65	69	73	77	78	80	81	88	93	112	125	
41	31
0	1	3	6	8	9	12	14	15	17	19	20	22	25	31	35	42	48	49	51	52	54	62	64	66	73	80	81	87	97	112	
37	27
2	3	4	7	8	9	11	12	14	15	18	27	28	35	44	45	50	56	61	63	68	69	77	78	81	93	97	
38	29
0	1	3	4	5	8	12	15	18	19	20	25	28	31	32	35	36	39	41	45	50	56	61	68	75	77	78	81	112	
40	29
0	1	2	5	6	10	11	12	15	18	22	26	27	34	35	36	37	39	50	56	59	61	62	69	81	87	93	97	125	
40	30
0	1	2	6	7	10	11	12	14	15	18	24	25	30	35	37	42	44	48	52	56	58	62	63	66	75	77	78	88	93	
40	31
0	1	2	5	6	7	10	11	14	16	17	24	25	28	31	32	35	42	43	44	50	51	54	61	65	69	80	84	88	93	122	
44	33
1	3	5	8	10	11	12	15	17	18	26	28	31	34	35	37	39	44	49	50	51	52	54	63	65	73	77	78	80	81	84	88	107	
36	29
0	1	2	3	5	7	8	10	12	14	15	16	26	27	29	30	34	37	39	42	49	50	51	61	73	80	81	93	122	
39	29
0	2	7	8	9	10	11	12	15	17	22	24	25	27	28	30	34	41	42	50	51	61	65	75	78	81	93	112	122	
39	29
0	1	2	4	7	8	10	11	12	14	25	27	32	35	39	42	44	45	50	54	56	61	62	68	80	81	93	97	122	
40	29
0	2	6	8	9	10	11	12	14	16	17	18	22	35	36	39	40	42	50	51	63	64	73	78	81	93	97	112	125	
43	29
0	1	5	7	8	10	11	12	16	25	27	28	35	39	42	44	48	49	56	58	61	64	77	78	88	93	112	122	125	
43	31
1	3	4	5	11	12	15	17	18	19	20	29	32	34	36	39	44	48	51	56	58	61	62	65	73	78	81	87	88	93	97	
41	31
0	1	3	4	6	7	8	9	14	16	18	25	28	30	31	32	34	44	45	51	52	54	56	61	62	73	75	77	88	97	125	
46	29
4	5	9	15	20	25	27	28	31	36	39	40	44	48	50	56	61	64	65	73	78	80	81	87	88	93	112	122	125	
43	31
3	7	8	9	10	15	16	18	24	30	34	36	37	39	40	44	45	48	49	52	56	58	64	65	68	69	84	88	93	97	122	
38	30
0	1	2	4	6	7	8	11	15	17	25	27	30	31	32	36	38	41	42	45	49	50	51	61	65	75	78	81	93	112	
41	31
1	3	4	7	8	9	12	14	17	19	22	24	25	30	35	37	39	40	48	50	52	54	56	64	73	78	80	87	88	93	112	
37	29
0	1	9	10	14	15	16	17	18	25	27	32	34	36	37	44	45	49	50	52	54	58	62	65	80	81	84	87	97	
46	33
0	1	4	5	10	15	16	17	18	21	24	25	26	28	29	30	32	34	36	45	48	49	54	56	62	63	65	75	80	88	112	125	133	
41	32
0	1	3	7	8	9	12	14	15	21	22	25	27	30	35	36	37	39	41	43	49	50	51	52	61	73	77	78	80	81	93	122	
37	29
0	1	4	7	8	11	12	17	18	19	24	26	32	36	37	39	42	45	48	51	52	54	62	64	67	87	88	97	149	
44	31
0	1	6	7	8	9	10	16	17	18	19	24	27	28	30	34	41	44	49	51	54	56	62	64	69	81	84	88	112	122	125	
43	29
0	3	4	6	7	8	10	11	12	15	18	24	27	29	35	37	51	61	63	65	66	73	81	87	88	96	97	122	125	
39	29
1	2	3	12	14	16	20	22	24	25	26	27	29	30	35	39	40	42	44	48	51	58	59	61	63	75	93	122	125	
44	28
9	10	14	15	17	27	28	31	35	36	39	42	51	52	56	62	64	65	66	69	73	78	80	81	88	97	107	125	
41	30
0	2	3	5	9	10	15	21	22	24	25	27	30	32	34	39	42	44	48	52	58	67	73	75	78	80	84	87	88	125	
42	29
1	2	3	4	8	12	14	16	22	25	26	27	28	32	34	39	50	58	61	62	63	64	65	75	80	81	93	97	149	
38	28
0	1	3	4	8	11	12	14	18	19	25	28	30	34	36	42	50	51	52	61	65	67	73	75	78	88	93	122	
39	29
0	2	4	7	12	14	16	18	20	21	22	27	30	35	36	39	42	44	48	50	56	58	61	63	67	78	93	96	125	
42	29
3	5	6	9	10	11	12	16	27	32	34	36	37	39	41	44	49	50	51	56	61	65	69	75	81	93	107	112	125	
37	27
0	1	3	4	5	6	7	8	10	11	12	14	19	20	28	36	37	41	51	52	59	61	73	88	107	122	125	
40	30
3	4	5	7	14	15	17	20	25	30	31	32	36	37	40	41	44	48	50	51	52	58	61	62	66	67	73	87	97	149	
43	31
0	1	5	9	10	11	12	14	16	17	18	20	24	25	34	35	36	40	48	49	50	58	65	66	67	73	81	88	93	107	112	
35	30
1	3	4	5	11	12	14	15	16	18	20	22	24	25	27	31	32	34	36	37	39	41	48	49	51	61	66	73	87	97	
41	29
0	4	5	8	9	10	20	22	24	25	27	28	32	34	35	39	45	48	50	56	59	65	66	73	80	81	97	112	149	
39	30
2	4	7	10	11	12	14	17	24	25	27	30	32	35	37	40	44	48	50	51	54	56	58	59	61	67	80	81	88	94	
39	30
1	3	5	7	11	12	14	16	17	24	25	28	29	30	31	35	37	40	41	44	51	52	58	59	61	65	80	81	84	122	
41	30
1	2	4	6	7	8	11	12	14	15	18	24	25	31	35	37	39	45	48	49	50	58	80	84	87	88	93	97	112	122	
42	30
1	2	3	4	5	7	8	14	15	17	18	22	24	25	26	28	31	35	40	44	56	61	66	68	73	75	88	97	112	125	
36	28
0	1	2	3	4	5	10	11	12	15	16	22	25	28	31	32	37	39	40	41	48	61	64	75	77	80	81	112	
42	30
1	2	5	7	10	11	12	14	15	16	18	19	22	24	25	28	34	39	44	51	56	58	62	69	73	78	84	96	107	122	
42	29
0	1	4	5	8	10	11	15	16	17	18	19	24	29	32	37	48	50	61	63	64	67	73	77	87	93	97	112	125	
45	32
5	6	7	9	14	16	17	18	19	24	25	27	28	29	30	32	34	42	44	49	61	62	64	67	73	78	80	88	89	93	97	125	
38	30
0	2	3	4	6	7	9	10	12	14	22	25	28	29	30	35	36	39	40	50	51	54	56	61	63	64	73	87	93	97	
42	31
0	2	4	7	8	9	10	14	15	16	17	18	25	27	30	31	35	39	42	48	50	54	56	64	69	80	88	93	97	122	125	
39	30
0	1	2	3	6	10	11	12	14	16	17	19	25	29	31	34	35	39	42	48	49	50	61	75	78	80	87	88	97	112	
37	28
1	2	6	7	8	10	12	14	16	17	24	28	30	32	41	44	48	50	51	56	58	59	61	63	80	81	87	93	
37	30
0	1	3	5	9	10	12	14	16	18	19	25	26	27	31	32	35	36	37	40	49	50	51	61	69	73	78	80	84	87	
40	29
0	2	3	4	6	7	8	9	10	11	20	22	27	28	36	39	45	48	50	54	62	63	64	87	88	93	97	107	122	
40	31
0	1	3	6	8	11	12	14	15	16	18	19	20	29	30	32	34	36	42	44	48	49	50	61	63	64	73	77	81	88	112	
41	30
2	3	4	5	9	14	15	16	18	24	25	26	28	32	34	37	39	40	48	49	50	56	64	75	81	87	88	97	112	149	
41	31
0	1	2	6	7	10	12	15	17	20	28	29	30	31	35	39	40	42	43	48	49	50	59	61	63	73	75	87	93	94	107	
42	30
1	3	4	5	11	14	15	16	24	25	31	37	39	40	41	42	44	48	50	51	58	62	67	73	81	87	88	93	122	125	
39	29
0	1	2	3	4	8	10	11	12	14	17	27	32	34	35	38	42	45	48	54	58	61	64	65	75	78	81	97	125	
44	29
4	7	9	10	12	14	18	19	24	26	31	32	34	39	48	50	56	58	62	63	65	77	78	80	88	93	97	107	125	
39	30
0	3	5	6	7	9	11	12	14	15	16	20	22	32	34	36	39	42	44	48	49	50	51	59	61	65	69	73	112	125	
47	31
1	2	3	5	6	7	9	10	16	25	27	34	35	36	37	39	44	50	51	56	62	64	65	80	81	88	93	122	125	133	149	
43	30
0	1	6	7	8	9	11	12	15	17	18	19	31	34	37	39	51	54	56	58	59	61	65	73	75	81	89	96	97	107	
37	28
0	1	2	3	5	6	7	8	10	11	12	17	22	24	31	34	35	37	42	48	56	62	66	81	87	88	93	122	
44	31
0	2	4	5	10	11	12	17	18	19	20	28	29	34	36	37	38	39	42	48	51	52	56	65	68	81	88	112	125	133	149	
44	31
2	4	10	12	14	15	16	18	25	27	28	36	37	39	42	44	49	50	51	54	58	62	68	78	81	84	88	93	97	112	122	
41	30
1	2	3	4	5	7	8	9	10	14	15	26	27	32	34	35	40	44	51	58	65	66	67	73	78	80	84	88	93	97	
37	30
1	3	5	6	14	15	16	21	22	24	25	28	31	32	35	39	41	44	48	49	50	51	52	61	73	75	78	80	81	88	
42	30
0	1	3	4	5	8	9	10	14	15	17	19	22	24	27	30	31	34	39	48	63	64	66	73	78	81	93	94	125	133	
36	26
0	1	4	5	8	10	12	14	16	25	32	39	41	42	44	50	51	56	58	59	61	73	80	81	87	112	
44	30
0	2	4	5	6	7	9	10	12	18	24	26	32	34	36	37	39	51	52	56	62	64	69	75	81	87	97	107	112	125	
43	30
2	5	9	11	12	14	15	16	20	22	25	27	34	37	39	40	42	44	58	59	61	62	64	65	69	87	88	93	97	125	
40	32
2	3	4	5	6	8	9	10	11	12	15	18	24	27	28	31	34	35	36	37	40	42	44	50	51	61	63	65	81	93	97	107	
38	29
1	4	5	6	8	9	12	14	15	22	25	29	32	34	36	44	48	50	51	54	56	62	64	75	77	78	80	81	88	
41	31
0	1	2	3	4	8	9	10	12	14	17	18	24	25	28	30	31	32	35	37	49	51	54	56	59	61	75	77	81	107	149	
41	30
0	2	4	5	9	10	14	16	17	18	20	25	32	35	36	37	39	40	50	51	56	59	61	64	73	78	80	87	88	112	
44	32
0	1	2	4	6	11	14	17	18	22	25	31	34	36	39	43	49	50	52	54	59	61	62	64	65	73	80	87	88	93	96	97	
40	31
1	3	4	5	6	8	10	11	12	15	17	19	22	24	25	40	45	48	50	51	52	54	56	59	61	65	75	78	81	87	88	
43	31
0	1	5	6	11	12	15	16	17	19	22	26	27	32	34	36	37	38	48	49	51	54	56	58	61	78	81	89	122	125	133	
45	31
2	4	5	8	9	11	15	17	28	30	32	34	36	39	48	49	50	51	54	56	61	63	65	73	78	81	87	88	93	112	125	
46	31
0	1	3	6	8	12	16	17	25	30	31	35	37	39	42	44	48	50	51	58	61	64	65	73	75	78	93	96	107	112	125	
39	32
1	2	3	5	7	9	15	17	19	20	22	24	28	31	35	36	37	39	44	45	48	49	50	51	52	58	65	73	75	78	81	84	
41	32
1	2	4	7	10	11	12	15	19	21	24	27	28	30	32	34	35	37	39	40	48	51	54	56	59	61	62	65	68	75	80	81	
38	29
0	6	7	8	9	12	14	15	16	18	19	24	28	32	42	44	45	48	50	52	56	61	62	65	75	80	81	88	97	
48	32
0	1	6	8	14	15	18	20	21	24	27	31	32	37	39	42	44	45	51	56	58	62	67	68	75	78	87	88	97	112	122	125	
39	29
4	5	9	11	12	14	17	18	21	24	25	27	28	31	37	38	41	48	50	51	56	59	64	65	73	78	96	97	112	
39	29
0	2	3	4	7	9	10	12	14	19	24	25	30	31	32	34	35	37	39	44	48	58	59	66	84	87	93	107	112	
41	28
0	2	4	6	7	8	12	14	15	17	22	25	28	34	35	50	51	56	61	63	66	78	80	81	93	97	112	122	
39	29
1	2	3	4	5	6	7	9	10	12	14	18	22	27	29	34	35	36	40	45	50	56	61	62	63	88	93	122	149	
39	31
0	1	2	4	9	12	14	24	25	26	27	30	31	32	34	35	36	37	39	40	44	48	50	56	58	62	80	81	84	88	93	
40	30
1	2	3	4	5	9	10	12	14	16	17	25	27	28	35	37	42	45	48	49	50	56	61	67	69	78	81	87	93	125	
39	31
1	2	4	5	8	9	11	14	15	17	20	24	25	29	32	34	37	39	40	42	48	51	52	54	73	81	87	89	93	97	112	
45	31
1	3	4	9	12	14	15	19	21	27	28	30	34	36	40	41	44	51	52	58	61	63	66	69	75	77	88	93	96	122	125	
38	28
0	1	8	10	11	12	15	16	17	24	25	30	35	37	41	44	50	52	54	58	61	62	65	75	77	80	81	112	
41	30
0	2	3	4	6	9	10	11	14	15	17	24	28	30	34	35	39	42	48	50	52	58	68	73	75	78	81	97	107	125	
41	29
1	2	5	8	10	15	18	21	24	25	32	39	42	44	48	49	51	52	61	63	64	66	68	75	78	80	87	88	112	
36	28
0	1	2	4	7	8	9	10	11	12	14	15	24	25	27	30	32	36	40	42	50	56	58	61	62	80	81	107	
40	31
2	3	4	5	6	8	9	10	11	12	14	16	20	25	30	34	37	39	41	42	45	48	50	56	66	78	80	81	93	97	112	
41	30
4	5	9	10	14	15	18	20	25	26	31	32	35	36	37	39	40	44	48	50	56	58	62	64	65	73	81	88	97	107	
40	27
0	5	8	12	14	15	16	17	22	28	34	35	36	42	49	50	51	61	64	66	73	78	81	93	107	122	125	
41	31
0	1	2	4	5	6	8	9	10	12	14	18	24	34	35	36	37	42	44	45	51	54	61	62	64	65	67	87	88	93	125	
38	29
0	1	2	9	11	15	16	17	24	25	27	28	30	32	34	36	37	48	50	54	58	59	62	77	80	81	84	88	96	
47	31
2	3	4	5	7	8	10	17	22	28	30	31	34	37	39	44	50	59	61	62	64	65	66	69	75	80	81	93	97	112	122	
42	30
0	1	3	4	7	8	10	11	15	22	24	25	28	31	35	37	44	48	50	54	61	69	73	75	80	81	96	97	112	122	
42	30
0	3	5	7	10	11	12	15	19	22	25	27	28	31	32	34	36	39	48	52	56	64	65	68	69	73	75	87	112	125	
44	31
2	3	4	9	10	11	14	17	20	24	25	28	30	32	35	37	40	42	51	54	56	59	61	62	73	80	81	84	88	107	125	
40	29
7	8	10	12	14	16	18	19	20	21	24	25	34	35	36	39	50	51	52	56	61	62	65	78	84	88	93	97	122	
44	31
2	6	7	11	12	14	16	22	24	25	30	31	34	36	41	43	48	50	51	52	56	58	61	65	66	73	78	88	93	107	125	
39	28
1	3	4	6	9	11	12	14	16	24	29	34	35	40	42	48	51	58	63	65	66	73	75	80	81	88	93	97	
35	29
0	1	4	7	8	9	12	15	20	26	27	28	31	32	35	36	37	39	42	44	48	52	54	61	66	75	78	93	97	
43	30
1	2	3	4	5	7	8	9	10	14	22	25	32	34	37	39	44	49	51	59	63	69	78	80	84	87	93	97	112	122	
35	28
0	1	3	4	6	7	8	9	11	12	15	17	22	24	25	30	34	44	48	50	51	52	58	66	73	78	80	133	
42	30
0	1	3	4	6	8	10	12	14	19	20	25	28	30	31	34	35	51	52	61	64	69	73	78	80	81	87	88	93	112	
48	31
7	8	14	15	16	17	20	24	27	28	29	35	39	40	44	48	52	56	61	63	65	66	75	78	80	81	88	97	107	122	125	
43	28
0	1	7	12	14	16	19	21	27	30	34	36	42	44	45	51	56	59	61	65	69	75	78	93	97	107	122	125	
42	31
1	3	4	5	7	8	9	10	11	12	18	25	26	27	35	37	39	44	52	54	61	62	63	65	69	77	80	81	87	88	96	
44	29
0	3	5	6	8	9	16	17	18	22	25	27	28	34	35	41	45	49	58	61	62	73	84	93	96	107	122	125	149	
37	28
0	2	3	5	7	9	10	11	14	16	17	24	27	32	34	35	37	39	42	45	48	59	62	65	73	97	107	112	
44	29
0	2	4	5	7	9	11	12	14	16	17	18	28	34	36	44	50	51	61	64	65	75	78	81	97	107	112	125	149	
39	29
1	4	5	6	10	11	12	14	15	16	24	25	27	31	32	35	37	42	51	58	63	65	66	73	75	80	81	87	88	
41	29
0	2	4	8	9	10	12	15	17	18	22	24	31	32	35	36	37	39	51	64	69	75	80	81	87	94	97	107	112	
47	33
6	7	8	9	10	12	17	22	25	27	28	32	35	40	42	44	48	49	50	52	58	59	61	62	64	65	78	80	81	87	96	97	122	
42	30
0	1	3	4	6	9	11	12	17	22	28	29	31	37	38	40	42	44	51	56	58	63	64	65	68	73	80	81	97	122	
41	32
2	5	6	7	8	9	10	11	12	16	18	24	25	28	32	34	36	37	39	40	45	48	49	52	56	59	65	73	77	80	84	125	
39	31
1	2	4	5	9	10	12	14	15	16	22	24	25	27	31	32	35	37	39	40	48	49	50	52	61	64	75	81	87	97	125	
42	30
0	1	3	8	10	11	15	17	20	24	26	27	31	34	35	39	48	50	54	56	61	63	73	75	77	78	84	89	97	107	
39	29
1	2	4	6	10	11	14	15	18	22	25	27	35	36	39	40	44	50	51	54	56	61	69	73	80	81	93	97	122	
42	30
0	1	2	4	5	7	9	12	14	19	28	30	34	42	43	44	48	50	51	56	62	69	75	77	78	81	84	93	97	112	
37	31
0	1	3	5	6	7	8	10	12	14	16	18	22	24	25	28	30	31	32	37	41	44	48	50	51	61	62	69	73	81	89	
41	29
1	3	4	5	9	10	11	12	14	15	25	27	31	35	37	39	44	50	61	62	69	73	78	81	87	88	93	96	125	
42	30
0	1	2	3	4	6	7	9	10	12	15	18	25	29	30	32	35	38	40	41	51	52	69	77	93	94	107	122	125	149	
40	30
0	1	2	3	4	5	7	8	14	15	16	17	22	32	34	38	43	44	48	50	58	61	65	69	73	80	81	84	88	93	
45	31
2	4	6	9	10	14	15	16	18	20	28	35	37	39	40	44	50	51	52	58	63	66	69	73	80	81	89	93	97	122	125	
42	31
0	1	2	3	4	5	11	14	15	17	18	20	30	31	34	35	39	41	49	51	54	61	69	75	77	78	87	88	93	97	125	
36	28
0	1	4	5	8	11	12	14	15	17	18	21	24	28	32	34	35	36	37	48	52	62	65	88	93	96	97	125	
43	31
0	1	4	5	6	11	12	14	15	16	17	18	29	30	35	36	42	44	48	50	63	65	73	77	78	81	87	88	89	97	125	
38	29
1	4	10	11	12	14	17	19	21	22	27	29	30	34	36	39	40	41	42	51	59	61	63	67	73	75	78	81	93	
41	29
0	1	2	4	10	11	12	17	18	22	28	31	32	39	41	42	44	50	51	56	61	63	64	67	75	78	97	112	125	
40	29
0	1	4	5	6	8	11	12	14	15	22	25	28	31	39	40	44	48	50	51	56	58	59	67	73	81	88	112	125	
45	32
4	6	8	9	15	18	22	24	27	28	29	35	37	39	40	41	44	48	49	52	58	61	62	63	64	69	73	78	80	93	97	112	
39	29
2	3	4	6	7	8	9	10	12	14	20	24	25	27	32	35	37	45	50	56	61	62	63	80	81	87	88	93	97	
43	31
0	1	2	3	5	9	10	14	15	19	28	30	32	34	35	36	39	40	42	51	52	64	73	75	77	81	88	93	97	122	125	
41	31
0	1	5	6	7	9	12	14	15	16	17	20	21	25	27	28	32	34	35	36	48	49	51	52	65	80	81	87	122	125	149	
37	29
0	1	2	3	4	7	11	12	15	16	17	24	25	29	31	34	35	37	51	52	54	58	61	63	66	69	78	81	97	
43	29
3	4	5	9	10	14	15	18	19	28	30	36	39	40	43	50	51	52	56	58	63	73	75	78	81	93	107	112	133	
37	29
2	4	7	9	12	14	15	16	17	18	19	25	27	28	30	31	35	42	44	48	50	52	58	61	63	77	78	81	112	
36	29
0	1	3	4	5	8	9	10	12	14	16	21	22	24	25	27	31	34	35	37	48	51	52	62	63	73	88	93	125	
46	31
1	5	7	11	15	18	22	24	30	32	34	37	39	40	41	45	48	49	51	56	58	65	73	81	84	87	88	97	112	125	149	
39	29
0	2	3	7	8	9	12	14	15	17	22	24	27	34	35	36	37	39	48	50	58	59	62	67	80	81	87	97	133	
35	28
0	2	3	4	7	8	9	10	12	14	19	24	27	29	30	34	35	37	42	45	48	52	61	69	80	81	93	125	
44	30
0	4	5	14	15	20	21	22	24	25	26	27	28	30	36	37	48	52	54	61	64	73	78	80	81	89	93	107	122	125	
44	29
5	6	9	10	15	16	21	25	27	30	31	38	41	44	48	50	51	56	59	61	62	69	75	78	81	93	112	122	125	
41	29
0	1	2	5	7	8	12	14	17	18	20	28	31	35	37	39	40	42	49	61	62	65	66	73	75	78	93	122	125	
39	26
2	4	8	9	14	15	24	27	28	32	35	39	42	51	52	61	63	64	73	75	78	80	81	97	107	112	
37	27
1	4	5	8	10	11	12	14	15	16	17	22	25	28	31	32	44	50	61	62	64	66	73	78	80	88	112	
41	30
0	4	5	6	9	11	12	15	18	22	30	32	35	36	39	40	41	42	44	51	52	56	58	61	63	73	81	97	112	125	
42	30
0	2	4	5	6	7	8	12	14	15	21	22	24	25	27	32	39	44	48	52	61	64	65	66	73	77	78	97	122	133	
46	31
4	8	12	14	15	16	19	24	26	28	31	32	37	39	44	48	50	51	56	58	63	69	75	80	81	88	93	94	97	112	125	
36	28
0	1	3	7	8	11	12	14	15	17	18	20	24	28	30	32	34	41	48	49	50	59	64	66	73	81	88	149	
40	30
2	3	4	6	7	8	9	14	15	22	25	28	30	34	35	39	40	42	51	54	56	59	61	62	73	77	80	81	89	97	
39	28
0	1	2	4	5	6	7	9	12	14	15	16	27	28	31	39	44	48	50	56	58	62	67	80	81	93	125	149	
41	30
0	3	4	5	7	9	10	15	16	17	24	28	35	39	41	42	44	48	49	52	58	61	64	67	73	75	78	80	81	125	
40	29
1	3	4	5	6	12	14	15	16	17	20	25	27	31	32	34	42	44	51	56	59	61	64	73	81	88	93	97	125	
45	33
1	2	3	4	5	8	9	10	11	15	24	28	31	34	35	37	44	49	50	51	52	54	58	59	65	78	80	81	84	88	89	93	125	
39	29
0	1	2	4	6	10	11	12	14	17	26	27	28	29	34	36	37	42	51	52	56	61	64	66	78	81	84	89	125	
43	31
0	1	2	4	6	7	8	10	14	20	34	35	36	42	44	49	50	51	52	54	56	58	61	69	75	78	87	88	93	97	107	
40	30
1	2	4	5	6	8	9	10	11	14	15	17	25	26	34	42	43	50	51	52	54	58	66	73	80	81	87	93	97	122	
45	30
1	7	8	10	11	12	16	18	24	25	30	32	35	36	39	40	48	49	56	61	65	66	80	81	87	88	93	112	122	125	
41	29
4	5	6	7	8	9	10	14	24	25	34	35	39	40	41	42	49	50	51	52	59	62	65	66	75	88	107	112	125	
40	29
0	2	3	5	6	7	9	14	16	24	29	32	34	35	37	39	42	44	48	56	58	62	67	73	78	81	93	97	107	
38	28
0	1	4	5	8	10	11	12	14	16	19	25	30	31	37	39	44	50	51	56	58	59	61	73	80	94	97	122	
42	29
0	3	6	10	12	15	25	28	30	31	34	35	39	41	44	50	51	54	58	64	65	66	73	81	88	93	97	107	125	
39	30
4	6	7	9	12	14	15	16	18	25	29	31	32	35	37	40	41	42	44	48	49	52	58	61	62	63	73	78	97	133	
45	33
1	2	4	6	10	11	14	19	21	22	31	32	34	35	36	37	39	40	43	44	48	49	51	58	63	65	69	75	88	89	93	107	125	
44	29
0	1	6	11	14	17	18	19	22	25	30	36	44	45	51	52	56	59	61	62	65	66	68	75	81	89	94	112	122	
42	33
1	2	3	4	5	8	11	12	14	18	22	24	25	26	27	32	37	39	42	44	48	50	51	52	54	56	64	65	69	73	80	81	122	
36	28
0	1	2	3	4	7	8	9	11	14	15	17	18	27	30	32	34	42	45	48	50	62	64	73	80	81	93	149	
39	30
1	2	3	4	8	10	11	12	17	19	20	25	27	30	32	35	37	39	44	45	51	56	58	61	64	69	75	78	81	93	
39	28
0	1	3	6	10	11	12	14	15	17	19	22	25	30	31	32	37	41	44	52	61	62	65	69	80	112	122	125	
43	32
0	3	4	5	7	9	14	15	17	18	20	24	27	28	32	35	37	39	44	45	48	50	54	59	65	73	77	78	87	93	112	125	
38	29
0	1	2	3	4	6	7	8	10	12	14	15	22	28	34	36	37	39	42	44	48	61	63	64	80	81	93	97	122	
42	31
1	5	8	10	12	14	16	17	18	25	30	31	36	37	39	40	44	49	50	51	54	59	61	62	65	73	80	88	93	97	112	
44	29
0	8	12	14	16	17	24	28	29	30	32	34	37	39	40	48	50	54	56	58	61	80	81	94	97	107	125	133	149	
42	29
0	2	3	4	8	10	11	15	22	26	27	28	30	35	37	39	41	45	61	62	64	65	66	68	75	93	96	107	112	
38	29
0	1	2	4	5	6	7	9	14	17	18	20	22	24	25	29	30	40	44	50	52	58	64	65	68	73	78	93	122	
39	28
0	3	4	9	10	11	14	20	21	27	28	29	30	31	32	39	45	51	56	59	61	62	73	78	80	88	97	107	
41	30
0	1	2	3	4	9	11	12	18	24	27	28	30	32	36	39	42	44	48	50	52	61	64	65	73	75	88	93	112	125	
36	27
0	1	5	7	8	12	14	15	18	20	21	24	25	26	30	31	32	42	50	56	61	62	64	73	88	97	122	
37	29
0	2	7	8	9	10	11	12	15	17	18	26	27	28	30	35	37	39	40	41	48	49	50	58	84	93	97	112	125	
39	31
1	2	3	5	6	8	9	10	11	12	16	18	22	24	25	27	28	34	35	37	42	44	51	52	56	58	69	78	81	93	125	
40	30
0	1	3	6	8	10	11	12	16	18	19	20	27	30	31	35	37	39	42	44	49	51	56	59	61	64	75	81	107	122	
40	30
0	1	2	3	6	7	12	14	15	19	22	24	25	27	35	37	39	42	44	45	59	61	62	63	73	78	80	84	93	97	
42	29
0	1	4	6	7	8	9	10	17	19	20	24	34	37	39	40	48	52	59	62	64	65	73	75	78	87	97	107	133	
41	30
1	3	4	5	10	11	12	15	18	25	28	31	32	34	39	43	44	49	51	52	54	58	69	73	78	81	87	93	107	149	
43	32
0	2	4	6	7	8	9	12	15	17	18	24	26	27	35	36	37	42	45	48	49	52	61	64	73	78	81	84	88	94	97	149	
41	30
5	6	11	14	16	18	24	25	26	27	28	34	36	39	40	44	48	50	52	65	66	73	78	80	81	84	87	88	93	97	
38	28
3	5	9	11	12	14	15	16	25	27	30	31	34	35	37	39	41	44	48	50	56	67	81	87	89	93	112	133	
39	28
1	4	5	6	8	9	10	12	14	16	17	19	25	29	32	41	44	50	56	59	62	64	65	73	77	80	81	112	
37	28
0	2	3	4	7	8	9	12	14	15	18	24	31	32	35	39	42	45	48	50	56	61	62	75	80	81	97	125	
36	29
0	1	4	6	7	8	9	11	12	16	17	24	26	28	29	31	34	36	37	39	41	48	58	62	64	65	66	73	97	
36	28
0	1	3	7	8	9	15	16	17	19	24	29	31	34	35	36	48	49	51	52	54	56	58	63	75	93	97	107	
41	29
0	1	3	4	6	7	8	10	11	12	18	19	25	34	36	37	39	48	52	58	59	64	73	75	80	88	97	107	149	
40	29
0	1	2	4	5	7	8	9	10	11	15	17	24	26	31	34	35	48	49	54	65	77	81	87	88	93	97	112	125	
40	31
0	3	5	7	8	9	10	14	15	16	17	22	27	28	30	32	34	35	39	42	50	51	52	58	64	66	81	89	93	97	122	
42	29
1	2	3	4	6	8	17	22	24	25	31	32	35	37	40	48	54	58	63	64	66	69	78	80	81	88	89	93	122	
41	29
0	1	5	7	8	9	12	14	15	18	22	32	34	35	41	42	44	49	51	56	59	61	62	65	69	80	97	112	122	
41	31
0	2	3	4	5	9	11	14	15	18	25	26	27	28	30	31	32	34	37	39	48	50	54	62	64	77	78	80	81	112	122	
41	31
1	5	6	7	8	10	14	15	18	24	27	29	30	32	35	36	37	41	44	45	48	54	61	65	66	73	75	77	78	93	107	
44	32
2	3	4	6	7	10	14	16	22	24	25	26	28	29	30	31	39	40	41	50	51	56	59	62	64	73	75	81	87	88	94	112	
32	29
0	1	2	5	6	7	8	12	14	15	16	17	18	24	25	26	28	32	34	35	36	42	44	45	48	50	61	63	93	
41	29
0	6	7	10	11	12	14	15	17	19	24	27	28	30	31	39	45	48	51	52	58	62	68	75	81	88	107	122	125	
39	28
2	3	4	5	9	10	11	12	15	25	27	28	29	32	37	39	49	51	56	58	59	62	69	78	81	89	93	112	
38	30
1	2	3	4	5	9	10	11	12	14	25	26	28	30	31	32	34	35	37	44	45	51	54	58	65	81	87	88	93	107	
35	30
0	1	4	5	7	9	11	14	15	20	21	25	27	30	31	32	35	37	39	40	44	48	49	50	52	59	61	66	78	93	
38	28
0	1	2	3	4	6	10	12	14	15	16	17	25	26	28	30	31	32	51	52	64	73	80	81	87	88	112	125	
37	27
0	1	4	5	6	7	9	10	11	12	14	16	18	19	24	32	36	44	51	52	62	64	80	88	107	112	125	
42	32
0	1	5	7	8	14	15	16	17	19	21	24	25	34	35	36	39	40	45	48	50	52	56	58	61	64	69	73	75	78	81	88	
44	32
0	3	4	5	7	11	12	14	15	16	20	29	30	34	39	40	42	48	50	51	52	58	61	65	66	69	77	78	80	87	93	112	
40	29
0	1	2	3	9	10	12	15	20	22	26	27	28	31	32	38	39	42	48	56	61	64	65	73	75	78	87	97	125	
43	28
0	1	3	4	8	14	15	18	20	24	28	32	35	44	49	51	56	61	63	64	65	75	78	93	97	107	112	149	
39	30
0	2	3	4	5	6	9	10	12	15	16	17	18	22	27	28	37	39	42	44	49	50	51	62	69	81	88	97	125	149	
43	31
0	1	4	7	8	10	12	15	19	20	24	25	27	28	31	32	34	35	39	48	54	56	58	61	65	73	75	78	89	112	125	
35	30
1	2	3	4	5	7	9	10	14	15	17	22	25	27	28	34	35	36	37	45	49	50	51	52	54	58	62	77	80	81	
36	29
0	1	2	5	7	8	11	14	15	17	18	24	25	28	32	34	35	37	42	43	44	48	54	61	73	77	81	93	122	
39	29
0	1	3	8	12	14	15	17	22	25	27	29	34	35	36	37	39	42	48	50	61	63	73	75	80	84	89	97	133	
43	31
0	1	4	9	10	11	12	14	16	17	18	25	27	34	40	41	44	49	50	51	56	58	63	69	75	78	81	88	93	97	122	
37	28
1	4	5	6	7	8	12	14	16	17	24	26	28	31	32	41	44	48	50	56	61	65	66	77	78	80	84	93	
41	31
4	5	6	8	9	10	16	17	19	22	25	27	28	31	32	34	35	36	37	39	42	51	64	69	73	78	80	81	87	93	112	
40	29
0	1	2	6	8	10	11	12	22	26	27	34	36	37	39	44	48	50	51	54	59	61	64	67	87	88	97	112	125	
39	31
0	1	2	4	5	7	8	10	11	15	17	18	26	28	30	32	34	35	37	38	42	48	50	52	73	75	77	78	88	93	149	
42	31
1	3	6	8	10	11	12	14	15	18	19	20	34	35	37	39	42	44	49	51	54	56	61	65	68	77	78	84	93	97	125	
40	29
0	4	6	8	11	12	14	16	18	21	22	25	32	37	39	40	48	49	50	56	61	64	65	69	75	81	88	97	122	
46	30
1	4	5	6	8	12	14	16	17	18	19	20	25	31	35	51	59	61	63	65	73	75	78	80	88	89	93	97	112	125	
45	28
0	2	5	6	8	11	12	14	15	16	18	22	34	36	50	61	62	64	69	73	81	88	93	94	107	112	122	125	
36	28
0	2	3	4	5	6	7	8	10	11	12	15	19	21	28	31	32	34	39	48	50	56	62	78	80	81	88	125	
42	33
0	1	2	5	6	7	10	15	16	17	22	24	26	27	28	29	32	37	39	40	41	45	49	51	52	61	65	73	75	78	87	97	112	
38	28
0	1	2	3	4	7	11	12	14	15	17	19	27	30	32	34	44	45	51	52	58	61	63	69	73	88	122	125	
44	30
0	1	3	7	8	10	11	12	15	16	18	22	24	30	42	48	49	50	58	61	63	64	73	80	81	84	88	93	112	122	
37	29
0	1	2	3	4	7	10	11	12	15	17	18	24	28	31	36	39	40	42	48	51	56	61	64	66	73	75	77	97	
38	28
0	2	4	5	8	10	12	15	17	25	28	31	34	39	41	44	50	51	52	63	65	66	75	80	81	88	97	112	
48	31
0	2	4	6	17	24	27	28	32	36	37	39	44	50	51	56	59	61	62	65	69	73	75	77	78	84	87	88	94	97	125	
44	31
0	1	3	4	6	7	8	9	10	12	15	17	19	26	28	34	39	48	50	52	63	65	69	75	80	81	88	94	97	107	122	
44	31
0	2	3	5	8	9	10	11	12	14	18	22	25	26	30	36	37	50	51	54	59	61	62	69	75	80	81	89	97	112	122	
38	30
0	4	7	9	14	20	21	24	25	27	28	32	35	36	37	39	40	44	45	49	50	51	52	59	61	65	78	80	97	112	
37	28
0	1	2	3	4	5	7	8	12	14	15	16	22	25	26	28	31	34	35	48	50	58	59	67	88	93	112	125	
42	31
0	1	2	3	5	8	12	14	16	17	19	20	26	30	31	32	34	39	42	45	49	51	61	63	73	81	93	96	97	107	112	
39	28
0	1	2	3	4	5	7	8	11	12	19	30	31	34	36	37	39	48	56	59	61	64	73	75	78	81	97	112	
43	29
1	4	5	8	10	11	12	14	15	16	17	28	30	31	42	44	48	63	65	66	69	73	80	81	87	93	97	112	125	
39	31
0	1	2	3	4	5	6	7	12	15	16	17	18	22	26	32	39	40	42	44	45	48	50	56	58	61	64	69	75	81	97	
36	27
0	4	5	7	8	12	14	15	16	17	25	26	31	32	36	40	48	50	56	58	61	64	77	81	88	94	97	
42	32
0	2	4	5	7	8	9	10	11	12	15	17	18	22	26	28	35	39	41	42	45	51	54	61	62	63	80	81	88	93	97	107	
42	30
0	1	2	3	4	7	8	9	11	14	15	16	29	30	32	34	41	42	48	50	58	62	65	67	73	78	80	93	107	112	
38	27
0	2	4	5	6	7	8	9	10	11	12	14	15	17	19	28	39	40	50	56	62	64	75	81	122	125	133	
39	29
0	1	2	4	5	9	10	11	12	14	15	16	17	18	24	25	32	42	44	50	51	61	62	73	78	81	93	122	149	
39	28
0	1	2	5	7	8	11	12	14	15	17	28	32	34	35	37	42	50	52	58	61	62	75	80	81	93	122	125	
40	29
0	1	4	5	6	7	8	10	11	15	19	24	31	34	36	43	45	49	51	52	54	58	59	62	87	88	107	112	125	
43	32
2	4	5	9	11	12	17	24	25	27	28	31	32	36	37	39	42	45	48	49	51	52	58	59	64	65	69	75	81	84	97	107	
40	29
2	4	5	8	11	14	15	18	24	25	28	31	32	34	35	48	51	52	54	56	61	64	65	66	73	81	88	97	112	
40	30
0	1	3	4	5	6	8	10	11	12	15	16	17	24	31	34	37	43	44	48	51	58	65	73	80	81	87	88	97	125	
46	31
0	1	2	3	4	6	7	17	24	25	29	35	36	37	40	48	50	51	54	56	61	64	73	75	78	87	88	97	107	112	125	
42	30
0	1	3	4	7	10	11	12	15	17	21	25	27	28	30	31	39	42	48	54	56	64	69	78	80	81	93	97	107	149	
37	29
0	1	7	8	11	12	14	15	16	17	18	21	24	26	27	35	36	42	45	50	51	52	56	61	64	75	81	97	112	
38	29
1	3	4	6	7	8	9	12	14	16	22	25	31	35	36	41	42	44	48	50	58	63	64	73	75	78	88	93	97	
42	31
0	1	4	5	9	12	14	18	20	25	31	34	36	39	40	42	44	48	49	50	56	58	61	64	65	66	75	78	81	93	97	
40	30
1	3	4	5	7	8	9	11	12	15	22	24	25	26	28	31	35	37	48	50	51	52	58	59	61	69	84	88	112	125	
42	29
2	3	6	9	12	14	16	22	24	26	32	34	36	38	48	50	51	56	61	65	73	75	78	80	84	87	88	97	125	
34	27
1	2	4	5	10	12	14	15	16	17	21	25	27	28	31	32	34	37	44	50	51	56	64	77	88	93	107	
36	28
0	3	4	5	9	10	12	15	18	19	22	25	27	30	31	32	35	37	39	48	52	58	69	75	78	81	87	112	
41	30
0	3	4	5	9	10	12	14	18	20	30	32	34	40	41	42	44	48	50	52	56	61	63	69	73	75	78	80	87	125	
46	31
0	4	6	8	10	14	15	17	18	30	31	32	34	35	36	39	42	51	52	61	64	66	73	77	78	80	88	94	107	122	125	
35	29
0	3	4	5	7	8	10	12	14	15	16	19	21	22	25	27	28	31	32	34	35	45	51	52	61	73	88	97	107	
45	31
0	1	2	3	6	10	15	16	22	28	31	34	35	36	37	39	44	49	51	58	63	64	73	77	81	88	89	93	97	107	112	
43	30
3	7	9	11	22	24	27	32	34	35	36	37	39	40	41	44	48	51	52	56	58	59	63	64	65	67	93	97	107	122	
48	33
2	5	6	8	9	10	11	14	15	17	25	34	36	37	40	44	48	50	51	54	59	61	62	73	77	78	80	81	87	89	93	112	122	
40	31
0	1	2	3	4	5	8	12	14	17	18	19	20	22	24	29	31	32	34	36	37	39	40	51	61	62	87	88	97	112	133	
40	29
0	2	3	5	6	7	8	9	10	14	18	25	28	30	34	35	39	42	49	52	56	62	63	66	73	75	89	112	125	
40	32
3	5	6	9	10	12	14	20	24	25	27	28	31	32	34	35	36	37	39	44	45	50	51	52	58	65	66	67	78	81	93	97	
38	29
0	1	2	4	6	7	8	10	12	15	19	24	25	31	32	34	39	44	48	51	54	59	61	65	75	88	93	97	107	
43	31
3	5	7	8	9	10	12	15	16	24	27	31	32	34	35	37	39	42	45	50	51	64	65	73	75	80	81	84	97	122	133	
38	30
0	2	3	4	5	6	9	11	12	14	22	24	25	32	34	36	37	40	43	44	50	51	54	59	61	73	81	88	89	125	
39	31
0	1	2	3	4	6	7	10	11	15	16	17	20	22	28	29	31	32	35	37	39	41	48	61	69	73	75	78	80	88	97	
47	31
0	3	4	9	14	15	16	17	19	27	28	30	36	37	39	40	44	51	59	61	65	69	73	75	87	89	93	97	112	122	125	
39	30
0	2	4	7	10	14	15	17	21	25	26	27	30	31	32	36	37	38	39	42	49	51	64	69	78	80	81	87	88	125	
39	31
0	1	3	5	8	9	15	16	17	22	24	26	28	29	30	32	36	37	41	44	48	49	50	56	64	68	73	75	78	80	81	
35	27
0	1	2	3	4	5	6	8	9	12	18	22	24	25	32	35	40	48	50	58	64	65	73	81	87	88	93	
43	30
0	1	2	4	6	7	8	9	10	12	22	24	26	27	32	34	36	37	39	52	59	62	64	66	67	87	97	112	122	125	
38	28
0	1	2	4	6	8	9	11	12	14	17	19	22	29	34	36	37	42	48	51	58	75	77	81	88	97	125	149	
42	30
1	2	3	4	5	6	7	9	10	11	18	34	35	39	44	45	48	49	51	56	59	62	65	67	69	73	78	80	87	107	
39	29
0	1	3	4	5	8	10	11	12	14	16	21	22	25	32	35	37	40	42	48	52	61	63	65	88	93	97	125	149	
40	28
0	1	5	8	10	11	15	24	27	34	37	39	42	43	44	48	49	59	61	63	65	67	73	75	80	81	87	125	
39	31
0	1	2	3	5	6	7	8	10	11	12	15	18	21	24	28	31	32	34	37	42	45	50	51	61	73	77	78	80	88	122	
41	30
0	1	3	4	9	10	11	12	18	21	22	27	29	30	32	36	37	39	40	48	59	61	63	64	73	81	87	93	97	107	
38	30
1	3	5	6	7	9	10	11	12	14	15	17	24	25	26	28	35	36	44	51	52	54	58	62	64	66	75	88	93	96	
41	30
0	1	2	4	5	6	7	11	12	14	17	18	27	31	35	37	40	41	48	50	56	58	59	61	63	73	75	78	87	122	
41	29
0	1	2	3	6	7	10	12	14	18	19	26	30	31	34	35	37	39	49	56	62	69	73	78	84	93	94	107	112	
43	30
0	1	5	6	7	8	10	15	21	22	24	25	27	32	35	37	39	41	49	51	56	61	65	73	75	94	97	112	125	133	
42	30
0	3	7	8	9	12	14	15	16	17	18	24	31	36	39	44	48	49	50	56	59	61	67	75	77	78	80	88	97	125	
46	32
0	1	11	14	15	16	25	27	28	30	32	34	40	41	44	48	49	50	52	54	58	61	63	64	66	69	75	80	88	97	112	122	
39	30
0	1	3	4	5	8	10	12	15	16	18	21	25	30	31	37	39	40	41	44	48	50	51	56	59	61	67	88	107	149	
43	30
0	2	3	4	5	10	11	15	21	25	31	32	34	35	37	39	40	44	45	56	58	61	62	73	78	80	81	93	122	125	
39	30
0	2	4	6	7	8	9	11	12	17	22	24	26	28	29	32	37	38	39	40	48	52	58	64	75	78	88	93	97	112	
46	33
2	3	4	5	6	7	11	12	14	17	18	21	22	25	29	31	32	34	35	38	51	54	56	59	61	62	75	78	80	84	93	122	125	
38	27
0	3	5	6	8	11	12	14	15	21	27	28	31	32	34	39	48	50	56	61	62	73	78	80	88	107	125	
35	29
0	1	4	7	8	9	10	12	14	15	17	19	22	26	27	34	35	36	37	41	42	48	49	73	81	84	93	94	97	
37	30
0	2	3	5	6	8	9	11	12	15	16	18	25	27	30	32	35	37	39	42	44	45	49	58	61	62	73	81	88	97	
44	31
0	3	4	5	9	10	12	14	15	22	24	31	32	34	42	44	45	48	51	56	61	65	66	69	75	80	81	87	88	93	125	
36	27
0	1	3	4	5	6	11	12	14	16	17	18	24	27	29	35	44	49	51	56	61	64	73	78	81	97	125	
40	30
0	1	4	5	6	9	11	15	16	25	26	27	30	31	32	37	39	42	44	48	52	58	59	62	66	75	80	81	93	122	
44	30
1	6	8	10	11	14	16	18	25	27	28	30	37	41	44	49	54	56	58	61	62	64	65	66	67	69	78	89	97	125	
40	30
1	2	3	4	5	7	8	9	10	11	14	15	27	30	34	36	39	42	48	49	50	59	64	65	73	81	93	94	97	112	
43	30
1	2	5	10	11	12	15	18	19	21	22	24	28	32	39	40	41	43	48	54	56	61	64	65	75	87	93	112	125	149	
44	30
1	3	5	8	9	12	14	15	19	20	31	32	34	35	39	42	48	49	51	56	62	65	73	77	80	81	88	112	122	125	
38	29
3	6	9	10	11	12	14	17	18	22	24	25	28	31	36	39	40	42	43	44	50	56	61	62	63	64	75	97	112	
43	29
3	6	7	10	12	14	15	26	30	32	34	35	36	37	40	48	51	52	56	58	61	65	66	68	80	93	107	122	125	
35	30
1	4	5	6	8	9	10	12	14	17	19	20	24	25	31	32	34	35	36	37	41	45	48	49	52	78	80	81	88	93	
35	28
0	1	2	3	6	7	9	11	12	14	16	17	29	34	35	36	37	40	42	48	49	56	58	69	75	81	88	97	
34	28
0	1	2	3	4	7	8	9	10	11	12	15	18	20	25	27	30	32	36	37	39	48	52	61	63	80	93	133	
37	28
0	1	2	3	4	5	7	8	11	12	15	18	24	27	28	34	36	37	39	48	59	61	63	75	78	80	97	112	
39	29
0	2	3	4	6	7	9	10	14	17	20	29	34	35	39	40	42	48	49	51	56	59	61	69	80	81	87	97	125	
39	29
0	2	7	8	9	10	11	12	17	18	24	28	31	35	36	37	40	45	48	56	58	59	61	62	73	75	78	88	97	
46	30
0	3	4	5	12	17	18	19	25	29	30	34	35	39	42	45	48	56	58	61	65	66	75	78	81	87	88	107	122	125	
39	30
0	1	2	3	4	7	10	11	12	14	15	16	17	27	28	31	34	35	37	41	44	48	52	63	64	69	93	97	122	133	
34	28
0	1	5	6	7	8	9	10	14	16	22	24	25	27	31	32	34	35	36	39	44	51	73	78	80	88	93	97	
46	31
0	2	3	4	9	12	15	22	24	25	32	35	36	40	41	48	50	56	58	61	64	65	73	77	78	81	84	88	96	97	125	
40	31
0	1	3	4	5	6	9	11	12	15	18	20	22	25	29	30	34	35	39	40	48	51	58	65	69	73	81	88	93	94	97	
39	31
1	3	4	6	7	10	11	12	14	19	26	29	30	34	37	39	40	41	42	44	48	51	52	58	61	65	66	75	78	93	96	
41	30
2	5	9	10	12	14	15	16	17	18	19	20	27	28	31	32	34	44	49	50	51	61	75	78	80	84	88	93	107	125	
37	29
0	2	4	5	7	9	10	11	12	14	15	19	25	26	27	35	36	39	42	45	51	52	64	69	80	84	87	93	125	
37	30
0	1	3	7	8	9	11	12	15	18	22	25	27	29	30	31	34	35	39	42	48	50	52	54	58	81	84	89	93	122	
42	28
0	2	4	5	10	11	12	14	24	27	28	32	39	45	51	52	56	61	62	63	66	69	75	78	81	93	107	112	
42	31
1	2	3	6	7	10	11	12	16	18	22	26	32	37	39	40	41	42	44	48	50	51	56	61	62	69	81	84	97	125	149	
39	31
1	2	3	4	8	9	11	14	15	19	21	24	25	32	35	37	39	44	45	48	49	50	52	56	61	75	77	78	81	88	97	
39	28
2	3	4	5	9	10	11	15	17	18	20	35	37	39	41	48	50	51	56	62	63	69	73	80	81	93	97	107	
43	31
1	2	3	6	7	11	12	14	15	16	24	25	29	34	35	36	41	44	48	49	51	56	61	78	81	87	88	93	97	112	125	
36	29
0	1	4	5	7	8	9	10	11	12	14	15	16	19	25	31	32	39	44	50	51	54	56	63	77	78	80	89	93	
40	31
5	7	9	12	14	16	17	18	22	24	25	27	28	29	30	32	37	40	42	44	45	50	51	56	61	65	78	80	88	97	112	
38	30
1	4	5	6	7	9	11	14	18	20	25	28	30	31	32	41	42	44	48	49	50	52	62	64	65	68	78	80	81	88	
43	32
2	3	4	5	6	7	8	10	15	16	19	21	25	32	34	35	37	39	44	45	52	54	58	61	62	65	73	75	78	88	97	107	
