1000 
43	30
0	3	5	7	8	10	11	16	17	18	19	20	23	24	28	33	34	35	36	40	45	66	73	75	76	78	107	108	117	118	
43	29
0	1	2	3	4	6	8	11	13	16	19	21	23	24	25	30	32	37	39	49	50	54	66	73	104	111	112	118	127	
43	27
0	3	8	11	12	14	15	16	19	20	23	24	33	37	39	45	60	63	67	73	75	76	86	108	112	118	153	
41	30
0	1	2	3	7	9	11	12	14	16	17	18	19	23	28	29	34	35	37	40	45	54	55	58	66	73	78	96	100	115	
42	30
1	2	5	7	9	10	12	13	14	15	16	17	22	23	25	26	36	39	40	49	50	54	60	63	71	73	75	95	104	118	
44	27
0	4	6	9	12	13	14	16	17	18	20	23	24	37	49	50	63	66	73	75	76	78	100	104	108	111	112	
48	30
2	4	6	12	16	21	22	24	26	27	29	31	32	33	34	40	41	58	60	66	67	73	75	88	92	112	115	117	118	127	
38	28
1	2	6	8	12	14	15	16	19	21	23	26	29	34	35	37	39	41	45	55	66	67	73	74	76	86	96	115	
49	29
1	2	7	8	10	12	13	16	17	18	22	24	28	29	43	45	55	58	66	67	74	78	108	111	115	118	119	127	132	
44	31
0	1	3	7	8	11	12	14	20	22	23	25	26	32	33	34	35	36	37	46	49	55	58	60	63	66	76	86	107	108	127	
44	28
0	2	3	6	8	13	15	16	19	20	22	24	33	35	38	39	55	58	60	63	67	75	78	86	108	111	112	115	
50	31
0	1	4	6	7	11	12	14	20	21	23	24	25	29	35	37	40	50	54	55	58	63	73	76	86	92	100	108	112	118	127	
45	30
0	1	2	5	7	8	10	14	21	22	32	33	35	36	39	40	45	46	54	55	58	60	67	73	74	88	96	108	115	118	
45	30
1	2	3	6	11	13	14	16	17	18	19	20	23	33	34	37	39	40	45	54	55	67	73	75	78	86	96	100	115	153	
50	31
1	12	13	16	18	19	20	21	22	31	37	39	43	46	49	54	55	58	60	74	76	77	78	84	86	88	95	96	112	115	117	
44	30
2	3	7	8	11	13	14	16	17	18	20	21	23	24	25	29	32	33	37	39	43	55	66	78	92	96	108	112	132	153	
40	27
0	4	5	8	12	13	16	18	19	21	22	26	29	30	31	36	37	49	60	63	67	78	88	108	111	118	127	
42	29
2	4	5	6	7	12	13	19	21	22	24	26	28	29	31	32	35	37	39	54	58	63	66	73	86	92	108	118	119	
43	29
0	3	5	7	8	9	12	14	17	19	23	29	32	35	36	37	39	46	49	58	66	75	76	78	92	104	108	112	121	
45	30
0	1	3	8	9	13	14	15	16	21	23	27	29	30	33	35	37	40	41	58	67	75	76	78	86	92	104	108	112	118	
39	27
0	6	8	10	11	16	17	20	21	23	28	29	31	34	39	43	45	50	55	60	63	66	73	78	88	112	118	
40	28
1	2	5	11	13	14	16	17	18	20	23	24	26	30	33	34	43	45	46	54	66	73	75	76	86	108	112	115	
42	29
0	1	2	5	8	9	14	19	21	22	25	26	28	30	32	33	35	45	50	55	58	66	71	73	88	92	96	107	108	
39	28
0	1	4	7	8	12	13	15	17	20	23	24	25	29	30	32	33	37	41	50	55	58	66	73	78	92	100	132	
48	30
0	2	3	4	7	8	15	17	20	22	25	29	32	33	35	37	45	54	58	67	74	75	76	86	92	104	108	115	118	127	
40	29
1	4	5	6	7	8	12	14	17	20	22	23	26	29	30	32	40	41	43	45	54	59	63	66	73	75	84	100	118	
39	28
1	2	3	4	5	7	11	12	13	14	16	18	20	21	25	30	31	33	40	58	63	66	67	73	75	88	115	119	
45	30
0	1	2	4	5	7	10	11	12	13	14	16	17	21	25	31	36	37	45	55	58	63	66	67	71	84	108	111	119	127	
42	30
0	1	2	4	5	8	13	16	17	18	21	22	24	32	33	34	36	39	45	46	49	50	58	60	74	86	90	115	118	127	
41	26
0	1	2	4	6	7	18	19	21	24	25	35	45	46	49	50	54	55	58	66	86	88	104	108	118	119	
40	28
0	1	4	5	8	10	12	14	16	21	22	27	29	32	34	35	37	40	43	49	50	58	67	92	104	108	112	115	
37	28
0	1	3	4	7	8	10	12	14	15	16	17	19	20	22	24	25	26	35	37	46	50	63	66	75	86	104	108	
37	27
0	4	7	8	10	11	12	13	17	21	23	24	25	26	29	37	39	43	45	49	54	60	63	88	112	118	132	
45	29
2	10	12	13	15	16	17	18	21	25	28	29	31	39	45	49	50	55	58	60	63	66	75	76	90	92	108	119	132	
47	31
0	2	5	7	11	12	14	15	16	18	20	22	28	32	35	37	39	43	46	55	58	63	66	73	76	77	95	96	108	115	153	
45	30
2	3	4	8	10	12	14	15	16	18	22	23	29	35	37	39	41	45	49	50	55	60	67	73	75	96	111	118	119	127	
35	27
0	1	4	5	8	10	11	12	13	15	21	22	23	24	25	28	29	31	34	39	54	55	58	60	63	73	107	
42	29
5	7	8	10	13	14	15	16	18	21	23	29	31	34	35	39	40	41	45	49	60	63	66	67	96	108	117	118	132	
45	32
0	4	5	7	8	9	12	13	15	20	21	22	27	28	29	31	32	34	37	40	41	54	58	63	66	73	75	76	88	92	104	115	
45	34
2	3	5	7	10	12	13	16	18	19	20	21	22	23	24	26	28	29	30	31	32	35	36	40	45	60	63	66	73	75	90	96	115	117	
44	29
0	1	3	4	5	6	11	14	17	21	24	25	28	34	35	36	40	49	54	63	66	73	75	76	92	100	112	115	118	
39	29
0	1	2	3	4	5	6	7	11	14	16	19	20	21	24	28	30	31	37	40	50	54	67	73	75	76	78	92	115	
45	29
7	10	13	14	16	17	20	22	24	25	26	29	34	37	39	40	41	43	45	54	63	75	88	95	112	115	118	121	153	
50	32
2	3	7	8	9	11	13	14	16	19	24	25	28	30	31	32	33	34	41	54	58	67	74	75	77	78	88	100	112	115	118	119	
41	28
0	4	5	8	10	11	12	18	22	24	29	35	37	38	39	41	45	54	55	58	60	73	74	76	88	90	108	117	
44	33
0	3	5	7	11	13	14	15	18	20	21	23	25	28	30	31	32	33	34	35	39	43	46	49	58	60	63	66	67	75	76	115	117	
41	28
1	5	9	13	15	16	18	20	21	22	24	27	31	35	39	43	46	49	54	58	66	75	76	78	95	108	112	127	
49	30
0	1	2	7	8	11	16	18	20	22	25	29	33	34	36	40	54	55	60	66	67	73	76	78	86	104	115	118	119	132	
45	29
6	7	8	11	12	14	20	21	22	24	25	29	31	36	37	41	43	45	54	55	63	66	86	88	100	104	108	118	132	
44	28
0	1	2	3	4	5	6	7	13	14	16	17	20	23	34	35	45	50	63	66	67	76	86	104	108	111	112	132	
43	29
1	5	11	12	13	14	16	22	25	26	28	29	31	33	41	43	49	50	55	58	60	63	66	75	88	95	96	112	115	
48	30
1	3	10	12	13	16	17	20	21	23	28	34	35	36	40	41	45	50	54	55	58	66	67	86	92	100	104	107	108	115	
40	30
1	3	4	7	8	9	10	11	15	16	17	25	26	30	31	33	34	35	37	40	41	43	54	63	66	73	74	76	108	127	
44	29
0	7	10	13	14	17	21	22	23	24	29	31	35	36	41	45	46	49	54	55	74	75	76	86	92	108	111	112	121	
46	30
2	6	7	8	10	11	13	14	15	17	18	21	24	28	29	31	34	40	45	58	63	66	72	73	74	100	104	108	118	121	
42	28
4	6	11	12	13	14	16	17	21	22	23	24	28	31	34	36	39	54	55	60	63	66	77	78	86	100	118	127	
45	28
0	3	12	13	14	15	17	18	21	24	30	31	35	45	50	54	58	66	67	71	74	75	76	92	95	112	118	121	
45	29
0	3	5	7	9	12	13	16	17	19	25	29	30	31	32	35	54	55	58	63	66	67	75	78	84	86	117	118	127	
41	29
0	1	4	6	8	10	13	16	18	19	21	23	24	25	28	29	30	34	37	41	49	58	75	76	92	100	108	112	118	
38	27
0	2	6	7	10	12	13	15	16	18	21	25	29	31	39	43	45	50	55	58	60	63	66	86	88	92	104	
43	30
1	3	4	5	6	7	11	12	14	16	18	21	23	24	25	27	30	34	41	46	49	55	63	66	71	96	104	111	117	118	
45	30
1	2	3	5	6	8	12	14	16	19	25	26	33	41	45	46	47	50	54	55	58	60	66	73	75	78	86	96	104	115	
45	28
0	4	5	7	8	11	12	13	17	18	20	22	26	32	34	37	58	63	66	67	73	75	76	92	108	111	119	153	
41	29
0	1	2	3	4	6	8	13	15	16	21	22	24	25	27	34	35	37	39	40	43	54	63	75	92	108	112	115	127	
45	28
0	1	4	5	8	9	13	15	16	18	22	31	32	37	45	50	55	58	60	77	78	86	88	95	104	112	115	119	
51	29
0	4	14	16	22	23	26	27	31	33	35	37	46	50	58	60	63	67	71	73	77	86	92	108	111	115	118	127	132	
44	28
3	4	8	10	11	12	13	14	16	18	23	25	33	34	37	45	50	54	55	58	60	66	75	76	92	108	112	153	
40	27
0	1	2	4	5	6	15	18	19	20	21	24	30	31	32	39	40	43	60	77	86	88	96	108	118	119	127	
43	29
2	6	7	9	13	14	18	19	22	23	29	33	35	36	40	43	45	47	54	55	60	66	73	78	86	88	104	115	132	
38	26
0	1	4	5	8	9	11	12	13	18	21	23	24	29	34	37	45	49	54	55	58	66	103	104	118	119	
37	26
0	3	4	7	10	12	13	14	16	17	22	24	25	27	35	37	39	40	50	54	66	75	88	108	118	119	
46	30
1	2	5	7	12	13	15	16	17	22	24	29	30	32	37	40	41	54	55	58	63	66	67	75	76	84	88	96	115	153	
47	29
4	5	7	10	11	13	16	17	19	21	22	25	26	28	29	30	37	50	60	67	73	78	86	88	104	107	112	119	153	
44	30
0	6	7	8	11	13	16	17	21	22	23	24	25	26	28	30	31	33	34	45	47	54	58	66	86	100	111	112	115	118	
40	28
0	3	5	7	12	13	14	16	17	18	22	25	27	28	30	31	35	43	49	50	54	58	66	75	95	104	108	118	
41	32
4	5	7	8	10	11	12	14	16	19	20	21	22	24	25	28	30	31	34	40	41	43	46	49	50	60	63	75	78	92	95	104	
40	28
0	1	5	6	7	9	10	13	15	16	17	18	20	22	23	25	28	29	31	34	39	45	86	104	108	118	119	153	
41	28
0	4	6	8	9	12	16	18	21	26	29	31	32	34	35	39	45	54	63	66	67	73	76	78	86	96	108	118	
45	30
0	3	4	8	10	11	13	14	15	16	17	24	25	28	30	34	35	39	46	49	58	63	76	77	86	92	112	118	121	153	
39	28
4	7	8	9	11	12	13	14	15	16	17	24	25	28	30	39	43	45	49	54	60	78	86	88	92	95	115	118	
46	31
0	1	2	4	7	11	12	14	17	18	20	23	24	27	29	39	40	43	45	54	73	75	76	77	78	86	88	92	104	118	127	
38	29
1	3	4	5	7	10	11	13	14	16	17	20	22	23	25	30	36	37	40	41	43	50	58	63	74	75	76	88	104	
42	30
4	6	7	8	9	11	12	13	14	16	17	18	23	24	28	30	31	34	37	39	49	50	55	63	77	78	96	104	118	127	
42	29
1	2	4	8	10	11	12	13	14	16	23	25	30	35	37	40	43	49	50	55	58	60	63	73	76	77	92	108	127	
51	32
1	4	5	8	11	15	18	21	22	29	32	33	34	37	39	41	46	54	55	58	60	63	73	75	76	86	92	96	100	108	115	117	
45	30
0	7	10	16	19	20	21	22	23	24	25	26	29	31	33	34	35	41	46	49	55	75	76	86	92	104	108	115	117	119	
43	30
1	2	5	6	7	8	10	11	14	15	23	25	30	31	35	37	39	40	41	49	60	63	67	73	74	75	76	86	115	153	
36	27
0	1	2	4	8	10	11	18	21	22	24	25	31	35	36	39	45	46	49	50	55	60	63	66	86	88	104	
38	27
0	4	5	6	9	16	17	18	19	20	22	24	27	29	30	33	37	49	59	66	67	71	75	78	86	118	127	
46	29
2	3	6	7	11	13	17	19	21	22	24	26	31	33	37	40	41	58	60	66	67	75	76	77	92	115	118	119	153	
46	29
0	2	4	5	6	9	11	12	19	21	22	28	32	34	35	40	54	58	66	73	75	76	78	86	92	104	108	112	118	
41	28
0	2	4	5	14	15	16	17	19	20	22	29	33	35	36	40	41	58	63	66	67	73	75	86	92	96	112	115	
43	28
0	1	2	5	8	16	18	21	22	23	25	30	31	33	35	36	46	49	54	63	66	67	92	100	104	112	115	127	
46	32
2	3	4	8	10	11	16	19	24	25	26	30	31	32	33	34	35	41	43	46	50	55	58	60	73	75	76	78	86	88	108	127	
48	30
0	2	3	5	6	7	14	16	18	19	24	26	29	30	31	32	35	45	60	67	73	75	88	96	100	104	108	112	118	121	
40	30
0	4	8	10	13	16	18	20	21	23	24	25	28	30	33	37	39	40	41	45	46	50	55	58	60	73	78	88	92	121	
41	28
0	1	5	7	8	10	12	13	14	16	17	22	31	35	37	40	45	50	55	58	66	67	73	75	76	78	104	108	
39	26
0	2	4	6	10	13	15	16	19	21	23	26	30	39	45	50	54	55	58	63	66	67	75	86	100	118	
49	32
2	3	5	9	11	13	15	17	19	20	23	24	26	28	31	32	40	46	49	55	58	63	67	75	76	78	86	88	108	112	119	127	
44	30
0	2	3	4	12	13	17	18	21	22	24	26	32	33	35	37	40	45	46	50	58	60	66	67	77	78	86	100	115	119	
43	30
1	3	4	7	8	11	13	17	21	22	24	25	27	28	32	34	35	37	46	49	50	55	58	67	73	86	88	104	108	118	
46	28
1	2	5	7	8	11	13	21	27	29	30	31	34	37	43	46	50	58	63	66	74	75	86	115	118	119	121	153	
43	28
0	4	12	13	14	16	19	20	21	22	24	26	29	30	31	32	33	58	59	60	63	66	67	86	100	104	108	132	
42	29
3	4	6	8	12	13	16	21	23	24	25	27	29	30	31	32	33	34	49	58	60	63	76	78	88	92	100	104	115	
43	29
0	1	2	4	5	6	7	9	11	14	15	17	22	24	25	27	40	46	50	58	60	66	76	86	88	96	107	108	112	
44	29
0	6	10	11	14	16	17	20	21	23	28	29	31	40	41	43	45	50	54	55	58	66	75	76	86	96	108	118	119	
43	31
0	1	2	3	4	5	6	11	13	19	23	24	25	26	31	32	35	39	40	43	45	50	54	60	67	75	78	88	96	112	117	
41	29
1	3	4	8	9	11	12	14	18	21	24	25	35	37	41	45	46	49	50	55	58	60	63	66	73	75	88	92	115	
38	28
1	4	8	10	11	13	14	16	19	21	23	29	30	31	34	35	36	37	40	41	58	63	67	73	77	92	108	127	
43	30
0	1	3	4	5	6	8	10	17	19	20	21	26	28	30	31	32	39	43	50	54	55	58	59	60	76	86	96	115	127	
48	29
0	1	5	7	9	12	13	14	21	22	23	27	29	31	32	33	41	54	55	66	76	86	90	100	115	118	119	132	153	
41	28
2	4	10	12	13	15	16	17	21	23	25	29	33	34	39	45	50	55	60	63	66	67	74	75	77	86	88	100	
43	29
0	9	10	11	12	13	14	16	21	23	25	29	35	37	39	40	45	55	58	60	67	73	74	75	76	78	92	100	104	
46	28
0	2	8	10	11	20	21	25	32	34	35	36	43	46	49	54	55	58	60	63	66	67	86	92	107	112	115	153	
43	29
0	1	2	3	4	7	11	13	14	15	18	19	22	29	35	39	45	50	55	60	66	67	74	75	78	86	96	104	108	
48	31
0	1	2	5	10	11	12	13	15	16	20	23	25	33	34	37	40	41	45	54	60	63	66	67	73	86	107	112	115	121	132	
43	29
0	1	2	7	8	10	15	16	17	19	20	22	23	25	30	34	36	37	40	46	60	63	66	67	88	111	119	132	153	
41	29
1	2	4	7	8	10	12	16	19	22	26	28	29	31	33	35	39	40	41	59	60	63	67	73	75	77	96	104	115	
42	28
2	4	8	11	13	16	17	20	21	22	23	24	29	32	35	40	45	49	55	58	60	73	76	78	86	108	111	153	
52	29
0	2	3	4	11	13	15	16	21	25	28	31	37	43	45	58	66	73	78	90	96	100	104	107	108	118	119	127	153	
42	29
0	1	3	4	10	11	12	14	16	19	23	24	25	29	35	37	39	45	49	50	54	60	67	73	75	78	112	118	127	
38	28
0	1	2	4	6	8	11	12	16	21	24	29	31	34	35	36	38	39	45	54	60	63	67	73	76	86	92	118	
37	28
0	1	2	3	8	11	13	15	18	19	21	22	23	30	31	32	35	36	40	46	54	55	60	63	67	86	92	108	
49	29
0	2	10	11	13	18	21	23	24	30	34	36	39	41	43	45	54	60	66	73	74	76	100	104	112	117	118	127	132	
43	30
0	2	3	5	8	10	12	14	15	16	17	19	23	31	33	35	39	40	45	46	55	60	67	75	77	84	86	104	112	118	
39	27
0	1	2	4	6	7	9	14	15	16	17	18	19	21	22	23	24	33	35	54	66	74	75	100	108	118	119	
42	30
1	6	8	10	12	13	14	16	21	22	25	26	28	31	32	35	36	37	49	54	55	58	66	67	75	77	78	92	96	132	
50	31
2	4	13	14	15	18	21	22	23	24	26	28	32	33	34	37	46	50	54	60	63	73	76	86	88	92	100	104	112	115	121	
48	30
2	4	6	11	13	18	21	24	26	28	29	32	33	40	43	45	49	58	59	60	66	67	74	77	78	86	112	118	132	153	
44	29
1	3	4	10	14	18	21	22	23	29	31	32	39	40	41	43	46	50	63	66	67	73	77	78	86	88	104	107	108	
47	30
8	9	12	13	17	20	22	25	28	29	32	33	34	35	39	40	43	45	49	50	54	58	67	86	100	104	108	112	115	118	
41	29
0	1	3	4	5	13	16	17	19	21	23	27	28	30	33	35	37	39	49	50	55	58	63	66	67	71	75	100	115	
38	27
1	2	4	6	8	12	13	14	16	17	19	20	21	23	24	32	34	36	39	54	60	76	86	92	111	112	118	
45	30
2	8	10	12	15	16	17	18	21	22	23	28	34	36	39	40	41	43	54	60	63	67	74	75	76	90	92	108	117	119	
41	29
0	1	2	3	4	5	6	8	13	15	16	17	20	22	23	33	34	35	37	39	50	58	63	66	76	92	100	112	127	
42	30
0	4	6	7	8	10	11	13	14	16	19	20	23	25	30	35	37	39	40	45	49	54	55	58	60	78	96	108	127	132	
42	30
0	2	3	4	5	6	8	10	11	12	13	17	20	23	24	25	26	27	33	35	50	54	66	76	78	88	90	95	108	112	
39	30
1	2	4	5	10	11	12	13	14	17	19	21	23	24	25	26	35	39	40	45	46	49	55	60	63	66	75	76	77	115	
50	30
0	2	5	9	11	12	13	23	25	29	32	41	43	45	46	50	54	55	66	67	77	78	86	88	92	96	100	112	117	153	
37	29
0	1	2	4	6	7	12	13	14	15	17	21	22	24	26	28	32	36	37	39	40	45	46	50	60	66	77	100	108	
42	28
0	4	7	12	14	19	22	24	25	28	29	31	34	35	36	39	45	50	54	55	60	66	76	78	86	100	107	127	
39	28
0	3	5	6	8	10	14	16	18	19	21	22	23	24	26	30	31	40	43	49	54	55	66	75	76	117	118	119	
46	28
2	4	13	15	16	18	19	21	23	24	28	29	33	34	39	45	50	54	55	58	84	86	107	108	118	119	127	132	
47	29
1	2	4	5	6	13	15	16	18	21	22	25	26	29	34	39	41	55	66	73	74	75	84	92	112	118	119	132	153	
45	31
0	1	5	6	7	10	12	14	17	18	23	24	28	29	30	32	33	35	36	43	45	54	66	67	71	73	75	96	107	118	153	
47	28
0	2	3	5	7	13	14	16	18	19	21	22	25	33	34	40	55	58	66	75	78	86	104	108	112	115	119	153	
39	30
1	2	4	10	11	12	13	14	16	18	21	22	23	24	25	32	34	36	38	39	43	45	49	55	66	74	75	92	104	108	
40	28
1	4	5	6	8	10	13	14	16	21	24	29	31	32	35	37	39	40	41	49	55	63	66	73	104	108	112	118	
50	33
0	2	12	14	15	19	21	22	23	24	25	30	33	34	35	39	40	41	46	49	60	66	71	73	74	75	76	78	95	108	112	115	127	
41	29
0	1	2	4	7	8	11	16	17	18	20	23	24	25	27	28	30	33	34	36	41	58	75	78	88	104	108	118	127	
48	30
0	1	4	5	11	13	14	18	21	25	27	28	31	32	37	39	41	54	55	60	66	67	73	76	86	92	107	111	112	153	
47	30
0	3	8	11	12	13	16	21	22	26	27	28	29	31	43	45	46	50	54	55	63	66	86	88	92	96	112	115	118	132	
47	29
0	1	4	7	11	12	13	15	18	19	23	24	26	28	30	46	49	50	58	60	63	66	78	100	104	112	119	127	132	
42	27
0	4	10	11	21	23	24	26	29	32	33	35	37	39	41	45	49	58	66	73	86	88	100	108	112	118	127	
40	29
1	4	5	9	10	13	14	19	24	25	27	29	30	32	33	37	43	46	47	50	54	55	60	63	66	78	86	96	115	
53	31
2	6	7	10	11	14	19	21	22	24	25	27	29	30	33	34	41	50	58	66	73	75	78	88	100	107	108	112	117	118	153	
43	28
1	2	5	13	14	16	18	21	23	25	28	30	34	36	37	41	43	54	55	63	64	67	73	75	90	100	118	153	
44	29
3	4	6	8	9	15	16	18	20	24	26	27	29	31	33	39	41	45	58	60	67	73	75	76	78	86	100	127	153	
43	28
5	6	7	8	9	10	11	13	15	16	19	22	25	26	29	30	31	58	66	67	73	77	86	88	100	104	117	119	
43	30
3	4	5	7	15	17	18	19	21	22	23	25	26	27	32	33	35	37	41	54	63	66	67	73	75	76	77	88	104	107	
42	28
0	1	4	5	9	11	12	13	14	15	17	18	23	24	27	29	30	54	60	63	66	67	75	84	92	118	119	132	
43	30
0	2	3	5	12	13	16	19	21	22	24	28	30	31	32	33	40	41	54	55	58	67	73	75	76	78	86	88	96	108	
46	31
1	2	6	7	8	11	13	16	18	21	24	26	28	29	31	33	36	37	39	45	55	58	67	75	76	78	86	108	115	127	132	
44	30
0	1	2	5	6	8	11	12	16	21	23	25	29	30	31	33	36	40	49	55	58	63	66	71	75	88	92	104	107	127	
48	29
0	1	3	16	18	20	22	25	27	28	29	33	34	36	45	50	54	58	60	63	67	76	78	92	100	108	112	115	119	
49	32
0	1	2	3	7	8	11	14	21	23	25	26	30	31	32	37	39	43	45	46	50	60	63	66	73	88	96	104	107	112	119	132	
50	31
1	2	4	8	11	14	16	18	23	29	34	35	37	40	41	43	50	55	58	60	63	66	73	74	76	78	92	100	108	112	118	
41	29
0	3	4	8	10	13	14	16	21	22	24	28	31	32	33	35	39	40	45	46	60	66	74	76	78	86	100	108	117	
48	30
0	1	2	3	10	11	18	19	22	24	27	29	31	33	34	39	40	45	58	60	66	67	73	74	75	107	108	115	118	153	
40	27
0	2	4	13	14	16	17	19	21	22	23	24	25	33	39	43	49	60	67	74	75	76	78	86	108	119	127	
44	30
0	4	9	10	11	14	16	17	18	19	20	24	25	29	30	32	37	38	40	46	50	67	73	76	84	92	100	104	108	119	
41	27
1	2	4	7	8	12	15	16	17	22	29	34	35	36	40	41	58	63	67	74	76	86	88	95	115	119	132	
48	28
0	8	11	12	13	19	20	21	24	25	31	32	35	49	54	55	58	59	72	76	86	88	100	107	108	112	115	118	
40	29
0	2	3	8	11	12	13	15	16	19	21	22	24	26	29	30	31	36	40	46	49	54	58	63	66	95	108	118	127	
47	31
1	2	6	7	11	14	15	18	19	21	22	24	26	33	34	35	37	41	45	50	54	55	58	75	78	86	88	108	112	117	119	
41	29
1	5	10	11	14	21	22	24	26	27	29	33	35	36	37	39	41	45	46	49	58	66	67	75	78	92	112	118	119	
40	27
1	2	4	5	6	9	10	11	13	14	16	17	18	39	40	46	49	50	63	66	67	86	88	96	104	112	127	
43	31
1	2	6	9	10	11	12	13	14	17	18	19	23	24	27	30	33	34	36	39	40	43	45	58	67	86	92	100	108	111	112	
46	30
0	1	3	5	8	9	11	12	14	18	21	22	24	30	34	35	45	46	47	54	60	66	75	92	96	107	112	118	127	132	
44	29
2	4	7	8	11	13	14	17	21	22	24	26	31	32	33	40	43	46	50	60	63	71	75	86	92	104	108	111	132	
41	29
0	2	4	6	10	12	15	16	19	21	22	24	25	28	32	35	36	39	41	46	55	60	63	66	78	86	104	108	119	
44	30
2	4	7	8	11	13	20	21	22	26	27	31	32	35	37	39	41	49	50	55	63	66	75	78	86	88	92	96	104	108	
41	27
0	1	2	5	8	13	15	16	20	21	22	24	29	30	39	50	55	58	60	63	67	78	86	88	92	112	118	
42	29
5	6	10	12	13	15	16	17	21	22	28	29	35	36	39	40	41	49	54	55	58	63	67	73	75	76	92	108	132	
40	28
0	4	5	8	12	14	16	17	18	19	22	24	28	29	33	35	36	54	55	58	60	66	67	73	75	78	86	115	
42	26
0	1	2	4	9	18	21	23	24	25	33	35	39	40	50	55	63	66	67	77	86	96	108	112	119	127	
47	28
0	3	4	8	9	13	15	18	24	25	27	30	34	46	49	50	54	58	60	66	76	78	100	104	108	112	118	119	
48	27
0	4	6	11	16	18	20	21	23	28	29	34	39	45	50	55	73	84	96	100	108	112	115	117	118	119	127	
50	32
0	2	3	7	11	12	14	15	17	18	20	23	24	25	32	37	39	43	58	63	67	73	74	75	76	78	86	92	100	104	112	118	
48	32
0	1	2	4	5	6	11	14	16	21	22	23	27	28	34	35	39	40	43	49	55	60	66	67	75	88	92	96	100	104	108	118	
44	30
0	2	4	5	6	7	8	9	13	14	17	24	29	32	35	39	40	45	54	60	67	75	77	78	84	86	88	96	115	118	
43	31
1	4	5	7	8	10	13	14	17	19	24	25	28	29	30	31	35	37	40	41	45	46	67	73	76	77	88	96	104	108	118	
42	30
0	2	4	6	16	17	20	22	23	24	28	30	33	34	36	37	39	43	45	50	54	55	58	59	66	67	75	86	92	108	
44	28
0	2	6	7	15	16	18	21	24	25	34	35	40	43	45	49	55	58	60	66	67	73	77	86	107	108	115	119	
40	28
1	4	7	8	9	10	11	12	14	15	17	23	29	32	35	37	40	41	45	54	55	63	66	73	88	104	108	118	
51	32
1	2	5	7	9	10	11	13	17	21	23	24	25	28	29	37	43	45	55	58	60	67	73	76	84	88	92	100	111	115	119	127	
38	30
0	1	4	6	7	8	10	13	14	16	18	19	24	25	27	28	29	30	31	39	40	41	60	66	73	75	77	86	88	96	
42	30
0	2	7	12	17	18	19	22	24	25	30	31	32	33	35	36	39	43	46	49	54	55	58	60	75	76	78	86	104	108	
39	27
0	1	2	4	5	7	13	16	21	22	23	24	25	30	35	41	49	55	58	60	63	66	75	77	88	115	118	
47	30
0	1	7	8	10	11	13	15	16	18	21	22	30	31	34	37	38	45	54	55	58	63	67	73	78	86	107	108	118	153	
50	30
0	1	13	14	15	16	17	18	19	22	23	30	31	33	40	46	50	63	67	73	76	78	88	92	100	107	108	112	115	118	
44	28
2	4	8	10	13	15	17	21	29	32	34	38	39	40	41	45	50	54	59	63	66	67	76	92	100	108	112	118	
46	30
1	2	7	8	11	12	15	17	19	20	22	30	32	33	34	37	41	46	58	63	66	67	73	74	76	95	108	112	115	119	
44	29
0	3	5	11	13	14	16	18	22	25	27	30	37	40	43	45	46	54	55	58	60	63	73	75	86	92	100	108	119	
41	28
0	1	2	6	7	8	9	10	14	15	19	20	30	33	40	41	46	49	55	58	63	66	74	77	88	100	108	119	
46	30
4	6	7	10	13	18	20	22	23	24	28	29	34	35	37	39	46	50	54	60	63	67	74	75	78	86	88	112	119	127	
41	29
0	5	7	8	9	12	13	14	17	19	24	25	29	30	31	32	37	43	49	60	63	75	78	88	92	95	96	118	132	
43	29
1	4	5	10	13	16	18	19	21	22	28	29	31	35	39	41	43	49	58	60	63	75	78	88	90	96	108	119	127	
47	31
0	1	2	3	8	11	12	15	16	23	30	31	32	33	35	37	39	43	50	55	60	63	66	73	76	84	90	92	96	127	153	
44	30
2	4	6	7	11	13	16	19	20	21	22	24	25	26	28	30	31	32	39	49	50	58	75	76	84	88	107	115	118	127	
47	29
1	2	7	10	11	13	18	20	21	22	27	28	30	33	40	43	58	63	67	73	74	76	84	88	100	108	112	115	127	
48	31
0	2	9	13	14	16	17	18	21	23	28	30	35	37	40	41	43	45	50	58	63	75	76	78	86	88	95	100	107	108	118	
38	29
0	1	2	4	8	9	11	12	13	14	16	17	21	22	23	25	26	29	32	34	39	54	60	63	66	73	76	96	100	
40	28
1	2	5	6	7	11	14	16	18	19	23	25	28	29	30	31	35	41	55	58	66	67	73	75	77	86	100	104	
45	28
0	1	4	5	6	8	11	13	16	18	21	22	23	28	29	32	37	58	63	66	73	92	100	112	115	118	119	127	
41	30
4	5	10	12	13	17	18	19	20	21	22	23	24	28	34	36	37	39	43	45	46	54	58	60	75	78	88	92	104	127	
40	30
1	2	3	4	7	11	13	16	17	18	20	23	24	26	29	30	33	34	36	39	40	43	45	54	76	78	92	100	118	127	
45	30
2	6	7	9	10	13	14	19	21	24	25	29	31	35	36	37	39	49	50	58	60	75	76	78	86	92	96	108	112	115	
43	30
1	4	7	8	9	10	11	12	15	19	23	25	28	29	30	35	37	41	45	46	55	60	63	73	74	84	88	104	115	118	
48	32
1	2	4	6	11	13	17	19	21	22	23	25	28	31	32	34	37	39	41	43	46	49	58	66	86	92	100	104	112	115	119	127	
45	30
9	12	16	17	18	20	21	23	25	28	33	37	39	40	41	45	49	54	55	58	66	67	73	75	77	78	86	96	108	132	
47	30
7	8	12	13	17	25	29	31	32	35	36	37	39	40	43	45	46	50	58	60	63	75	78	86	92	96	104	108	117	127	
46	28
1	2	4	13	16	18	24	25	30	35	37	39	46	49	50	54	55	58	60	63	73	75	78	84	104	108	115	118	
46	30
0	1	4	7	8	11	12	13	14	15	20	22	24	25	34	37	41	45	49	58	60	75	76	78	88	92	104	108	112	153	
40	28
5	7	8	12	13	14	16	17	18	23	28	29	30	32	37	43	46	49	54	55	60	63	66	67	75	96	104	118	
43	29
0	3	4	8	12	13	14	16	19	23	24	26	28	35	36	39	45	49	50	54	55	60	63	67	76	96	115	118	127	
39	28
0	3	4	8	10	15	17	18	19	20	21	22	24	25	27	28	31	33	39	40	60	73	77	86	96	108	127	132	
46	31
0	2	4	5	8	9	10	11	13	15	17	22	24	30	31	37	39	46	49	50	58	63	66	67	73	78	84	95	100	108	127	
47	30
1	12	13	14	15	16	17	19	21	23	24	34	37	40	41	45	46	49	54	59	63	66	76	78	92	100	104	112	115	118	
46	30
2	5	6	11	13	14	17	19	21	22	29	31	34	35	37	39	41	46	54	55	58	67	73	74	86	90	92	118	127	153	
42	30
0	2	11	17	18	21	23	24	28	29	30	31	32	34	39	40	41	43	45	47	50	54	55	63	66	73	76	77	100	118	
43	30
0	2	4	5	7	11	13	15	16	18	21	22	23	25	30	31	36	40	45	46	54	55	73	76	84	88	96	112	115	118	
43	30
0	2	7	8	12	15	16	19	21	23	25	30	33	34	35	37	43	46	49	55	58	60	63	67	73	75	76	92	108	115	
51	30
0	4	8	13	15	17	21	23	26	28	29	32	33	35	37	39	41	54	58	63	66	76	78	104	108	111	112	115	118	153	
45	29
0	1	2	3	5	8	9	13	14	16	18	22	29	33	40	45	46	55	58	60	66	77	78	86	88	104	107	112	118	
52	31
0	1	9	11	16	18	19	22	25	29	30	31	35	37	46	49	58	60	63	73	75	77	78	84	88	92	100	112	115	127	153	
44	30
2	7	8	10	13	17	18	19	20	21	22	23	24	30	33	34	35	39	40	54	55	60	63	67	76	77	88	104	118	127	
46	30
0	5	7	10	11	15	18	20	22	23	25	26	29	35	37	39	40	45	60	67	73	74	76	84	86	96	104	112	118	127	
48	29
0	1	4	11	14	16	23	24	25	28	29	32	36	37	39	46	50	59	60	63	73	76	77	100	107	108	112	115	132	
41	29
1	2	3	5	6	9	11	13	14	16	17	18	19	23	24	30	32	34	36	43	67	73	75	86	88	92	108	112	118	
46	27
3	4	5	8	13	14	16	18	21	22	28	29	31	40	50	54	60	63	67	76	92	100	108	112	115	118	127	
54	33
1	2	3	5	8	10	12	13	19	21	23	28	29	30	34	35	41	45	46	54	55	58	60	74	78	92	104	107	111	112	117	118	127	
41	28
4	5	8	11	12	13	15	17	19	21	23	32	36	37	39	45	49	50	55	59	60	63	67	78	88	96	107	118	
44	29
1	4	7	8	9	10	11	14	20	22	29	30	32	35	39	40	41	45	60	63	64	66	73	74	75	100	112	115	119	
42	30
1	9	11	12	14	15	16	18	20	21	23	24	25	27	28	32	37	39	41	46	49	55	60	73	78	86	96	104	107	112	
46	30
0	3	4	8	11	16	17	18	21	23	24	28	29	30	34	35	41	45	49	54	67	75	76	84	92	108	112	115	118	119	
44	29
1	2	5	6	8	12	16	18	21	24	28	35	37	40	41	45	49	50	55	58	59	60	67	73	84	92	108	115	127	
47	28
0	2	4	6	11	15	16	17	23	24	25	30	35	37	39	41	49	58	60	78	96	104	108	118	119	127	132	153	
48	30
0	3	4	7	11	12	16	17	19	21	25	30	34	35	37	46	50	54	55	58	63	67	77	86	88	96	115	118	119	127	
46	30
0	1	4	5	7	10	11	16	22	23	26	28	31	35	37	40	45	46	50	54	59	60	73	75	78	88	104	108	112	117	
39	26
0	4	8	9	10	13	15	18	21	22	29	30	33	38	39	45	55	63	66	73	74	88	92	100	108	118	
47	31
6	8	11	12	17	18	21	23	24	28	31	32	35	40	41	43	45	46	49	50	55	58	60	75	78	86	88	107	112	115	127	
44	29
0	1	4	7	8	12	17	18	19	22	24	25	30	32	33	39	43	49	54	55	58	60	74	76	90	107	108	111	115	
37	28
0	1	4	5	7	10	12	13	20	21	22	23	24	29	34	35	37	39	40	45	49	50	54	58	66	75	108	112	
49	31
0	1	6	7	8	12	16	19	23	25	28	31	34	35	37	49	55	60	66	71	73	75	77	78	84	88	92	96	100	108	112	
44	31
0	1	2	4	5	7	8	9	11	13	16	17	18	23	25	32	34	35	37	45	46	54	63	66	75	76	78	96	108	111	117	
39	28
0	3	4	6	9	11	12	15	18	19	21	24	25	29	31	35	36	39	45	49	55	58	60	75	88	100	118	119	
44	30
0	4	8	10	11	16	18	20	21	22	24	25	28	29	31	33	37	40	45	46	54	66	73	74	76	78	108	115	119	127	
47	30
0	3	6	8	10	11	13	14	16	18	21	22	30	33	45	46	50	54	55	60	64	67	74	75	76	92	96	112	118	121	
44	30
0	1	2	3	5	7	16	18	19	20	22	23	24	28	31	33	35	36	37	39	45	60	73	75	78	108	112	115	118	127	
46	29
1	6	7	8	10	13	17	25	29	32	33	37	43	45	49	50	54	55	60	67	71	73	76	78	88	92	104	108	132	
37	27
0	2	4	6	8	9	13	14	16	18	19	22	23	24	28	31	34	39	50	54	60	75	76	78	86	88	108	
44	31
0	2	3	4	10	13	15	16	19	22	23	25	30	33	35	40	43	45	46	50	55	60	71	73	74	75	76	88	92	96	115	
43	28
0	1	3	4	10	11	12	19	21	23	28	34	35	36	43	46	54	55	63	66	74	75	78	88	92	108	112	119	
40	28
0	1	3	4	7	8	10	11	14	21	23	25	29	32	35	37	40	43	45	54	58	60	63	66	92	112	115	119	
44	30
4	5	8	9	11	13	16	19	21	22	23	24	25	28	29	34	35	37	39	54	55	59	60	71	74	77	88	104	115	121	
43	28
0	4	5	12	15	16	18	19	21	22	24	26	28	29	32	39	41	55	63	66	73	84	86	90	107	108	118	127	
49	31
3	5	6	9	10	11	12	13	14	15	22	24	25	35	37	43	45	49	54	60	66	67	74	75	76	92	100	104	108	112	121	
46	29
0	2	5	8	12	13	16	17	24	25	30	31	33	35	41	43	45	50	54	55	60	75	86	92	108	112	115	121	127	
45	31
2	7	8	10	11	12	13	17	21	22	25	28	31	32	33	34	36	39	40	43	58	60	63	74	75	78	86	88	92	111	153	
40	30
3	7	10	12	13	14	15	17	20	21	22	23	24	28	35	36	39	40	41	43	45	54	55	63	66	75	76	90	92	108	
37	28
0	4	6	8	10	13	15	16	17	18	20	21	24	25	28	29	34	41	43	45	49	58	60	75	76	92	108	118	
49	31
0	2	4	7	9	11	14	15	17	18	20	22	27	28	29	36	43	54	55	58	73	74	76	84	86	88	96	108	112	118	121	
49	29
2	3	4	10	12	13	15	16	23	25	32	33	35	39	45	50	54	55	58	60	63	75	86	100	104	107	108	111	117	
41	27
0	3	4	6	7	8	12	16	17	20	21	22	24	25	30	39	40	54	63	66	76	84	86	108	118	119	127	
39	29
1	2	3	4	5	12	13	14	16	21	23	24	25	27	28	29	30	32	33	39	50	55	57	60	73	76	92	96	104	
36	27
0	1	5	7	8	9	11	12	14	21	25	28	29	32	33	35	37	45	49	50	55	58	59	60	88	96	108	
42	29
0	1	4	11	12	14	16	17	18	19	21	23	24	28	29	30	32	33	39	40	50	58	60	67	73	100	107	108	118	
44	29
2	4	6	10	11	14	16	17	20	23	28	34	36	37	41	45	46	49	50	54	63	66	67	73	76	104	115	121	132	
45	30
1	2	4	6	7	8	10	13	16	17	19	24	26	28	37	39	40	41	49	54	55	58	66	75	86	88	112	118	119	132	
42	29
1	2	4	6	10	13	15	17	19	21	23	24	32	33	37	39	41	49	50	54	55	60	66	74	75	78	92	112	118	
50	31
0	1	2	9	11	13	15	17	19	20	23	24	31	33	34	35	37	39	46	50	54	60	66	75	78	104	112	118	119	127	153	
43	29
1	2	3	7	10	12	13	14	15	20	21	23	24	25	27	45	46	49	50	54	55	59	63	66	75	88	104	108	111	
48	31
0	4	6	10	12	14	16	17	18	24	25	29	31	34	35	45	49	54	55	58	59	60	67	73	75	78	86	92	108	111	119	
42	29
1	4	6	7	10	11	13	14	15	16	19	25	30	31	32	33	35	37	39	50	60	66	67	73	75	78	104	118	127	
46	30
0	1	6	9	10	14	16	19	21	23	24	32	34	35	37	39	41	50	55	66	67	74	75	76	78	86	96	104	112	118	
42	30
0	2	4	6	8	11	12	13	15	18	19	21	22	25	26	28	31	32	33	35	55	58	66	75	76	86	88	96	115	118	
41	29
0	1	5	6	7	8	10	13	14	16	21	22	25	29	31	34	35	39	40	41	55	63	67	73	74	86	100	112	121	
51	30
2	4	10	16	17	18	19	21	25	33	34	35	36	41	46	49	50	54	55	58	63	75	77	96	104	108	112	115	118	153	
43	29
0	1	4	5	7	8	10	11	12	13	19	20	24	25	29	31	33	43	46	55	58	60	75	86	88	107	108	112	117	
46	31
0	1	5	8	9	12	14	16	18	19	20	23	29	32	33	37	39	40	45	54	55	58	60	73	74	76	86	96	104	108	127	
49	32
1	2	7	10	12	16	20	24	25	26	28	31	33	34	36	39	41	45	46	54	60	63	66	67	71	73	75	86	96	100	121	153	
44	29
2	7	8	12	15	16	18	20	21	23	24	28	29	33	34	39	43	45	55	57	58	66	67	73	76	104	107	118	127	
40	28
0	2	4	5	7	12	13	16	17	19	21	24	25	26	35	39	43	45	49	50	54	58	74	75	76	104	107	118	
46	29
0	1	2	3	4	7	8	10	14	16	19	21	22	26	30	40	43	50	55	58	63	66	75	86	107	108	115	118	119	
43	27
0	1	5	6	7	12	13	14	16	18	21	31	33	46	49	50	55	58	60	63	73	78	88	100	104	108	112	
38	28
0	1	2	4	8	11	12	14	16	21	23	25	27	29	34	35	39	45	50	54	55	58	60	63	66	73	92	95	
41	28
3	4	9	13	16	17	18	19	20	21	22	24	29	31	34	39	46	49	50	54	60	66	74	76	96	108	115	118	
40	29
0	3	4	5	8	12	17	18	19	20	21	22	24	25	28	29	34	35	37	39	54	58	59	60	67	78	86	100	119	
39	28
1	2	6	7	8	13	17	18	21	22	23	24	25	26	28	30	31	32	33	46	50	54	58	60	88	92	132	153	
43	29
2	3	4	5	7	11	13	16	18	19	20	21	25	29	37	39	49	54	55	58	63	66	67	75	78	86	90	104	112	
45	30
0	4	5	12	17	19	22	24	25	28	30	31	32	33	34	35	41	54	58	60	67	73	75	76	78	86	88	92	104	112	
49	31
0	2	6	7	12	13	16	17	18	22	25	29	31	33	35	36	37	45	49	54	58	66	76	78	92	104	108	111	112	118	127	
46	30
0	1	4	6	8	12	14	15	20	21	23	24	27	29	30	34	39	43	60	63	67	73	78	86	92	96	100	108	112	118	
43	28
1	2	4	6	8	11	13	15	21	22	24	26	27	32	34	37	46	50	55	58	59	74	86	92	100	104	108	112	
44	29
0	2	3	8	12	14	15	16	19	23	25	27	31	35	45	49	50	55	58	60	63	66	73	76	77	88	90	115	127	
43	28
0	2	4	6	8	10	11	16	17	18	20	21	25	34	40	45	46	49	54	63	67	73	75	96	115	118	127	153	
45	29
0	1	5	6	9	10	15	16	17	28	29	30	38	39	40	50	54	55	58	63	66	67	73	75	84	86	92	107	127	
40	28
1	2	4	6	7	13	16	17	18	21	22	24	25	29	35	39	40	45	50	58	63	67	73	76	86	88	104	127	
48	29
0	1	4	8	11	15	16	20	23	25	26	28	29	35	37	41	46	54	63	76	77	78	88	108	112	115	118	119	153	
44	31
0	1	2	4	5	7	10	12	14	15	16	17	19	20	22	23	28	31	35	39	40	49	60	66	75	76	84	104	107	108	132	
42	28
0	2	4	5	7	8	10	11	13	14	15	16	17	18	21	23	30	34	50	54	66	67	78	96	104	111	118	132	
42	29
0	1	5	6	10	13	14	16	22	24	30	31	34	35	40	41	45	50	55	58	66	67	75	76	77	78	86	88	118	
45	29
3	6	8	9	10	13	14	16	18	21	22	25	26	29	35	37	39	49	55	63	75	76	92	96	100	108	112	118	132	
46	29
0	4	5	6	10	18	19	21	22	24	31	33	35	39	45	49	54	55	58	66	75	78	86	88	90	100	108	118	119	
41	29
0	1	3	4	7	8	11	13	17	21	24	25	26	29	30	37	41	43	46	49	58	60	63	66	67	75	115	119	127	
43	28
1	3	4	6	12	13	16	17	18	23	24	30	32	34	39	41	49	50	54	63	66	74	76	78	104	111	115	119	
40	29
0	1	2	7	8	21	23	24	27	28	32	33	34	36	39	41	43	45	47	55	67	71	73	74	75	76	86	96	108	
40	28
0	1	2	3	4	5	6	8	12	13	14	16	21	30	31	37	39	40	49	50	55	63	66	67	75	108	112	119	
45	30
2	5	13	14	15	18	19	23	24	25	29	30	31	32	33	36	37	46	49	55	60	63	66	75	77	86	100	104	112	115	
47	30
0	1	8	10	12	14	18	23	24	29	30	35	39	40	43	45	50	55	63	66	67	73	76	77	86	88	96	108	115	118	
42	29
1	2	4	5	13	14	17	18	19	20	21	22	24	30	33	34	37	43	54	60	67	73	75	76	78	86	88	108	127	
47	30
3	7	8	12	14	15	19	20	23	24	35	37	39	41	43	45	49	54	55	59	60	63	76	86	88	96	100	108	118	127	
45	31
1	7	9	10	13	15	17	18	22	23	25	28	29	31	33	35	36	39	41	47	49	55	60	63	67	75	86	92	103	104	153	
38	28
0	1	2	3	4	6	7	8	11	12	15	17	18	19	20	21	22	24	25	29	35	46	55	66	108	118	119	127	
46	30
5	7	10	12	16	17	18	20	21	23	27	28	29	32	33	40	41	45	50	55	58	67	73	74	76	78	96	108	119	153	
47	30
1	4	5	6	7	11	12	13	14	16	21	23	24	25	33	37	39	45	55	60	67	73	78	86	92	100	107	115	117	127	
48	29
0	1	3	5	10	13	15	18	22	31	33	39	46	49	54	55	60	66	74	75	76	84	88	92	96	104	112	127	132	
47	30
1	7	8	10	11	12	14	15	19	24	25	29	35	37	39	41	43	49	54	60	63	75	86	88	92	112	115	119	121	127	
38	28
0	7	9	10	12	13	14	16	17	23	24	25	31	37	39	40	43	45	46	50	55	60	63	73	78	88	96	121	
47	31
0	2	5	6	12	14	18	19	23	24	27	28	29	30	34	35	40	45	50	54	55	58	60	73	75	78	88	92	118	121	127	
42	28
1	2	3	4	6	8	9	11	12	13	16	21	25	37	39	45	49	54	55	58	60	74	75	88	96	115	119	132	
41	28
0	1	5	8	9	12	13	14	16	22	25	26	29	31	39	40	43	49	55	58	60	63	73	78	88	108	115	127	
42	29
0	6	7	8	11	12	14	15	16	20	21	24	26	27	28	32	39	43	46	49	58	76	78	86	96	107	111	112	115	
41	29
1	2	4	5	6	11	12	13	14	15	16	18	21	23	24	27	34	35	36	43	54	66	67	73	75	92	112	115	118	
47	31
0	1	2	3	4	5	6	7	13	14	18	21	29	31	32	33	34	37	39	43	45	55	78	86	88	92	104	108	112	118	153	
43	29
3	4	5	8	9	11	12	13	15	21	22	30	31	32	33	34	37	39	54	63	66	67	74	75	86	92	100	115	118	
46	30
2	4	5	7	13	15	16	19	20	21	24	25	29	34	37	43	46	47	58	63	66	67	73	75	88	96	104	108	112	118	
41	30
0	1	5	8	12	13	16	17	20	22	23	24	27	29	30	31	33	34	37	39	41	49	54	58	63	66	76	103	112	115	
46	29
0	6	8	12	18	20	21	22	24	26	28	29	32	36	37	43	45	50	54	66	67	75	88	92	112	115	118	119	132	
49	29
0	3	4	10	11	19	21	24	25	29	35	36	37	43	45	49	50	55	60	66	75	84	88	100	104	112	115	118	153	
43	27
0	4	5	6	17	24	25	27	28	29	30	35	38	49	54	55	66	67	71	75	77	78	86	90	100	115	119	
41	28
0	2	7	8	13	16	20	21	25	29	31	34	35	39	41	43	45	50	54	55	58	60	66	75	78	96	100	112	
38	29
1	4	7	9	10	13	14	15	16	17	18	22	24	25	26	28	29	30	34	39	41	46	60	63	66	73	75	119	127	
42	31
0	3	4	6	7	8	10	11	12	15	17	21	24	25	28	31	32	35	36	37	39	45	55	71	73	75	76	88	96	118	127	
47	31
5	6	8	12	13	14	15	16	17	18	19	22	28	29	31	34	37	40	45	55	58	66	73	75	78	86	96	100	115	119	127	
48	30
0	4	10	11	13	14	19	22	24	25	29	30	35	39	40	43	50	58	60	73	75	76	78	86	95	96	104	108	112	118	
39	29
0	1	2	3	5	6	13	14	16	18	22	23	25	26	29	32	35	39	45	49	50	60	63	66	76	77	88	92	112	
47	30
0	1	2	3	4	6	8	11	12	14	18	21	23	29	32	34	35	54	55	58	60	63	78	86	88	95	104	112	115	118	
43	30
4	8	10	12	15	16	18	19	20	21	22	23	24	28	31	33	34	39	40	41	50	59	73	75	76	78	86	108	115	118	
48	29
1	3	6	8	13	17	19	32	33	35	37	39	45	49	50	54	55	58	60	63	67	74	75	78	88	104	108	112	115	
43	30
4	7	8	12	13	16	17	21	23	24	25	26	28	29	31	33	39	41	46	49	55	60	63	71	75	77	86	104	112	118	
40	30
0	4	5	7	8	10	11	13	15	18	20	21	25	28	29	32	34	37	39	43	46	49	58	63	75	84	88	92	104	112	
51	31
7	12	14	16	18	21	23	27	28	30	34	35	37	39	41	47	50	54	55	63	67	74	75	76	78	96	100	104	108	118	119	
50	31
0	1	4	7	9	10	13	14	15	18	22	24	25	35	37	39	43	46	50	55	58	63	67	77	86	96	111	118	121	127	153	
44	29
7	8	10	11	13	15	17	21	22	29	31	32	35	37	39	40	49	55	58	63	67	74	76	86	88	96	104	115	132	
38	28
1	2	3	4	7	8	9	13	15	17	21	22	23	26	32	34	35	36	40	41	43	54	63	66	86	108	118	127	
47	30
2	3	4	7	9	13	21	22	24	25	29	31	33	34	35	39	40	49	54	60	63	66	75	92	96	100	103	104	119	127	
49	32
1	3	4	5	8	10	11	12	13	14	16	22	28	33	34	39	45	54	55	60	67	73	75	76	77	84	86	92	95	96	104	115	
46	28
0	1	4	8	12	13	16	17	21	23	24	30	34	46	50	58	60	63	66	76	77	78	86	88	100	104	118	132	
41	28
1	4	6	10	11	13	17	18	23	24	26	29	30	32	33	37	43	45	49	55	58	66	73	74	75	115	118	153	
41	28
0	4	6	7	9	10	13	14	15	16	18	19	20	24	25	29	31	36	49	50	60	78	88	96	100	107	108	112	
47	30
0	1	2	3	10	11	16	17	19	20	21	23	34	35	40	41	46	49	55	58	67	73	76	88	96	104	108	112	115	118	
40	29
2	6	7	8	12	14	16	18	19	20	22	23	24	29	30	34	35	39	43	54	55	57	60	63	73	76	77	86	108	
45	28
2	5	7	11	13	16	18	19	21	22	24	28	29	31	35	43	54	55	58	60	66	67	76	100	108	112	118	127	
38	29
0	1	4	6	10	11	13	14	16	21	23	25	29	30	34	37	39	40	41	45	46	54	55	60	73	86	88	96	119	
47	29
1	5	7	10	11	13	14	16	23	29	34	37	41	43	49	50	54	55	63	66	74	75	77	88	92	104	112	118	119	
43	29
5	6	9	11	12	13	16	20	21	22	24	25	28	29	31	37	40	43	49	55	58	63	66	78	86	100	108	115	127	
47	29
1	2	5	6	12	13	15	17	29	32	35	40	41	45	49	54	58	60	66	76	78	86	88	90	96	104	115	117	127	
52	30
8	11	12	16	17	23	25	30	32	33	34	37	39	41	45	50	55	58	63	74	75	76	78	108	112	117	118	119	121	127	
43	30
1	2	3	4	8	14	16	20	21	24	26	31	33	35	36	37	39	40	41	45	59	60	67	74	76	86	92	108	115	127	
45	30
0	2	4	5	6	11	14	18	20	22	31	37	39	40	41	43	45	46	55	60	73	74	84	86	88	95	96	112	115	132	
44	30
0	1	2	7	9	16	17	19	20	21	24	25	28	30	31	34	37	39	43	50	54	55	58	67	75	78	84	108	119	127	
42	29
0	1	5	6	10	11	13	16	18	19	22	25	26	28	29	33	34	43	54	55	58	59	60	66	67	75	76	104	115	
41	28
0	1	2	4	10	13	17	18	24	25	27	30	33	34	39	40	41	46	50	58	60	76	77	78	86	88	100	153	
42	28
4	7	8	11	12	13	14	16	17	18	19	21	25	30	32	46	49	54	55	63	73	76	78	86	88	100	118	121	
38	26
3	4	8	12	13	14	16	17	19	21	25	30	34	36	39	46	49	50	54	63	67	76	92	108	112	118	
42	29
0	1	2	4	7	8	12	16	17	20	21	23	25	29	30	32	34	41	46	54	63	67	73	76	78	92	112	118	121	
44	28
1	5	8	10	11	12	13	14	16	23	25	27	31	40	45	49	60	63	71	76	86	88	92	95	104	108	111	115	
41	28
1	4	6	10	13	16	19	22	24	25	28	29	31	33	34	37	43	46	58	60	73	75	76	92	95	100	108	127	
44	30
0	1	2	7	11	13	14	15	19	22	23	24	25	26	28	39	40	46	49	50	58	59	60	63	75	76	88	104	112	119	
41	30
0	1	2	4	5	6	11	14	16	21	24	25	28	29	30	31	33	35	37	45	58	66	67	73	75	78	86	88	92	118	
46	30
0	4	10	14	15	18	20	21	22	24	25	26	30	31	33	40	45	58	63	73	75	76	78	84	86	92	96	108	118	127	
42	28
1	2	5	8	12	13	15	18	19	21	23	24	28	29	31	32	34	37	50	54	55	73	74	76	86	108	112	153	
47	29
0	2	5	13	16	21	23	24	26	33	34	36	39	41	45	46	50	67	71	73	74	77	86	96	100	108	112	115	118	
49	31
0	2	3	4	8	10	11	17	20	23	26	28	32	33	35	40	45	55	58	59	63	75	76	78	86	88	95	100	108	112	127	
42	29
0	1	4	5	9	10	11	12	18	20	22	23	24	29	30	33	41	43	54	55	63	66	75	76	77	86	88	118	119	
42	29
0	2	4	7	8	9	11	13	16	18	20	21	24	25	31	35	37	45	49	54	55	66	75	78	86	88	104	115	118	
37	26
0	1	2	4	5	8	13	16	18	22	24	30	31	33	36	39	40	55	58	60	63	76	86	88	108	127	
47	31
1	4	5	6	7	11	13	14	16	17	19	28	32	33	34	36	37	40	43	49	50	58	63	76	88	95	108	111	112	115	121	
38	29
1	2	3	4	5	6	7	8	12	13	14	16	18	20	22	24	28	29	34	39	43	45	50	60	67	76	86	108	112	
39	25
2	4	5	8	12	14	19	21	22	24	28	33	34	35	40	41	54	55	66	73	86	108	118	127	153	
56	31
0	7	10	11	14	15	16	18	19	21	22	24	28	43	58	63	66	71	73	74	75	78	92	96	100	104	107	108	112	118	153	
45	29
0	1	2	4	5	6	10	17	19	21	24	25	28	31	35	37	41	54	55	58	66	73	75	86	92	104	108	112	118	
43	29
0	1	4	7	9	11	12	17	18	19	22	24	29	30	32	33	35	39	49	58	73	74	75	76	86	100	118	119	127	
40	28
0	1	3	8	9	10	13	16	23	25	31	33	34	35	36	37	41	45	50	54	55	60	63	66	75	86	112	115	
40	27
0	2	4	7	10	13	15	16	17	18	19	21	22	23	28	31	39	55	63	73	75	76	88	92	104	108	118	
46	29
0	2	5	11	12	13	14	19	22	25	26	29	35	41	45	49	50	54	55	58	60	74	76	77	88	96	108	127	153	
46	30
0	1	2	5	12	13	17	18	19	23	30	31	32	33	34	37	40	46	49	54	55	58	76	78	86	96	104	107	108	153	
48	31
1	3	4	5	6	12	13	14	24	25	28	30	33	34	35	39	40	49	54	55	60	63	66	76	86	90	96	100	104	107	115	
49	31
0	2	3	4	5	12	16	17	18	19	22	24	25	30	33	37	40	41	49	58	60	73	76	78	88	104	107	108	111	112	127	
42	27
0	1	2	4	6	10	11	16	21	22	25	29	34	35	40	41	54	55	58	63	66	73	92	108	115	117	127	
47	30
3	13	14	15	17	18	20	21	23	29	31	32	34	35	40	41	45	54	58	60	63	66	67	75	78	96	111	112	115	118	
46	28
3	4	9	10	12	13	16	18	21	22	25	29	30	34	39	47	54	55	58	66	92	96	108	112	115	118	127	132	
43	29
0	1	3	4	5	9	12	18	21	28	30	32	34	35	39	45	46	47	59	71	73	76	84	88	92	96	104	108	112	
52	31
3	10	12	14	15	16	17	19	20	21	22	25	28	29	31	41	49	58	60	67	72	75	78	86	88	104	108	112	115	121	153	
44	29
1	2	4	6	7	11	15	16	17	18	19	20	23	25	30	33	37	38	41	60	63	73	76	86	88	108	118	127	153	
40	26
0	1	2	4	5	17	19	21	24	25	30	31	34	43	46	50	54	55	58	60	63	86	88	107	117	119	
47	30
2	6	12	13	16	18	21	22	24	26	28	30	31	34	36	43	45	46	50	54	55	58	63	66	86	100	108	112	115	118	
39	28
1	4	7	9	11	12	13	15	16	18	21	23	25	26	28	33	39	40	43	45	55	58	73	88	96	111	115	118	
50	31
1	5	7	21	22	23	24	25	28	31	32	33	34	35	40	41	50	54	55	63	66	67	73	75	76	78	86	100	104	115	118	
45	30
3	4	5	8	10	12	13	14	15	17	22	24	27	33	36	37	39	40	46	50	59	67	76	78	88	92	104	108	112	115	
48	29
0	1	6	7	8	12	14	16	20	21	23	29	34	37	39	50	55	60	63	67	77	86	88	96	100	104	111	112	118	
39	27
0	1	4	6	7	10	11	24	25	28	29	30	31	32	35	37	40	54	60	63	66	73	75	84	92	108	127	
40	31
1	2	4	5	8	11	13	14	15	18	19	21	24	25	28	29	30	33	37	39	40	41	49	55	60	84	86	88	92	96	112	
47	29
1	5	7	12	13	14	16	17	18	19	20	22	29	30	33	34	37	43	55	73	86	88	90	107	108	119	127	132	153	
41	29
1	2	4	7	8	12	13	15	16	17	20	21	23	24	29	34	40	41	45	50	58	60	63	66	76	86	96	100	115	
44	29
0	1	2	7	16	17	18	23	25	28	34	35	36	39	40	45	50	54	63	66	67	73	75	78	86	88	96	108	117	
41	27
0	1	3	4	8	10	11	13	15	16	21	25	27	28	35	37	43	49	58	66	75	92	104	108	112	118	127	
48	32
0	1	3	5	7	8	10	12	15	16	19	20	28	34	37	40	45	46	49	54	55	58	60	67	73	76	84	86	92	104	115	121	
46	29
0	4	7	8	9	10	13	16	21	24	25	28	31	35	39	40	41	54	63	66	78	86	88	96	100	108	112	118	127	
53	31
5	7	9	12	13	15	16	17	18	25	26	31	45	46	50	55	58	59	60	63	66	74	75	76	77	78	100	112	115	118	119	
41	28
0	1	4	5	6	9	14	16	19	22	28	29	32	34	35	37	40	43	55	58	66	73	77	92	96	108	115	127	
48	30
1	2	5	13	15	16	18	19	21	22	25	28	37	41	49	54	55	58	66	67	75	78	84	86	88	92	96	111	112	115	
43	30
2	4	6	12	16	17	18	19	23	24	28	30	33	34	35	40	41	43	46	50	54	55	58	66	73	75	86	92	108	127	
44	30
1	4	5	6	7	11	12	16	17	19	20	24	30	31	33	37	39	40	41	45	60	63	67	73	76	78	104	108	118	127	
44	29
3	4	8	12	13	14	16	17	20	21	23	24	34	35	37	39	43	46	49	50	54	63	67	96	107	108	112	115	118	
45	32
1	10	11	13	18	19	21	22	23	25	27	29	30	31	32	37	40	43	45	49	54	55	60	63	73	74	76	78	88	92	96	132	
45	30
0	1	6	8	9	10	13	14	15	16	19	23	25	26	29	30	32	49	50	55	58	60	75	86	88	90	96	115	119	127	
41	30
0	1	2	4	5	6	10	11	13	14	16	19	20	21	26	30	36	38	39	41	43	55	63	67	73	75	76	88	104	108	
41	29
0	1	2	4	8	10	11	13	14	18	20	21	22	25	29	30	32	33	35	50	55	58	66	73	86	95	96	112	132	
42	29
1	8	10	11	15	18	19	23	31	32	33	35	37	41	43	45	46	49	50	55	58	60	63	73	76	78	88	108	112	
43	29
0	1	3	5	6	7	9	13	14	16	21	22	23	25	26	27	31	33	35	55	67	74	75	86	88	104	107	111	115	
39	27
1	2	4	5	6	7	11	13	14	18	35	39	40	41	43	45	46	49	58	60	66	67	74	75	104	112	118	
40	31
0	1	3	4	7	10	11	14	15	16	17	18	19	20	23	24	25	26	28	29	30	33	34	46	49	66	75	86	108	118	119	
39	29
0	1	2	4	5	8	12	13	15	18	21	22	30	31	32	35	37	40	43	46	49	50	54	63	66	67	73	108	127	
43	31
2	3	5	7	8	10	12	13	15	20	22	25	26	27	29	31	32	33	35	40	43	54	58	63	73	75	76	77	88	96	153	
46	29
0	4	5	7	9	16	19	20	21	23	24	28	32	40	45	46	54	55	58	63	66	67	75	78	88	104	115	119	127	
38	28
1	2	4	5	7	8	11	18	21	22	23	24	27	29	30	32	33	35	37	41	55	58	66	73	78	88	100	118	
46	29
1	8	13	14	20	21	26	27	32	33	34	35	37	39	40	43	54	58	59	67	76	77	78	86	95	104	108	112	127	
46	30
1	2	4	5	6	7	12	16	20	23	25	28	32	33	34	37	41	50	54	63	67	73	75	76	77	78	92	103	112	118	
45	31
0	3	4	6	13	14	15	17	18	21	24	25	28	29	30	34	36	40	45	54	55	58	66	74	75	77	86	88	92	108	115	
43	28
1	4	5	10	16	21	25	26	29	30	32	35	39	41	43	49	55	58	63	66	67	71	75	77	78	115	119	127	
39	26
0	1	2	4	6	8	13	16	17	20	21	22	23	29	34	39	40	60	63	67	78	86	104	118	119	127	
44	30
1	5	8	11	14	15	16	17	20	21	22	24	28	29	34	37	40	41	45	58	63	66	73	75	76	92	95	104	112	115	
39	28
0	1	4	10	12	13	14	16	21	24	25	28	29	31	33	35	39	40	41	45	73	76	86	88	96	108	119	121	
42	29
0	1	2	5	7	13	16	17	19	25	29	30	34	35	41	45	46	50	55	58	63	67	76	77	78	86	88	96	117	
39	30
1	4	5	6	7	8	10	11	12	13	16	17	18	21	24	29	30	34	36	40	41	49	55	58	63	66	75	76	92	115	
46	29
0	1	2	4	5	6	8	11	14	15	16	18	21	24	32	35	39	50	63	71	76	77	86	90	96	104	112	127	153	
43	28
0	4	10	11	15	16	17	18	20	22	23	27	28	29	30	37	55	58	63	66	73	75	90	92	95	100	108	119	
44	29
2	6	8	13	14	18	19	21	23	24	25	26	29	34	35	36	45	50	54	55	60	63	66	71	84	88	92	108	153	
43	31
0	5	8	10	11	14	15	16	17	18	19	24	25	30	31	34	35	36	39	40	46	49	58	66	76	78	86	92	104	117	118	
38	27
1	2	4	5	6	8	10	12	13	16	21	24	33	39	45	46	49	50	54	55	58	60	66	73	75	78	108	
45	30
7	8	11	13	14	16	18	19	23	27	28	29	30	32	33	37	45	46	50	54	55	60	63	76	84	86	92	100	103	108	
40	31
0	1	2	3	4	5	6	8	10	12	13	17	20	24	26	28	29	31	33	34	35	37	39	45	66	67	76	78	92	100	108	
53	33
1	6	7	9	12	15	16	17	20	23	25	30	33	34	41	43	45	49	54	60	63	66	67	75	76	78	86	88	104	112	115	118	127	
46	30
0	1	2	3	11	12	14	18	20	23	24	27	29	32	37	39	43	46	49	50	55	60	66	75	92	104	112	118	119	132	
43	31
2	4	5	6	7	10	13	18	19	21	22	23	24	25	27	30	33	34	39	41	43	46	54	60	66	71	76	77	92	112	153	
50	29
2	4	6	7	9	12	13	15	16	21	25	26	29	35	45	50	58	66	71	73	75	77	96	100	104	108	112	127	153	
40	29
1	2	4	6	8	11	13	14	18	19	21	23	24	28	29	30	35	40	45	49	54	55	58	60	76	78	88	115	118	
41	31
0	1	3	5	6	8	10	11	17	21	22	24	25	28	29	30	35	37	40	41	45	46	54	55	58	60	67	86	88	96	119	
42	27
0	3	4	10	11	12	15	16	17	23	24	25	26	35	37	45	50	54	58	66	75	76	86	108	118	119	121	
45	30
0	1	3	5	6	7	10	11	12	13	14	25	31	35	36	37	39	41	45	54	58	60	63	74	76	86	108	117	118	127	
50	31
1	2	6	10	12	14	16	17	19	23	33	34	36	40	41	45	46	50	54	63	66	73	76	78	86	88	104	115	117	118	127	
49	31
1	2	4	5	7	8	10	14	19	22	26	31	32	33	35	40	41	46	54	55	60	66	73	75	78	88	100	104	112	115	118	
45	29
0	1	3	4	8	10	11	13	15	21	23	24	25	27	28	45	50	58	60	63	73	76	78	88	95	96	112	115	127	
40	30
1	2	7	8	14	17	21	22	23	24	25	28	29	30	32	33	34	35	36	37	39	41	45	54	74	84	86	100	112	119	
44	29
1	2	5	7	13	14	15	17	18	19	23	24	29	33	37	45	50	58	60	66	71	73	75	84	86	95	96	108	119	
39	27
0	3	4	5	10	11	12	13	17	19	22	24	30	35	36	37	43	54	60	64	67	74	75	86	92	108	112	
48	30
0	4	6	7	11	14	16	17	19	21	24	25	28	29	35	37	49	50	58	67	73	77	78	86	92	111	112	115	118	127	
49	30
1	2	3	10	21	22	23	24	29	32	33	35	39	40	41	45	55	59	66	67	76	78	86	92	96	100	108	112	115	119	
37	28
0	2	4	5	6	14	16	18	19	20	21	22	24	25	29	30	31	33	34	40	45	60	73	78	86	92	119	127	
44	31
0	1	2	7	10	11	13	18	19	21	22	23	24	28	31	33	34	39	41	43	45	50	55	58	60	73	84	88	100	108	127	
41	26
0	1	4	8	11	12	13	16	18	23	28	31	34	39	50	54	58	63	67	75	77	78	86	108	112	117	
44	30
5	7	8	12	14	16	17	18	19	20	21	23	27	28	29	32	33	39	41	45	54	58	63	76	86	96	104	108	117	119	
41	29
0	1	4	13	16	17	20	21	22	23	24	26	27	28	29	32	33	39	41	50	66	71	74	76	77	86	92	108	132	
50	29
0	5	13	16	20	21	24	25	31	32	36	39	40	41	45	54	55	58	66	78	86	88	104	107	111	115	117	119	127	
41	29
0	2	3	5	7	8	9	12	14	19	20	21	22	28	32	34	35	39	45	46	54	55	58	59	78	88	104	108	118	
47	30
0	1	2	5	8	10	13	23	24	25	31	33	34	37	43	45	46	50	54	55	59	60	71	75	86	92	108	112	115	118	
50	30
0	2	4	6	8	12	16	19	24	29	31	33	34	35	43	46	50	54	58	60	67	74	75	86	96	104	108	112	118	153	
41	29
0	2	4	6	7	12	17	22	23	24	31	32	33	35	37	39	45	49	54	58	63	67	73	76	86	88	92	96	127	
43	30
0	1	4	5	6	8	11	12	16	17	19	24	29	31	35	36	37	39	45	58	60	63	66	73	76	86	88	92	119	127	
41	29
1	2	3	4	10	13	14	16	19	21	25	29	30	33	37	38	39	40	43	50	55	67	73	76	86	88	96	108	112	
41	29
0	2	4	5	8	9	13	14	16	18	25	29	31	37	39	40	41	45	46	54	59	60	63	71	76	78	92	108	127	
44	30
1	4	5	6	7	10	11	14	17	20	23	31	32	35	40	41	43	45	49	54	63	66	73	75	78	88	96	107	108	118	
42	28
0	1	2	4	6	7	10	16	20	21	23	24	25	32	33	34	35	45	58	66	67	73	75	76	112	115	118	127	
41	28
0	2	4	8	10	11	15	18	20	21	23	24	25	34	37	41	45	49	58	73	75	76	88	92	96	104	108	112	
45	32
1	6	7	8	10	11	12	13	14	15	21	22	23	24	28	29	31	35	40	45	46	50	54	55	60	67	73	75	86	88	108	119	
46	28
0	1	3	10	12	15	16	18	19	22	23	29	31	33	45	50	55	58	60	67	76	86	88	100	104	107	108	112	
38	28
2	4	7	8	10	11	16	19	20	22	24	25	28	29	31	35	36	37	41	60	63	64	73	75	84	86	92	108	
43	29
0	4	6	12	13	14	18	21	24	25	28	29	31	34	35	37	39	43	45	46	54	55	66	86	100	104	107	108	118	
42	29
1	3	14	15	17	18	19	21	23	24	25	27	33	35	37	39	40	41	45	54	55	63	75	76	78	86	108	118	119	
48	31
1	2	4	7	13	18	25	29	30	31	32	33	34	37	43	46	49	54	55	60	63	66	71	74	75	84	86	92	104	108	127	
48	31
3	4	8	12	14	15	18	19	21	24	25	30	33	34	39	41	43	45	49	59	60	63	71	75	76	88	96	112	115	117	153	
39	26
0	4	5	11	13	14	17	19	22	24	25	35	36	37	39	45	54	60	75	76	78	86	92	108	115	118	
35	29
1	2	3	4	8	10	11	12	13	16	17	18	21	23	24	25	26	28	29	33	34	39	41	45	58	66	76	84	115	
39	26
0	1	2	5	6	8	13	16	21	22	25	29	31	35	40	49	55	58	60	63	76	86	88	108	111	115	
42	28
1	2	5	7	12	13	15	16	17	18	23	25	26	29	30	34	39	50	54	63	67	73	75	86	96	117	118	119	
48	29
0	5	8	9	10	13	16	17	19	25	31	34	38	43	46	50	54	58	60	63	76	78	84	92	100	107	108	112	118	
44	30
0	1	2	3	4	6	8	14	16	19	24	28	30	32	34	35	37	39	40	50	54	55	67	73	74	75	77	92	108	153	
43	30
1	2	4	6	7	8	11	14	18	24	25	29	31	34	35	39	40	41	45	49	50	54	58	60	75	78	88	104	107	118	
44	32
0	2	3	4	7	11	12	14	15	17	22	23	24	25	27	30	31	32	35	36	45	46	54	55	59	66	71	75	78	88	115	127	
42	29
0	1	7	9	10	16	21	23	25	26	28	31	35	37	39	40	41	45	46	55	60	67	71	73	78	88	104	115	132	
39	29
0	2	5	7	8	10	11	12	15	18	21	23	24	25	29	30	31	34	35	45	54	55	60	63	74	86	92	96	104	
47	30
0	8	9	19	21	24	25	26	27	29	30	31	32	33	35	39	49	50	58	66	73	78	86	88	92	96	100	112	118	127	
40	30
1	7	9	10	11	13	14	16	18	20	21	22	23	24	25	29	31	34	35	39	45	46	49	54	55	73	78	100	104	112	
42	30
0	1	2	4	6	7	8	9	12	13	14	15	20	21	22	25	30	31	32	35	45	54	60	73	75	77	88	104	112	121	
43	28
0	1	10	11	13	18	21	23	24	29	31	35	36	37	39	45	49	60	67	75	76	78	86	92	100	104	112	127	
46	29
5	7	10	11	12	13	17	18	23	24	25	29	33	35	37	45	50	54	55	66	67	74	75	77	88	92	100	112	153	
43	29
0	1	3	4	11	12	13	14	15	16	17	25	30	34	35	39	41	45	49	54	63	76	86	88	92	96	118	127	153	
38	26
1	4	7	12	15	16	17	18	19	23	24	29	30	35	37	39	41	54	55	63	66	75	88	100	118	119	
41	29
0	5	8	9	11	13	14	16	20	21	22	27	28	30	31	37	40	43	49	58	60	63	67	75	78	88	95	100	115	
49	28
6	8	9	10	11	13	16	18	19	20	25	28	45	49	54	60	64	67	74	78	88	104	108	111	112	118	119	121	
48	32
1	2	3	5	13	14	16	17	18	20	22	23	24	32	35	36	40	41	46	49	54	63	66	74	76	78	92	96	108	117	118	119	
46	30
1	5	10	11	13	18	19	20	21	24	25	26	28	31	34	35	37	43	45	49	58	64	67	73	86	104	107	108	111	153	
40	29
0	1	4	6	7	10	12	16	19	20	21	24	25	28	29	30	31	32	34	39	60	63	66	73	75	92	96	104	118	
40	28
1	10	12	13	15	16	17	18	20	23	24	26	28	29	32	33	34	43	45	50	58	66	75	76	86	108	117	118	
43	29
0	4	5	8	12	13	14	17	21	24	25	28	34	35	36	37	40	45	49	50	54	55	60	86	92	104	108	111	112	
45	29
1	2	3	9	12	13	16	17	18	20	21	22	23	28	33	40	54	55	60	63	66	67	74	75	76	86	100	108	115	
41	29
1	3	5	12	13	14	15	16	17	18	20	21	23	24	25	27	28	29	39	49	54	66	67	75	90	96	108	111	112	
39	28
0	1	2	4	6	13	14	16	19	21	24	26	30	34	35	36	40	41	49	55	59	63	66	74	75	84	115	119	
42	30
1	2	3	4	5	11	13	18	21	22	24	25	26	30	32	36	40	41	45	46	49	54	55	60	63	66	74	75	104	153	
48	33
0	1	2	3	4	7	8	10	13	14	15	17	22	25	27	32	33	38	39	46	49	55	58	59	66	67	71	76	84	86	100	104	119	
44	31
0	1	2	5	6	8	9	11	13	14	16	18	19	20	22	23	30	31	32	37	40	41	43	54	60	76	95	104	118	119	153	
38	28
1	2	4	5	8	10	11	17	18	20	21	23	24	29	34	39	40	41	43	46	60	63	73	74	76	86	112	118	
51	30
0	2	3	4	6	8	11	17	21	24	25	26	32	35	49	63	67	73	75	78	84	86	88	95	100	104	108	111	112	115	
47	28
0	1	2	4	8	12	16	18	19	20	24	25	33	36	40	50	63	73	76	77	86	88	104	108	112	115	127	132	
45	29
0	1	2	4	13	14	16	17	18	23	24	28	32	35	37	46	50	54	55	60	63	66	78	86	92	96	112	115	132	
40	29
0	1	4	7	8	10	11	13	20	22	24	26	33	35	37	39	40	45	46	50	54	55	60	67	75	78	88	92	108	
44	31
1	2	5	8	9	11	14	15	16	17	18	20	21	28	30	31	37	39	40	41	49	59	60	63	67	75	76	96	118	119	121	
42	29
0	1	2	3	4	8	9	13	15	16	18	20	21	24	25	26	29	30	34	45	49	76	78	88	92	108	111	112	153	
43	29
0	1	2	4	5	7	15	17	19	22	24	31	32	33	34	35	37	39	58	66	73	74	75	78	86	92	100	108	118	
41	30
0	4	5	8	11	12	14	16	17	18	21	24	25	26	27	28	29	31	32	33	35	39	43	45	76	104	108	112	115	118	
41	31
0	1	2	4	6	7	8	10	12	13	14	17	19	24	25	26	28	34	37	38	43	45	46	50	60	66	75	92	96	108	127	
39	29
0	1	2	4	7	8	9	10	12	13	15	16	19	22	23	24	25	33	34	39	46	54	55	60	63	76	86	108	118	
42	29
1	3	4	5	7	10	13	18	19	21	22	25	30	31	32	34	35	45	49	50	54	60	63	67	75	88	104	107	111	
45	29
0	1	3	8	12	16	17	20	21	23	32	37	40	43	45	46	50	54	55	58	66	67	73	78	90	92	104	115	127	
42	27
0	1	2	4	6	7	8	10	11	17	23	24	25	29	34	39	41	55	63	73	76	86	92	107	112	119	153	
47	30
0	1	5	8	9	14	18	19	24	26	29	30	34	35	38	41	54	55	58	59	60	75	76	78	88	92	95	100	115	117	
47	28
0	2	4	6	11	14	17	24	25	35	37	40	45	46	50	55	58	73	75	77	78	86	88	107	108	111	112	118	
41	29
4	7	8	10	11	12	13	14	16	19	21	23	25	30	31	37	39	41	49	54	60	63	73	76	78	88	92	108	127	
44	31
0	2	4	8	10	11	18	20	21	23	25	28	31	32	34	37	41	43	45	46	49	50	58	66	67	78	86	88	104	115	119	
49	29
0	2	4	6	12	13	14	18	25	29	32	34	35	45	54	55	58	60	63	66	67	73	76	77	86	104	115	127	153	
46	31
1	3	5	7	11	12	13	14	17	25	26	35	37	38	41	45	47	49	58	63	66	73	75	77	78	86	88	92	96	104	121	
48	32
2	3	9	10	15	17	18	19	25	28	29	32	33	35	36	39	40	41	45	46	50	58	67	75	76	77	78	86	104	108	112	127	
41	28
0	4	5	6	11	15	16	17	24	27	28	29	33	34	35	40	45	50	58	60	66	67	76	77	86	88	104	118	
46	29
0	4	7	10	13	15	16	17	19	24	25	29	33	34	37	46	49	50	60	63	66	73	75	76	100	108	111	112	118	
50	31
1	2	6	7	9	11	14	15	17	24	25	31	35	37	40	41	43	49	58	63	66	78	86	88	92	100	104	108	112	118	127	
46	30
0	1	3	4	5	8	10	11	12	13	14	16	22	29	34	37	39	45	49	60	63	66	75	76	92	104	112	115	117	119	
44	30
0	2	4	6	7	8	9	13	16	17	20	22	23	24	28	33	34	36	40	41	50	54	63	66	78	88	107	108	112	118	
43	29
1	2	5	7	11	14	16	18	19	21	23	28	29	30	35	37	41	55	60	63	67	73	75	77	86	88	96	104	127	
46	32
1	2	4	7	10	13	14	15	16	17	22	24	25	26	30	32	33	39	41	43	46	50	54	63	67	73	76	86	96	115	119	127	
39	28
1	4	5	7	10	13	14	15	17	18	22	23	24	29	32	37	39	43	46	54	60	63	66	75	86	92	108	118	
38	27
4	10	12	13	16	17	18	19	20	21	22	24	29	32	36	37	38	49	55	58	63	66	78	84	96	108	115	
49	29
0	2	5	11	12	17	18	20	22	24	25	29	35	38	54	55	58	63	71	73	74	76	86	92	108	112	117	119	127	
41	28
0	1	4	6	7	8	9	11	16	19	23	27	31	33	34	35	40	45	46	58	60	63	73	88	100	108	111	118	
43	29
0	1	3	4	8	10	11	13	14	15	21	25	27	30	31	32	37	39	54	58	60	75	76	78	86	92	104	112	119	
44	27
0	2	4	8	9	12	14	16	19	21	23	25	32	34	58	60	63	66	67	78	86	88	96	107	108	112	119	
38	30
0	2	3	6	8	11	12	13	14	15	18	19	23	24	25	28	36	37	39	40	41	45	50	55	60	67	75	86	92	96	
43	30
0	4	7	8	9	12	15	17	20	22	24	26	30	31	32	33	40	45	54	58	59	63	67	75	76	78	88	90	92	108	
46	29
0	1	2	4	6	7	13	14	15	16	17	18	23	24	29	30	39	45	50	66	67	75	86	96	100	104	112	127	153	
46	30
2	4	7	11	12	13	15	17	18	19	22	24	25	31	32	33	37	39	55	60	63	66	75	88	92	96	104	112	118	132	
44	29
4	5	6	12	13	14	15	17	21	22	24	25	29	30	34	40	43	46	54	55	60	63	66	67	86	100	107	112	117	
42	29
0	2	4	10	11	13	14	15	18	20	21	23	35	37	39	43	45	47	49	54	58	63	66	75	88	90	112	118	127	
48	29
1	2	4	6	8	9	10	11	18	25	28	31	32	40	41	45	49	50	58	60	63	78	88	104	107	108	119	127	153	
42	31
1	2	3	7	9	12	13	14	16	17	18	19	25	29	30	31	32	35	37	39	40	45	46	50	63	64	73	76	100	108	112	
35	27
0	1	7	8	9	11	13	14	25	27	29	31	32	35	36	37	39	45	46	49	55	58	60	63	75	86	108	
43	28
0	2	5	7	10	12	16	17	18	19	21	22	26	31	35	41	58	63	66	67	73	75	76	78	90	107	115	117	
45	31
0	1	2	3	4	7	8	15	20	21	23	25	28	29	30	32	35	37	49	50	54	55	58	63	66	67	73	92	96	121	127	
38	29
0	4	6	7	10	13	15	17	19	20	22	24	25	30	32	33	35	37	39	40	54	55	60	67	73	74	75	78	86	
42	27
0	1	7	10	13	15	16	18	21	23	29	30	33	35	39	45	50	55	66	67	73	75	96	107	108	112	127	
38	26
0	1	2	4	10	11	13	16	17	23	24	28	29	39	41	45	49	50	58	66	67	74	75	104	119	127	
44	30
0	1	2	4	15	16	19	24	25	28	30	31	33	34	35	37	39	49	55	58	59	60	66	67	76	88	92	95	100	108	
37	27
0	4	5	8	13	14	16	17	18	21	23	24	27	29	30	31	37	49	50	54	55	60	76	78	88	92	118	
43	27
0	2	4	6	7	9	13	14	19	22	24	30	34	35	49	54	55	59	60	66	74	75	76	100	108	118	119	
46	30
0	1	4	6	8	14	16	17	18	19	20	24	26	29	30	32	34	46	49	50	55	63	73	75	92	100	108	112	115	118	
41	29
1	3	4	5	6	7	8	11	13	14	17	18	19	21	24	34	35	37	39	45	49	75	76	92	96	107	112	115	118	
43	30
4	5	7	10	12	13	16	18	23	25	27	28	29	30	34	35	37	43	45	46	54	55	60	63	75	78	88	100	104	119	
40	29
0	1	6	9	10	12	13	14	15	16	19	23	24	29	32	33	36	37	40	45	50	55	60	67	73	78	92	108	118	
40	28
2	3	5	6	9	12	13	14	17	19	22	23	24	28	32	33	40	43	54	55	66	67	73	74	75	86	108	118	
41	28
0	4	8	10	11	14	18	20	21	24	25	31	37	40	43	45	46	50	54	60	66	74	76	78	86	88	104	115	
45	28
0	4	7	8	9	12	15	16	18	21	23	29	35	37	39	41	49	55	60	63	84	88	104	107	108	112	118	119	
43	29
1	2	4	5	10	13	18	24	25	27	28	30	31	33	34	36	41	43	54	58	60	66	67	75	84	96	108	111	127	
42	30
2	3	4	5	12	13	14	15	16	18	19	21	22	24	28	29	31	33	36	39	46	49	60	75	77	96	107	108	115	127	
43	31
2	4	6	14	15	16	19	21	22	23	24	29	31	32	33	35	36	37	40	41	49	55	60	66	73	77	78	84	86	115	127	
48	31
0	2	6	9	12	13	14	15	17	19	21	23	24	26	28	34	39	45	50	54	55	60	66	73	76	84	92	100	108	112	127	
47	28
0	2	5	6	10	15	16	18	19	20	21	22	32	37	39	40	49	55	58	73	76	104	108	115	117	119	127	153	
49	31
2	6	9	13	18	22	23	24	29	31	34	35	39	40	43	45	46	50	54	58	60	66	73	76	77	86	92	112	118	119	132	
39	28
0	1	2	6	8	13	14	20	21	25	27	32	33	35	37	39	46	49	50	54	55	58	60	86	88	92	96	112	
41	29
0	2	4	10	11	12	16	17	19	20	21	22	24	25	33	34	39	43	46	60	63	66	67	73	78	92	96	108	118	
46	30
0	2	3	6	7	12	15	17	18	19	20	22	23	24	32	34	36	37	38	41	67	75	76	77	86	108	112	118	119	153	
44	31
1	4	10	14	15	18	20	21	22	23	24	29	31	33	34	39	40	41	43	45	46	66	67	76	77	78	86	88	104	107	108	
43	28
0	1	5	10	13	16	18	20	21	22	23	27	31	32	39	43	45	54	66	67	73	75	78	92	104	112	118	127	
44	29
1	2	3	4	5	6	8	11	13	16	19	21	28	31	34	37	39	45	50	54	57	58	63	67	86	100	108	111	117	
37	27
0	2	4	5	8	11	12	13	17	21	23	24	29	30	32	41	43	45	49	54	55	66	74	76	92	112	118	
46	29
0	4	6	8	11	14	15	20	21	24	26	27	37	39	45	46	47	58	66	67	73	76	78	90	100	104	108	112	127	
44	30
3	4	5	12	13	16	17	19	25	28	30	33	36	37	39	43	46	49	50	54	55	58	60	63	74	75	78	86	108	115	
43	27
1	3	4	5	6	10	11	13	14	16	28	37	39	40	41	49	50	58	63	67	76	77	100	108	112	119	127	
47	27
0	2	3	7	9	14	18	19	27	28	30	34	35	54	66	67	74	75	77	78	96	104	108	112	115	118	121	
39	27
0	2	4	8	12	13	14	16	19	20	21	22	25	29	35	36	37	55	58	64	66	73	78	84	88	104	108	
43	27
0	3	4	5	8	10	11	12	13	15	21	22	28	32	49	55	60	63	74	76	88	92	96	100	108	111	115	
40	29
0	1	3	4	5	6	8	11	12	13	16	17	19	24	28	32	33	37	41	46	55	66	74	76	77	86	92	112	118	
46	29
1	4	8	10	12	13	15	16	20	23	27	28	31	45	49	50	54	58	60	63	66	74	75	76	78	84	104	108	127	
46	30
2	4	7	8	11	13	16	21	23	24	26	31	32	34	36	39	46	49	50	54	55	60	63	67	76	86	104	107	112	118	
48	31
0	2	3	4	9	17	18	19	22	25	28	30	32	33	35	37	39	45	46	49	50	54	58	73	86	100	104	108	111	118	127	
46	29
1	2	4	6	7	8	12	13	14	16	22	23	24	33	39	41	45	50	54	60	63	67	73	86	104	112	118	127	132	
48	30
2	9	14	19	20	24	25	27	28	29	33	35	37	41	46	49	50	54	58	59	60	66	67	75	88	96	104	108	112	118	
40	29
1	2	3	6	11	12	13	14	16	17	18	19	20	21	24	25	28	34	35	46	49	54	55	58	60	66	108	112	115	
47	30
0	2	3	4	7	11	13	17	19	21	22	25	28	32	35	36	40	46	49	66	67	75	78	96	100	104	108	112	115	127	
47	30
0	4	8	10	11	19	21	23	25	32	34	35	37	41	43	49	54	63	66	67	73	75	77	78	84	92	96	108	112	118	
41	28
1	4	8	10	11	14	16	17	18	21	23	29	30	32	34	35	40	41	46	50	54	63	67	73	76	100	115	153	
40	30
0	1	4	5	8	10	13	14	17	18	22	24	31	33	34	39	40	43	45	46	49	57	60	67	76	78	86	92	96	108	
46	30
0	4	10	11	18	19	21	24	26	29	31	34	35	36	41	45	46	49	55	58	59	63	66	75	88	92	104	108	119	132	
46	32
3	7	8	10	13	14	15	17	21	22	23	24	29	30	31	34	35	37	40	45	46	50	54	58	59	66	73	88	95	108	119	132	
48	31
0	1	2	3	5	11	12	14	15	17	23	30	32	33	35	36	39	41	45	58	63	66	76	86	92	96	100	107	108	112	118	
45	29
1	2	4	5	6	7	12	13	14	16	22	24	25	29	41	43	49	58	60	63	66	67	75	86	90	111	112	115	121	
46	29
1	2	8	10	11	14	19	21	23	24	33	34	35	36	37	39	41	50	54	58	66	73	75	76	78	108	112	127	153	
41	28
1	2	4	7	10	11	13	14	17	19	21	22	24	32	35	39	40	41	54	59	66	73	74	86	96	108	111	118	
47	29
0	1	4	5	8	10	12	16	19	21	22	23	29	35	37	41	49	60	63	66	67	78	92	112	115	118	119	127	132	
42	29
1	2	6	8	11	12	13	16	18	20	21	23	24	25	27	30	33	34	40	45	58	66	75	76	86	112	117	118	132	
45	28
0	5	6	7	8	10	15	17	18	19	23	25	26	29	32	37	50	66	67	75	77	84	96	104	107	112	119	132	
44	28
0	1	3	5	8	12	13	16	22	25	27	31	33	34	46	49	58	60	63	66	74	76	88	92	108	112	115	117	
46	30
3	4	8	11	12	15	17	18	22	27	32	33	35	37	40	41	46	50	58	63	64	66	67	73	74	75	86	112	115	118	
52	32
0	2	8	10	11	12	14	16	19	21	22	26	28	29	31	34	36	40	46	54	55	58	60	75	88	92	100	107	111	115	119	153	
39	29
0	1	2	4	7	8	12	13	15	16	21	23	25	26	27	29	33	35	37	39	41	45	55	60	63	86	88	115	153	
43	29
1	2	5	6	8	10	11	12	13	15	24	28	31	33	34	40	45	46	50	54	55	58	60	66	73	75	104	107	108	
44	30
0	1	4	8	9	12	13	14	15	16	18	21	24	25	27	28	29	30	50	54	58	60	63	71	76	77	88	92	108	112	
46	32
0	2	3	5	8	9	13	14	17	18	19	23	24	30	32	34	40	43	45	46	49	54	71	76	77	78	86	88	92	96	108	153	
40	26
1	4	13	14	16	17	20	23	24	25	29	30	32	36	49	50	55	58	60	63	66	75	86	104	115	127	
41	32
0	1	2	3	4	5	6	7	8	9	14	16	17	18	19	20	22	29	31	34	36	39	40	41	43	54	63	71	73	86	112	115	
42	29
0	1	2	4	5	8	10	16	17	21	22	23	25	30	32	33	34	35	41	49	50	63	67	78	88	104	108	111	112	
45	30
1	4	5	7	8	11	16	17	18	19	21	22	28	30	32	37	41	47	54	55	73	75	76	78	84	92	96	100	115	118	
47	29
3	4	5	11	12	13	14	15	24	25	28	29	31	33	35	36	39	45	55	60	67	76	86	100	104	108	118	127	153	
46	30
1	7	8	10	15	16	18	21	22	23	24	28	29	30	33	35	37	39	41	45	50	60	67	86	108	112	115	117	119	127	
45	31
0	1	4	7	8	9	11	12	13	14	15	16	17	23	24	29	31	37	39	40	45	50	58	67	75	77	78	100	104	111	115	
48	31
0	1	7	8	9	12	14	15	22	28	32	33	35	36	40	46	49	50	55	58	60	63	66	74	75	77	78	84	100	104	108	
45	30
0	1	4	5	7	8	10	12	16	18	19	23	24	33	34	35	37	41	50	54	55	63	66	75	76	77	78	104	112	115	
42	30
3	5	8	10	11	13	14	16	22	24	25	27	29	31	32	35	39	40	45	46	55	58	60	63	73	75	76	78	104	111	
43	28
0	4	5	8	12	18	21	22	26	27	28	30	31	32	35	43	50	54	63	67	76	77	78	88	92	107	108	115	
44	27
0	2	5	9	12	14	16	18	22	32	36	45	47	54	55	58	60	66	67	73	74	76	92	96	108	111	112	
43	30
1	4	6	7	10	13	16	20	21	25	31	33	34	37	39	40	43	45	46	50	54	58	66	67	78	86	88	96	104	108	
44	31
0	1	2	5	7	9	15	17	19	21	24	25	28	30	32	36	37	38	40	45	46	54	55	58	60	66	67	86	104	107	118	
44	30
1	2	3	4	6	7	10	11	13	14	15	16	17	19	23	24	30	32	33	40	46	50	63	66	76	86	100	108	118	153	
46	30
1	2	4	5	6	11	13	17	19	21	22	28	31	32	33	35	39	40	49	58	59	60	73	75	96	104	107	108	115	127	
47	30
0	1	2	5	6	12	13	15	16	17	21	34	40	41	45	46	49	54	55	58	60	63	66	67	73	86	100	108	118	127	
42	29
1	2	4	6	10	11	12	13	14	15	16	17	19	23	24	29	41	45	46	49	50	54	67	74	75	76	115	127	153	
45	31
0	4	5	8	9	16	19	23	24	26	27	28	29	30	32	33	34	35	37	43	46	60	66	74	75	76	86	104	112	117	118	
45	31
1	2	4	7	9	11	13	14	16	17	18	21	25	29	34	39	40	41	43	45	49	54	55	76	78	84	86	100	104	107	115	
46	30
1	4	7	10	11	13	17	18	21	22	23	24	28	34	35	37	39	41	49	50	54	60	75	78	86	100	108	112	117	132	
48	29
2	4	7	8	12	13	21	22	24	25	27	29	32	33	34	50	55	58	63	73	75	78	86	92	96	100	108	118	153	
44	28
1	2	3	4	5	6	13	14	18	22	23	27	29	31	32	33	39	50	55	60	71	75	86	88	104	112	127	153	
47	30
0	1	2	4	5	6	7	12	15	16	17	22	24	27	30	33	39	40	46	60	67	75	88	92	100	107	112	115	118	127	
55	31
2	7	8	11	16	17	21	23	29	32	37	41	43	49	50	54	55	58	63	67	74	75	76	78	92	100	104	107	112	115	153	
42	29
3	4	7	8	10	13	14	15	17	22	23	25	26	31	32	35	36	39	40	45	54	60	67	75	86	104	119	127	132	
39	28
1	2	3	7	8	14	16	18	21	22	25	28	29	30	33	34	35	40	41	45	55	58	66	67	86	104	108	115	
46	29
0	3	4	5	6	9	11	12	19	20	22	24	30	34	39	43	54	55	60	66	67	73	75	86	96	100	108	118	119	
43	28
1	2	8	11	13	15	16	21	22	26	29	30	31	34	35	36	39	40	55	58	63	67	73	100	108	117	118	119	
41	28
0	2	4	12	16	17	18	19	21	22	23	25	31	34	35	40	46	54	55	58	63	66	73	78	86	96	108	112	
43	28
1	2	3	4	6	7	8	12	13	16	17	19	22	33	34	41	46	54	55	66	71	74	75	78	104	108	115	117	
46	28
1	2	4	6	10	14	16	21	25	30	32	37	41	49	54	55	58	60	63	66	67	75	77	88	115	117	119	127	
47	28
0	1	2	4	6	9	10	13	15	16	19	22	23	32	35	39	54	60	75	86	88	104	108	111	112	118	119	127	
47	31
9	10	11	15	16	18	19	21	24	25	28	29	31	34	35	39	41	45	58	60	63	66	67	71	73	75	88	92	100	112	121	
50	29
0	1	4	7	9	13	16	21	22	25	31	34	35	39	40	41	63	73	75	76	78	92	104	107	108	112	115	127	153	
46	30
1	2	7	13	15	17	18	20	21	23	29	31	34	35	37	39	45	46	54	58	63	66	74	75	95	96	100	108	115	119	
49	30
1	3	5	8	12	13	16	17	18	22	31	33	34	45	46	50	54	55	58	60	63	74	75	76	86	88	103	104	112	115	
46	30
5	7	8	10	11	12	16	19	23	31	32	33	35	37	40	41	46	50	55	60	63	67	73	76	78	88	92	104	108	112	
47	29
7	9	11	12	13	16	17	19	23	25	26	33	37	39	45	58	60	63	64	67	73	75	78	86	88	108	112	115	127	
41	27
1	2	4	6	8	11	13	14	21	22	25	31	32	35	40	46	49	55	58	63	66	86	88	100	112	115	118	
47	30
0	1	4	5	6	11	14	20	23	27	28	29	30	34	35	37	40	49	58	60	67	74	75	76	88	92	104	112	127	153	
41	28
4	6	8	12	13	15	16	17	21	22	29	31	34	35	38	40	43	50	54	58	63	67	75	76	86	92	104	108	
45	28
0	2	3	4	8	10	11	13	15	21	22	25	28	35	37	50	55	58	60	63	66	74	86	92	100	108	112	127	
44	31
0	2	5	10	12	13	14	16	17	21	23	24	25	26	28	34	37	40	41	43	45	50	58	73	74	75	76	92	104	108	112	
44	29
0	2	3	5	7	12	13	15	16	18	19	24	28	31	33	37	45	46	55	60	63	66	75	86	96	100	108	118	121	
46	29
0	8	10	14	16	19	20	21	23	28	30	32	34	35	45	46	50	55	58	66	74	75	78	86	92	104	108	112	118	
45	30
1	7	8	10	11	14	15	16	18	20	24	29	33	34	37	38	40	41	45	55	58	60	66	73	74	76	104	108	121	127	
48	31
0	2	4	8	9	13	14	18	21	23	24	26	28	31	35	39	40	45	50	55	58	63	66	73	77	92	95	100	104	118	127	
38	28
1	2	3	6	11	12	13	18	21	22	27	32	33	34	38	40	43	45	46	50	55	58	63	67	73	78	88	108	
44	30
0	1	2	5	6	13	16	17	18	19	21	30	35	36	37	39	40	43	45	50	58	60	63	76	77	86	88	115	117	127	
47	32
1	5	6	9	10	12	14	17	18	19	23	24	29	33	34	35	37	41	43	45	46	50	55	67	73	78	86	92	108	112	119	127	
43	28
0	1	6	8	12	16	18	19	20	21	23	31	34	35	39	41	45	49	50	55	60	63	88	100	104	108	111	112	
44	31
1	2	3	4	7	8	11	12	13	14	22	23	27	32	34	35	40	43	45	46	49	54	55	63	66	67	76	77	100	108	118	
45	31
1	2	5	6	7	8	10	11	12	16	17	18	19	21	24	29	30	31	35	41	45	55	60	73	77	88	96	100	108	112	121	
45	29
0	1	4	6	11	12	16	19	21	22	23	24	28	29	31	34	35	39	55	58	67	73	75	86	100	104	108	118	127	
44	29
4	5	6	8	9	11	12	13	16	23	24	25	28	31	34	41	45	58	59	66	73	76	77	78	86	96	100	119	127	
50	30
1	2	7	10	11	13	17	21	23	24	32	35	37	39	41	45	49	50	55	60	76	86	88	100	104	107	108	111	112	117	
41	30
0	3	4	5	10	12	13	15	22	23	24	25	27	29	30	31	33	34	37	40	50	54	55	60	63	73	88	92	96	132	
46	29
0	1	2	4	10	15	16	17	18	21	23	24	30	39	40	46	49	50	63	66	67	74	84	96	108	112	117	119	127	
45	29
1	2	4	5	8	9	11	13	23	24	25	26	32	35	36	37	49	54	55	58	60	66	75	86	88	108	112	119	132	
44	29
1	8	12	17	24	25	26	29	30	31	32	33	34	35	37	41	43	54	58	59	63	67	76	86	92	95	108	112	118	
51	33
0	3	5	7	10	11	15	16	18	24	25	31	32	34	35	39	43	46	49	50	54	58	60	63	73	75	84	86	96	100	104	112	118	
46	31
0	3	4	5	7	12	13	14	18	19	21	23	25	30	32	33	34	39	40	43	54	55	58	66	75	78	88	100	104	112	127	
42	30
1	2	3	7	8	13	15	17	20	21	22	24	25	29	31	32	40	41	45	46	50	55	58	72	76	78	88	92	104	115	
43	30
2	4	5	7	8	10	11	12	13	14	18	19	21	22	23	31	34	35	37	39	49	58	63	74	78	86	100	107	115	118	
39	28
0	1	2	4	8	9	10	11	12	16	20	21	23	24	29	30	32	36	40	50	55	58	60	63	66	86	104	108	
42	30
0	3	7	9	10	12	13	14	15	16	17	23	25	28	33	34	36	39	40	45	46	55	74	77	86	88	96	100	108	118	
43	30
1	2	5	8	11	12	13	14	16	21	22	29	30	33	34	36	40	41	45	54	55	58	60	66	73	78	86	96	100	118	
42	30
0	1	2	7	10	11	12	15	20	22	23	25	29	30	32	33	36	39	41	55	60	63	66	67	73	74	75	88	96	112	
44	30
1	2	8	10	12	15	18	21	23	24	26	30	31	35	39	40	41	49	50	54	55	58	60	63	75	76	84	86	115	119	
39	28
0	1	3	4	6	7	8	13	14	15	21	23	24	26	30	33	34	39	40	45	50	54	55	78	86	111	112	115	
42	28
0	1	2	4	7	8	12	13	14	20	23	26	29	32	33	34	43	50	54	55	60	66	74	88	96	112	115	132	
43	29
0	3	8	10	11	12	19	21	22	23	25	30	31	32	35	37	45	49	54	55	58	60	63	75	78	88	108	112	119	
42	28
1	3	7	13	14	15	18	19	22	23	24	31	35	37	39	41	43	45	54	59	60	66	74	75	108	115	117	118	
47	27
0	2	4	5	11	14	15	21	25	32	35	39	45	49	55	58	67	75	76	88	100	104	108	115	118	119	127	
47	28
1	4	12	14	18	21	25	28	31	35	37	39	41	45	49	54	67	73	74	75	76	78	88	104	115	118	127	153	
42	31
1	7	8	11	13	15	17	18	21	22	23	24	31	32	34	35	37	39	40	41	49	50	54	58	63	78	84	86	88	95	115	
44	31
2	4	6	7	9	13	14	18	20	21	22	24	25	28	32	33	34	36	39	41	45	46	54	55	66	75	77	86	108	117	153	
42	26
1	2	3	4	5	13	15	16	18	21	22	25	28	46	49	50	54	58	63	66	75	108	112	118	119	127	
37	31
1	4	5	8	10	11	12	13	14	16	17	19	21	22	23	25	28	29	30	35	36	37	41	46	49	54	63	66	67	88	96	
42	29
1	2	3	5	6	7	12	14	15	17	21	23	25	29	32	35	40	41	45	58	60	66	67	77	90	96	104	112	119	
49	33
0	2	4	5	14	16	17	19	20	21	22	24	28	31	32	33	34	35	39	45	50	55	58	60	64	67	73	75	88	92	108	115	127	
46	30
1	2	4	5	7	13	17	24	25	28	30	31	33	35	36	37	39	40	45	54	60	63	75	86	96	100	108	115	119	127	
47	31
2	5	9	11	13	21	22	23	24	25	26	31	32	34	35	37	43	45	49	54	55	58	60	66	73	75	86	100	108	112	118	
46	29
0	8	10	12	14	15	16	17	18	23	24	25	28	34	35	39	50	63	67	73	74	75	76	78	86	108	112	115	121	
46	29
0	1	5	7	8	9	13	15	16	21	23	29	30	31	37	40	45	54	55	58	60	67	76	78	88	115	118	119	153	
39	30
0	1	3	4	5	6	7	8	10	13	14	15	17	18	20	22	28	29	32	33	37	40	54	58	63	67	73	76	88	108	
50	29
3	4	5	11	14	15	16	21	22	23	24	29	31	32	35	41	54	63	66	76	92	100	104	108	112	115	118	119	132	
50	33
1	4	5	6	9	10	11	14	15	17	24	25	28	30	35	37	40	41	49	54	55	60	63	64	73	75	78	86	92	96	107	108	118	
45	28
0	1	2	6	7	13	14	16	18	21	26	29	35	45	49	50	58	60	63	73	78	86	88	96	104	112	115	118	
46	30
5	7	8	9	11	12	15	16	17	19	20	21	23	25	29	34	37	41	45	54	55	66	67	73	78	96	100	107	108	153	
45	28
1	2	5	13	15	16	18	19	22	29	31	33	39	40	41	46	49	55	58	60	86	88	104	107	112	118	119	132	
54	32
2	4	11	13	14	15	18	22	23	24	31	33	37	39	45	49	60	74	75	76	77	78	86	90	92	96	104	107	108	111	115	127	
44	28
1	3	4	6	7	12	13	15	17	19	20	22	24	26	29	31	39	55	67	71	75	77	86	100	111	118	119	127	
41	28
0	2	4	8	11	13	14	15	17	18	21	23	34	35	39	40	45	49	50	63	74	76	88	90	92	100	108	127	
45	28
0	4	6	10	11	12	15	18	21	22	24	25	28	35	45	50	54	55	58	66	73	75	78	88	108	111	118	119	
51	31
0	4	8	10	11	12	14	19	21	24	25	27	30	31	36	46	49	55	60	63	75	76	77	78	88	90	107	112	115	118	153	
45	29
1	3	4	6	8	11	13	14	15	17	18	20	29	30	32	38	41	45	50	54	55	58	60	75	78	100	107	115	153	
41	28
1	4	10	12	13	16	19	21	22	24	28	29	31	32	33	34	39	46	60	63	73	74	75	76	95	111	118	127	
46	31
0	2	4	7	8	9	10	12	13	16	19	21	22	24	25	29	40	45	55	60	63	66	67	73	75	76	78	86	92	115	118	
46	31
0	1	2	7	13	14	15	16	18	22	23	24	25	27	29	30	33	35	36	39	55	59	60	66	67	73	75	107	108	119	127	
44	30
1	3	4	7	8	9	10	11	13	18	21	23	25	27	28	33	34	40	43	46	54	55	58	66	74	96	112	115	118	119	
41	30
1	2	4	5	8	10	14	18	22	24	25	29	31	34	35	36	39	40	41	45	58	66	67	73	75	77	78	86	96	104	
43	29
0	1	2	5	7	8	9	10	13	23	24	25	32	33	37	40	41	45	50	54	55	58	60	67	74	77	88	127	153	
45	32
1	3	4	5	7	8	10	12	16	17	18	19	20	23	24	28	30	33	35	37	41	46	54	55	60	73	75	76	92	100	104	108	
44	30
1	4	6	9	10	13	14	18	22	24	25	29	31	32	34	35	39	40	45	50	54	55	60	66	73	75	92	104	107	112	
44	29
0	1	3	7	10	13	21	24	25	29	30	32	34	35	40	41	45	49	54	55	58	64	76	86	92	100	115	117	119	
48	30
1	4	5	7	11	12	13	15	18	20	22	29	32	33	34	37	43	46	50	54	58	60	63	66	75	108	112	118	119	153	
51	30
3	5	6	8	11	13	14	18	19	22	24	27	31	35	45	49	54	60	66	73	76	88	92	95	100	108	112	118	121	153	
45	29
0	1	3	4	5	8	10	13	14	16	21	22	24	27	34	37	40	43	49	50	54	55	67	84	104	108	112	127	153	
44	28
0	3	4	12	14	18	22	23	24	29	30	34	35	39	49	50	55	60	63	66	67	75	77	78	95	100	107	127	
46	30
0	1	5	6	7	9	10	17	22	24	25	30	33	34	35	39	40	45	54	55	58	66	67	73	78	86	100	108	112	127	
43	30
0	1	2	4	6	7	10	12	13	19	21	24	30	31	32	34	35	38	39	46	54	60	66	72	76	88	96	112	118	119	
39	29
0	2	3	4	5	7	8	10	13	15	20	21	24	25	29	31	34	37	38	41	45	54	55	77	78	86	88	90	153	
44	31
1	4	5	6	10	13	14	16	21	25	28	30	32	33	35	36	39	40	43	49	58	59	63	71	73	75	76	78	96	108	112	
45	29
0	2	5	6	8	11	13	14	15	17	21	23	24	25	26	39	45	50	55	60	74	76	78	86	96	108	112	117	127	
42	30
0	3	5	7	8	10	11	12	14	17	19	21	23	27	29	30	31	35	36	37	50	55	66	67	74	78	88	96	104	108	
45	32
1	4	5	6	7	9	10	11	13	15	16	17	21	25	26	29	30	31	32	33	34	49	50	54	58	59	63	75	92	100	107	118	
45	28
3	4	5	7	12	13	15	16	17	21	23	24	30	33	39	50	54	55	63	66	67	75	78	86	100	108	112	118	
45	30
0	2	5	6	8	9	13	18	19	21	22	25	26	28	32	39	43	45	46	54	55	58	67	76	78	88	92	108	127	153	
44	29
2	4	5	8	12	13	14	16	17	21	22	24	26	28	29	30	34	35	40	41	50	63	76	88	100	108	111	118	153	
47	29
0	4	5	10	11	13	21	22	23	24	25	28	35	39	40	41	49	54	55	63	84	92	96	100	107	108	111	118	127	
44	29
0	2	4	5	6	8	10	14	19	26	31	33	35	40	45	47	50	59	60	63	67	75	77	78	86	92	96	108	115	
42	29
0	1	2	3	4	10	13	14	16	20	21	22	23	25	30	33	34	46	50	54	55	63	66	75	76	88	92	108	119	
46	30
4	7	11	12	18	19	21	22	23	31	32	33	34	35	37	41	43	46	63	66	67	73	77	78	84	88	96	108	118	153	
39	29
1	4	7	8	12	14	15	17	18	19	20	23	24	25	28	32	37	39	41	45	46	58	59	73	76	78	92	104	107	
42	28
0	2	8	19	21	22	23	24	27	31	32	35	39	41	45	46	49	50	54	55	66	77	78	86	88	104	112	118	
49	32
0	4	5	7	10	12	14	15	18	19	20	23	25	29	30	32	37	45	49	54	55	58	73	76	77	86	92	96	108	112	118	127	
46	28
3	9	10	19	21	22	24	29	31	34	35	37	38	41	55	58	63	66	73	74	78	86	92	96	100	108	112	118	
49	30
0	1	3	4	6	7	12	13	14	16	17	23	25	28	30	35	41	54	55	60	73	75	86	88	104	118	119	121	127	132	
42	30
4	5	6	7	9	10	11	13	16	17	18	19	21	23	24	28	29	34	35	40	45	50	54	58	73	86	92	100	108	118	
41	29
1	2	4	7	8	14	16	18	20	21	22	24	26	31	32	33	35	39	40	41	54	63	73	76	84	86	104	112	127	
44	28
0	4	5	11	13	16	23	25	30	33	34	35	39	43	45	46	54	55	58	60	73	76	78	86	100	104	108	115	
42	31
0	1	2	3	5	6	8	10	12	14	15	17	19	20	23	26	32	37	38	39	45	46	49	54	55	58	66	76	104	118	119	
49	30
2	4	5	6	7	8	11	13	16	17	18	21	22	23	24	26	29	50	60	63	67	75	86	92	100	104	111	115	127	132	
38	28
0	1	2	6	8	10	12	13	16	17	20	21	23	32	35	39	40	45	46	50	55	60	67	71	78	86	96	118	
40	30
1	3	8	10	13	17	18	21	22	24	25	28	29	31	32	33	35	37	39	40	46	55	58	60	63	67	77	86	88	112	
42	30
3	7	8	10	12	14	16	17	18	19	24	25	28	29	31	33	34	37	39	41	45	55	58	66	75	78	88	117	119	127	
39	28
1	2	4	7	8	10	14	16	17	18	20	21	23	28	30	39	40	41	49	54	58	63	67	76	77	96	104	127	
45	32
1	3	7	9	15	17	18	19	22	28	29	31	32	33	34	35	36	37	38	41	43	58	60	63	66	73	75	78	92	96	112	115	
45	29
2	4	7	8	11	16	17	19	24	25	33	34	35	37	39	41	46	58	67	75	77	84	86	88	96	104	108	112	127	
45	30
0	1	2	5	8	11	16	21	23	26	28	29	30	31	34	35	50	55	58	60	63	67	71	73	74	76	78	88	92	127	
46	29
0	2	6	10	11	12	13	20	21	23	27	32	36	39	41	43	49	54	55	58	60	67	73	78	86	112	118	127	153	
46	28
1	3	5	8	11	18	21	22	31	32	33	34	35	40	41	49	50	55	58	59	60	63	88	100	108	115	127	153	
42	31
2	4	5	9	10	11	13	14	16	19	21	22	23	24	25	29	32	33	34	35	39	41	55	66	67	73	77	78	96	108	121	
47	30
0	1	4	8	11	13	17	18	21	23	24	29	30	32	33	34	39	43	50	63	66	67	73	74	96	108	111	112	115	121	
40	30
2	5	8	9	11	14	16	18	19	20	21	23	25	29	30	33	34	35	37	39	41	49	55	73	78	86	90	96	100	108	
45	30
0	1	2	3	9	10	11	14	16	24	25	28	29	32	35	36	37	40	45	55	58	60	63	66	73	75	77	108	127	153	
46	31
4	6	7	8	12	14	19	21	22	24	26	28	30	35	36	39	40	41	54	55	58	63	67	73	75	76	78	86	88	108	119	
42	29
1	2	5	6	8	11	13	16	18	19	22	24	26	30	33	34	39	40	41	54	58	60	67	73	75	86	104	112	118	
50	32
1	5	8	12	13	15	16	22	24	26	29	31	33	34	35	36	40	45	54	55	58	66	67	75	76	77	78	86	108	112	115	119	
48	31
1	3	4	10	12	13	14	16	19	20	21	24	25	28	29	33	34	46	54	60	63	75	76	77	90	92	96	108	112	119	127	
42	29
0	4	6	9	10	13	14	16	17	18	20	21	23	24	28	29	34	40	45	54	60	66	75	76	78	92	100	104	108	
45	29
0	3	7	9	10	12	15	16	17	18	19	20	22	23	27	28	33	37	55	66	67	73	88	92	100	104	107	108	118	
44	31
2	5	7	8	10	11	12	13	14	15	16	17	19	22	23	25	28	31	33	34	35	46	50	55	60	74	84	96	108	132	153	
43	29
0	1	2	3	4	6	16	23	28	29	30	33	34	35	37	39	49	50	60	63	67	73	76	77	78	88	92	112	127	
49	29
0	4	5	8	9	12	16	17	20	23	32	37	40	45	46	50	54	55	60	67	76	78	86	96	104	108	118	119	153	
40	28
1	2	5	9	13	14	17	18	19	22	24	29	30	34	40	43	45	46	54	55	58	60	73	78	86	88	100	118	
47	31
1	4	6	7	8	10	11	16	21	22	24	25	31	32	34	35	41	46	49	50	54	63	66	73	78	95	96	100	108	119	127	
50	31
4	8	9	10	13	14	16	17	18	19	22	26	29	31	37	45	46	49	50	55	58	63	66	67	88	92	108	112	118	127	153	
47	30
0	1	2	3	4	8	13	19	23	25	29	32	34	36	37	39	41	54	55	60	66	67	73	76	78	84	92	112	119	153	
42	30
3	4	5	7	10	11	15	17	20	22	24	25	28	30	32	33	34	37	40	41	46	50	54	63	67	75	77	86	119	153	
43	27
0	4	5	6	8	10	13	19	21	22	25	29	32	36	37	50	55	60	67	77	78	86	88	92	107	112	153	
41	28
0	1	2	3	4	8	9	11	14	18	22	23	27	32	34	35	45	50	54	55	60	76	78	86	88	95	104	108	
46	30
2	3	5	7	8	11	12	14	15	17	18	19	23	24	25	30	31	33	35	45	57	60	73	86	92	100	108	119	127	153	
45	31
0	1	2	5	6	10	11	15	17	18	19	20	23	24	25	29	30	31	33	34	49	55	66	75	86	88	96	104	112	115	118	
41	30
0	1	8	10	13	14	16	20	21	23	24	28	29	30	32	33	35	36	37	40	41	49	55	58	63	66	73	118	121	127	
43	28
0	4	8	11	12	13	14	17	21	22	24	26	29	35	37	39	43	49	58	63	66	67	73	88	108	112	118	153	
43	30
4	5	6	9	12	14	17	22	24	25	29	34	35	37	40	41	43	45	46	54	58	66	67	73	74	75	92	96	115	118	
49	30
1	2	4	6	11	12	16	23	24	34	35	36	41	43	45	46	58	66	73	74	76	77	88	95	96	104	108	112	119	127	
45	28
0	3	4	8	11	12	13	14	18	22	27	35	36	37	50	55	58	60	63	73	74	75	78	86	92	100	108	132	
44	30
2	3	4	6	8	10	11	12	13	16	19	20	21	24	28	31	33	34	39	45	63	66	74	76	78	86	111	115	118	121	
49	31
0	4	8	10	17	19	20	21	22	23	25	31	36	40	43	46	50	54	55	60	73	74	75	76	78	86	88	96	108	112	118	
33	27
1	3	5	8	10	11	15	16	18	20	21	24	25	28	29	30	31	34	40	41	45	55	58	63	66	73	75	
49	30
2	3	4	5	10	11	12	13	17	22	25	26	35	37	45	49	50	63	73	74	76	84	88	92	96	104	108	111	121	132	
41	29
0	2	4	5	6	7	10	13	14	18	19	22	24	25	27	33	35	40	41	46	50	54	71	76	77	88	108	112	119	
42	30
0	3	4	8	9	10	11	13	14	16	17	25	28	31	32	34	37	40	45	46	50	54	58	63	67	84	88	92	100	108	
43	30
1	4	9	10	13	16	19	20	21	22	24	28	29	34	37	41	45	49	50	55	58	63	66	73	74	75	78	84	92	115	
41	28
0	3	5	6	10	11	18	19	21	23	24	30	31	35	36	45	46	49	50	54	55	66	73	75	88	100	112	118	
38	29
1	2	6	7	10	11	14	15	16	17	18	19	20	23	24	25	28	30	37	39	40	41	49	55	66	75	104	108	115	
45	30
0	1	3	4	7	10	13	14	16	22	27	31	35	37	40	41	45	46	54	60	63	66	67	74	75	92	95	112	115	118	
41	30
1	5	8	9	10	11	13	14	15	17	18	21	23	24	25	30	33	34	35	37	40	50	54	55	63	71	75	78	86	153	
43	31
3	5	6	10	11	13	14	15	17	19	25	28	29	30	31	32	34	35	40	41	45	54	58	63	66	75	76	86	92	96	153	
44	30
1	2	3	5	8	11	12	13	14	16	17	20	25	30	37	40	43	46	49	54	55	60	63	66	73	75	88	108	115	121	
40	29
0	1	5	6	8	9	13	14	16	18	21	23	25	28	29	32	35	39	40	43	45	49	55	60	96	100	104	115	118	
39	28
0	1	2	4	6	7	11	13	17	18	24	25	26	30	32	35	37	45	49	54	58	66	67	75	88	96	115	119	
46	29
0	1	2	5	8	14	21	22	23	24	30	32	34	35	40	50	54	55	60	63	66	67	73	75	76	86	100	104	118	
39	29
0	1	4	6	10	13	15	18	19	21	23	24	29	30	31	34	36	39	40	41	54	58	60	63	76	78	86	92	108	
44	30
3	4	5	10	12	13	16	17	20	23	24	28	29	31	33	35	39	43	45	55	58	63	66	73	75	84	86	108	118	121	
40	29
4	5	9	12	13	14	16	18	19	20	21	22	25	30	31	33	35	36	40	49	54	60	63	67	75	86	92	104	111	
42	30
0	1	7	10	13	15	16	18	19	21	22	23	24	25	31	32	33	34	37	39	49	60	66	73	75	78	92	108	112	118	
39	28
0	1	2	4	8	9	11	14	16	17	18	22	24	26	30	32	35	39	40	63	66	73	76	86	92	95	108	118	
44	29
0	4	6	7	9	11	12	13	14	16	17	25	29	37	39	40	45	55	58	63	66	73	77	84	86	88	104	108	121	
41	30
0	1	4	5	7	8	10	11	16	21	24	25	26	29	31	34	35	37	40	45	50	54	60	63	73	75	77	84	92	118	
52	32
1	2	4	5	6	7	9	13	16	20	22	25	28	30	33	34	43	50	54	57	60	63	73	75	76	78	92	107	108	112	118	127	
44	31
1	2	4	5	6	7	10	11	12	13	17	22	28	32	33	39	40	43	46	55	58	63	66	67	73	76	78	86	88	96	108	
46	28
0	3	4	5	6	12	17	18	24	29	31	32	35	45	54	55	60	63	66	67	76	78	86	96	100	111	115	119	
42	28
0	1	2	4	7	15	17	18	19	21	22	24	29	31	35	38	39	50	55	60	63	86	88	92	96	104	108	119	
51	30
0	2	3	11	12	13	16	19	21	22	35	39	40	41	55	58	60	63	66	67	74	75	78	86	88	104	112	118	119	127	
44	27
2	3	4	9	12	13	14	16	19	21	23	25	34	36	49	50	54	58	67	78	92	96	104	108	111	112	127	
45	30
1	3	5	7	10	11	13	18	20	21	23	24	29	31	34	37	39	43	45	50	55	58	73	76	86	96	104	112	115	132	
43	30
0	1	4	5	7	10	12	13	16	17	19	23	26	28	30	33	39	40	41	60	63	67	73	75	78	86	88	96	107	118	
42	29
1	4	7	9	10	11	12	13	14	16	17	22	25	28	29	32	33	36	40	54	60	63	66	76	86	96	100	115	119	
44	29
1	4	5	6	7	10	11	13	14	19	30	31	32	35	36	40	46	55	57	60	63	66	73	78	86	88	100	104	108	
43	28
0	1	2	3	4	6	7	8	11	17	23	24	29	30	31	34	35	46	50	54	63	86	88	104	111	115	119	132	
46	29
1	7	9	10	11	13	16	21	23	25	28	35	37	39	41	46	49	50	63	66	67	75	78	88	104	108	112	121	127	
43	29
0	1	3	5	11	13	21	22	23	24	25	26	31	32	35	37	41	45	50	54	60	71	73	78	86	88	112	115	127	
47	31
1	3	4	5	7	11	13	16	18	20	21	23	29	30	34	35	39	43	45	46	49	58	75	76	78	100	104	107	111	112	115	
35	28
1	2	4	8	9	11	13	14	18	19	21	22	23	25	26	31	32	33	35	39	40	46	55	60	64	73	86	104	
42	30
1	2	7	12	13	15	16	17	19	21	24	25	31	33	34	35	36	39	40	41	45	50	55	58	59	78	88	100	108	127	
55	30
0	12	13	15	18	21	22	25	30	32	33	37	39	40	49	54	63	67	75	88	95	100	104	111	112	115	118	127	132	153	
40	29
0	2	3	4	5	6	10	11	16	17	20	21	23	24	25	29	32	35	41	45	46	54	55	66	92	96	108	119	121	
46	29
1	4	5	7	12	13	16	17	18	25	27	28	30	31	33	35	50	54	55	63	66	67	73	75	78	104	108	118	119	
44	28
1	5	11	13	16	18	20	23	24	27	28	29	33	34	36	43	45	58	66	73	75	77	86	108	112	117	118	127	
45	30
0	4	6	7	8	12	16	17	22	24	25	26	28	29	35	39	45	49	54	58	63	66	73	75	78	84	96	100	118	121	
43	32
0	3	6	7	8	9	12	15	17	20	22	24	25	26	29	30	31	32	34	35	39	43	49	58	63	78	84	86	92	96	107	112	
45	29
0	3	5	13	16	18	19	21	22	24	27	28	30	31	35	39	40	45	50	54	58	63	76	92	100	108	117	118	127	
47	30
0	2	3	13	16	18	23	24	25	31	33	35	36	39	40	43	45	50	60	67	73	75	78	84	86	96	100	107	112	127	
50	29
2	4	7	11	12	13	15	17	26	31	32	35	39	45	46	55	58	59	63	73	76	88	96	104	108	119	121	132	153	
40	27
0	4	5	8	10	11	13	22	25	29	31	33	34	35	39	40	49	58	63	74	76	77	78	88	100	108	127	
45	31
0	1	5	7	8	11	12	16	17	18	20	22	25	27	28	29	31	33	37	49	55	58	66	73	75	88	92	96	108	115	118	
42	28
0	2	4	5	6	8	11	13	17	21	29	32	35	40	41	45	49	54	55	66	67	76	78	88	96	108	112	127	
45	28
2	5	7	8	9	10	11	12	13	14	15	17	22	25	33	45	50	55	58	66	73	74	75	76	108	118	119	153	
49	30
0	1	3	6	14	16	17	18	21	23	28	31	33	34	39	40	45	54	55	60	71	74	75	84	86	104	115	117	118	153	
43	30
4	6	9	11	12	16	20	21	24	25	27	28	30	31	33	34	39	41	45	55	58	60	67	73	75	76	78	86	108	127	
43	30
0	1	3	4	7	8	10	12	13	16	17	19	21	24	25	28	35	37	39	41	54	55	60	75	77	78	92	103	108	112	
45	28
0	1	2	8	11	13	20	21	23	25	29	32	34	35	37	41	54	55	58	63	66	67	78	100	104	111	112	115	
41	28
0	1	2	7	11	14	18	20	21	22	24	25	29	35	36	40	41	46	54	55	58	59	63	66	75	86	108	153	
40	28
1	2	7	8	11	13	14	16	18	19	20	21	23	30	35	37	40	46	49	54	55	74	76	84	88	104	108	118	
45	29
0	4	5	12	14	16	17	18	22	23	24	25	28	29	32	35	45	50	54	58	66	67	73	75	88	92	107	108	153	
45	31
0	1	2	4	7	9	13	16	18	19	21	25	28	31	34	35	36	39	49	60	63	67	74	75	77	78	86	92	96	108	112	
51	30
0	5	7	10	12	16	18	19	21	23	25	26	30	31	39	43	50	54	55	58	59	76	78	88	100	107	108	118	121	153	
44	29
0	2	4	9	13	17	18	21	23	28	30	32	35	36	39	40	43	50	55	63	67	75	76	78	88	92	100	108	127	
43	28
2	10	11	12	13	21	23	24	25	27	29	31	33	34	36	39	41	50	54	55	74	76	77	78	86	100	112	153	
42	28
0	3	5	6	8	10	14	16	19	23	34	35	37	39	45	46	50	54	55	60	67	76	86	90	92	96	118	119	
36	27
0	2	4	5	7	8	12	14	16	17	18	19	20	21	22	23	25	33	36	46	50	58	66	78	88	104	108	
46	31
0	1	5	8	10	11	13	14	15	16	17	19	23	24	25	29	31	35	39	40	49	58	63	66	74	88	112	115	118	127	132	
43	30
1	2	5	6	7	9	13	22	23	24	27	29	31	32	34	35	38	39	40	46	50	58	60	63	66	84	86	92	118	153	
50	32
3	5	6	7	10	11	13	16	18	23	25	29	30	31	32	37	40	41	45	54	55	58	73	76	77	84	92	104	111	112	118	127	
35	29
0	1	4	5	7	8	11	12	18	21	22	23	25	26	27	28	29	30	31	32	33	34	35	46	58	78	86	88	104	
43	29
0	2	7	8	9	12	13	18	20	21	22	23	32	33	39	43	49	54	55	60	63	67	74	76	86	92	95	108	115	
44	31
1	3	6	10	11	15	16	17	19	21	24	26	29	32	33	35	36	37	39	41	45	49	50	58	60	67	95	107	108	115	119	
46	29
1	4	6	7	10	13	16	18	19	21	25	28	29	34	36	39	49	50	54	55	73	88	92	96	108	112	115	118	121	
44	30
0	1	4	5	10	11	13	15	18	20	25	28	29	31	33	34	39	49	50	55	58	60	63	66	74	75	88	96	112	119	
45	30
0	4	7	8	10	11	12	16	17	19	21	23	25	31	34	35	45	46	49	60	63	66	67	75	78	96	100	108	112	119	
46	30
0	2	7	18	20	21	22	23	24	27	28	32	33	34	35	37	39	45	54	66	67	74	75	76	92	96	100	108	112	119	
44	28
0	4	5	7	10	13	16	21	23	24	25	28	29	33	34	36	50	54	55	58	63	74	78	88	100	108	112	118	
46	30
1	2	3	4	8	12	13	16	17	20	21	22	23	25	28	40	41	45	50	54	58	59	66	67	78	92	104	112	115	127	
47	31
2	6	7	8	9	15	16	19	21	24	28	29	30	31	32	35	38	39	41	55	58	73	75	77	84	86	96	100	111	115	121	
45	30
0	1	2	5	7	9	10	16	18	19	20	23	26	30	33	39	40	46	50	54	55	60	67	73	76	78	96	104	118	127	
47	28
2	3	4	8	10	13	21	22	25	32	33	35	40	45	46	54	55	58	66	73	78	86	100	104	112	115	121	127	
41	30
0	1	2	10	12	13	16	21	22	23	24	25	26	29	31	33	35	39	46	49	50	55	59	60	63	66	73	75	86	108	
39	30
0	1	3	4	5	6	8	10	12	13	17	20	24	28	33	34	35	37	38	39	40	41	45	66	73	76	86	92	100	127	
40	30
0	5	6	8	9	10	11	13	14	16	17	18	23	24	25	26	30	40	41	43	45	54	55	60	75	76	78	84	92	127	
41	28
0	1	5	6	7	8	13	16	17	21	23	27	29	35	37	39	40	49	50	55	60	67	75	86	96	112	115	118	
42	29
0	2	4	5	6	9	11	15	16	18	19	21	24	30	31	34	36	37	46	49	55	63	66	75	86	100	107	112	118	
52	31
0	2	5	6	8	11	16	21	24	29	31	34	36	39	41	43	45	50	58	63	67	73	75	78	86	100	107	111	112	118	153	
37	26
1	4	6	7	10	14	21	22	24	25	29	32	35	37	40	41	45	50	54	58	66	67	73	86	108	112	
47	30
4	8	12	13	14	21	22	23	24	25	28	29	31	33	37	39	41	49	54	59	66	71	76	77	88	92	100	112	132	153	
43	30
1	2	11	13	15	17	18	20	21	24	25	28	30	31	32	33	40	41	45	49	55	58	59	66	74	75	84	100	115	127	
37	29
2	3	6	8	13	14	15	16	18	19	20	21	22	23	24	28	29	35	39	40	41	45	54	55	63	75	76	92	108	
36	27
0	1	2	4	5	6	11	13	16	20	21	22	25	34	35	36	41	43	46	50	54	55	63	66	78	84	108	
41	30
1	2	3	4	8	10	11	12	13	14	16	17	21	24	25	27	28	32	39	40	43	46	49	55	66	92	104	108	112	118	
42	28
0	1	4	5	8	11	12	16	20	24	25	26	31	33	45	46	49	50	58	60	63	73	75	78	92	104	108	127	
45	29
0	1	3	5	7	12	13	14	16	19	28	30	35	37	39	45	54	55	58	59	63	67	76	77	92	96	108	117	127	
44	28
0	4	8	10	11	12	15	17	23	24	25	26	33	34	37	39	50	54	58	63	75	76	78	86	104	107	108	112	
49	30
0	2	5	6	7	9	13	14	16	17	22	24	30	31	33	39	50	54	59	67	74	76	86	90	96	112	118	119	127	132	
43	30
1	4	6	9	11	15	16	18	21	24	27	31	34	35	38	39	40	41	45	46	49	58	60	67	73	75	100	111	112	118	
41	29
0	1	2	6	9	10	13	15	16	17	21	23	28	31	39	40	41	45	49	50	55	63	66	67	73	84	88	127	132	
47	31
0	1	7	9	10	13	15	19	24	25	31	32	34	35	43	45	46	49	50	55	58	60	63	66	75	78	88	92	107	108	117	
44	27
1	2	7	14	18	21	22	24	25	29	30	35	40	41	54	55	58	63	66	67	75	86	88	108	115	118	119	
38	27
1	4	7	9	10	11	16	18	21	22	25	28	29	31	34	35	40	41	50	58	63	71	73	75	92	108	119	
47	31
0	2	3	4	6	10	13	17	18	21	28	29	30	31	34	35	39	41	45	58	66	74	75	76	78	92	96	104	107	118	119	
40	27
0	3	4	8	11	12	13	16	17	20	21	24	25	28	45	46	49	54	55	58	63	66	75	96	100	108	118	
47	29
2	9	12	14	16	18	19	25	28	30	35	39	41	45	46	49	54	55	58	60	67	78	86	88	90	100	104	107	153	
44	31
0	4	7	8	10	13	16	18	19	24	25	29	30	36	37	39	41	45	49	54	55	58	59	60	67	73	75	76	78	88	117	
39	28
4	6	7	8	9	10	15	16	17	18	20	21	23	25	28	29	34	39	41	45	50	67	75	88	96	104	112	118	
44	30
1	2	4	5	7	8	10	11	12	13	17	19	21	24	36	40	41	43	45	54	55	63	66	71	73	75	77	103	108	121	
45	31
0	1	7	10	14	15	17	19	22	24	25	29	31	34	35	39	40	41	45	46	54	55	58	66	73	74	75	86	108	115	127	
44	29
1	3	11	12	13	16	17	18	21	22	24	26	28	30	31	33	34	39	45	46	50	54	58	67	100	104	108	112	153	
47	30
4	5	10	13	15	16	17	18	22	23	24	25	29	30	33	34	35	43	45	50	54	74	75	78	86	111	112	115	127	153	
49	30
1	2	5	8	12	13	14	16	17	18	23	24	28	33	34	43	45	54	55	66	71	73	75	86	104	108	112	115	118	132	
48	30
1	2	4	5	7	14	17	19	24	25	26	33	34	35	37	41	46	50	54	73	75	77	78	88	96	100	104	112	118	121	
42	30
0	4	7	10	11	15	17	20	23	24	25	26	28	31	33	34	36	37	39	45	50	54	58	74	75	76	78	86	104	127	
43	28
0	4	5	6	12	13	16	18	19	21	22	28	29	31	34	39	49	54	55	58	67	71	73	96	100	104	108	118	
45	29
2	3	4	13	14	20	21	22	23	24	31	32	33	35	40	49	54	55	58	60	63	66	75	77	86	95	100	112	115	
40	30
0	1	7	8	11	13	14	15	17	18	20	24	25	29	33	34	35	36	37	40	45	46	58	63	66	76	77	86	112	115	
50	32
0	4	8	10	11	16	17	18	19	20	23	24	30	31	34	35	40	45	46	73	75	76	78	84	86	88	90	104	108	111	115	132	
43	28
1	4	5	10	12	13	16	17	18	19	21	22	28	33	40	46	50	54	55	58	64	73	76	78	88	100	104	108	
44	29
0	1	4	8	11	13	15	17	18	19	21	22	23	24	27	29	30	37	58	60	63	73	78	88	96	104	119	121	127	
43	30
1	3	4	5	10	11	13	18	19	21	24	25	28	34	35	37	41	45	46	49	55	63	66	67	74	75	77	108	112	118	
43	29
0	4	8	9	12	13	15	16	21	22	24	25	28	35	39	43	45	47	54	55	60	66	77	78	86	88	108	111	127	
45	30
1	3	4	5	10	12	13	19	21	25	26	29	31	32	35	37	45	59	63	66	67	73	78	86	88	90	92	96	108	115	
46	29
0	1	2	3	14	15	16	17	18	21	22	23	34	35	40	45	50	58	60	66	67	73	74	75	86	88	104	108	153	
42	29
0	1	2	4	5	8	11	14	21	23	24	25	32	34	35	40	41	45	46	54	55	66	71	77	78	86	107	108	111	
42	30
1	2	5	7	12	13	14	18	19	21	22	24	25	29	33	36	37	39	43	45	46	55	58	60	63	71	86	108	115	127	
41	26
0	2	5	6	7	11	18	19	20	21	22	24	28	35	46	49	54	55	76	88	92	108	117	119	121	132	
47	29
1	4	5	7	12	13	16	19	21	25	26	29	31	32	37	49	54	55	60	63	66	73	88	92	100	108	112	115	118	
38	28
0	1	3	4	5	7	8	10	12	13	16	19	21	22	32	35	37	39	49	50	55	63	66	67	78	88	95	108	
39	29
1	4	5	7	8	10	11	14	20	21	24	25	26	29	31	35	37	39	40	41	45	58	63	66	73	75	96	112	119	
41	30
2	4	7	11	15	17	18	22	23	24	27	28	29	30	32	33	34	36	37	39	41	43	50	58	63	75	86	100	107	118	
42	28
2	3	4	7	8	12	13	16	21	22	24	25	29	34	39	40	49	50	54	55	58	60	63	73	86	107	108	118	
45	32
0	1	2	10	12	13	14	16	17	19	21	25	28	30	31	34	35	39	40	41	43	46	50	55	58	66	67	92	96	100	104	108	
41	30
3	4	7	8	10	13	15	16	18	20	21	22	23	24	29	30	31	33	34	39	45	49	60	73	75	78	86	118	119	127	
45	29
1	4	5	8	9	10	11	13	14	16	18	22	23	25	26	37	39	46	49	54	55	60	78	92	100	108	127	132	153	
45	30
1	7	9	11	13	15	16	17	19	20	23	27	29	32	33	36	37	39	40	55	60	67	77	78	86	96	112	117	118	119	
46	29
2	5	7	8	9	12	13	14	16	19	22	23	25	33	34	36	45	50	54	58	60	66	86	92	104	107	108	112	115	
40	28
1	6	8	13	14	16	22	25	26	27	28	29	31	32	35	36	39	40	43	49	58	60	67	75	86	104	119	153	
43	29
0	5	8	9	10	13	17	18	22	29	30	31	33	35	36	40	49	55	58	63	71	73	74	76	78	88	90	100	108	
42	29
0	1	3	4	7	8	10	11	13	14	16	17	22	24	29	30	34	35	43	54	63	66	74	75	78	92	108	118	132	
39	28
2	8	9	10	13	16	17	19	20	21	22	24	25	28	29	31	32	43	49	50	54	55	58	60	76	92	108	112	
43	29
0	1	4	6	8	11	12	16	20	21	24	28	31	34	35	37	39	43	45	60	67	72	73	74	76	115	118	119	127	
44	31
0	3	4	7	8	11	12	16	17	18	21	23	24	30	32	34	35	39	43	45	49	54	58	63	75	76	92	96	104	112	115	
49	32
2	4	5	6	11	12	13	15	19	22	23	26	31	32	34	35	36	39	40	43	54	58	63	67	75	77	86	107	108	117	118	127	
42	28
0	1	3	5	6	7	9	12	13	16	22	23	25	31	33	37	39	49	60	63	71	73	88	96	108	112	118	127	
39	28
0	2	3	4	5	8	9	12	14	17	23	29	32	33	35	36	39	45	55	67	71	73	76	78	86	88	96	108	
41	28
1	4	7	10	11	14	16	19	24	25	29	30	31	32	34	35	40	57	58	60	63	66	73	74	75	92	104	118	
48	28
1	2	3	6	7	8	11	16	17	23	29	30	35	37	41	55	66	67	73	75	86	104	111	112	118	119	121	132	
44	29
1	3	7	10	11	13	14	15	16	20	21	22	25	30	32	33	35	37	40	58	59	63	66	73	95	100	108	112	153	
45	28
1	4	10	13	15	16	17	18	21	23	25	28	39	45	47	50	54	55	58	66	75	78	92	96	108	112	118	127	
40	28
0	2	4	5	8	16	19	20	21	22	24	26	28	29	31	32	33	37	39	40	54	59	60	76	92	108	119	153	
43	30
9	10	12	17	18	19	21	22	23	24	25	29	31	34	35	40	41	45	46	55	59	63	66	73	75	76	78	92	108	127	
42	29
1	2	8	10	12	13	15	20	21	22	26	27	31	32	35	40	45	46	49	50	54	55	58	63	66	88	100	108	112	
43	30
2	4	7	8	10	12	13	14	16	17	21	22	24	25	31	32	33	34	35	39	54	55	58	63	75	86	88	104	117	127	
43	30
0	1	4	5	6	7	10	12	14	17	22	24	26	31	35	36	37	40	41	54	63	66	67	73	75	76	77	78	100	127	
41	30
2	5	7	8	10	14	16	18	19	23	24	26	29	30	32	33	35	36	41	43	46	49	60	73	75	76	92	112	127	132	
47	29
0	2	3	6	7	8	12	15	16	19	22	23	24	31	37	39	63	66	67	73	74	76	77	88	104	111	115	117	127	
47	30
4	5	8	12	16	17	19	20	21	24	25	28	30	31	34	41	47	50	54	67	73	74	76	78	86	92	100	108	118	127	
40	29
0	5	6	7	8	10	11	12	13	18	21	24	29	30	35	39	43	45	49	55	58	60	67	76	78	86	88	96	115	
43	29
1	2	6	7	8	9	12	13	16	21	22	25	26	29	31	33	39	45	55	58	60	74	76	86	88	96	115	127	132	
42	32
1	6	7	9	12	13	14	18	19	22	24	25	26	27	28	29	33	35	36	40	41	43	45	46	54	55	58	60	66	86	115	127	
50	31
1	2	4	6	9	13	16	18	19	21	24	28	30	31	33	34	40	54	60	63	73	74	75	86	92	96	100	104	115	119	127	
48	32
0	2	5	9	13	15	17	18	19	22	25	26	28	29	31	32	38	40	46	54	58	60	63	66	73	75	76	78	86	108	112	119	
45	28
2	10	12	13	18	20	21	22	24	26	31	33	34	43	49	54	55	58	63	66	67	73	75	77	95	112	115	153	
45	28
0	3	4	6	11	12	13	16	17	21	22	25	30	33	34	39	50	54	60	63	66	88	96	108	115	118	119	127	
43	32
1	4	5	6	7	8	10	13	14	17	18	19	20	24	25	29	31	33	34	39	40	41	43	46	54	55	59	75	86	100	104	112	
41	27
0	1	2	4	6	13	14	18	22	25	31	35	39	40	45	54	55	58	60	73	74	75	78	86	95	104	108	
42	31
0	2	5	6	7	8	13	14	15	16	18	19	21	22	25	29	34	37	39	41	43	45	50	54	55	58	78	84	86	92	153	
45	29
4	7	8	11	12	13	15	19	21	22	26	28	29	31	33	37	39	60	63	66	73	74	88	92	96	100	108	118	119	
42	31
0	1	3	4	5	7	10	13	14	21	24	25	27	29	30	32	33	38	39	40	43	46	49	60	66	86	92	96	112	119	127	
45	30
1	2	5	6	11	13	14	16	18	21	25	30	31	33	40	41	45	46	49	55	58	60	67	71	73	88	104	108	112	118	
44	27
0	2	4	5	13	14	16	19	22	31	35	36	43	54	58	60	63	66	67	73	75	78	86	92	104	108	132	
41	28
4	5	7	8	9	13	16	17	18	20	21	22	24	25	29	30	34	43	45	50	54	63	86	88	100	108	115	118	
40	27
0	1	2	4	6	11	14	15	17	18	21	23	29	32	35	39	40	45	58	60	76	86	96	100	104	115	119	
52	31
5	6	7	12	16	17	19	21	29	31	33	36	39	40	41	46	50	54	55	58	60	63	67	71	95	107	108	112	115	118	127	
42	30
0	1	4	17	18	19	20	21	25	28	29	32	34	35	36	37	45	46	47	49	54	58	60	63	66	73	75	76	108	115	
39	28
0	1	4	7	8	9	12	14	16	17	18	19	21	24	25	31	32	34	35	49	60	66	73	75	76	111	112	115	
38	28
1	2	4	5	7	10	11	14	16	17	18	20	22	24	27	30	31	36	40	41	50	54	58	63	66	75	108	119	
36	28
1	3	6	10	11	14	18	21	23	24	25	28	30	33	34	35	37	39	40	41	45	46	55	66	73	86	104	127	
41	30
1	4	7	10	12	13	14	15	16	19	21	24	25	29	30	31	32	33	36	41	46	54	55	60	63	66	74	75	100	115	
39	28
1	2	4	5	7	13	15	16	18	22	23	25	29	31	33	43	45	46	50	55	58	60	63	66	75	86	88	108	
41	29
3	7	8	13	14	16	17	20	24	25	26	29	30	34	37	43	46	49	50	54	55	58	63	66	76	77	86	92	115	
49	28
2	4	5	12	16	19	21	25	28	34	35	41	45	49	50	54	58	73	75	76	92	96	104	108	112	115	118	153	
45	29
0	1	2	4	5	10	13	15	16	17	19	25	28	30	33	34	46	49	50	55	58	67	75	88	100	104	107	108	118	
37	27
0	4	6	7	10	12	13	14	16	18	20	21	22	25	30	33	37	39	40	55	63	66	73	78	88	108	127	
46	28
4	6	10	11	13	14	18	21	23	31	32	35	39	40	49	63	73	75	76	78	86	88	96	104	107	108	112	121	
41	28
0	1	2	4	5	6	8	11	14	15	16	20	24	27	32	40	45	50	55	58	60	66	73	74	75	77	108	132	
43	31
0	1	3	4	5	7	8	10	11	12	14	16	17	19	24	25	28	29	34	36	45	50	58	60	63	75	77	86	88	107	118	
40	28
0	2	5	8	11	14	19	21	22	23	24	25	31	35	40	49	50	54	55	59	60	63	75	76	77	86	88	90	
42	29
0	1	2	4	5	6	8	11	13	15	21	24	30	31	32	34	39	45	50	54	58	60	66	67	75	88	96	115	119	
46	30
0	6	8	11	13	14	15	16	21	23	24	27	29	33	34	37	39	41	43	49	50	63	75	78	88	108	111	112	127	153	
39	29
1	2	3	4	8	9	11	12	16	17	20	21	23	24	26	36	39	40	41	45	54	60	66	73	74	75	76	86	108	
47	29
0	1	2	7	8	10	11	13	15	17	19	22	28	31	39	46	50	55	58	60	67	73	74	76	104	107	108	119	127	
51	32
5	7	8	9	11	21	22	29	31	32	33	34	35	39	40	41	46	49	54	55	58	63	73	75	77	78	96	104	107	111	115	118	
36	27
1	3	4	5	8	11	12	14	16	17	20	23	24	25	26	29	30	41	43	58	63	66	73	75	76	96	100	
39	27
0	2	4	7	8	12	13	15	16	19	21	25	29	30	35	41	49	55	58	63	73	75	76	78	92	108	118	
40	28
0	4	6	8	10	11	12	14	21	23	25	31	32	34	35	37	45	46	49	55	58	66	78	86	96	107	112	115	
43	29
0	2	3	7	8	9	12	13	21	22	23	29	30	31	32	34	40	41	43	54	63	67	77	88	92	100	112	115	118	
45	30
0	4	6	7	8	10	11	12	16	18	20	21	24	29	31	34	45	58	63	66	67	73	74	75	76	78	88	90	104	108	
46	31
2	4	5	7	8	10	12	13	15	16	18	22	26	29	30	33	35	43	49	54	55	60	63	66	67	75	78	95	96	115	153	
47	30
4	9	12	13	16	19	21	22	23	24	25	26	31	32	34	36	39	46	54	58	63	73	75	78	86	88	100	104	127	153	
41	28
0	4	5	7	12	13	17	20	21	22	23	24	25	29	32	34	35	37	54	58	63	73	75	86	88	104	108	118	
