1000 
24	17
0	4	5	8	9	14	16	17	25	32	33	39	59	66	81	107	124	
28	18
1	2	3	4	15	18	20	23	32	39	41	49	55	56	62	81	85	107	
22	18
2	3	8	10	11	12	13	15	23	25	27	32	34	36	49	60	67	81	
27	20
2	3	5	6	8	9	10	12	17	18	19	25	26	32	33	38	49	84	124	180	
26	18
0	6	7	10	11	16	17	19	22	29	32	40	59	62	69	81	107	124	
28	18
1	2	3	4	6	8	12	15	16	17	29	36	49	81	85	87	124	136	
21	19
0	3	6	7	9	11	14	15	18	19	26	29	33	34	35	36	39	53	67	
26	19
0	1	3	6	7	11	15	16	17	18	19	27	35	36	49	61	62	81	180	
26	18
2	4	6	7	11	14	18	19	22	31	33	34	55	59	62	84	85	136	
26	17
2	5	6	10	13	16	17	23	29	38	39	49	61	81	107	131	136	
23	18
2	6	7	8	10	16	17	27	31	32	33	34	38	59	61	62	67	81	
25	19
2	3	5	7	11	13	16	19	22	26	29	33	34	36	39	53	69	131	136	
25	18
0	2	6	8	10	14	15	19	20	27	33	34	59	61	62	67	69	85	
24	16
1	2	4	6	7	9	11	14	20	23	27	59	75	85	124	131	
27	19
2	7	9	13	17	19	20	22	23	26	32	36	39	47	59	61	62	124	136	
20	17
2	6	10	11	12	13	17	20	22	27	31	34	36	38	59	61	62	
24	17
2	7	9	11	12	14	17	19	22	27	34	36	41	59	66	75	180	
25	17
2	4	8	9	11	15	16	18	19	27	33	35	59	66	69	124	180	
26	19
1	7	9	11	14	18	20	23	29	31	33	38	39	59	60	61	67	75	136	
19	17
3	6	7	9	10	11	14	15	19	20	21	27	32	37	39	61	62	
26	18
0	2	3	4	8	9	13	14	16	17	21	40	55	59	61	67	75	180	
24	18
0	4	7	10	14	18	20	22	27	35	36	38	39	47	53	62	81	131	
22	18
0	2	4	6	7	8	12	13	14	17	22	25	32	38	39	59	75	136	
21	16
5	6	8	11	12	14	15	17	20	23	26	39	60	62	69	85	
24	19
1	3	4	5	6	8	11	12	21	22	25	26	27	32	34	59	62	75	131	
26	17
5	6	7	8	13	18	19	20	22	23	27	60	61	69	75	136	180	
20	17
0	2	4	8	10	11	14	17	18	25	27	29	34	35	53	62	75	
21	16
4	6	10	12	16	20	22	23	26	31	33	34	41	53	75	131	
22	18
0	2	3	4	6	10	11	13	16	17	27	29	32	35	39	47	49	136	
27	17
2	7	9	11	12	14	26	32	39	41	59	61	62	69	84	85	136	
22	18
2	6	10	12	13	14	17	23	27	32	33	34	36	37	41	49	75	81	
21	16
3	4	5	8	9	11	13	15	18	27	34	36	38	41	87	136	
22	16
3	4	11	12	13	16	20	22	26	29	33	34	53	59	131	136	
21	17
0	2	3	5	8	10	13	16	18	19	21	22	23	32	61	62	107	
23	17
7	12	14	15	16	21	22	23	32	33	36	39	49	60	67	75	136	
25	17
2	5	13	16	20	22	26	27	32	33	36	41	49	59	69	75	180	
26	19
5	8	10	11	13	16	18	21	22	26	27	32	34	47	49	55	81	83	136	
24	18
0	11	12	16	19	20	21	22	23	29	32	33	34	53	59	62	81	131	
24	17
0	2	4	12	13	14	16	19	22	23	27	38	41	66	67	107	136	
25	19
4	7	8	9	11	14	15	20	26	29	33	34	36	49	61	62	66	67	81	
21	16
0	2	6	8	16	17	19	22	23	27	29	39	60	67	81	136	
24	18
4	5	8	9	13	15	16	22	23	29	33	34	38	39	59	62	124	131	
24	17
1	4	5	11	14	15	16	21	27	32	35	36	62	67	84	85	136	
19	17
0	3	6	7	12	14	15	20	21	23	26	27	32	36	39	56	69	
24	18
0	1	4	5	10	17	20	21	23	26	29	34	36	49	53	62	75	136	
22	16
0	2	6	9	12	15	16	17	19	20	31	36	53	67	87	136	
23	17
2	4	6	7	13	15	18	20	26	27	32	36	41	49	62	69	136	
23	17
3	6	10	12	14	18	21	23	27	29	37	39	49	59	61	62	136	
26	18
2	3	6	8	10	11	14	15	22	27	29	34	53	62	69	83	124	131	
24	17
1	2	9	11	14	15	16	18	22	29	35	36	60	62	66	85	87	
25	16
3	4	7	10	14	16	23	25	31	36	49	61	62	85	87	131	
24	19
0	2	6	9	11	12	14	16	19	26	33	34	36	39	53	59	66	75	84	
18	17
0	2	3	4	7	8	12	15	16	17	18	19	26	27	29	33	81	
25	18
3	7	9	12	16	17	19	20	29	31	33	34	55	61	62	67	83	136	
22	16
0	1	4	6	7	12	14	15	18	29	32	38	62	75	85	124	
28	18
3	4	7	8	12	13	15	16	23	26	39	41	59	61	69	87	131	136	
26	19
0	4	5	6	8	12	13	16	17	18	19	27	34	36	49	66	81	124	136	
24	19
0	3	6	11	12	13	16	18	19	22	26	27	34	38	39	60	61	62	136	
26	17
0	2	3	4	7	13	22	23	27	32	33	36	59	84	131	136	180	
28	18
4	8	11	13	14	16	17	25	26	27	33	41	53	67	81	85	131	136	
18	17
2	4	10	11	13	15	16	17	20	21	22	23	31	32	33	39	75	
20	16
2	3	4	7	9	10	18	21	26	27	36	38	62	66	67	69	
25	18
4	6	10	11	12	14	15	19	22	27	29	32	38	53	69	81	124	136	
22	17
2	3	5	6	11	18	19	22	25	26	27	32	36	62	66	75	136	
25	18
2	3	4	9	11	12	13	14	17	18	25	27	29	41	66	69	87	131	
23	17
0	2	4	7	8	9	12	13	21	26	29	36	37	61	69	85	136	
21	17
0	2	11	14	16	17	18	20	22	27	31	32	36	39	59	62	131	
22	17
0	2	3	8	10	15	17	20	25	26	27	36	38	39	47	55	180	
25	18
1	2	3	9	11	12	18	19	21	22	26	29	33	39	61	62	87	180	
20	16
3	7	8	14	16	17	19	22	25	27	32	36	39	41	53	85	
26	17
3	5	7	8	13	16	17	18	20	27	34	49	62	69	85	87	107	
24	18
0	1	2	6	12	13	15	17	19	23	27	36	38	49	59	67	69	136	
25	18
0	2	5	6	7	9	16	19	20	23	27	39	47	59	60	67	81	87	
25	18
5	8	12	16	19	20	26	29	31	32	36	39	40	67	69	75	85	136	
23	18
0	1	3	5	7	9	10	12	13	15	17	25	29	33	37	61	62	180	
21	17
2	5	6	7	10	16	21	26	27	33	34	36	39	59	61	69	75	
20	15
2	3	4	10	11	13	15	17	19	20	25	36	53	87	136	
25	17
0	2	5	6	7	11	14	20	27	33	36	62	66	67	75	85	136	
25	18
7	8	10	12	13	14	15	18	19	20	26	27	32	36	59	83	136	180	
23	18
0	1	2	5	9	11	12	14	18	26	32	36	38	39	59	75	84	136	
26	17
5	7	9	12	13	16	18	20	21	27	36	41	53	67	75	124	180	
23	17
3	9	11	14	17	18	19	21	32	35	36	38	53	59	62	81	136	
20	17
0	5	8	11	12	15	16	20	25	27	31	36	37	39	62	75	81	
25	16
2	4	6	12	13	14	15	16	18	22	41	66	75	85	107	124	
27	17
0	4	5	8	9	10	14	17	26	39	59	62	67	75	81	136	180	
27	18
3	4	10	17	18	19	20	22	32	33	34	37	38	49	59	107	136	180	
23	17
3	5	6	7	8	12	15	17	19	32	34	36	41	49	55	60	85	
28	18
0	4	6	7	8	12	21	25	31	35	38	39	53	55	87	107	124	136	
24	18
0	2	3	4	5	6	8	9	12	14	17	38	39	49	61	67	75	87	
23	16
1	11	17	18	19	20	22	23	36	39	49	53	55	59	61	87	
27	18
4	8	11	15	19	20	25	27	29	32	35	36	53	61	62	75	85	180	
22	18
2	4	7	10	12	14	15	16	19	20	22	27	32	40	41	60	62	67	
22	18
3	4	5	7	9	10	12	15	16	18	19	21	29	33	39	60	69	136	
24	18
0	4	5	8	9	17	19	20	21	23	38	39	40	41	53	55	84	107	
23	17
4	11	12	13	14	15	16	21	25	27	33	34	36	41	69	131	136	
20	16
3	6	8	11	12	15	17	18	25	27	32	33	39	47	61	131	
22	16
2	4	9	13	16	17	18	21	22	27	32	34	36	59	131	180	
22	17
3	7	11	15	16	17	19	20	21	32	36	39	41	61	62	66	75	
20	17
1	6	9	10	14	16	17	18	19	20	21	22	25	32	62	67	81	
25	17
0	2	5	8	14	16	19	22	27	34	39	49	62	67	75	84	180	
19	17
0	2	3	6	9	10	11	12	14	16	20	27	29	36	39	61	75	
31	18
2	5	6	10	12	15	16	17	25	34	38	59	75	85	124	131	136	180	
26	19
2	5	6	9	10	11	12	17	22	25	33	36	39	47	59	62	66	69	124	
25	16
5	7	8	11	15	31	32	33	36	38	49	53	62	87	107	124	
23	18
4	6	7	12	14	16	18	19	25	27	32	33	36	41	55	61	66	84	
20	18
0	4	10	11	12	14	15	17	20	22	25	31	33	34	38	39	59	84	
25	18
2	5	12	14	15	17	18	20	22	33	34	36	39	59	69	81	85	136	
23	18
1	3	9	10	13	17	20	23	26	27	32	34	36	41	55	62	75	83	
24	18
4	5	7	8	12	14	17	18	23	25	31	32	38	49	56	59	67	136	
28	17
2	6	12	14	15	18	21	29	39	49	59	61	67	81	85	107	136	
27	18
1	2	4	8	10	18	19	20	21	22	32	39	41	47	83	84	131	180	
27	18
3	7	12	14	15	17	18	21	22	27	29	33	39	66	84	85	136	180	
21	16
0	4	5	6	8	9	14	20	23	27	39	41	59	62	66	75	
25	17
0	2	5	7	9	10	17	18	21	34	36	49	56	69	83	124	131	
23	17
3	4	9	10	11	13	17	19	20	21	22	32	34	62	81	124	131	
20	17
2	4	5	12	14	15	17	18	19	29	32	33	36	38	39	41	136	
21	17
4	8	10	12	14	17	18	22	26	32	34	38	39	55	59	81	84	
23	16
2	6	10	11	13	15	16	21	22	32	37	38	67	87	124	136	
25	19
1	6	9	12	15	17	21	25	26	27	29	34	36	38	53	55	59	69	136	
23	18
0	1	4	6	8	13	15	17	20	21	27	32	36	49	59	61	62	75	
31	19
0	7	8	10	12	16	18	22	32	36	49	61	67	69	75	81	124	131	136	
22	17
0	4	8	12	13	16	17	19	20	26	29	39	41	59	60	69	75	
23	18
2	3	4	15	17	18	20	22	27	31	32	34	35	38	53	75	84	136	
26	17
0	3	14	15	18	20	22	26	27	39	49	60	61	69	75	84	180	
25	18
0	2	3	7	8	11	13	20	27	29	32	36	53	62	67	75	81	136	
23	18
0	5	6	7	10	17	18	22	26	31	32	34	36	49	55	62	66	69	
23	19
0	4	9	10	11	17	18	20	21	25	26	27	31	32	39	59	60	69	84	
23	18
0	2	3	6	11	12	19	20	25	27	29	32	39	47	49	67	69	75	
27	18
1	7	8	11	12	14	15	16	20	32	33	34	62	66	75	81	124	180	
26	17
0	1	2	3	8	9	13	17	25	29	38	47	66	67	69	136	180	
23	17
3	5	6	8	11	12	15	19	25	33	34	36	60	66	67	69	85	
20	17
0	2	4	6	7	8	19	21	22	26	27	29	31	34	38	75	136	
25	17
2	3	8	9	12	13	16	18	22	27	29	38	47	62	66	87	180	
22	18
0	3	6	7	8	10	13	14	15	17	18	19	20	21	38	39	124	136	
17	15
2	4	7	8	9	13	15	17	18	22	33	34	36	38	124	
24	17
0	2	4	5	8	10	13	14	17	18	19	23	26	62	69	136	180	
22	16
0	2	3	6	7	11	12	16	19	21	27	36	62	75	107	136	
27	19
2	7	9	10	11	15	17	21	22	27	29	32	34	47	59	62	81	87	136	
29	18
3	4	5	11	12	15	17	19	21	27	38	49	66	75	84	85	87	180	
25	18
2	8	13	17	20	21	25	32	34	36	38	39	55	59	61	69	83	136	
24	17
2	4	10	13	15	16	17	19	22	26	33	34	41	59	75	85	124	
22	17
0	1	3	5	11	15	16	17	19	20	21	23	32	36	49	85	136	
27	18
3	4	6	8	11	12	13	15	17	26	38	39	61	62	67	75	136	180	
23	19
0	2	4	6	7	10	11	12	15	16	18	26	27	36	38	39	60	81	124	
26	19
4	6	7	8	13	15	19	20	25	29	32	34	38	39	59	62	66	75	180	
24	17
2	4	6	7	9	10	15	16	25	31	32	38	53	60	69	85	124	
24	16
2	3	4	13	17	21	26	27	29	36	49	53	60	75	124	136	
28	17
1	2	3	4	8	9	10	17	19	39	55	61	62	67	85	136	180	
20	16
0	2	4	8	20	21	23	25	27	31	32	36	39	75	81	107	
26	19
2	3	7	10	11	12	15	18	22	32	33	34	38	41	59	60	67	81	136	
25	18
1	3	6	12	13	16	17	25	26	27	32	38	39	62	66	84	85	131	
22	16
5	6	8	9	12	15	16	20	27	32	36	38	39	85	124	136	
21	18
0	2	3	6	8	10	13	15	18	19	22	29	32	34	35	61	62	66	
23	18
2	4	9	11	12	15	17	19	22	23	33	35	36	39	41	47	62	136	
26	17
3	4	9	11	12	15	16	20	29	31	35	38	59	81	85	136	180	
23	17
2	5	6	7	8	10	14	16	18	21	26	36	38	49	59	85	107	
21	17
3	4	5	6	7	8	9	12	14	16	18	21	25	33	39	61	180	
27	17
0	2	6	8	10	12	18	22	36	41	59	61	62	66	84	85	136	
27	18
0	5	6	8	10	11	12	14	16	17	20	34	59	81	84	85	124	136	
21	16
2	4	6	10	11	12	13	22	27	34	36	41	49	53	61	81	
25	18
1	2	3	7	8	11	13	18	22	27	29	36	38	39	62	69	107	180	
25	18
5	7	10	12	13	20	22	26	29	32	36	39	41	49	53	75	81	136	
22	18
1	2	5	6	7	8	10	12	13	14	19	22	25	27	34	36	49	180	
20	15
2	3	4	6	10	11	13	14	16	19	22	49	62	69	85	
22	17
5	6	7	8	12	15	17	20	27	32	36	38	47	49	60	61	67	
23	17
1	2	6	8	10	14	15	16	19	22	27	35	49	53	60	69	85	
25	18
3	8	9	10	15	19	20	22	25	35	38	39	40	41	61	75	87	136	
29	19
0	3	6	7	10	12	13	15	17	26	29	36	38	49	62	85	107	124	136	
29	17
1	4	7	10	11	13	19	27	36	41	59	61	75	85	87	124	136	
23	16
3	4	6	7	8	9	16	18	21	27	38	53	62	67	85	136	
22	16
0	1	3	6	7	8	11	13	16	20	25	34	37	87	124	131	
19	17
4	6	10	12	14	15	16	17	19	20	22	27	32	36	38	41	66	
22	18
2	7	11	13	16	17	21	25	29	31	33	36	37	39	49	59	69	75	
27	18
0	4	14	16	17	19	20	27	33	34	35	37	41	67	84	85	107	124	
22	19
0	2	5	7	8	12	13	17	19	20	23	25	27	29	32	33	36	75	85	
28	19
1	2	3	6	8	11	12	16	18	20	22	35	41	59	66	67	69	85	131	
22	17
0	4	8	9	12	13	15	16	21	26	32	36	38	41	61	75	85	
25	16
2	4	6	12	14	19	26	27	29	41	49	66	75	81	124	136	
24	17
7	11	15	17	18	19	20	21	32	33	34	41	60	62	67	81	85	
21	17
0	4	6	7	9	12	16	17	20	26	32	34	36	38	59	62	87	
26	19
5	7	10	12	13	20	21	22	23	29	32	33	34	38	39	49	75	107	180	
26	18
0	2	6	11	12	14	15	18	21	23	29	38	41	53	59	69	85	124	
25	17
3	6	9	12	14	16	17	19	20	21	32	36	59	75	85	87	136	
22	16
6	12	13	15	18	19	23	25	31	36	38	49	59	61	69	131	
24	17
4	7	9	11	17	20	21	26	27	29	34	36	49	60	69	87	136	
25	18
1	2	5	9	16	17	20	23	25	27	31	34	38	59	62	69	85	131	
18	16
6	7	11	12	13	14	15	17	18	19	20	21	22	35	38	136	
26	19
0	2	4	7	8	9	11	17	19	23	26	33	39	41	62	69	75	84	124	
27	19
9	10	13	14	15	16	19	33	34	36	38	41	59	60	62	66	75	83	84	
28	18
11	12	15	16	17	18	19	25	27	32	34	41	53	59	62	69	136	180	
21	18
0	2	3	5	6	8	10	12	13	17	19	29	32	33	38	61	75	84	
25	17
1	4	10	14	15	16	17	25	27	36	38	39	41	69	81	107	180	
22	19
2	5	9	11	12	13	15	16	19	20	22	23	32	36	38	39	49	62	67	
20	17
0	3	4	8	11	15	16	17	23	27	29	32	35	36	53	62	75	
27	19
4	10	12	14	16	20	22	25	26	29	34	36	37	53	69	75	84	87	136	
26	16
5	6	8	11	12	13	14	17	33	49	59	62	66	84	124	180	
22	18
4	8	9	10	11	13	15	16	18	19	25	32	33	34	37	38	124	136	
26	16
2	3	8	10	11	19	20	25	36	49	59	66	75	85	87	136	
23	16
6	8	10	13	15	23	29	32	33	35	41	59	62	66	67	136	
25	18
1	3	5	7	9	11	19	21	25	27	33	34	38	39	69	75	107	180	
23	17
0	1	2	6	7	10	13	14	18	21	25	32	36	41	75	85	124	
22	18
0	1	4	6	7	8	18	20	23	26	27	32	38	39	55	59	60	61	
26	18
0	5	9	12	15	16	17	19	20	33	35	38	59	62	69	81	107	124	
23	18
2	4	5	6	10	12	15	17	18	20	25	27	33	38	39	75	124	131	
22	16
6	8	11	16	17	18	20	26	27	33	39	59	60	62	75	124	
26	17
6	8	9	13	17	25	31	32	34	36	49	53	59	69	81	85	131	
26	19
4	6	10	14	16	18	19	20	21	22	26	29	32	38	41	62	66	75	180	
26	18
4	6	7	13	15	19	20	27	29	33	34	35	41	55	59	62	124	131	
20	17
0	2	3	7	8	10	13	16	21	27	29	32	33	35	59	62	83	
19	16
0	3	6	8	10	16	17	20	22	25	27	31	33	34	49	124	
24	18
0	3	4	9	11	14	17	21	26	29	32	33	36	39	49	62	131	136	
26	19
0	1	8	10	11	12	13	14	15	16	17	35	37	61	62	66	75	81	136	
22	17
0	6	7	8	14	17	21	22	25	27	33	37	38	49	55	67	124	
23	18
6	7	9	13	14	15	19	20	23	25	33	35	39	41	49	53	61	69	
23	18
1	3	6	8	11	14	16	20	22	27	29	32	33	34	36	49	85	136	
26	17
2	4	12	14	15	16	18	20	27	29	38	62	66	84	85	107	136	
29	18
0	5	6	10	11	17	27	32	34	35	41	49	53	56	60	61	107	180	
20	17
0	4	6	10	11	12	15	20	23	25	27	29	32	39	49	60	69	
20	17
0	3	4	10	11	14	15	16	17	19	21	23	25	29	38	84	85	
25	17
0	2	5	6	8	14	20	25	27	29	32	49	59	69	81	107	131	
24	18
2	4	5	7	11	16	17	20	21	22	23	26	39	40	49	62	87	136	
27	18
2	3	8	10	18	20	21	22	31	33	39	49	59	67	75	81	85	107	
24	16
4	7	12	14	16	19	23	25	36	39	41	49	59	83	85	131	
28	17
5	8	12	15	16	17	18	20	39	41	55	56	59	75	85	107	136	
26	17
0	6	8	12	18	22	23	26	27	36	39	60	61	67	69	124	180	
23	16
3	5	6	7	8	11	14	15	26	39	41	47	62	69	75	136	
24	17
0	7	10	11	13	15	17	19	20	21	27	33	34	59	62	87	180	
23	18
0	6	8	16	17	18	25	26	27	29	31	36	40	49	53	59	62	69	
25	17
0	2	6	11	14	16	18	22	26	29	33	66	75	81	83	85	136	
23	17
6	7	10	12	13	14	17	18	20	22	37	41	49	55	59	62	75	
26	18
1	5	6	7	9	11	12	16	17	20	25	34	61	62	69	84	87	136	
24	17
1	6	11	14	17	19	22	25	27	29	34	36	59	62	66	75	180	
27	19
0	4	6	16	20	25	26	27	29	32	33	36	38	39	60	62	66	131	180	
26	18
0	2	4	8	11	14	17	22	27	29	35	36	62	66	75	81	131	136	
24	16
3	7	11	12	13	15	16	20	26	32	41	61	62	66	87	107	
25	18
3	4	7	10	14	15	17	18	25	33	35	36	39	49	61	62	107	136	
24	18
1	7	12	16	18	20	21	23	27	29	34	35	38	53	60	67	75	107	
22	16
2	3	5	6	7	10	13	22	29	35	38	47	61	62	75	136	
23	17
0	2	4	6	10	11	17	22	25	27	33	36	39	41	60	67	180	
20	16
0	2	4	6	7	8	13	19	22	23	27	36	41	49	60	75	
25	18
1	2	4	10	11	13	15	18	20	22	23	33	36	38	66	124	131	136	
26	19
4	5	6	7	11	13	15	20	22	26	32	33	34	39	41	62	75	124	136	
24	16
2	4	10	13	14	17	19	21	22	23	32	41	62	85	107	124	
25	17
0	1	6	8	9	11	14	16	32	36	38	41	60	61	75	81	180	
26	18
0	1	4	10	11	12	15	16	17	18	27	29	32	66	81	85	87	131	
20	17
3	4	5	11	14	16	17	19	21	23	29	32	34	39	62	83	84	
25	18
0	2	4	7	10	11	16	19	20	21	27	29	31	62	66	81	87	107	
23	16
2	4	6	7	18	19	22	26	32	36	39	41	61	62	107	136	
21	17
3	6	7	8	10	11	13	14	15	17	18	19	27	33	61	62	107	
24	16
2	7	10	11	14	17	21	32	34	36	41	59	61	69	85	136	
24	16
0	2	5	6	10	12	16	17	26	27	41	47	49	60	85	124	
24	17
5	6	9	10	11	12	15	16	27	29	32	39	60	69	83	107	124	
25	18
0	1	8	10	14	18	20	22	27	34	35	36	39	41	47	61	124	136	
24	18
0	5	9	10	11	12	13	15	21	22	31	32	39	60	62	69	75	136	
23	17
0	1	4	5	10	14	16	20	21	22	23	38	39	41	49	131	136	
27	18
5	10	13	14	16	18	21	22	29	35	38	47	56	61	62	75	131	136	
29	19
0	1	5	7	10	14	18	19	25	33	38	39	53	59	61	62	84	107	180	
25	18
11	12	13	17	19	20	22	27	33	34	39	40	41	47	62	67	75	124	
24	19
2	3	4	5	7	8	10	11	13	16	21	27	29	34	36	53	81	83	136	
23	17
0	9	10	11	13	14	15	17	20	23	27	36	38	59	81	85	131	
24	17
7	10	17	18	19	25	27	33	35	36	39	41	55	59	62	81	85	
23	17
0	5	8	9	13	17	20	32	33	34	36	39	41	59	62	69	124	
24	17
6	7	11	14	16	18	20	22	27	32	33	34	53	59	69	124	131	
26	19
0	3	4	12	13	14	16	17	21	27	33	34	37	38	41	55	60	85	131	
26	17
1	3	4	6	7	12	17	18	19	21	39	49	55	61	85	124	136	
26	17
2	6	7	9	11	16	18	22	25	27	29	38	59	75	124	136	180	
23	15
0	2	3	6	7	14	17	19	32	36	56	59	60	85	180	
22	16
0	3	4	6	7	8	10	16	17	29	33	34	49	60	85	124	
20	17
0	2	5	7	8	9	10	14	15	16	21	33	36	39	41	49	59	
25	18
1	4	5	11	14	17	20	21	27	29	36	41	47	49	53	60	69	75	
30	18
0	4	6	11	13	18	22	31	33	39	62	67	81	83	84	124	131	180	
23	17
3	4	7	8	13	15	16	17	22	27	29	33	36	39	107	124	136	
28	17
6	9	14	17	22	23	29	32	33	47	49	59	62	69	107	124	136	
28	18
8	9	11	14	20	27	32	34	36	39	41	59	60	62	67	75	87	136	
26	18
0	2	3	6	15	19	22	23	27	33	36	39	56	60	62	69	107	131	
24	17
2	3	8	9	11	12	13	14	16	18	21	32	59	61	75	107	124	
27	18
2	3	11	12	16	20	22	23	25	26	36	39	49	66	83	87	131	136	
25	17
3	4	6	7	15	16	19	27	29	39	49	55	59	60	62	66	87	
23	18
2	6	7	11	12	13	14	15	16	19	20	21	22	38	41	62	75	131	
20	16
0	2	5	7	9	12	14	15	17	18	19	20	36	38	85	136	
22	16
1	2	8	10	11	17	20	22	32	34	35	49	62	67	84	85	
26	18
0	2	3	7	9	10	13	15	16	20	22	29	31	41	49	55	124	180	
26	18
1	4	7	8	9	11	20	21	22	29	31	34	38	47	49	53	136	180	
29	20
3	6	7	8	10	18	19	20	22	23	31	36	39	55	59	62	67	83	107	124	
24	18
4	5	7	8	10	13	18	19	20	21	26	32	38	41	49	55	81	85	
28	18
4	6	7	14	16	21	22	25	27	33	49	53	60	67	75	81	85	131	
25	17
0	3	5	7	10	11	14	18	20	33	34	39	59	75	85	124	136	
19	17
0	1	2	5	6	10	11	14	16	17	22	23	25	32	36	53	69	
25	18
0	1	4	8	9	12	14	16	26	34	36	39	41	49	60	61	81	131	
24	19
3	4	6	11	12	15	17	19	20	23	29	34	35	36	39	59	62	75	107	
22	18
0	9	10	11	13	17	20	25	26	27	29	32	33	39	41	59	60	75	
21	17
0	6	7	11	15	16	19	20	21	22	26	27	32	38	59	62	136	
23	18
4	7	10	11	12	16	17	19	22	23	25	27	31	33	34	69	131	136	
25	17
0	4	7	8	13	17	19	20	29	33	34	41	59	62	75	87	136	
22	16
2	3	6	7	8	9	11	22	27	29	39	47	49	67	81	124	
25	18
0	4	6	10	13	15	16	20	27	32	33	38	39	49	61	66	85	131	
27	17
0	10	11	16	18	19	20	34	39	41	49	59	61	62	66	124	131	
30	17
6	11	14	21	25	26	27	29	36	37	69	85	87	107	124	131	136	
25	17
2	6	10	11	12	13	14	22	33	34	38	49	53	67	75	107	136	
27	19
0	1	5	6	13	16	17	21	22	26	27	31	32	39	47	62	67	85	180	
25	18
11	12	14	18	20	21	22	25	26	33	35	36	39	59	62	81	107	136	
24	18
2	3	4	6	10	19	21	25	26	29	31	34	36	38	61	75	107	131	
28	18
5	16	17	18	21	26	27	34	36	38	39	55	59	60	67	83	124	180	
19	16
3	4	6	8	11	12	13	15	17	18	26	27	36	39	62	136	
27	19
0	1	7	13	16	17	18	20	21	26	32	38	53	59	61	62	66	84	85	
23	17
1	2	3	6	7	8	13	19	21	29	32	34	61	62	66	81	85	
20	17
2	3	4	6	9	10	11	15	16	17	18	21	27	29	36	75	131	
28	19
1	2	4	7	14	16	20	21	22	27	32	34	36	38	62	69	131	136	180	
21	17
2	4	6	7	8	9	11	12	18	19	26	29	31	38	69	75	85	
30	19
1	2	8	14	17	20	21	27	32	34	36	38	55	67	81	85	124	131	136	
25	18
7	11	12	13	15	17	18	21	25	32	33	36	47	61	67	75	84	85	
24	18
0	2	7	9	11	13	20	22	25	26	27	31	36	41	49	67	83	136	
24	17
0	3	7	8	12	14	16	21	27	32	36	41	59	60	69	81	85	
20	17
2	6	7	8	10	16	17	18	19	22	27	29	33	34	62	67	81	
23	18
0	2	4	10	11	13	14	15	17	19	26	36	38	39	41	49	67	136	
25	17
0	4	8	10	17	18	19	20	31	33	39	49	60	62	75	131	136	
22	17
3	5	6	8	12	14	17	20	32	33	34	36	38	41	49	61	85	
24	17
5	7	11	13	16	19	22	23	26	34	36	39	53	61	75	131	136	
24	18
0	2	3	4	9	13	16	18	20	22	26	27	34	39	47	49	107	131	
23	16
0	8	16	17	20	22	26	27	33	35	41	60	61	62	67	85	
21	16
2	3	8	12	13	17	18	19	27	32	34	38	53	56	60	85	
23	17
0	1	2	3	4	8	16	18	19	22	27	32	39	59	60	85	136	
24	17
0	3	4	7	8	13	17	22	25	27	34	39	59	62	69	87	124	
27	19
0	4	5	8	12	17	18	20	22	23	36	38	39	41	59	67	83	107	124	
24	17
0	6	8	10	11	12	13	14	15	16	17	20	35	49	61	85	180	
28	19
3	9	11	12	14	17	18	19	21	25	27	29	39	49	59	61	81	136	180	
25	18
1	3	4	7	8	12	13	14	15	17	18	26	27	34	49	107	131	136	
27	18
4	6	7	9	10	11	13	19	27	34	36	49	59	61	62	75	131	136	
22	17
4	7	8	12	13	14	17	22	25	31	32	38	39	49	55	61	107	
25	16
3	10	12	15	17	25	29	33	35	36	60	61	67	85	107	131	
26	19
0	3	10	12	13	15	17	18	19	25	27	29	35	36	38	49	84	131	180	
22	17
0	2	6	10	12	13	14	16	17	22	26	31	33	34	35	136	180	
26	17
7	9	10	15	16	18	20	21	23	32	38	59	62	81	85	131	136	
21	18
2	3	4	7	8	9	11	16	17	18	23	32	33	36	39	61	75	81	
21	16
0	4	8	13	14	17	19	20	27	36	37	41	49	59	62	66	
24	17
2	3	4	8	9	12	15	16	26	31	32	39	41	47	59	87	136	
24	18
2	3	4	11	13	14	15	17	19	26	27	33	35	41	62	66	69	136	
24	17
4	10	11	14	17	18	19	20	23	29	36	37	49	62	67	131	136	
27	18
2	3	6	11	12	13	15	18	29	36	39	41	61	62	66	84	87	131	
20	18
0	6	7	8	9	12	14	15	16	17	18	20	21	22	33	39	59	69	
27	17
3	7	13	14	17	18	19	22	26	35	38	55	67	81	124	136	180	
23	17
3	4	6	7	8	12	14	15	22	27	33	34	36	49	66	107	136	
20	17
1	6	10	14	18	19	20	21	26	29	32	35	38	39	55	61	75	
25	19
0	3	4	6	7	11	12	14	15	22	26	31	32	36	38	59	81	84	180	
31	18
1	3	7	8	10	12	17	32	34	39	55	62	75	81	87	124	136	180	
25	17
4	5	9	12	14	17	18	21	23	33	40	53	59	60	66	69	180	
23	18
0	5	6	10	11	12	15	16	17	20	21	33	36	39	53	61	69	131	
23	17
1	4	7	9	11	19	23	27	32	36	37	39	41	49	61	67	136	
21	17
0	2	5	10	11	16	17	20	27	32	34	36	39	41	59	66	75	
22	18
2	4	7	10	12	13	17	18	20	25	26	31	32	40	60	62	67	69	
25	18
4	10	12	13	16	17	20	27	29	32	34	36	39	49	66	75	85	87	
22	18
0	2	3	4	5	6	7	16	18	21	25	27	34	38	39	47	55	124	
22	18
0	3	4	7	8	13	14	18	21	25	27	29	32	34	38	49	59	124	
27	18
6	7	8	10	13	18	19	20	21	27	29	34	53	67	75	81	136	180	
19	16
2	5	6	10	12	13	16	20	22	26	27	29	34	41	60	75	
27	17
2	4	6	7	10	11	14	16	17	19	35	49	61	66	87	131	180	
27	17
2	4	6	18	19	22	26	27	31	32	41	60	61	62	81	107	180	
22	19
0	1	2	6	7	8	12	17	19	22	23	25	27	32	34	36	47	59	81	
25	18
13	14	16	17	19	21	22	27	29	31	32	36	41	67	69	75	84	85	
23	17
0	5	6	10	13	15	16	20	23	32	34	36	38	41	69	124	136	
23	19
0	3	4	8	11	13	14	15	18	19	21	27	32	33	35	36	55	81	85	
25	17
0	2	3	8	14	16	18	19	20	31	39	59	62	69	83	107	131	
26	18
2	3	5	8	9	10	12	13	17	23	27	29	60	62	75	83	85	136	
25	18
3	6	7	8	13	15	17	21	25	31	33	38	39	61	62	75	85	136	
31	19
0	4	9	12	16	19	22	23	31	33	49	53	59	61	66	75	83	131	180	
22	16
2	3	4	7	8	12	13	22	32	33	34	39	60	61	62	180	
22	18
1	4	10	11	13	17	19	22	25	27	33	34	36	38	41	59	60	61	
24	15
5	6	7	8	13	15	20	33	34	36	41	49	85	124	180	
26	16
4	8	12	14	16	18	20	22	32	33	53	61	69	131	136	180	
25	19
1	3	5	8	12	13	18	20	23	29	32	33	36	38	61	67	69	81	131	
20	17
0	6	7	8	13	14	15	18	20	22	23	25	29	31	36	69	85	
27	18
4	5	6	7	10	11	19	22	23	26	39	49	55	61	62	69	124	131	
25	17
1	2	6	11	16	18	20	22	26	27	32	33	38	67	124	131	180	
25	18
1	7	14	15	17	20	26	27	29	32	33	36	39	41	59	62	85	136	
24	17
4	5	6	8	11	12	14	15	17	25	32	33	36	38	124	136	180	
27	18
6	9	11	13	16	18	19	21	22	25	27	31	49	60	67	85	124	136	
27	19
2	4	8	11	12	13	18	20	26	32	34	35	36	59	61	62	81	124	131	
28	18
0	2	11	12	14	22	26	32	36	39	41	60	62	66	81	84	87	136	
23	17
4	5	6	7	8	11	14	15	16	19	22	27	36	41	53	60	180	
24	18
2	4	7	16	17	18	22	27	29	32	34	36	49	61	62	69	81	84	
23	18
1	2	4	9	10	12	13	15	16	21	22	31	33	36	38	61	107	136	
29	19
0	2	4	7	10	11	12	15	16	27	29	33	38	59	62	75	124	136	180	
22	15
2	6	7	10	11	16	17	18	20	32	49	56	59	85	131	
25	17
0	2	4	6	14	15	17	18	22	27	29	32	38	49	124	136	180	
28	19
6	7	13	14	15	21	23	26	27	32	34	39	49	53	59	67	75	124	136	
24	19
1	3	7	11	13	14	15	16	17	22	25	32	34	35	36	59	60	66	85	
24	18
2	4	6	9	12	13	14	15	16	25	29	32	34	41	53	61	81	87	
24	17
0	6	11	12	14	15	19	22	25	33	34	41	59	62	75	84	107	
31	19
0	3	5	6	8	9	23	27	32	36	38	59	61	62	69	75	87	124	180	
23	17
0	6	9	11	13	20	23	31	32	35	36	38	49	62	67	69	131	
23	18
3	5	6	8	11	13	14	15	16	27	34	36	37	38	41	49	61	107	
24	18
0	2	5	6	7	11	13	15	17	21	22	27	31	34	49	75	85	131	
23	18
0	1	4	7	11	12	13	14	16	20	21	25	26	49	59	61	66	81	
24	18
0	4	6	7	8	13	15	17	25	27	33	37	40	62	66	67	69	85	
21	15
4	6	8	13	14	16	20	22	23	32	36	49	81	131	136	
22	17
2	5	14	16	17	19	21	25	27	29	35	36	49	61	66	69	81	
25	18
3	7	9	10	14	29	31	32	33	36	37	39	49	59	61	62	75	136	
26	18
2	4	7	17	20	23	26	27	31	32	34	53	55	62	67	69	75	124	
19	17
0	1	3	4	13	15	16	20	25	27	31	32	34	36	40	49	60	
22	16
6	11	12	14	15	22	25	27	33	38	39	41	67	69	81	107	
25	18
1	2	3	5	6	14	17	18	21	26	27	33	36	60	62	69	131	136	
29	19
2	9	10	15	16	20	22	29	33	36	38	53	55	59	61	62	67	69	180	
24	17
1	4	7	8	10	11	13	14	17	19	20	36	49	59	75	85	136	
26	18
0	4	6	7	8	11	14	19	21	23	34	36	41	49	55	59	85	136	
23	17
0	9	13	15	16	20	21	23	26	33	36	55	59	62	66	69	83	
30	18
4	12	14	18	20	26	36	38	41	53	59	60	61	62	75	81	85	131	
19	15
1	2	3	4	10	11	17	19	20	31	33	39	49	62	136	
22	17
0	1	5	6	7	11	16	18	21	25	32	34	36	61	62	81	107	
28	20
0	2	3	5	6	9	22	23	25	27	31	32	37	38	53	55	69	75	85	136	
27	18
4	6	9	10	12	15	18	20	26	34	35	38	62	69	84	85	107	136	
27	18
0	1	6	7	11	14	15	18	19	21	27	33	34	62	75	131	136	180	
22	18
0	4	5	11	14	16	17	19	25	26	27	33	34	35	38	41	75	124	
23	16
4	6	8	9	14	15	16	18	27	39	59	60	66	69	83	85	
26	18
0	2	4	6	17	18	20	21	22	23	27	33	59	62	75	81	107	124	
23	18
4	5	7	8	11	12	14	20	23	25	26	27	39	41	49	59	69	75	
24	19
0	3	4	8	9	13	14	15	17	21	26	27	29	33	41	49	66	75	81	
27	17
6	8	9	12	14	15	16	18	27	39	49	61	62	69	81	107	180	
20	17
0	2	4	6	10	16	20	22	23	25	27	33	34	38	59	62	67	
23	18
6	11	13	14	15	17	19	20	22	25	27	32	36	38	66	69	75	136	
21	17
0	2	3	7	8	9	10	11	16	19	27	29	39	47	49	56	81	
21	17
0	2	6	8	10	14	17	25	31	32	34	36	38	59	61	75	84	
25	17
0	4	7	8	9	10	11	21	27	39	41	49	59	62	67	75	124	
30	19
2	4	6	10	12	15	18	27	31	34	38	53	59	69	75	81	83	131	180	
26	19
2	6	7	11	12	13	14	17	18	22	25	27	36	38	41	62	69	81	180	
23	16
2	4	7	11	13	14	15	17	19	22	27	41	59	66	87	136	
20	17
2	3	4	5	7	8	11	13	14	17	22	34	35	38	53	59	84	
23	16
0	3	7	9	11	14	17	18	19	27	36	55	59	66	75	180	
21	18
0	3	4	5	6	14	15	16	17	18	21	27	29	32	36	62	75	83	
22	17
1	7	8	11	12	13	15	16	21	25	27	29	32	66	67	75	107	
23	17
2	3	4	6	7	13	15	22	23	34	36	38	49	61	66	69	136	
24	17
6	8	11	13	14	16	18	19	22	27	29	34	61	69	83	107	136	
27	18
0	9	10	16	17	20	21	27	32	36	41	49	53	61	62	67	81	136	
23	17
0	2	6	9	11	14	16	17	18	27	29	36	59	69	75	83	136	
26	18
3	4	5	12	13	15	16	19	20	21	27	36	49	59	62	75	81	180	
23	16
0	6	7	8	9	11	12	21	23	27	53	59	62	67	75	85	
23	17
3	4	6	11	12	16	20	22	32	34	36	40	59	62	69	75	87	
28	18
6	8	10	12	14	20	22	26	32	34	36	49	55	59	62	124	131	136	
24	18
1	7	9	10	14	16	18	20	21	22	23	31	32	34	38	62	131	180	
28	18
0	2	6	10	13	15	17	22	23	32	36	37	62	67	81	124	136	180	
23	19
0	2	4	5	7	8	14	21	25	27	29	31	36	37	38	39	53	75	124	
31	20
5	6	11	12	17	18	19	27	29	34	36	39	41	49	55	69	75	87	124	131	
23	17
4	9	11	15	16	19	20	22	31	32	36	53	55	59	60	62	75	
20	16
2	3	4	6	13	17	22	27	29	32	36	37	39	62	83	85	
23	18
1	6	8	10	12	16	17	20	26	27	32	37	38	39	49	59	62	124	
24	19
0	1	3	4	10	13	15	16	19	26	27	29	31	36	38	53	61	69	131	
27	18
0	3	7	9	13	15	17	18	19	27	32	40	41	62	81	85	124	136	
24	18
0	2	3	4	5	10	13	14	16	22	25	33	37	39	41	69	131	136	
26	17
1	3	6	10	13	14	15	16	22	29	33	59	60	81	84	85	180	
26	18
1	6	7	8	9	10	11	14	15	19	35	60	66	69	75	83	84	124	
26	17
0	4	8	14	15	16	17	18	20	21	22	27	53	81	124	136	180	
21	17
0	6	7	10	11	12	14	16	19	20	22	34	38	41	59	67	69	
23	18
1	4	6	7	9	13	14	17	20	23	33	36	37	41	49	53	55	75	
31	19
3	6	7	11	13	19	27	32	33	34	49	55	59	61	66	75	84	87	180	
23	17
2	4	7	9	13	16	17	25	29	31	32	36	41	53	59	81	85	
27	17
0	3	4	8	10	15	18	20	36	39	60	62	69	75	87	124	136	
24	19
0	3	5	7	11	13	16	19	22	23	32	34	35	36	39	49	61	75	107	
21	17
2	3	5	6	8	14	17	18	19	20	26	27	33	34	39	85	87	
24	16
3	4	6	11	13	15	20	22	23	27	49	59	62	66	84	180	
21	17
2	3	4	5	7	11	14	15	17	18	19	20	29	38	41	49	136	
22	18
2	3	6	7	11	12	13	16	18	20	22	25	32	38	62	67	69	84	
26	18
5	7	11	12	13	16	17	20	22	33	34	39	59	61	62	69	85	131	
27	18
6	7	8	10	12	14	15	18	20	38	39	60	61	66	67	75	87	136	
22	16
2	6	7	8	9	10	14	15	17	32	38	47	59	62	75	136	
24	18
0	1	2	5	9	10	13	17	19	20	29	33	34	39	59	61	62	180	
24	17
0	5	6	8	10	11	16	21	22	25	32	34	39	81	87	124	131	
24	17
4	5	6	8	9	10	15	18	22	23	32	38	39	59	75	124	180	
25	19
2	4	7	8	9	11	13	20	22	23	25	26	32	34	36	60	69	85	136	
20	16
3	6	8	9	11	13	14	16	20	22	27	33	36	49	75	131	
29	18
0	6	10	11	13	14	16	20	25	33	34	41	75	84	85	107	124	136	
26	17
2	4	6	8	12	16	18	20	22	32	34	38	59	69	87	136	180	
21	17
1	5	8	11	12	15	16	18	22	23	29	32	36	38	61	62	85	
25	17
1	4	7	11	14	16	19	20	27	31	33	39	59	84	85	124	136	
20	14
1	2	4	8	9	13	15	22	36	38	49	69	87	124	
24	18
4	5	7	8	12	14	15	16	17	31	32	33	34	41	49	61	67	85	
28	17
4	8	12	17	18	25	27	33	36	41	53	61	66	81	85	87	131	
22	18
1	2	10	14	17	18	21	23	25	32	34	36	37	38	39	49	67	107	
24	17
0	2	3	8	12	13	16	17	20	33	34	35	38	67	87	107	136	
24	18
0	2	4	5	6	7	13	20	22	25	29	31	34	36	38	67	131	180	
26	17
2	3	7	9	11	14	18	27	29	35	36	38	55	69	107	136	180	
27	18
3	8	9	12	14	16	19	21	26	27	32	34	36	67	85	87	131	136	
18	17
2	4	5	7	9	10	12	14	17	19	21	22	23	27	34	35	75	
29	17
2	3	4	12	13	17	19	32	37	47	53	55	61	67	131	136	180	
22	17
0	2	4	5	9	10	11	13	15	16	19	25	34	41	49	81	107	
23	17
3	4	8	11	12	13	14	15	22	25	33	34	36	41	62	124	131	
20	16
3	4	5	6	7	8	13	19	27	31	33	34	39	61	62	87	
26	18
0	3	4	5	6	15	16	18	19	27	31	36	49	62	67	75	85	131	
25	17
1	2	4	5	6	10	11	16	17	20	31	35	49	75	87	124	136	
22	18
2	3	4	7	8	12	15	16	17	19	32	33	34	36	39	41	81	85	
24	18
0	2	4	5	6	8	19	22	27	29	32	34	39	49	60	61	62	107	
20	17
2	4	5	6	8	14	15	17	18	19	20	27	34	39	41	62	67	
27	19
0	2	4	5	7	11	13	17	18	22	27	29	33	36	53	67	85	131	136	
24	18
0	1	3	4	7	10	17	18	20	26	32	34	35	38	61	75	87	124	
21	15
5	7	12	14	15	21	23	31	33	36	39	41	59	85	136	
25	17
5	6	8	10	11	13	16	26	34	39	41	47	61	62	69	75	85	
26	17
3	6	8	9	13	17	23	25	34	36	38	47	62	69	87	107	136	
22	18
2	4	5	9	11	13	14	16	21	22	29	33	34	36	38	59	84	136	
26	17
1	3	6	8	13	15	25	27	29	33	36	39	47	75	87	107	180	
25	17
0	1	5	13	17	21	23	25	29	36	37	39	62	69	87	124	131	
24	18
0	2	10	14	15	16	22	23	32	34	36	37	39	53	69	75	84	124	
25	19
5	7	9	10	11	16	19	20	26	27	29	32	34	37	39	59	61	107	136	
23	18
7	9	10	11	12	13	21	25	27	29	31	33	34	39	67	75	84	136	
20	16
4	6	10	11	12	13	14	15	16	22	25	27	35	49	69	85	
26	17
6	9	10	14	22	23	25	31	36	39	49	61	62	66	69	124	131	
20	15
2	6	7	9	12	16	22	23	29	36	41	49	59	67	75	
27	17
7	8	9	14	17	22	25	27	31	36	38	49	75	83	85	131	180	
30	20
4	5	8	10	11	13	14	21	25	29	34	36	38	59	61	66	67	85	124	131	
25	17
2	8	9	12	15	16	18	27	31	36	39	41	61	62	67	69	180	
20	17
4	7	8	13	15	16	17	19	20	21	22	26	29	38	39	59	136	
22	18
3	4	6	8	10	12	13	14	16	21	25	27	32	39	49	55	67	75	
27	19
2	8	9	11	12	14	16	17	23	26	29	32	34	35	49	59	62	136	180	
25	17
4	12	15	16	19	21	29	32	36	38	41	49	53	55	62	75	107	
26	17
1	3	11	12	13	19	20	29	31	34	39	53	62	69	75	85	180	
24	18
3	4	7	11	15	17	19	20	21	27	32	34	39	53	62	75	81	87	
23	17
0	2	6	10	12	15	17	19	27	29	32	34	38	59	67	107	131	
24	18
3	4	8	10	11	12	15	16	20	23	27	32	36	49	59	61	81	85	
24	19
2	4	7	12	16	17	20	21	22	25	27	31	32	34	36	62	66	69	85	
24	17
3	5	6	8	10	13	15	20	22	33	34	49	62	67	81	84	131	
21	18
2	6	10	13	14	15	17	21	22	27	29	32	33	35	38	39	41	136	
30	17
4	10	12	14	15	18	20	33	38	49	61	69	84	85	87	136	180	
21	18
0	2	3	6	7	9	11	16	19	20	22	25	26	33	34	61	62	81	
28	18
4	7	12	15	19	20	22	31	32	38	39	47	59	66	75	85	87	136	
27	17
2	3	4	7	13	14	16	19	33	39	41	53	59	66	85	131	136	
28	18
4	7	14	18	19	23	27	29	32	34	36	38	49	61	69	124	131	180	
24	17
0	2	7	8	13	15	17	19	20	31	34	59	60	62	67	81	87	
26	18
0	4	6	7	9	11	15	19	23	25	33	38	41	62	66	69	85	124	
21	17
0	2	7	8	10	14	16	17	19	22	27	32	34	49	55	66	81	
22	16
2	3	4	8	10	13	15	18	22	32	41	47	60	61	62	81	
21	17
1	3	5	8	11	13	15	17	19	27	33	34	38	39	61	75	136	
21	16
6	9	12	14	16	17	22	32	34	36	39	41	47	55	59	75	
24	16
6	8	10	13	19	20	22	25	36	39	41	49	59	62	66	180	
23	17
3	4	8	9	11	15	22	25	26	29	34	36	49	61	62	69	85	
20	16
0	2	4	6	10	11	12	22	25	27	33	36	39	41	62	131	
27	18
4	8	10	11	12	14	15	20	22	23	27	49	53	59	62	66	75	180	
28	18
3	8	12	13	17	19	20	21	27	34	39	41	55	56	60	62	85	180	
21	16
6	7	8	10	11	17	21	22	27	31	34	38	47	67	75	124	
22	16
6	10	12	13	14	16	34	36	37	38	39	53	61	62	83	131	
29	19
0	2	6	7	12	18	27	29	35	39	41	47	49	53	62	67	75	81	136	
27	18
1	4	6	7	8	12	21	25	26	32	33	35	41	62	84	85	124	131	
22	17
2	11	13	14	17	18	22	23	26	32	33	36	38	55	75	81	136	
25	17
4	7	8	9	12	19	22	23	26	34	36	38	39	61	124	136	180	
22	16
4	8	15	17	18	19	20	27	32	36	37	39	60	75	85	136	
26	17
3	4	8	17	18	22	25	27	29	34	39	41	62	66	87	124	131	
19	17
0	2	3	4	9	10	13	14	17	19	20	29	32	34	38	49	84	
32	19
2	7	13	18	19	22	32	34	36	38	41	49	53	60	66	67	87	131	180	
26	18
1	5	11	14	15	16	19	27	31	34	38	39	59	62	66	67	85	136	
25	16
8	10	14	15	19	25	32	36	38	41	53	61	62	69	107	124	
25	16
2	6	8	10	13	14	34	36	37	39	59	60	69	85	107	131	
26	19
4	6	8	9	11	13	15	16	17	21	25	32	36	41	60	62	75	81	136	
23	16
0	3	4	6	8	12	14	16	20	22	32	39	59	75	85	180	
25	18
0	2	3	7	8	10	12	13	16	17	19	29	35	49	61	62	85	124	
25	18
4	6	12	20	21	23	29	33	34	38	39	41	53	55	59	61	75	81	
23	16
2	8	9	11	14	16	18	19	20	23	27	36	81	85	131	136	
27	20
5	6	11	12	13	16	17	18	22	25	27	29	33	34	41	47	66	69	84	124	
24	19
0	4	5	9	13	14	16	19	22	26	32	34	38	39	40	59	62	67	107	
20	18
0	1	2	10	13	14	17	23	25	27	32	33	34	36	38	39	62	66	
23	17
2	4	7	17	18	20	21	26	27	32	36	38	53	59	61	62	136	
25	19
0	8	13	14	15	19	20	27	29	31	32	34	36	39	41	53	62	67	124	
23	18
3	4	6	7	8	9	17	21	22	27	32	34	36	38	53	55	62	124	
22	17
2	5	6	7	9	11	12	14	15	16	19	22	34	38	49	67	180	
26	17
8	10	13	14	15	18	20	22	26	33	34	36	62	75	87	136	180	
25	17
0	4	6	12	18	20	22	26	32	38	41	59	62	66	75	81	136	
25	17
2	3	4	6	7	8	13	15	22	36	39	41	53	60	66	87	131	
19	17
4	5	6	7	8	11	12	13	15	16	17	22	27	29	31	34	124	
29	18
0	3	9	15	21	25	29	31	35	36	59	61	62	66	67	87	107	131	
22	16
6	7	8	10	13	16	19	21	23	29	39	41	59	60	62	85	
20	17
2	4	6	7	8	12	14	15	19	21	23	27	33	34	38	62	85	
20	17
1	3	8	11	14	17	19	22	27	31	33	34	36	39	55	62	66	
24	17
4	5	6	7	8	13	16	17	18	26	33	36	53	59	62	69	180	
21	16
0	3	8	10	12	13	16	17	22	26	31	32	36	61	62	180	
24	18
1	2	4	9	11	19	22	26	27	32	34	36	39	61	62	67	69	136	
27	18
0	2	3	5	9	10	12	15	16	17	19	29	33	59	61	85	131	180	
22	16
5	8	10	16	18	21	31	33	36	39	41	59	60	61	67	75	
24	16
3	4	6	7	8	11	20	27	29	33	34	53	60	85	124	136	
23	18
0	3	5	6	11	14	15	16	19	20	22	26	29	32	49	69	83	124	
21	18
0	3	8	10	16	17	19	20	22	27	32	33	34	37	39	67	69	75	
23	17
2	4	6	9	10	14	16	21	22	23	32	36	49	59	61	69	136	
25	17
1	4	8	11	12	13	17	26	29	36	55	59	61	62	69	75	85	
24	18
3	4	6	8	11	14	15	22	23	29	32	35	49	53	55	61	62	69	
24	17
0	1	2	4	9	13	15	17	23	25	36	38	59	62	69	124	136	
20	16
4	8	10	12	15	22	26	29	32	33	34	39	49	61	62	81	
26	18
0	2	3	6	9	10	21	25	32	38	39	47	59	61	66	75	81	136	
22	16
0	2	3	5	7	10	13	17	18	20	36	39	49	60	85	136	
23	17
2	3	4	7	8	9	14	19	22	23	27	32	36	49	61	131	136	
26	17
5	6	7	16	17	18	19	20	22	25	26	49	55	59	85	107	136	
21	17
2	3	4	6	9	11	12	16	17	22	23	27	32	36	49	69	136	
23	17
2	4	5	6	13	15	21	25	27	29	31	38	53	59	75	81	87	
25	20
2	3	4	7	10	11	12	13	18	20	21	23	29	32	33	38	75	81	83	131	
24	18
4	6	7	12	16	18	19	21	25	27	32	36	39	55	59	62	66	131	
19	15
0	4	11	13	14	15	17	18	19	20	27	36	49	81	136	
23	16
0	7	11	14	15	16	19	22	32	36	38	49	66	75	85	136	
23	18
0	2	3	6	8	10	11	20	21	22	23	27	32	36	41	61	62	136	
29	18
0	4	12	15	16	18	19	21	31	38	39	62	69	75	84	85	131	180	
20	17
1	6	7	8	10	12	13	14	15	23	25	32	33	38	49	66	69	
23	17
3	4	11	12	14	15	16	17	20	21	22	26	33	49	53	124	131	
21	17
0	4	8	11	12	14	16	17	19	21	22	27	38	41	53	75	84	
28	18
5	7	8	10	11	12	17	23	29	32	36	38	49	59	85	87	124	136	
24	17
2	3	11	12	13	16	20	22	23	32	34	59	61	62	66	81	87	
24	17
1	2	3	6	7	8	10	14	20	22	32	49	55	59	60	62	136	
25	18
4	5	10	11	15	16	17	18	19	34	38	39	41	59	60	61	75	136	
22	16
2	4	13	15	16	17	18	22	27	32	34	35	49	60	131	136	
16	16
0	3	6	8	9	11	13	14	15	16	20	25	26	27	31	36	
23	16
0	6	7	11	14	16	20	21	27	34	55	59	60	66	75	124	
23	17
5	6	7	10	13	16	27	33	34	35	37	38	41	61	62	81	136	
29	18
0	2	3	4	10	13	17	18	19	26	27	41	67	81	85	87	124	131	
20	16
2	4	7	9	10	11	15	16	18	22	27	36	38	49	75	124	
21	16
2	3	4	6	7	8	10	13	18	29	32	36	62	69	75	124	
22	19
0	1	4	5	8	11	14	15	22	23	25	26	29	31	35	36	38	49	131	
26	18
3	6	7	8	9	10	15	25	27	33	38	39	47	59	62	81	124	131	
27	17
2	3	4	7	13	14	21	29	31	32	36	41	49	55	85	124	180	
25	17
1	2	4	6	9	14	15	16	25	29	32	33	60	66	107	124	136	
30	18
1	2	4	7	8	11	12	15	17	25	27	49	66	69	85	124	136	180	
30	18
8	9	12	15	21	33	34	36	37	38	56	59	66	69	81	85	136	180	
21	17
0	3	6	10	13	14	16	17	22	25	31	33	34	39	59	84	107	
24	18
2	3	4	6	8	11	12	13	14	15	25	29	38	62	66	67	81	136	
23	16
2	4	6	7	14	16	17	19	21	32	34	60	61	62	85	107	
27	18
3	4	13	15	18	21	22	27	29	31	32	36	53	62	66	85	107	136	
30	18
4	7	10	11	12	18	20	21	27	29	34	53	60	81	85	87	136	180	
18	16
0	6	8	9	11	12	14	15	16	20	27	32	35	36	66	84	
23	18
7	8	9	10	11	13	15	16	20	21	26	27	29	34	41	60	67	85	
19	16
1	2	3	4	5	10	12	13	16	20	21	27	34	37	75	107	
27	18
0	6	7	11	14	18	19	21	26	29	32	41	49	59	62	75	107	136	
26	18
2	3	9	10	12	14	18	22	23	27	32	34	38	53	83	107	131	136	
23	17
3	8	9	10	12	15	16	18	19	27	32	33	39	62	69	131	136	
25	17
2	4	7	9	12	23	27	29	33	36	38	39	49	75	107	124	136	
27	19
0	1	6	11	12	14	16	18	19	20	29	33	34	59	60	66	67	131	136	
27	19
1	3	9	10	11	15	20	22	23	25	35	36	39	59	62	75	81	107	136	
23	18
3	4	5	6	9	10	13	15	18	23	31	34	36	38	39	61	131	136	
26	17
4	11	12	14	19	20	22	26	33	36	38	41	49	81	85	107	131	
25	18
0	2	6	8	9	13	14	16	22	29	32	36	38	39	60	85	87	131	
23	18
4	6	10	12	16	17	18	19	20	21	27	31	32	41	49	67	75	81	
23	18
0	3	7	9	10	14	15	18	19	20	22	27	39	41	49	55	59	66	
27	18
1	9	11	12	14	15	16	18	19	25	31	39	41	53	61	62	87	180	
28	19
0	1	3	7	14	17	19	23	26	27	32	34	39	53	61	66	85	124	136	
20	17
2	4	6	9	10	13	19	20	23	25	27	32	33	39	41	47	75	
30	18
1	5	11	14	22	32	33	34	36	39	41	60	69	75	83	85	124	180	
24	18
3	4	5	7	8	9	10	14	17	18	19	20	23	34	61	62	131	136	
28	17
5	7	17	18	26	27	33	36	39	41	49	62	69	75	107	124	131	
23	16
0	2	4	10	11	13	16	17	27	29	47	56	59	67	75	136	
28	18
0	2	4	7	11	16	19	20	22	27	36	61	66	67	69	75	136	180	
25	18
6	7	12	14	16	18	19	20	23	32	37	38	39	55	69	81	131	136	
25	17
0	1	3	7	10	13	18	19	20	38	39	41	59	62	66	84	180	
25	17
1	3	4	10	12	13	14	16	22	33	34	39	61	67	85	107	136	
25	16
3	4	14	15	18	20	22	27	29	32	36	62	66	85	131	180	
29	17
3	4	5	7	9	10	16	18	20	33	34	61	107	124	131	136	180	
28	18
1	7	8	10	14	19	21	22	29	33	34	39	59	61	75	85	124	180	
22	17
3	5	6	7	11	14	15	18	31	32	33	34	39	59	62	75	124	
25	17
2	4	10	13	14	17	18	19	22	32	38	39	49	62	83	131	180	
25	18
4	5	8	16	18	19	20	23	26	27	29	32	35	38	59	75	136	180	
22	17
0	3	5	8	13	14	15	16	19	27	32	36	41	62	69	75	81	
19	16
0	3	4	6	8	11	15	17	19	21	27	31	32	62	66	75	
24	17
1	8	13	17	25	27	29	34	36	38	39	41	59	60	66	69	87	
22	17
0	2	3	4	6	12	13	14	15	18	20	29	32	39	61	62	180	
22	18
1	2	3	4	5	7	8	10	11	13	14	16	17	19	23	53	61	85	
26	18
2	3	4	5	7	13	18	19	22	31	33	38	49	59	69	75	85	124	
23	17
3	6	8	10	11	13	18	21	29	32	33	38	60	61	67	75	124	
25	18
2	6	10	12	14	15	18	21	26	27	29	31	38	41	69	81	85	87	
27	17
0	2	7	12	14	18	19	26	29	35	38	41	47	55	87	136	180	
23	17
3	10	11	12	13	16	18	19	20	21	25	29	32	53	75	107	136	
29	19
1	3	4	10	14	15	18	19	25	26	27	29	41	53	69	75	81	85	180	
24	19
2	5	9	11	15	16	18	20	25	29	31	33	36	38	39	53	55	75	136	
24	18
4	5	6	7	11	14	17	22	26	27	31	32	34	36	67	83	85	107	
20	17
4	8	9	10	12	13	14	15	16	20	26	34	38	39	41	66	69	
29	20
0	4	6	7	8	13	19	23	27	32	36	38	39	59	61	75	81	84	85	124	
23	18
3	6	8	10	11	14	16	18	21	25	27	29	31	33	39	55	131	136	
27	17
0	2	4	8	13	15	16	20	22	23	41	55	60	61	62	85	180	
22	17
2	6	9	11	12	14	16	26	31	33	36	38	39	49	75	84	85	
27	20
3	4	5	6	7	8	13	15	20	22	29	32	38	39	55	62	69	75	84	136	
21	17
1	3	4	5	6	8	12	15	17	18	27	29	32	36	49	62	136	
25	18
5	6	10	16	17	19	21	22	25	26	34	36	49	55	61	75	83	136	
24	16
0	8	10	12	13	15	22	29	34	39	49	59	61	62	81	180	
24	17
2	9	10	12	16	26	29	34	36	37	39	49	55	59	61	81	87	
19	17
1	4	5	7	8	9	17	21	27	29	31	33	34	36	38	62	84	
23	18
3	5	7	8	9	10	12	14	17	18	19	25	27	36	39	59	131	136	
24	17
2	3	4	6	7	8	11	12	21	25	27	29	38	49	81	87	180	
31	18
0	5	6	7	13	18	27	32	33	34	61	62	69	84	107	124	131	180	
23	16
2	7	8	11	14	16	18	20	21	22	36	39	59	85	87	131	
22	17
0	2	7	9	14	15	17	20	26	27	29	36	39	49	62	67	136	
26	18
0	4	8	12	16	18	19	20	22	25	27	32	39	62	69	107	131	136	
27	16
2	6	14	15	19	20	22	23	27	41	61	66	67	87	124	180	
22	19
1	6	7	10	12	15	18	19	20	26	29	31	33	34	38	39	59	61	62	
26	18
2	3	9	10	13	14	15	17	19	23	34	38	41	53	62	81	131	136	
24	17
1	5	8	9	11	13	16	17	22	25	27	34	36	41	66	131	180	
27	17
0	2	6	10	13	14	15	20	23	25	41	49	69	81	85	124	136	
26	19
0	7	9	15	18	20	21	23	27	31	34	38	39	53	55	59	67	75	131	
22	15
2	5	6	8	9	13	16	18	22	38	59	69	75	124	136	
25	17
2	8	9	10	11	13	14	16	18	20	41	61	62	66	69	75	107	
28	18
0	3	9	11	14	20	22	29	32	34	41	47	59	61	69	81	85	136	
26	18
1	2	3	4	8	11	12	15	25	27	29	34	38	60	69	81	85	180	
20	17
6	9	11	14	17	18	21	22	25	27	33	34	35	36	38	61	107	
24	17
3	4	7	9	10	14	15	18	36	37	39	49	53	62	75	81	87	
21	17
0	5	6	7	10	11	12	15	20	21	22	27	32	36	49	55	136	
23	17
1	9	10	12	14	15	17	18	22	25	31	33	39	62	66	107	124	
27	19
2	8	10	20	22	25	26	32	33	34	36	39	47	49	66	67	75	81	85	
22	19
3	5	8	11	12	15	16	20	21	22	26	29	32	35	36	37	39	59	136	
25	17
3	5	6	8	12	15	20	31	32	33	34	38	55	69	84	124	180	
24	18
2	3	4	6	7	9	10	12	13	17	18	20	41	49	55	62	67	75	
22	18
0	3	4	6	8	12	13	15	16	18	20	26	29	32	40	60	69	107	
22	16
2	4	8	10	14	15	16	22	29	32	38	39	47	61	87	136	
23	16
2	3	12	15	16	17	19	20	22	32	34	49	60	67	85	87	
24	17
0	1	4	9	11	13	14	16	17	21	36	41	53	67	69	75	131	
28	18
2	5	6	7	11	13	15	22	26	31	34	38	39	75	87	124	131	180	
26	17
0	4	7	13	15	18	22	27	33	36	41	53	62	66	75	85	136	
27	17
3	6	7	11	13	16	18	19	21	23	53	61	62	75	107	131	136	
22	16
2	4	8	12	14	16	17	18	19	20	22	36	41	69	85	107	
21	17
1	4	10	14	15	18	21	22	23	25	27	34	38	39	49	81	136	
30	18
0	4	7	9	19	23	25	27	33	34	38	41	61	84	85	107	136	180	
20	17
4	7	11	12	13	16	17	19	20	22	27	33	34	37	59	62	66	
25	16
4	7	10	11	13	19	20	21	27	29	41	49	53	60	124	180	
23	18
4	6	9	10	11	12	14	21	22	23	29	32	34	38	59	67	69	85	
25	18
0	1	2	4	7	11	15	16	19	20	21	22	23	33	59	61	131	180	
24	18
0	2	3	8	14	15	20	22	25	27	29	31	32	34	39	47	136	180	
28	19
0	2	7	8	9	12	14	15	20	29	33	35	36	55	66	69	83	87	180	
25	18
4	7	9	11	12	14	15	26	29	36	37	38	39	75	81	84	87	136	
27	17
4	6	11	12	14	16	17	21	23	26	29	49	62	69	124	136	180	
25	17
0	2	4	6	7	8	11	14	18	25	33	36	41	59	85	124	131	
19	16
3	6	7	8	12	15	17	19	20	21	29	33	38	39	67	131	
24	17
1	2	3	4	7	12	14	19	23	32	34	38	60	61	66	107	136	
24	18
1	2	13	14	17	18	19	20	26	27	29	34	36	38	49	67	87	107	
27	18
1	8	12	13	15	25	27	33	34	36	39	49	56	59	61	81	85	136	
20	18
0	8	10	11	12	13	14	15	16	25	27	29	31	36	38	39	53	62	
23	18
0	3	4	6	10	11	17	20	21	22	25	26	27	36	38	61	85	131	
22	17
3	5	7	8	11	15	17	23	27	31	33	35	39	61	75	81	124	
23	17
2	6	7	8	12	14	18	20	23	25	27	33	61	67	69	75	85	
18	16
0	2	6	10	11	14	15	16	17	18	19	20	22	34	49	59	
24	17
5	6	7	10	15	16	17	18	19	27	38	39	41	59	81	85	136	
22	16
0	1	2	4	9	13	15	16	20	22	23	38	49	75	87	107	
26	17
0	2	6	7	8	13	20	27	32	33	35	59	62	69	75	107	180	
27	19
0	4	7	10	12	13	20	21	26	31	32	34	36	38	47	67	87	124	136	
25	18
0	4	5	9	11	13	15	16	19	20	21	31	32	33	55	62	136	180	
23	18
2	4	5	7	8	11	12	14	16	22	27	32	34	38	39	67	107	136	
23	18
0	2	5	10	11	15	16	22	23	27	31	32	35	36	67	75	81	136	
22	18
1	4	6	11	12	13	15	17	19	20	31	34	36	38	40	53	62	136	
19	17
0	1	2	3	5	10	13	17	18	26	27	34	36	38	39	49	81	
25	18
2	3	9	11	14	16	17	18	20	22	27	32	33	39	41	81	107	180	
21	16
2	3	4	7	10	11	16	18	22	27	29	39	49	69	81	85	
22	16
0	4	8	9	13	15	17	18	19	34	36	41	47	62	81	136	
27	19
1	2	3	4	9	10	11	16	20	33	38	39	41	49	61	62	75	84	136	
25	18
0	7	12	14	15	17	19	23	25	29	34	35	39	53	59	75	85	124	
30	17
1	10	11	13	16	18	19	36	59	61	62	69	75	87	107	124	131	
27	18
0	6	10	13	14	17	18	20	25	27	29	49	53	55	62	67	131	136	
23	19
0	3	5	6	8	12	13	15	16	19	25	27	33	36	38	59	67	69	81	
29	17
3	9	11	13	14	17	33	34	37	40	55	61	62	107	131	136	180	
24	17
0	4	7	8	15	18	21	25	26	27	29	33	38	39	85	124	180	
22	17
2	3	7	8	10	12	15	16	19	21	32	36	41	55	66	81	83	
24	18
4	7	8	10	11	12	15	16	18	19	20	21	26	29	41	56	85	136	
28	18
2	7	11	13	14	21	22	27	33	34	37	39	62	69	75	131	136	180	
26	18
5	6	14	16	18	21	25	27	31	32	36	39	41	62	67	75	85	136	
22	18
0	2	4	5	7	13	17	19	25	27	29	31	32	38	53	59	75	84	
26	19
6	7	11	12	13	14	16	19	21	23	26	27	33	34	55	69	81	85	131	
26	18
2	5	7	10	13	16	18	20	27	29	34	39	41	49	62	67	85	136	
24	16
0	2	3	6	7	10	11	14	17	22	27	49	66	85	107	124	
27	18
3	4	7	10	16	18	19	26	29	32	36	41	53	61	62	75	81	180	
25	18
2	3	4	5	6	8	15	27	31	33	34	36	39	49	59	62	87	136	
22	16
2	4	6	7	9	10	11	20	21	23	27	32	61	75	85	124	
22	18
6	8	12	14	15	16	19	21	22	23	31	34	35	36	38	53	55	85	
23	18
3	6	10	12	14	16	17	19	22	27	29	32	33	34	59	67	75	136	
27	19
2	3	6	11	13	15	16	17	22	25	27	29	34	39	41	55	75	136	180	
23	17
1	2	4	6	10	11	15	18	27	29	32	36	38	61	81	107	136	
28	19
9	10	11	12	13	14	18	22	25	27	29	31	33	38	61	81	87	136	180	
26	17
0	11	14	15	16	22	23	27	31	32	36	53	66	67	85	124	136	
24	17
0	3	4	11	13	16	17	19	20	21	23	31	49	55	66	87	136	
28	16
2	4	5	8	16	18	22	25	27	38	69	85	87	107	136	180	
23	19
7	8	11	13	17	19	20	22	25	27	29	32	33	34	38	39	59	66	131	
25	18
7	8	9	10	11	12	14	15	17	19	27	31	41	59	62	67	81	131	
19	16
1	4	5	8	9	12	15	17	18	19	36	38	39	49	69	75	
25	18
4	8	9	13	17	19	25	27	34	36	37	39	41	55	62	69	75	136	
21	17
2	3	4	7	17	18	20	22	27	32	34	36	38	59	61	62	66	
27	18
6	9	11	15	17	19	23	25	27	34	35	53	62	67	69	75	85	107	
22	17
2	5	6	9	11	14	16	18	21	32	37	39	59	61	66	75	84	
23	17
3	6	9	10	11	13	16	19	25	34	36	37	41	61	62	81	87	
24	18
4	5	6	7	8	14	16	18	19	22	26	27	38	39	49	60	61	180	
25	17
0	6	8	10	11	16	17	22	25	29	47	59	60	66	67	75	124	
26	18
1	3	9	12	13	14	15	16	17	22	38	39	55	59	60	75	85	87	
23	19
2	3	4	8	10	11	13	15	17	18	19	20	25	26	34	38	59	66	136	
24	17
2	4	7	13	18	19	20	22	26	32	34	36	38	49	81	131	180	
22	17
4	7	8	12	17	20	21	27	31	32	34	39	41	49	61	81	84	
22	18
2	3	6	8	9	11	19	22	23	25	29	32	33	36	47	61	62	81	
23	16
1	4	5	9	10	15	18	20	22	39	41	61	62	66	75	124	
24	17
5	6	7	11	13	14	21	22	23	31	36	49	66	69	75	83	131	
23	18
4	5	7	8	11	12	14	17	20	23	32	34	38	55	59	67	81	84	
23	15
2	4	13	16	20	21	23	27	32	35	49	81	107	131	136	
22	18
6	13	14	17	19	22	25	26	27	29	31	32	34	36	39	67	81	136	
24	18
0	1	8	11	14	16	17	19	23	26	29	35	38	41	53	61	83	131	
22	17
3	5	8	12	15	17	19	20	22	32	33	34	38	53	67	83	124	
24	19
0	2	7	8	9	11	13	18	19	20	21	25	26	29	32	38	59	81	180	
26	18
0	1	7	12	13	14	26	27	29	36	39	40	56	59	69	75	87	124	
21	17
0	1	4	6	8	9	11	15	25	29	34	35	39	41	53	60	61	
19	15
4	5	13	15	16	20	22	26	27	33	36	41	62	66	75	
23	19
3	4	5	8	12	13	14	15	18	20	21	23	26	31	35	38	59	60	136	
23	18
1	2	4	8	11	12	16	17	18	22	32	34	38	53	60	62	69	84	
18	14
1	4	5	10	15	16	25	27	31	33	36	69	75	85	
23	17
0	2	4	7	8	9	11	12	13	18	33	36	60	61	62	69	107	
18	16
1	6	7	12	13	14	15	21	23	27	33	36	37	38	61	69	
25	17
1	8	11	13	17	22	23	31	32	34	36	55	62	67	81	124	136	
25	19
2	3	10	11	17	18	25	27	33	34	35	37	38	39	41	59	66	81	87	
26	17
0	5	6	13	15	16	21	25	27	29	36	39	41	49	85	124	180	
24	17
4	7	8	10	11	12	15	16	18	22	25	38	59	62	69	107	124	
20	17
3	4	7	8	10	11	12	14	15	16	17	18	19	21	47	59	75	
23	17
0	4	9	11	13	15	16	18	19	20	21	32	35	62	66	107	124	
20	17
2	3	4	6	7	8	15	16	17	22	27	32	36	38	53	61	62	
23	18
0	3	7	11	15	16	18	20	22	27	31	32	36	53	61	62	81	83	
26	19
2	3	4	7	10	12	13	14	15	17	27	29	33	36	59	60	75	85	107	
22	16
1	3	6	8	11	14	16	20	22	26	27	35	53	75	85	124	
22	16
3	8	10	13	14	17	18	21	31	32	33	36	60	61	62	180	
29	18
4	6	8	11	13	15	16	19	29	34	39	60	66	83	85	124	131	136	
18	15
0	5	6	7	11	16	17	26	32	33	34	37	61	62	81	
18	16
0	3	6	7	8	11	13	15	16	19	21	25	27	29	31	136	
20	17
4	6	7	8	10	11	12	13	14	15	20	25	27	36	49	69	75	
29	19
2	10	12	13	15	16	26	29	38	39	41	53	55	59	62	67	69	84	136	
29	18
4	7	10	12	13	18	19	29	32	33	38	53	61	62	81	85	131	180	
23	16
1	2	9	17	18	19	26	27	31	34	36	59	62	75	85	87	
27	18
4	9	18	20	21	22	25	26	32	34	36	38	39	59	62	107	136	180	
23	18
6	7	8	10	12	13	15	19	20	25	27	33	34	59	62	66	67	75	
19	16
3	4	5	6	7	8	9	12	14	17	32	36	38	49	59	75	
22	18
0	4	5	8	9	11	12	17	18	25	27	32	34	36	53	59	62	75	
22	16
2	8	9	12	13	14	15	16	17	29	31	36	59	61	69	180	
26	17
0	2	6	7	12	18	19	26	27	29	39	41	60	67	75	136	180	
25	18
1	6	7	8	10	15	17	19	20	32	33	36	38	39	62	67	136	180	
20	17
5	6	8	10	12	15	18	22	23	27	32	33	35	36	60	69	75	
21	17
2	4	7	13	16	17	20	22	25	26	29	32	33	39	49	75	136	
20	16
0	1	6	9	11	14	15	20	22	25	27	36	37	49	84	87	
26	16
1	6	8	16	20	22	27	36	41	47	62	67	69	75	87	136	
26	18
3	4	6	9	13	14	15	18	26	27	36	47	49	55	59	67	69	131	
23	17
1	2	3	5	11	15	21	25	27	33	34	35	53	59	75	81	107	
26	18
2	4	8	11	12	14	15	16	17	27	34	37	41	60	62	75	81	180	
29	18
6	8	10	15	18	25	29	33	38	39	47	49	55	59	66	69	136	180	
22	18
4	5	7	9	11	12	14	15	16	19	21	25	29	36	66	67	75	84	
21	18
1	4	5	6	14	15	16	19	22	27	29	32	34	36	39	41	49	67	
22	18
4	7	8	12	15	16	18	22	23	27	29	34	36	38	41	66	69	81	
30	19
0	4	8	12	14	16	19	20	22	23	36	53	59	61	62	67	83	107	180	
24	16
1	2	4	7	8	9	14	15	20	26	36	49	66	85	87	107	
26	19
3	5	8	11	15	19	22	25	27	29	33	35	36	38	49	53	61	85	136	
25	17
0	2	6	9	11	17	19	25	32	35	36	41	59	62	69	107	124	
24	18
1	2	4	9	11	13	14	21	25	27	33	34	36	59	62	69	75	136	
21	16
3	6	8	12	13	14	15	16	18	25	27	36	49	69	84	131	
23	17
2	3	6	12	14	15	16	19	20	22	29	32	37	61	67	69	180	
21	17
2	5	6	7	8	10	11	17	22	23	27	32	34	37	47	75	85	
22	16
2	4	6	7	13	15	17	18	20	22	36	47	49	53	56	136	
23	18
5	6	7	11	14	16	18	19	22	25	33	34	36	39	59	61	81	85	
24	19
4	5	8	9	10	13	14	21	22	25	26	32	36	39	49	59	62	69	84	
25	17
5	6	10	12	16	19	22	29	33	34	36	41	47	61	67	107	131	
19	15
6	7	9	12	14	18	19	21	22	23	32	38	59	69	136	
18	16
0	3	6	10	11	13	14	17	20	22	27	34	36	38	49	69	
23	18
0	3	7	11	14	19	20	21	22	23	25	32	33	34	53	59	83	124	
25	16
7	11	14	18	23	26	32	36	38	55	56	60	62	69	107	124	
18	17
5	6	10	13	14	15	17	18	22	27	33	34	36	37	38	39	66	
27	18
0	3	10	17	21	29	31	32	34	36	39	41	55	62	69	75	124	136	
27	16
3	6	8	9	13	15	23	39	41	60	62	66	67	85	124	136	
21	18
0	3	8	10	13	15	18	19	20	21	25	27	33	34	39	62	66	75	
25	17
0	2	3	5	6	9	13	14	16	17	37	49	59	62	69	107	136	
22	17
0	3	4	5	8	17	20	22	23	27	34	38	39	53	75	84	124	
23	17
6	10	12	14	18	20	22	25	29	32	34	36	59	61	62	69	85	
25	17
3	5	6	9	19	21	26	27	33	39	47	49	53	55	67	75	87	
24	17
2	3	4	8	12	13	14	17	27	32	34	36	49	66	69	85	87	
26	18
8	11	12	14	16	18	20	26	33	36	39	49	59	61	69	75	81	107	
24	18
1	3	4	5	8	15	17	20	27	35	37	39	41	55	60	61	69	81	
26	17
6	8	9	11	13	18	22	25	29	39	61	62	66	67	75	124	131	
24	17
0	1	2	6	8	10	16	17	20	26	27	32	39	59	62	87	180	
19	17
8	12	15	17	18	19	20	22	27	29	33	34	36	38	39	67	75	
27	18
1	6	8	13	15	16	17	18	19	27	29	49	66	67	69	81	124	131	
24	18
0	2	3	4	5	10	13	14	15	18	29	34	39	49	55	62	75	136	
22	16
6	7	8	10	12	15	25	29	31	33	37	39	41	59	62	180	
24	18
2	3	4	10	11	12	13	14	15	16	22	23	29	34	39	87	131	136	
22	18
0	2	7	8	14	15	20	23	25	27	29	32	36	39	53	61	66	69	
17	15
2	3	4	6	7	8	9	11	13	16	17	21	34	60	61	
24	18
10	11	12	14	15	17	18	22	25	29	33	34	35	61	67	75	81	85	
22	18
0	2	4	6	10	11	14	15	17	20	23	25	32	33	35	61	62	136	
23	17
4	8	10	11	15	18	20	22	29	32	36	39	47	62	75	81	87	
27	18
0	2	7	9	10	13	14	16	23	32	35	36	41	59	75	81	136	180	
22	16
3	4	10	12	15	16	19	27	29	34	37	39	49	55	131	136	
24	18
1	2	10	14	17	18	27	29	34	35	36	39	41	49	53	59	60	75	
29	19
0	2	4	5	6	9	10	11	20	22	26	32	38	49	75	81	87	136	180	
24	19
0	1	4	7	9	13	16	19	20	31	32	34	36	38	39	53	69	81	85	
20	16
2	6	7	11	14	16	20	21	22	23	27	33	34	59	61	131	
24	17
2	4	6	7	11	12	14	23	26	27	33	39	62	69	75	85	131	
19	16
0	3	4	6	12	14	16	20	22	26	32	34	36	38	41	87	
22	17
2	3	4	7	8	11	13	14	17	18	23	25	34	39	49	85	136	
25	18
0	1	2	6	13	14	15	16	19	21	23	32	37	60	62	69	85	87	
23	17
6	7	11	13	16	18	20	22	25	29	33	34	53	59	66	75	136	
32	19
7	9	11	16	19	26	27	33	39	41	49	61	62	66	67	81	83	136	180	
20	16
0	3	4	5	7	8	11	15	16	17	19	27	49	55	61	75	
23	16
0	2	5	6	7	13	17	18	21	27	36	49	69	81	85	131	
20	17
0	2	4	8	13	14	15	16	17	19	23	25	27	29	41	49	53	
21	17
6	7	8	11	13	14	15	17	19	20	21	23	26	38	75	81	136	
22	18
7	8	9	15	16	19	20	23	26	27	29	32	36	37	39	61	67	136	
25	18
3	7	8	9	10	11	13	14	16	20	22	23	32	60	67	69	85	136	
28	18
2	5	6	7	8	10	13	14	16	32	34	39	41	49	81	107	124	180	
20	17
0	3	6	8	10	12	13	14	15	16	23	25	31	33	36	69	136	
24	16
2	6	7	8	11	14	15	17	18	32	33	34	85	107	124	136	
21	17
0	2	3	6	7	9	16	18	19	26	32	36	39	41	47	56	75	
30	20
0	4	7	8	10	11	18	19	27	31	33	34	35	53	59	75	83	84	136	180	
23	19
2	3	4	6	13	15	19	20	22	23	29	34	35	36	38	39	49	75	85	
22	19
3	5	7	11	12	13	14	15	17	18	21	25	27	29	34	39	49	61	84	
23	17
2	3	6	10	14	15	16	18	19	22	26	38	49	60	69	75	85	
23	18
4	5	6	7	8	12	15	17	21	23	25	27	32	39	41	49	69	124	
21	16
4	7	8	12	14	17	18	19	20	26	32	36	39	49	53	180	
23	17
5	7	9	12	13	14	18	25	29	36	38	41	56	59	61	69	81	
25	17
0	4	8	11	12	14	15	16	21	23	41	47	59	61	67	84	85	
22	17
4	6	11	16	18	20	22	23	26	27	29	33	39	49	53	66	124	
26	18
0	3	4	8	11	13	17	19	22	27	31	32	33	61	81	85	107	131	
27	17
1	3	13	16	22	27	29	32	34	36	53	56	61	67	75	136	180	
24	17
2	3	7	9	14	15	19	26	27	29	31	34	36	59	85	87	136	
23	17
3	6	8	11	12	15	16	18	20	29	32	33	39	49	61	62	180	
20	17
0	2	4	6	8	9	10	11	13	15	17	29	35	38	41	61	75	
26	19
0	4	9	12	14	16	18	19	21	25	27	29	39	47	55	59	69	75	136	
21	17
0	1	4	8	9	15	16	17	18	27	29	33	36	39	41	75	136	
30	19
0	2	4	7	9	10	14	15	19	27	34	38	47	49	81	87	107	131	136	
28	18
7	13	18	21	23	25	27	36	38	39	53	59	62	66	67	75	85	136	
25	18
3	7	8	10	13	15	17	19	21	27	32	35	39	41	62	66	81	180	
21	18
0	2	4	7	10	11	16	17	19	20	22	23	26	27	32	33	61	124	
26	17
8	10	11	12	15	25	27	29	32	36	41	59	61	62	66	85	131	
21	18
2	3	4	10	11	15	16	19	21	22	25	29	32	36	38	39	61	131	
22	17
2	8	10	11	13	14	16	18	21	22	29	32	34	39	47	124	131	
24	16
2	3	9	13	15	16	20	22	23	27	39	49	59	62	85	180	
24	17
3	4	5	10	11	13	14	16	19	20	22	34	49	69	75	85	124	
26	18
3	4	6	10	13	14	18	20	21	22	32	36	38	60	61	62	136	180	
25	17
4	10	11	15	16	20	22	23	29	39	47	49	53	56	62	69	131	
25	17
3	4	6	7	9	10	17	26	27	29	36	39	41	66	85	87	131	
25	17
2	9	11	14	15	19	21	29	32	36	38	39	41	59	61	136	180	
29	18
2	5	8	9	10	11	16	17	26	32	38	49	62	81	85	87	124	136	
20	16
0	2	4	6	8	9	10	11	16	17	22	25	27	41	67	131	
22	17
0	7	8	12	13	14	15	18	21	29	32	33	34	35	47	62	180	
20	17
2	4	7	12	14	15	16	17	18	19	22	25	32	34	36	84	131	
26	19
0	1	2	4	8	11	13	14	16	17	23	25	38	47	59	61	67	81	107	
25	17
2	3	4	7	9	14	18	19	21	29	34	38	41	49	81	107	180	
22	18
0	3	4	7	13	14	15	16	22	26	29	33	34	35	37	49	59	85	
29	18
3	7	11	14	16	17	18	22	32	33	34	61	66	81	85	87	107	136	
25	17
2	4	6	8	11	14	17	27	29	39	47	59	60	62	67	75	87	
21	18
4	5	7	8	11	13	14	17	19	20	25	27	29	31	32	34	59	136	
25	17
7	8	9	10	14	15	18	22	33	36	39	41	60	62	69	81	180	
23	16
2	7	9	12	13	18	19	23	29	39	41	59	62	69	75	136	
21	18
0	4	6	8	12	14	18	20	22	25	26	27	32	34	36	38	39	180	
23	17
0	2	5	12	13	14	16	20	22	29	32	34	49	59	60	66	85	
23	17
0	2	4	6	7	8	12	19	20	22	26	32	53	60	66	75	124	
23	17
2	4	6	9	11	14	16	17	18	20	25	32	36	49	59	131	136	
19	16
2	4	8	10	12	13	15	17	19	21	27	29	33	38	41	136	
26	17
1	2	3	10	11	14	18	22	25	32	36	49	62	75	85	124	136	
24	18
0	3	4	8	10	13	14	16	17	19	23	32	33	34	55	62	131	136	
23	16
2	6	8	10	12	16	22	25	27	34	36	47	49	59	75	180	
27	18
4	9	14	15	23	25	27	29	35	36	38	39	53	60	75	107	131	136	
22	18
3	6	7	8	9	10	16	18	21	27	31	33	34	39	41	61	62	84	
24	17
2	7	9	10	11	14	15	18	20	22	32	36	56	59	62	131	136	
27	18
7	10	12	14	16	17	22	25	32	33	36	38	41	49	60	85	107	131	
24	18
3	5	10	11	12	15	16	17	18	20	22	23	33	39	47	66	107	131	
25	17
4	6	7	9	11	13	14	16	18	19	22	59	61	66	75	131	136	
23	17
0	4	6	8	13	17	18	26	27	32	35	38	59	62	66	75	87	
28	19
1	2	4	5	6	8	10	17	18	19	20	26	39	49	60	62	67	136	180	
21	17
8	10	11	12	13	14	15	18	20	21	27	34	35	36	59	81	85	
24	17
1	2	9	10	11	15	18	19	25	27	29	34	38	59	85	107	136	
23	17
3	7	8	10	11	13	14	15	19	22	25	34	39	53	69	124	131	
21	17
2	3	4	11	13	15	17	19	20	22	25	27	31	33	60	62	136	
22	16
0	2	3	6	9	13	17	23	32	35	36	39	62	69	87	136	
23	19
1	4	7	9	10	15	16	18	20	22	25	26	33	34	39	61	69	81	83	
18	17
0	2	3	4	6	7	11	12	14	16	17	21	26	32	33	36	75	
26	19
0	1	3	4	10	11	12	13	14	15	20	27	33	35	38	69	75	85	180	
22	18
3	4	7	12	14	20	22	27	29	32	34	35	36	38	59	61	62	81	
28	18
4	5	15	16	17	18	19	23	32	33	34	39	49	84	85	107	124	136	
24	18
1	10	11	12	13	16	19	22	23	27	36	39	49	59	61	62	67	84	
25	18
5	6	7	11	16	18	19	20	22	26	31	33	34	38	49	107	124	136	
23	15
2	4	6	10	16	20	22	34	37	41	55	59	60	87	124	
18	15
2	5	6	7	8	10	14	16	18	22	27	39	47	49	66	
23	18
0	2	3	6	8	10	15	18	19	20	25	27	34	39	62	83	84	107	
20	18
4	6	7	8	11	12	15	16	17	23	25	27	29	32	33	36	38	124	
30	17
3	4	8	11	14	16	18	22	27	29	49	61	85	87	131	136	180	
25	17
2	4	7	8	10	12	13	19	27	34	39	41	66	69	75	87	136	
23	18
2	3	4	5	6	8	9	12	18	19	20	29	34	39	61	75	81	85	
25	18
6	8	9	11	15	16	18	20	31	33	34	35	36	59	61	62	75	180	
28	17
3	4	10	11	18	20	25	26	32	33	49	53	56	62	131	136	180	
25	20
1	3	5	7	11	12	13	20	21	22	25	29	34	35	38	40	59	62	67	85	
24	17
2	4	6	10	12	16	19	22	27	32	34	38	41	49	60	85	136	
27	18
0	4	7	8	11	12	14	15	26	27	29	38	49	61	62	81	87	180	
23	17
1	5	10	13	15	22	25	29	32	36	37	39	41	62	66	75	85	
24	17
2	3	7	10	13	14	15	17	29	32	36	37	49	59	67	85	87	
27	18
4	7	10	13	17	22	25	26	27	29	32	33	49	59	60	67	85	180	
26	17
1	6	7	8	13	14	17	20	22	31	39	49	53	75	85	87	124	
24	16
1	5	6	13	15	18	19	27	34	38	49	60	61	67	87	136	
19	17
4	6	10	12	14	19	20	21	22	25	29	32	34	36	38	59	61	
23	17
2	10	12	13	17	22	25	26	27	29	34	39	67	69	75	81	136	
21	17
3	4	10	11	13	15	16	19	20	21	22	29	33	39	56	75	85	
23	17
1	3	5	6	7	11	13	15	16	25	27	38	40	47	69	87	124	
26	18
2	3	4	12	14	15	22	29	32	35	36	38	53	59	61	69	75	180	
20	16
4	7	12	15	16	19	20	22	23	32	34	36	56	59	62	75	
23	18
1	2	4	7	10	14	15	20	22	23	26	34	36	38	62	66	84	131	
25	18
2	4	14	16	17	18	19	25	27	31	32	34	39	55	59	66	85	124	
26	18
1	2	3	11	12	13	16	26	33	34	36	39	55	61	62	66	124	131	
23	18
2	3	4	5	6	10	12	14	16	17	23	25	26	33	47	67	69	131	
25	19
0	1	3	8	11	14	17	19	20	21	22	25	27	29	32	41	53	87	107	
22	17
2	6	10	12	18	22	25	26	32	33	36	38	39	59	61	62	136	
25	18
2	5	7	8	10	11	12	13	22	27	32	33	36	39	67	85	131	136	
21	17
0	1	3	4	9	13	16	21	23	25	31	33	36	49	67	69	75	
20	17
2	3	4	6	8	13	20	22	25	27	29	32	34	36	38	75	124	
26	18
8	10	14	15	16	18	19	20	21	29	33	34	35	36	53	124	136	180	
25	17
0	2	4	6	9	12	16	25	26	32	35	53	66	69	81	85	131	
24	18
3	4	6	11	12	14	15	16	20	21	32	33	39	55	60	61	66	124	
23	18
2	6	10	12	14	17	23	25	26	27	32	34	35	36	38	61	85	107	
24	18
0	3	8	11	17	22	23	26	31	32	34	36	39	62	69	75	81	136	
20	17
0	2	4	13	17	21	23	26	27	32	33	36	38	39	41	49	75	
23	18
4	5	7	9	11	12	14	16	18	22	32	34	36	39	59	61	62	85	
26	19
1	3	5	7	8	17	18	27	32	33	34	38	39	47	53	59	66	75	131	
21	17
4	11	12	13	15	17	20	22	26	31	32	36	39	49	56	62	75	
