1000 
42	30
1	2	3	5	8	10	11	17	18	19	23	24	25	26	27	29	36	43	48	52	56	59	62	66	78	85	88	89	98	111	
42	30
0	2	4	5	6	9	10	11	14	15	17	22	25	26	28	31	33	35	36	47	52	56	59	60	65	75	85	86	95	153	
45	30
1	5	6	7	10	11	13	14	15	17	20	21	27	29	35	38	40	52	56	59	61	62	66	73	75	82	88	94	98	149	
43	29
1	6	7	11	13	14	17	18	20	21	23	24	25	27	33	35	38	42	51	59	60	61	66	85	88	89	98	109	153	
48	32
5	7	9	11	13	14	17	19	22	25	26	27	33	35	37	38	43	48	51	52	65	66	73	83	85	86	88	89	93	96	99	147	
42	29
1	3	5	6	8	11	14	16	18	19	20	23	24	25	27	29	31	36	40	48	66	77	82	83	85	86	109	111	149	
46	33
1	3	6	9	11	13	14	17	18	20	24	25	26	27	31	33	35	36	38	39	42	43	56	61	65	77	83	93	94	96	98	109	136	
46	32
2	3	5	7	8	11	13	19	20	21	22	23	24	25	27	32	35	36	42	43	50	52	56	58	65	75	78	82	85	95	96	149	
46	31
0	1	4	6	7	10	11	14	16	18	19	20	21	25	27	29	31	32	33	47	50	55	56	59	66	73	77	83	96	147	153	
42	29
0	1	2	4	5	9	10	13	14	16	17	20	22	24	28	29	31	38	42	48	52	65	85	96	98	99	109	111	153	
47	30
1	7	10	11	12	15	18	19	22	24	25	27	28	32	33	35	36	43	56	60	75	83	85	89	94	95	109	111	136	149	
50	34
1	2	3	4	5	9	10	13	14	15	17	23	26	33	35	38	39	40	42	43	48	56	61	65	73	75	77	78	85	88	89	95	136	149	
40	28
1	2	5	6	9	10	12	14	15	17	19	21	27	32	35	38	40	50	56	59	65	75	83	88	94	95	101	115	
45	32
2	3	4	5	6	7	8	9	16	17	18	19	20	22	24	26	27	28	35	37	38	52	59	61	65	73	83	85	96	99	111	136	
47	28
0	1	2	5	9	14	17	24	25	26	29	33	35	38	48	52	65	73	82	85	88	89	95	98	111	136	153	176	
49	30
0	1	3	4	6	10	14	17	19	21	27	28	29	31	35	42	43	48	50	52	59	61	62	73	96	109	115	136	147	149	
48	32
2	6	7	8	11	12	14	17	18	19	21	22	23	24	25	28	33	36	38	47	52	59	73	77	78	82	85	86	89	96	147	149	
51	30
0	1	4	6	8	9	10	14	16	24	27	33	35	42	47	48	52	56	65	73	75	77	82	88	89	98	109	147	149	153	
44	32
0	1	2	5	8	9	10	12	13	15	17	18	19	22	23	24	25	26	27	29	31	43	52	58	59	73	75	77	82	93	109	111	
42	32
0	2	3	4	6	7	8	9	10	11	14	20	21	22	24	25	29	31	33	35	36	38	47	58	65	77	85	86	88	95	99	109	
42	30
0	1	2	7	8	10	13	14	15	17	19	22	24	25	27	31	35	36	38	42	52	55	56	61	65	77	88	96	109	136	
44	31
1	2	5	9	12	13	15	17	19	23	26	27	31	33	34	35	38	40	48	50	51	52	56	66	77	88	89	93	96	101	111	
47	31
0	3	4	5	6	9	11	18	19	20	22	23	25	27	32	33	35	37	39	51	52	56	66	77	82	83	96	99	109	136	147	
50	32
0	1	3	4	5	8	11	12	13	15	17	19	22	24	26	27	31	33	36	50	56	59	61	65	85	86	89	98	101	111	149	176	
40	29
1	2	4	6	10	13	14	15	17	18	21	23	27	29	33	34	36	42	48	52	56	66	77	83	86	88	98	99	111	
48	29
0	2	6	10	11	15	17	19	20	23	29	32	33	35	47	50	51	52	56	59	61	66	75	77	82	93	115	147	153	
41	29
1	8	10	14	15	16	19	20	22	23	24	27	28	29	32	35	38	40	43	48	56	59	75	77	82	88	99	109	176	
50	31
3	6	7	11	14	18	19	20	21	23	24	25	26	27	34	35	47	52	56	59	61	66	77	85	86	88	95	98	115	147	176	
48	33
1	3	4	5	6	7	9	11	12	13	17	19	20	23	24	25	26	29	31	38	42	59	65	73	75	77	78	82	89	94	96	115	149	
38	29
0	1	3	5	6	7	8	10	11	12	14	15	18	20	21	23	25	26	29	33	35	42	47	59	65	96	98	109	153	
40	29
1	3	4	6	8	11	14	16	17	19	20	21	22	23	24	27	28	31	32	42	43	66	75	77	82	88	93	109	153	
44	30
1	2	4	6	8	11	13	15	19	21	22	26	27	31	32	33	35	43	52	55	59	66	75	77	78	86	88	95	109	136	
40	31
1	3	4	5	6	8	9	12	14	15	20	21	24	25	26	27	29	31	33	35	36	42	52	56	59	61	65	77	83	88	99	
42	30
0	1	4	5	7	8	14	18	23	24	25	26	27	28	31	35	36	42	48	50	52	55	60	65	82	85	88	89	95	136	
47	32
0	1	2	3	5	6	7	17	18	22	24	26	28	31	33	35	37	38	47	48	51	55	58	59	61	66	85	88	89	95	109	153	
43	29
1	4	6	10	11	13	14	17	18	24	26	27	33	35	36	48	56	59	65	66	75	82	88	93	94	95	98	99	109	
47	34
1	3	4	8	11	12	13	14	17	18	19	22	24	25	26	32	36	38	42	43	47	48	50	52	73	77	82	85	88	95	96	98	99	111	
47	32
0	1	3	4	5	6	8	13	14	19	23	24	26	27	28	31	36	40	42	48	61	65	66	77	82	83	85	86	88	96	109	149	
38	30
1	6	7	8	9	11	14	17	19	20	21	22	23	24	25	27	28	33	38	39	47	48	62	66	73	82	88	89	95	99	
40	29
1	2	3	5	6	9	10	13	14	15	16	19	21	22	26	27	29	35	38	40	42	50	59	66	88	94	99	115	153	
47	29
0	4	7	9	14	16	17	21	22	23	26	29	31	32	33	35	38	43	56	59	62	75	82	93	94	111	147	149	153	
35	30
1	2	3	4	5	6	7	13	14	15	19	21	22	24	25	26	27	31	32	33	36	38	42	43	48	66	77	88	96	98	
43	30
2	5	10	14	16	18	19	20	23	24	25	26	27	29	31	33	36	38	42	48	56	61	66	77	82	85	88	94	136	147	
47	30
1	3	8	9	11	14	15	17	18	20	22	23	24	29	33	35	36	38	42	43	82	88	93	96	99	109	111	115	149	153	
42	30
0	2	5	10	11	15	16	20	21	23	24	26	27	28	29	31	32	43	48	50	51	56	59	65	66	73	88	98	101	115	
42	29
0	1	5	6	10	11	12	13	14	17	18	20	24	25	29	35	39	48	56	59	66	73	75	82	86	88	95	98	153	
41	29
2	4	5	6	8	10	11	14	15	19	20	21	26	27	28	32	33	35	36	38	42	56	58	65	85	88	95	149	153	
47	29
0	1	4	6	15	17	18	21	24	26	27	32	33	35	36	50	56	58	59	61	65	82	85	88	89	101	111	115	153	
42	28
1	3	5	6	10	11	13	15	17	18	24	27	35	36	40	42	48	59	65	66	73	75	83	89	96	109	111	136	
43	29
1	2	6	11	14	15	17	18	21	24	26	27	29	35	36	38	43	47	48	56	61	73	75	83	88	94	99	147	149	
38	28
2	3	5	6	8	9	10	14	16	18	19	21	22	26	27	28	29	31	48	59	66	73	75	82	86	94	98	109	
42	33
0	1	4	6	8	10	11	13	14	15	17	18	19	20	22	24	27	29	33	35	36	38	39	42	48	50	55	65	66	77	82	85	115	
40	28
1	3	4	7	8	10	11	14	15	18	19	22	24	25	27	35	40	42	43	48	56	65	82	88	89	109	111	147	
42	31
0	1	2	3	4	5	7	8	10	14	17	18	19	22	23	24	26	27	28	35	38	42	47	58	61	62	65	66	77	111	153	
45	31
0	1	2	3	6	7	10	14	15	16	19	21	22	27	29	33	35	37	43	48	55	59	66	73	77	78	95	96	99	109	153	
43	29
2	3	4	6	8	11	17	23	24	25	27	28	29	31	32	36	37	43	48	61	66	77	82	85	86	93	98	149	153	
47	31
0	1	2	5	6	7	8	9	11	15	16	19	25	26	28	33	35	36	42	47	48	59	60	66	88	96	99	109	136	147	153	
42	30
1	4	6	9	10	13	17	18	19	20	25	27	28	31	32	33	38	42	43	48	52	58	61	73	77	78	89	96	109	136	
44	32
1	2	6	8	10	11	12	14	15	17	18	21	22	23	24	25	27	28	31	34	38	48	52	59	73	77	82	83	88	89	95	147	
44	30
0	6	8	9	10	14	15	16	18	19	20	22	23	25	26	28	31	33	35	42	52	56	59	65	73	82	88	96	147	149	
46	29
0	1	2	3	6	7	8	10	13	15	19	21	22	23	24	27	29	36	52	77	88	93	95	99	109	111	115	136	153	
51	30
1	3	14	15	17	18	23	26	27	32	34	36	38	42	47	52	59	61	66	77	78	82	85	88	93	94	109	111	147	153	
34	28
0	1	2	3	4	7	8	10	12	13	14	15	17	18	21	22	24	25	26	27	28	32	36	42	89	98	109	111	
47	28
0	1	3	5	6	9	10	13	27	28	29	32	35	47	50	52	56	65	83	88	89	95	99	101	109	115	136	147	
39	28
1	2	5	6	8	10	11	12	14	15	16	17	20	23	27	28	31	33	35	38	42	56	59	65	77	98	149	153	
49	31
1	2	6	7	8	9	10	14	17	20	21	23	25	26	27	33	35	37	40	50	52	61	65	66	77	85	86	98	149	153	176	
49	33
2	3	7	12	13	14	15	16	19	20	22	24	25	26	31	32	35	37	38	39	42	47	56	59	62	82	85	88	89	93	109	149	176	
41	30
0	2	3	8	9	10	12	13	14	15	16	17	18	22	24	25	26	27	29	36	43	59	73	82	86	88	89	99	111	115	
41	29
1	2	6	7	10	11	13	14	17	18	19	20	24	27	33	35	36	38	42	47	48	56	59	65	85	88	109	115	153	
42	30
1	2	5	6	8	9	11	13	15	17	18	19	20	23	27	28	34	36	38	48	59	73	75	83	86	94	96	99	109	111	
44	29
2	5	6	10	11	12	14	15	18	19	22	26	27	31	37	38	42	48	51	52	62	65	66	73	82	94	99	147	153	
44	30
2	5	6	9	10	13	15	16	17	18	20	24	25	26	27	31	35	37	42	52	59	61	65	66	85	88	94	95	111	153	
42	30
1	3	4	6	8	12	14	19	20	21	22	23	24	26	27	28	31	35	37	39	42	61	75	77	82	94	95	96	109	149	
45	31
0	1	2	5	7	10	11	14	15	16	20	22	28	33	35	37	42	43	47	55	59	60	65	66	82	88	93	98	99	109	115	
43	30
3	4	5	6	9	11	17	18	19	20	22	26	27	31	35	37	38	39	43	52	56	59	65	66	75	85	88	94	95	147	
43	32
2	4	5	6	8	11	17	20	21	22	23	24	26	27	28	31	32	33	35	43	47	48	55	56	58	82	86	88	94	95	99	109	
47	31
0	5	6	7	9	10	11	14	15	18	20	21	22	25	26	29	31	33	35	36	52	59	66	75	85	88	95	96	111	147	153	
48	33
0	2	4	5	7	9	10	11	12	13	14	16	18	19	20	21	23	28	32	37	38	47	61	65	73	78	82	89	96	99	101	147	149	
44	32
2	3	4	5	10	11	14	15	16	17	22	23	24	25	27	29	32	35	40	43	48	56	58	65	66	73	82	95	96	99	101	111	
44	31
0	1	2	5	6	10	11	13	15	16	17	23	25	26	27	28	31	32	35	42	48	55	59	65	66	73	82	94	96	111	147	
42	32
0	1	2	4	5	6	7	8	9	10	13	14	15	16	18	20	31	32	33	35	36	38	42	47	61	65	77	86	88	96	99	147	
43	31
1	2	3	4	5	7	9	10	11	16	17	19	20	23	24	27	28	31	36	38	48	65	73	75	77	85	88	94	96	99	147	
50	32
0	8	9	10	14	15	16	17	19	22	24	25	26	27	29	31	36	38	48	52	58	62	66	73	77	86	88	95	99	115	147	176	
40	30
0	1	2	5	8	9	10	11	15	16	20	21	22	23	24	25	26	27	28	29	33	35	42	51	55	59	88	109	111	136	
37	28
2	6	8	10	11	14	18	19	21	22	24	25	26	27	29	31	32	33	36	38	40	48	56	73	82	98	136	147	
40	30
0	5	6	7	8	10	11	14	15	16	19	22	23	24	25	27	28	31	33	34	38	48	52	56	59	73	82	96	98	147	
44	29
1	3	5	6	10	11	17	18	23	24	25	27	29	31	35	36	48	56	59	65	66	86	88	89	94	95	98	109	153	
46	30
2	6	9	10	12	13	15	16	17	18	19	20	24	28	31	35	36	50	52	58	65	66	73	82	83	85	89	96	109	153	
46	28
1	4	5	6	10	12	14	15	26	27	33	35	38	40	43	48	50	52	56	61	65	73	85	88	101	147	149	153	
47	31
2	5	6	7	9	13	14	16	19	20	21	22	24	26	27	31	32	33	38	43	52	56	58	66	73	75	82	98	109	149	153	
50	31
0	1	5	6	8	14	16	17	18	21	22	23	24	32	33	35	42	43	52	60	65	73	77	86	88	95	98	109	136	147	153	
41	30
0	1	3	5	6	9	12	13	14	15	19	20	26	27	28	33	35	42	43	56	59	61	65	66	73	75	85	93	95	96	
45	29
1	2	4	6	7	13	18	19	22	23	25	26	27	31	32	33	38	42	48	55	56	65	77	85	99	111	136	149	153	
40	31
1	2	5	6	7	9	11	13	14	19	20	21	22	24	26	28	32	33	35	38	42	47	59	65	66	75	82	88	96	98	99	
48	32
0	1	2	5	10	14	16	19	21	22	25	27	29	35	36	40	43	48	52	56	58	73	78	82	86	88	89	94	98	101	109	115	
44	29
0	1	4	8	11	12	14	15	16	17	21	22	23	24	25	26	29	32	35	52	61	62	73	75	88	95	109	147	153	
40	30
1	3	8	9	13	14	16	17	18	20	21	22	23	24	25	27	29	31	36	39	42	48	50	58	66	73	88	95	98	149	
42	30
1	6	9	11	12	13	14	15	18	19	20	22	25	26	27	31	32	33	38	39	43	51	52	56	61	77	85	88	109	149	
47	32
0	2	4	5	7	9	16	17	19	20	22	23	24	26	31	33	35	36	38	42	43	48	52	59	61	66	73	77	96	111	147	149	
45	30
1	3	4	10	11	12	13	16	17	20	21	23	24	25	27	31	33	42	43	50	52	62	77	83	88	89	94	98	149	176	
45	31
0	1	2	4	5	6	7	8	10	12	14	19	22	24	31	32	35	36	42	47	48	56	75	83	85	89	94	95	109	115	153	
40	29
0	1	2	3	4	5	10	14	17	18	22	23	24	27	31	32	35	38	42	47	48	66	77	88	95	98	99	109	149	
40	29
1	2	3	5	6	7	8	9	14	19	21	22	23	24	25	27	28	32	35	38	48	56	62	82	88	96	99	136	147	
44	31
0	1	4	5	11	12	14	16	17	18	19	21	23	24	26	27	29	36	43	47	52	65	66	83	85	86	88	93	99	109	115	
44	30
4	6	8	10	11	14	15	18	22	24	25	26	27	29	31	32	33	35	36	42	52	56	59	61	86	88	98	109	115	176	
45	28
4	6	9	11	15	18	19	21	26	28	31	35	36	38	42	50	55	59	61	65	82	83	85	88	95	111	116	153	
38	27
0	1	3	8	9	10	11	12	13	15	17	21	22	24	26	29	31	36	42	62	66	89	96	98	101	109	153	
39	30
0	1	4	5	6	7	8	11	17	18	19	20	23	24	25	27	29	33	35	38	42	48	51	59	65	73	77	82	85	115	
40	29
0	1	4	6	8	9	10	11	12	13	14	15	17	19	24	27	29	33	35	36	48	59	65	66	77	85	86	111	153	
43	30
1	5	6	8	10	13	14	15	16	19	20	23	24	27	28	29	31	32	33	36	38	42	52	59	77	85	88	109	147	153	
40	30
0	3	4	5	6	8	9	10	11	12	14	15	19	22	25	26	27	31	33	35	40	42	52	59	61	82	85	95	96	147	
48	29
1	6	8	9	11	15	20	22	24	26	27	31	32	33	38	42	43	50	56	59	61	77	82	83	109	116	136	149	153	
45	31
2	3	5	9	11	14	15	16	18	21	22	24	25	26	27	29	35	36	37	38	43	73	82	85	86	89	98	99	109	115	149	
47	32
1	2	3	4	5	6	8	9	11	15	20	21	23	24	28	29	31	35	42	43	56	61	66	77	82	86	88	93	99	109	111	136	
46	30
1	6	9	10	11	14	15	18	20	23	25	26	28	29	32	33	35	38	52	56	65	73	77	82	95	96	98	109	136	149	
46	30
1	4	6	7	10	11	12	17	18	19	21	27	31	33	35	36	37	38	43	48	52	56	59	85	93	95	109	115	149	153	
42	31
1	2	3	5	6	7	8	9	10	11	12	14	20	21	25	26	27	31	32	35	38	48	50	66	73	77	86	94	98	115	136	
42	30
1	6	8	10	11	13	14	18	24	25	27	28	29	31	32	36	38	42	48	50	51	56	59	65	83	85	93	95	98	115	
40	29
0	1	2	8	10	14	17	18	19	21	24	26	27	31	32	33	35	36	43	48	52	58	59	75	77	82	85	98	147	
39	29
0	1	3	4	5	6	9	10	12	13	15	17	18	19	24	29	35	36	37	48	59	65	66	77	83	95	96	99	111	
45	32
0	5	9	10	11	14	18	19	20	21	23	24	25	27	28	29	31	32	33	38	42	48	56	59	61	66	82	88	89	98	111	147	
41	28
1	5	6	7	8	9	10	11	12	14	15	17	22	24	29	36	38	39	42	51	52	56	66	95	99	109	111	153	
41	28
1	5	6	8	10	11	14	15	18	19	22	24	27	31	32	33	42	43	48	59	73	75	77	88	101	109	111	147	
46	29
0	1	2	6	8	9	10	13	15	17	22	24	33	36	38	42	52	59	61	62	65	86	88	96	98	99	109	111	153	
40	32
1	2	3	4	5	6	7	8	9	11	14	19	21	22	23	24	26	27	28	29	31	33	35	36	38	65	66	73	85	86	88	109	
42	32
0	1	4	5	7	8	10	11	13	17	18	19	21	23	24	26	27	28	29	32	35	36	38	56	60	82	83	85	88	89	96	109	
43	31
0	2	4	6	8	10	11	14	15	17	18	25	28	29	31	32	35	36	38	47	48	58	60	65	77	78	85	86	88	95	149	
39	30
0	1	4	6	8	11	14	15	17	18	20	22	24	25	26	27	28	29	32	35	39	43	47	61	65	77	85	89	99	149	
40	29
0	2	3	7	8	10	11	14	17	18	19	24	25	27	29	31	33	35	36	38	42	43	52	56	75	88	109	115	149	
43	30
0	2	7	8	10	11	13	15	17	18	19	20	23	26	32	33	35	36	43	47	56	60	61	65	88	93	99	109	111	115	
41	31
0	1	3	5	11	13	14	16	17	18	19	20	21	24	26	27	29	31	35	36	38	47	48	65	75	88	94	96	99	101	176	
44	30
2	3	4	5	6	7	8	9	10	11	17	19	20	22	27	31	32	35	38	43	55	56	65	88	94	96	98	109	136	149	
40	29
1	2	4	6	7	8	10	11	14	21	22	24	26	27	29	31	35	36	38	42	43	56	58	61	77	88	99	115	147	
39	29
0	1	3	4	5	6	8	9	10	12	14	15	16	19	21	26	29	33	35	36	40	59	60	73	88	93	96	99	153	
46	31
1	4	6	9	10	14	18	20	26	29	31	32	33	35	36	38	48	52	56	61	65	73	75	77	82	85	88	94	95	99	109	
42	30
0	1	2	3	4	5	6	8	9	12	17	18	22	24	26	27	29	36	38	42	52	65	66	78	88	94	98	99	109	111	
51	31
6	11	15	16	17	19	23	25	27	28	31	32	33	35	38	43	48	52	55	59	61	77	85	88	89	95	101	115	136	147	149	
42	30
0	1	2	4	7	8	9	13	17	18	22	23	24	26	32	33	35	36	38	43	47	48	55	59	61	94	96	109	111	149	
47	30
0	1	2	4	5	7	9	17	18	19	21	23	24	25	26	29	36	40	43	48	56	66	75	94	96	99	111	147	149	176	
47	32
0	2	6	7	11	15	17	18	19	20	21	23	24	27	28	33	34	35	38	42	43	47	56	61	65	66	82	85	99	115	147	153	
47	31
0	1	3	5	6	8	12	14	19	20	21	22	23	24	27	31	32	36	42	43	48	50	77	83	86	88	95	111	115	147	153	
44	30
0	1	2	3	4	5	6	8	10	13	14	17	20	22	24	26	27	31	32	33	35	38	43	52	75	82	109	147	149	153	
47	29
0	1	3	5	7	10	12	15	22	23	24	26	27	31	32	34	50	59	66	73	85	89	94	98	99	109	111	115	147	
43	31
0	1	3	7	8	9	13	14	15	16	19	20	25	26	27	29	33	35	36	37	48	56	59	61	62	73	82	88	89	93	153	
42	29
1	4	5	7	11	13	16	17	19	23	24	27	33	36	38	43	47	48	52	56	73	77	82	83	85	88	89	99	149	
43	32
0	1	4	5	7	12	13	14	15	16	18	19	20	21	23	24	25	27	32	33	35	36	52	56	59	65	66	73	82	83	88	111	
48	31
1	5	6	10	11	14	15	19	21	22	26	27	29	31	32	35	38	48	52	56	58	59	60	75	78	82	85	96	98	147	176	
42	31
0	1	2	5	6	9	14	15	18	19	22	23	25	26	32	33	35	42	47	48	52	55	56	58	59	66	86	88	89	95	99	
43	30
0	2	3	5	9	11	13	17	18	22	23	26	28	29	32	36	42	47	48	50	65	78	85	88	95	96	98	99	109	111	
39	28
0	1	4	10	11	13	14	15	17	18	20	23	24	26	27	32	35	40	42	52	55	61	65	66	86	88	109	136	
43	29
0	1	2	4	5	7	8	10	11	15	17	21	22	24	25	27	31	33	38	43	73	75	85	94	99	101	109	147	153	
43	29
0	1	3	4	5	6	8	10	11	13	16	18	25	27	31	32	36	42	51	52	59	65	66	77	82	85	95	136	153	
46	29
1	2	5	6	10	13	14	17	24	27	31	33	35	38	42	47	48	50	56	59	61	65	85	93	94	98	109	147	153	
42	30
2	4	5	6	10	12	13	16	17	19	20	23	24	27	31	32	33	40	47	48	56	61	65	73	75	85	96	98	111	136	
37	29
1	5	6	7	8	10	12	14	16	19	21	23	24	26	27	29	32	33	35	36	43	48	55	56	59	66	82	98	109	
38	30
0	2	3	4	5	8	9	10	12	14	16	19	20	21	22	23	24	25	27	28	29	31	32	38	59	66	77	82	96	153	
42	31
0	1	2	5	6	8	9	10	11	14	19	21	22	25	26	27	31	32	33	35	37	38	42	52	56	61	66	86	94	115	147	
43	31
0	1	4	5	7	8	11	14	19	20	21	22	23	24	25	26	27	32	33	34	35	48	56	61	75	85	86	94	99	109	147	
39	28
2	3	6	9	10	13	14	16	17	19	20	24	27	31	32	33	36	38	43	50	56	61	65	77	78	85	99	153	
42	30
0	2	4	7	10	12	13	14	16	17	19	21	22	24	25	31	32	33	36	38	59	60	77	78	82	85	94	96	101	149	
42	29
1	2	3	5	6	8	10	13	14	17	24	26	27	35	38	39	42	47	59	61	65	73	75	88	94	96	98	111	136	
44	32
2	6	7	10	11	13	14	15	18	19	20	21	24	26	27	34	36	38	42	47	48	55	56	59	60	65	73	82	94	96	99	115	
43	30
2	4	6	10	11	13	14	17	18	19	20	21	22	24	26	27	31	32	33	56	59	62	66	82	85	86	93	95	99	153	
39	29
1	4	6	8	9	10	13	14	17	18	19	20	25	26	27	29	31	32	33	38	48	50	52	56	66	77	82	83	147	
45	33
1	2	4	6	7	11	14	15	18	19	20	21	22	26	27	28	31	32	33	35	38	42	47	51	52	56	61	65	73	82	86	89	147	
49	31
0	2	3	5	6	7	9	10	11	13	14	17	18	19	24	26	27	31	35	48	59	61	65	73	75	85	86	109	147	149	153	
43	29
0	2	5	6	8	9	10	13	16	17	19	21	22	25	26	29	31	33	35	52	59	60	75	82	88	95	109	111	153	
48	31
0	1	10	12	13	14	15	18	19	20	21	25	27	31	42	43	47	50	52	55	56	59	62	73	77	78	82	88	94	109	153	
40	30
1	3	4	6	7	8	10	11	15	16	17	18	24	27	28	29	31	35	36	42	43	48	51	52	56	59	60	61	75	147	
48	31
1	2	4	5	6	7	9	10	11	12	17	18	19	21	22	26	29	31	33	50	56	59	66	77	82	86	88	96	111	147	149	
51	32
0	2	3	5	7	8	11	17	18	22	23	24	28	29	35	36	42	59	60	61	65	73	77	83	85	88	95	99	101	109	111	147	
44	31
2	5	6	7	8	9	10	11	15	17	18	20	23	25	27	31	33	42	48	50	51	52	61	66	85	86	89	95	96	99	109	
40	30
1	2	3	4	5	6	9	10	13	14	15	19	20	21	25	26	27	32	35	38	42	48	52	56	61	66	82	88	94	147	
42	32
1	4	6	7	8	11	14	15	17	19	20	22	23	24	25	27	29	31	32	33	36	38	39	42	48	59	73	77	85	96	109	147	
42	29
1	2	3	4	6	7	8	9	10	14	17	18	20	24	26	28	32	35	43	59	61	65	73	77	82	83	96	109	149	
43	28
0	1	2	4	7	8	10	15	16	17	18	21	26	27	32	33	35	38	42	56	65	86	93	94	109	111	147	153	
43	30
1	4	5	6	7	9	10	12	16	17	18	21	23	24	27	32	35	36	43	61	65	82	83	85	86	88	95	99	111	116	
48	31
2	5	6	7	9	10	11	15	16	17	18	19	22	25	28	35	36	42	59	61	78	82	85	95	96	98	99	101	109	115	149	
38	28
0	2	4	5	6	7	9	10	12	13	14	16	17	19	21	22	24	29	33	38	52	66	83	85	96	99	109	111	
44	30
0	1	2	3	6	11	15	17	18	19	20	23	24	25	26	27	33	35	36	48	61	65	77	85	93	98	99	109	115	153	
43	31
1	4	6	7	8	9	12	13	14	15	19	20	21	23	25	27	31	32	33	35	42	47	56	58	61	66	77	85	86	109	176	
38	29
0	1	2	3	4	5	8	9	13	15	20	23	24	26	27	32	33	35	36	42	43	48	50	66	77	88	89	96	176	
47	31
0	2	5	7	8	10	11	13	16	17	18	22	24	26	27	34	36	38	48	50	52	77	78	83	85	95	98	99	109	111	153	
52	30
1	3	5	6	14	15	17	23	24	28	29	31	32	42	56	58	60	66	73	77	82	85	88	94	95	98	109	136	147	153	
41	29
1	2	4	6	7	8	9	10	13	15	17	18	19	27	29	33	35	36	42	43	50	52	59	78	82	88	109	115	136	
43	31
0	1	3	4	5	6	8	10	11	13	14	15	16	18	20	24	27	28	31	33	48	50	59	62	65	66	89	95	96	99	149	
37	29
2	5	6	8	9	11	14	17	18	19	20	21	22	24	25	26	29	31	33	35	38	47	56	59	77	82	96	99	115	
43	31
2	5	6	7	9	10	11	12	13	14	15	19	24	26	27	35	36	37	38	48	55	56	59	65	73	75	83	85	94	96	115	
50	29
0	2	3	5	6	7	11	21	24	26	29	31	32	35	43	50	52	56	59	60	75	85	88	95	109	111	115	147	149	
42	28
0	1	2	3	5	6	10	14	18	19	20	24	27	29	33	35	36	38	42	56	66	82	88	99	109	111	115	147	
42	31
1	3	5	6	7	9	11	12	13	15	16	24	25	26	27	33	35	36	37	38	42	48	65	73	83	85	88	89	96	109	136	
38	29
0	1	8	9	10	11	13	14	16	18	19	20	21	22	26	29	31	33	38	48	52	59	65	75	78	86	95	98	101	
49	31
1	5	6	8	9	12	15	17	19	22	24	25	26	28	29	35	40	50	58	59	61	73	82	83	88	89	96	99	111	136	176	
46	29
0	1	2	3	4	5	6	7	9	10	14	17	23	24	26	35	42	59	65	66	73	75	77	82	96	98	109	147	149	
45	31
2	4	10	13	16	17	18	20	21	23	24	26	27	32	33	35	36	38	43	58	65	66	75	78	85	86	88	94	95	99	149	
45	29
0	1	2	3	5	6	8	9	14	22	25	26	29	35	36	38	40	42	52	56	65	66	78	88	95	109	111	115	153	
41	29
1	3	5	6	7	8	11	12	14	15	16	17	19	21	23	24	27	28	29	32	35	65	83	88	98	99	109	136	147	
38	29
0	2	4	8	10	11	14	15	17	18	20	24	25	27	28	29	31	35	38	39	42	51	52	59	61	85	86	88	109	
43	30
0	2	8	9	10	11	13	14	16	17	18	21	22	24	26	31	33	38	47	48	52	56	61	62	66	77	96	98	111	149	
39	27
0	1	5	6	7	8	10	11	15	17	18	19	23	25	26	27	29	35	59	65	77	85	86	89	98	136	147	
43	30
1	2	3	4	5	8	9	10	18	19	20	23	24	25	29	36	38	40	48	56	66	82	83	85	88	95	96	99	111	136	
44	32
0	1	2	5	6	11	12	13	14	15	16	18	20	21	22	23	25	28	29	31	32	33	56	58	59	66	73	75	86	96	98	149	
38	28
1	2	4	6	8	9	11	12	15	16	17	22	23	24	25	27	33	35	36	38	42	59	62	73	78	88	109	153	
44	28
2	3	6	8	9	10	11	12	16	24	25	27	31	32	36	38	50	52	62	65	86	95	96	98	101	109	115	147	
50	32
3	5	6	8	11	14	18	20	23	24	26	27	29	36	38	47	48	51	59	61	65	66	73	77	85	86	93	96	98	101	115	147	
40	29
0	1	2	4	5	6	9	10	14	17	21	23	24	26	27	29	35	36	38	42	59	61	65	66	75	82	88	96	147	
43	32
0	2	4	5	9	11	13	15	16	17	22	23	25	27	29	31	32	33	35	36	38	42	52	55	65	66	85	86	88	89	93	109	
47	30
0	1	4	5	8	9	11	16	17	21	22	23	24	25	28	29	33	35	38	51	59	66	73	86	88	96	109	115	147	153	
44	31
1	4	6	7	10	14	16	18	19	22	23	24	25	27	29	31	33	35	38	39	40	48	56	73	83	89	94	98	99	147	149	
46	30
0	1	2	3	5	7	8	10	17	21	22	23	24	27	29	33	36	43	47	50	56	66	73	75	95	98	99	109	149	153	
40	30
1	3	4	5	6	7	9	11	13	14	16	21	22	24	25	26	28	29	35	36	58	65	73	77	82	88	89	95	98	99	
43	30
0	2	4	5	9	11	15	17	18	19	25	26	27	31	33	35	40	42	56	61	65	75	82	85	88	89	93	95	99	109	
42	28
0	1	5	6	7	10	11	13	14	17	18	20	27	31	33	42	43	48	59	65	66	75	78	88	98	111	136	147	
42	33
1	4	5	7	8	11	12	13	14	15	18	20	21	22	25	26	27	28	29	33	38	40	42	43	47	55	59	61	78	86	89	98	109	
46	33
1	2	3	4	6	7	10	14	17	19	21	24	26	28	29	31	32	35	36	38	39	40	43	51	52	65	73	77	85	88	95	136	153	
42	29
1	4	6	7	8	10	11	16	17	20	23	27	33	35	37	38	42	43	48	59	60	66	77	82	83	85	88	109	149	
48	32
0	1	2	3	4	6	10	12	14	18	21	22	23	26	29	31	33	34	36	42	52	65	73	82	85	88	95	96	98	99	147	153	
47	31
2	6	7	9	10	13	14	16	17	18	20	21	24	25	29	31	33	36	47	59	66	75	82	86	88	94	95	98	115	116	153	
49	33
0	2	3	6	7	8	9	14	16	19	22	23	25	27	29	31	33	35	36	38	48	58	59	65	77	83	85	86	88	95	99	149	153	
47	31
0	1	3	6	9	11	15	17	18	20	22	26	27	28	33	35	37	39	43	47	50	52	59	73	85	95	98	99	115	149	153	
44	29
1	2	4	6	10	14	17	18	19	20	21	23	24	26	27	31	32	42	55	56	66	75	88	89	95	99	109	136	153	
51	31
1	2	3	9	10	13	15	17	22	25	27	28	31	32	35	36	38	47	50	61	66	77	82	85	93	94	111	115	136	147	153	
49	33
2	4	6	7	8	10	11	13	14	17	19	23	24	25	26	27	31	32	33	38	43	48	56	59	61	65	77	82	88	99	109	149	176	
42	29
1	2	4	6	10	11	13	14	15	18	20	27	33	35	36	39	42	47	52	56	59	65	73	85	86	95	98	101	153	
37	30
0	1	2	3	4	5	7	8	11	14	17	18	19	21	22	23	24	25	27	29	32	33	35	36	48	59	83	88	99	176	
41	29
1	2	3	4	5	6	7	10	13	14	18	19	22	24	25	26	27	31	32	39	42	48	59	82	85	99	136	149	153	
41	29
0	1	2	3	5	6	10	11	12	14	15	19	20	25	26	34	35	39	40	42	59	66	75	88	94	95	96	111	153	
48	31
0	1	3	8	9	10	11	12	13	14	15	17	20	25	26	27	28	35	48	59	62	66	77	78	82	86	94	101	111	147	176	
39	33
1	2	4	6	8	9	11	13	14	15	16	18	20	22	25	26	27	28	29	32	33	35	37	38	42	43	47	48	56	62	66	77	115	
42	31
2	6	7	8	11	12	14	17	19	20	21	22	23	25	26	29	35	38	42	43	47	56	59	61	62	77	78	82	96	99	109	
42	30
0	1	2	6	8	9	10	12	13	15	17	19	20	23	24	29	31	33	36	38	42	52	58	59	66	75	77	96	111	153	
40	29
1	5	6	7	8	10	11	12	14	15	18	19	22	23	26	27	33	34	35	36	42	43	52	59	65	73	86	147	153	
48	32
0	6	9	10	15	16	17	18	21	23	25	26	27	28	32	34	35	36	38	47	50	58	61	65	85	86	89	94	98	99	147	149	
43	31
0	1	2	5	6	8	14	16	19	20	26	27	31	32	33	35	36	37	38	42	43	48	52	61	73	82	85	88	89	115	147	
42	31
1	5	7	9	10	13	14	15	17	21	23	24	25	27	29	32	35	36	43	48	56	66	73	75	82	85	88	94	95	98	99	
38	29
0	1	2	4	5	7	11	13	15	17	19	21	22	24	25	26	31	33	38	48	51	56	65	73	86	88	94	95	99	
38	29
0	1	2	4	5	7	10	12	13	15	17	19	21	22	24	25	31	32	33	38	39	42	50	56	73	77	94	96	149	
44	30
2	3	4	6	8	11	13	17	18	22	23	25	26	27	29	31	43	48	52	55	56	58	59	85	86	88	95	98	109	136	
41	30
0	1	5	8	14	15	17	18	19	22	23	27	29	31	32	33	35	36	42	43	48	52	56	85	88	89	93	99	109	115	
44	31
1	2	3	4	7	10	12	13	14	17	19	21	22	24	25	33	36	39	42	43	47	52	59	61	66	77	85	95	99	115	153	
45	30
1	2	4	5	7	9	10	11	18	19	20	21	23	26	29	31	33	38	39	42	56	59	65	85	93	99	101	136	147	153	
44	30
1	3	4	5	6	8	10	14	15	16	18	23	24	26	27	29	35	36	43	48	52	56	60	61	65	66	82	109	136	149	
44	33
1	3	4	5	6	7	10	13	14	16	24	25	26	27	29	32	33	35	36	38	40	43	50	56	58	61	77	78	83	88	94	95	96	
44	30
0	2	4	5	6	9	10	11	13	17	20	21	22	24	25	27	33	35	42	43	55	58	59	60	65	85	88	109	111	153	
38	30
0	1	2	4	5	6	7	8	17	18	20	22	23	24	25	26	27	32	35	36	37	42	48	50	66	77	85	86	98	111	
43	30
1	5	6	7	8	10	12	13	14	15	16	21	24	27	31	32	33	35	36	38	42	50	61	65	83	85	98	109	136	147	
44	30
0	1	2	3	4	6	7	9	10	13	17	22	24	25	32	35	38	43	62	65	82	86	88	89	94	95	98	99	109	111	
44	29
1	3	5	6	13	14	15	17	18	22	23	27	29	31	33	36	38	40	42	47	56	77	85	88	101	109	111	149	153	
38	30
1	2	3	4	5	9	10	11	13	17	19	20	22	23	24	25	28	31	32	38	39	42	47	48	59	61	88	96	99	149	
46	30
2	3	4	5	6	10	11	13	14	17	19	20	23	24	27	32	35	40	42	56	59	65	82	88	94	96	99	115	147	153	
48	32
0	1	5	8	12	13	15	19	20	21	22	25	26	27	29	32	35	40	42	56	61	65	66	75	77	82	83	89	93	109	111	136	
45	30
0	1	2	6	8	10	11	14	16	19	20	24	26	27	32	33	35	38	48	56	61	62	65	77	82	88	94	96	147	149	
40	30
1	2	3	6	8	10	11	13	15	18	22	24	26	27	31	33	36	37	42	48	50	56	58	59	62	66	75	85	96	98	
37	29
1	4	5	6	7	8	11	13	14	17	18	19	20	23	25	27	29	33	38	47	48	56	59	66	82	83	85	94	99	
41	32
2	4	5	6	7	9	11	14	15	17	18	19	20	21	22	23	24	25	26	27	28	29	35	37	47	65	77	85	96	99	111	115	
46	29
3	4	5	6	9	10	11	14	16	18	22	24	25	26	27	29	35	50	58	59	66	77	82	86	88	95	115	147	149	
44	29
1	2	3	4	6	10	14	17	21	24	25	27	32	42	43	47	48	52	59	61	66	77	82	88	89	95	96	109	149	
42	31
1	2	4	6	8	9	10	11	13	14	21	22	23	24	27	29	31	32	35	36	38	43	56	61	62	65	82	85	95	98	147	
41	30
0	2	4	8	9	10	11	13	15	17	22	24	25	26	27	29	31	40	42	43	48	52	59	61	77	85	88	89	109	111	
36	27
1	2	5	6	11	12	14	17	18	20	21	22	24	25	26	27	31	37	38	42	65	66	75	96	98	99	147	
50	32
0	1	4	6	7	9	13	14	17	18	19	21	25	26	29	32	33	38	48	61	65	75	82	83	85	88	95	98	99	111	147	153	
39	32
0	1	2	3	4	5	6	7	8	11	16	17	18	19	20	23	24	27	28	31	34	35	38	42	47	59	66	77	85	93	96	99	
42	29
0	1	2	4	5	6	7	8	17	19	21	22	23	24	27	28	29	31	36	48	55	59	88	93	94	99	109	111	147	
47	33
1	2	6	7	8	9	10	11	15	16	17	18	19	20	21	22	26	27	29	31	38	42	43	48	56	59	77	78	88	109	111	136	147	
41	29
2	4	6	8	11	14	20	22	25	26	27	29	31	32	33	35	36	38	48	52	56	65	77	85	86	94	95	99	153	
43	30
3	4	5	8	10	11	17	20	21	22	23	24	25	27	31	33	35	37	39	43	48	59	61	75	82	86	88	89	147	149	
40	30
0	1	2	4	7	8	9	10	11	17	18	21	23	24	26	27	32	33	34	35	37	42	55	56	65	66	82	88	89	147	
43	30
2	6	7	8	9	10	11	15	17	19	20	21	22	23	25	27	29	33	34	35	42	56	62	82	83	85	98	109	115	153	
49	32
0	3	5	8	11	12	13	14	17	19	21	23	24	25	29	31	32	47	48	56	58	59	65	66	75	88	89	94	95	98	149	176	
40	27
1	2	3	4	5	6	10	14	18	19	22	24	26	27	29	31	42	50	56	59	66	82	88	95	98	109	153	
40	28
0	1	6	8	10	13	14	15	17	18	24	26	28	29	35	36	42	43	47	51	59	61	77	83	88	96	109	153	
47	30
3	5	8	11	14	15	16	22	23	24	26	27	28	32	36	38	42	48	52	56	61	85	88	89	96	98	109	111	115	147	
49	29
1	2	3	5	6	8	10	13	17	20	27	28	32	33	35	43	52	55	58	59	75	83	88	95	109	115	136	149	153	
41	29
0	1	2	3	4	6	7	8	10	11	12	20	24	25	27	31	40	42	50	58	59	66	77	82	85	88	89	95	109	
45	32
0	1	3	4	7	11	12	13	17	19	20	22	24	26	28	31	32	42	43	47	52	56	65	66	77	85	88	89	95	96	99	109	
44	30
1	3	4	6	8	10	11	14	16	18	19	20	26	27	31	33	35	36	48	50	52	56	59	62	77	86	88	99	136	176	
46	33
0	1	2	3	4	5	8	9	11	15	16	18	20	21	22	24	26	29	31	35	36	43	50	56	59	65	77	82	86	95	99	109	111	
43	31
1	2	4	5	6	7	8	11	15	16	17	21	23	24	27	28	31	35	36	37	42	48	52	60	66	75	86	88	96	109	147	
39	30
0	1	2	4	6	8	9	10	12	15	17	18	19	21	23	24	25	26	27	32	33	35	42	50	55	61	65	82	94	147	
54	32
1	4	11	14	15	17	18	22	24	25	26	27	28	35	39	43	48	59	66	75	77	85	94	95	96	98	99	109	111	116	147	149	
45	29
1	2	4	6	9	11	13	17	21	22	24	25	26	31	33	42	50	61	62	66	73	75	77	82	88	89	96	111	153	
47	30
1	2	3	6	7	8	9	10	14	17	18	22	27	29	32	33	35	40	48	52	59	75	77	83	86	101	109	115	149	153	
39	30
0	1	4	5	10	11	12	13	17	18	21	22	23	24	27	28	29	31	33	36	42	48	56	65	75	85	89	98	99	109	
43	29
1	2	5	10	15	17	19	23	25	26	27	33	35	36	38	40	42	48	56	65	73	78	82	88	89	94	95	111	153	
41	32
0	1	3	5	6	7	10	12	13	14	16	17	18	19	20	21	24	26	27	29	31	32	36	51	59	65	73	75	82	85	88	98	
39	29
0	1	3	5	6	8	10	11	14	15	16	19	20	21	22	23	26	27	29	31	33	35	36	52	59	65	85	149	153	
46	31
0	1	4	5	8	10	14	15	17	18	26	27	31	32	33	35	40	42	43	55	61	65	66	73	88	89	93	96	98	109	147	
39	30
1	2	5	6	8	10	11	13	14	18	19	21	22	23	24	27	29	31	32	35	36	39	50	56	75	82	85	95	98	109	
49	31
0	1	2	6	7	9	11	13	15	16	17	22	23	24	25	26	35	47	52	55	59	66	77	88	96	98	99	109	115	136	147	
38	30
0	1	2	3	5	6	7	10	13	14	15	16	24	27	28	29	31	33	35	37	38	42	48	56	59	65	88	96	98	109	
40	30
0	1	2	5	6	9	14	17	18	19	20	21	22	23	24	26	28	32	35	38	51	52	55	56	65	73	88	95	98	99	
43	32
0	2	3	5	7	9	10	12	13	14	15	16	18	19	24	25	28	31	33	37	48	56	59	60	61	66	73	82	88	89	95	99	
46	31
0	1	3	5	6	7	9	10	13	17	18	29	31	32	33	37	38	39	48	56	58	65	85	88	89	95	99	101	109	111	115	
41	31
0	1	2	3	5	8	9	10	13	14	17	19	22	23	24	25	27	31	33	35	39	42	50	58	61	65	66	77	82	96	111	
49	31
1	2	3	5	6	10	11	12	15	16	17	19	20	24	31	32	33	34	42	52	59	66	73	77	82	94	96	109	115	149	176	
42	28
2	4	6	10	14	15	16	19	21	22	24	26	27	31	32	33	42	56	59	66	73	75	77	82	83	85	115	153	
41	29
1	4	6	7	8	11	12	14	15	17	19	21	22	23	25	27	29	32	33	35	36	38	56	60	77	89	109	149	153	
52	30
1	4	6	8	10	14	15	17	18	23	24	26	27	32	35	42	52	56	62	65	73	88	94	96	98	109	111	147	149	153	
41	30
0	1	2	4	6	8	9	10	11	13	15	16	17	18	19	24	32	33	35	36	38	43	65	73	82	85	94	96	109	149	
40	31
0	1	3	4	6	7	8	12	14	15	17	19	20	21	22	23	25	26	29	32	33	35	42	43	47	62	66	95	99	111	147	
45	29
1	5	6	11	15	16	18	20	23	24	25	26	27	28	35	37	42	59	65	73	75	77	82	83	85	101	115	136	153	
48	30
0	4	5	7	9	10	11	13	14	17	18	19	22	24	26	27	35	38	48	52	59	77	78	85	88	99	109	147	149	153	
45	32
0	1	2	3	5	6	8	12	13	14	16	22	23	24	26	27	33	35	42	43	47	61	65	66	75	85	86	88	95	96	98	149	
41	29
0	1	2	5	7	8	9	14	17	19	20	22	23	24	26	27	28	32	35	38	42	48	55	59	75	77	109	147	176	
41	30
2	3	4	6	7	8	10	11	13	17	18	23	24	26	27	28	29	31	35	43	51	56	61	65	77	85	98	99	101	109	
43	32
2	3	4	5	6	7	9	10	12	14	16	19	21	22	24	25	26	27	28	33	35	42	55	59	65	75	82	83	88	89	95	109	
52	30
2	3	8	10	12	13	14	16	22	24	25	32	38	40	42	52	56	65	73	77	82	88	89	96	98	109	111	115	149	153	
41	30
1	4	5	6	8	9	10	14	15	18	19	22	24	26	27	28	31	32	33	37	40	48	52	59	65	73	75	77	136	147	
44	30
4	5	6	10	11	14	18	21	22	25	26	28	29	31	33	38	42	48	56	59	60	66	73	82	86	88	96	98	99	147	
42	29
0	2	3	4	5	6	8	9	10	13	14	16	17	19	20	21	22	24	31	38	42	47	61	65	77	95	147	149	153	
42	30
0	1	3	6	7	8	10	11	13	14	16	17	18	20	22	25	26	27	35	42	48	59	75	77	82	85	88	98	136	149	
45	30
0	1	2	7	10	11	12	15	18	19	25	28	31	33	36	38	43	47	48	50	52	59	77	78	85	88	89	95	147	153	
41	31
0	1	2	3	4	6	7	10	11	12	15	17	22	24	26	27	31	33	35	36	38	42	48	52	59	66	75	77	89	93	176	
45	31
2	3	4	6	7	8	9	11	13	14	16	17	21	22	26	27	35	37	39	43	52	58	59	77	82	86	88	95	109	111	136	
41	29
0	1	2	5	6	7	10	11	12	13	14	15	17	18	19	25	29	36	38	59	60	65	82	85	89	95	99	111	136	
42	30
1	5	8	10	12	16	17	18	23	24	28	29	31	35	36	37	38	43	47	48	59	66	75	82	88	94	95	99	109	111	
48	33
3	4	5	6	7	11	13	14	16	17	18	19	21	22	23	24	27	28	29	33	35	38	48	52	58	73	75	82	94	96	109	147	149	
45	30
1	3	8	12	14	15	17	19	21	22	24	25	26	29	32	35	36	40	43	59	62	73	77	82	86	88	95	109	111	153	
40	30
1	2	3	4	5	7	11	12	13	14	15	17	21	22	24	25	26	27	31	36	38	42	43	66	73	77	88	98	109	147	
44	32
0	1	2	8	14	17	18	19	20	21	23	24	26	27	29	32	33	34	40	43	47	48	51	58	59	61	75	83	89	96	98	147	
42	31
0	1	6	8	9	13	14	15	18	20	22	23	25	26	29	32	33	35	40	43	47	58	59	61	85	86	88	95	98	99	109	
44	30
3	5	6	8	9	10	13	15	16	19	24	27	29	33	35	36	38	42	48	50	55	65	66	75	83	85	89	95	115	153	
49	30
0	2	9	11	16	17	19	21	22	24	25	26	29	31	33	35	47	52	55	59	65	66	75	77	85	88	95	147	149	176	
43	31
2	5	6	7	9	14	16	21	22	24	25	26	31	32	33	34	36	38	43	47	48	66	75	77	82	86	88	94	95	98	153	
47	30
1	2	3	4	6	8	9	17	22	23	24	27	33	35	36	39	42	43	59	60	65	73	77	78	82	88	101	111	147	149	
42	30
1	2	4	5	6	7	11	13	14	15	19	21	22	26	27	31	33	35	42	47	55	59	65	73	86	88	93	94	101	147	
47	32
0	1	3	5	6	7	10	12	13	17	19	23	25	27	31	32	33	35	37	43	48	56	58	59	66	88	94	95	96	99	147	149	
45	30
1	3	4	5	6	8	10	12	14	19	20	29	31	33	35	39	42	47	51	52	59	61	66	73	75	82	94	96	115	149	
50	30
2	6	9	10	11	14	15	18	19	20	24	27	28	36	43	52	56	58	59	60	65	82	83	85	88	95	99	111	147	153	
47	32
1	2	6	7	9	10	11	13	14	15	18	19	21	23	25	26	27	31	33	39	42	59	60	65	66	75	77	85	86	95	147	153	
43	31
3	5	6	7	8	10	11	14	19	21	22	24	25	27	28	31	32	33	42	47	48	52	56	59	83	85	86	94	95	98	147	
44	32
0	1	2	4	5	6	9	11	14	18	20	21	22	23	25	28	29	31	32	33	36	48	56	59	65	66	75	85	96	99	101	147	
51	33
1	5	6	7	9	11	14	17	20	21	23	24	25	28	29	32	35	36	39	43	62	66	77	83	85	86	95	98	99	101	109	147	153	
45	30
1	2	6	8	9	11	14	17	21	22	23	24	29	32	33	38	47	59	65	66	73	77	82	86	88	89	95	98	101	153	
48	33
2	4	5	7	8	9	11	13	15	16	17	19	21	22	24	26	31	36	37	38	42	43	47	48	52	77	82	83	96	111	136	147	149	
49	33
1	3	4	6	11	12	13	17	19	21	22	23	24	25	26	27	29	31	32	47	61	62	66	77	82	83	86	88	89	94	96	109	147	
45	31
0	1	2	4	6	7	8	10	12	14	19	21	22	24	31	32	33	35	36	40	59	62	77	85	86	95	98	99	101	109	147	
40	31
0	1	4	6	7	8	17	18	19	20	22	23	24	27	29	32	33	34	36	38	43	47	48	51	65	66	77	82	85	99	111	
45	31
0	1	5	7	9	11	12	15	17	19	22	24	26	27	28	31	33	35	38	42	48	50	51	56	66	75	77	85	88	147	153	
47	32
2	5	6	7	9	15	16	17	18	19	22	25	26	27	28	32	33	35	36	42	43	58	65	77	83	88	89	95	98	109	115	147	
48	33
2	3	4	8	9	13	16	17	18	20	22	23	24	27	28	31	32	35	36	38	42	43	47	59	65	83	85	98	99	111	115	136	147	
40	30
0	1	2	4	5	6	8	9	10	15	16	17	19	20	21	24	29	35	36	38	40	48	52	73	82	88	96	101	109	111	
41	29
0	1	3	4	5	7	8	15	18	20	23	24	26	29	33	35	36	43	50	51	73	77	83	85	88	95	96	99	109	
42	32
1	2	5	6	8	11	13	17	18	19	20	21	22	23	25	27	28	29	31	32	35	36	38	42	43	52	62	66	85	94	111	147	
45	29
0	1	5	11	12	17	23	24	25	26	29	35	36	38	43	47	48	52	61	75	77	85	88	89	95	98	109	115	149	
49	31
0	3	4	5	6	9	10	11	15	17	18	19	20	24	29	33	36	37	42	59	65	73	75	77	85	89	95	111	115	147	153	
44	30
0	1	3	4	6	10	11	13	14	17	18	20	21	22	25	27	28	31	33	43	48	59	85	88	93	94	99	136	147	149	
36	27
0	1	2	3	4	5	7	11	13	17	21	22	23	24	25	27	31	40	42	48	51	66	77	85	88	93	149	
44	29
1	5	8	10	11	13	14	16	17	18	19	20	25	27	29	33	35	39	48	52	59	82	86	88	93	96	109	149	153	
39	27
0	1	2	3	4	6	7	10	11	13	14	19	24	27	35	42	59	65	66	77	82	88	94	95	96	98	109	
45	34
0	2	4	5	7	9	11	13	15	16	19	20	21	22	24	26	27	28	29	31	32	33	36	38	47	48	50	59	77	78	82	88	111	147	
46	31
0	4	9	11	14	15	17	18	21	22	23	24	26	27	28	29	31	35	39	59	65	66	75	77	85	86	88	94	95	109	147	
47	28
0	2	3	4	11	19	20	24	26	31	32	42	43	47	50	56	59	60	61	65	77	82	85	88	95	115	147	153	
47	31
1	2	4	5	6	7	8	9	10	13	14	17	18	20	21	24	27	32	35	40	52	56	59	75	83	96	99	101	115	149	153	
50	34
4	6	8	9	12	14	16	17	18	20	21	22	26	31	32	33	35	36	37	38	42	43	48	52	66	73	82	83	86	96	99	136	147	153	
37	28
0	1	2	4	5	6	8	9	10	11	15	17	18	19	22	24	25	27	29	31	42	48	59	88	95	99	109	147	
45	29
0	1	4	5	6	8	9	10	15	20	24	26	27	29	35	37	42	50	52	56	59	61	65	88	99	101	111	115	176	
50	32
1	3	4	5	8	12	14	15	16	20	21	22	24	25	26	27	32	35	36	42	43	58	61	77	88	89	99	101	115	147	149	176	
42	29
2	3	4	5	6	7	10	11	17	21	22	23	24	28	29	31	32	35	43	51	62	65	73	75	77	82	95	111	153	
44	32
0	4	6	7	8	9	10	12	14	15	16	19	21	22	23	24	25	26	27	32	33	35	36	42	59	65	77	78	86	95	149	176	
44	31
1	5	8	9	10	13	14	18	19	20	23	24	25	27	29	31	34	36	38	48	56	62	65	66	85	88	94	95	99	101	153	
47	31
3	4	5	8	9	11	13	20	22	23	24	27	29	31	36	37	38	43	48	56	58	61	78	82	85	95	98	99	111	136	176	
40	29
1	3	4	5	6	8	10	11	22	23	24	27	28	31	32	34	36	38	42	43	48	50	61	77	85	86	89	111	147	
49	32
1	2	6	9	10	13	14	15	17	18	23	25	26	27	32	38	42	47	48	52	60	65	66	73	75	82	83	89	94	98	147	149	
45	30
0	1	8	11	14	15	18	19	22	23	24	25	26	27	29	31	32	35	36	50	52	56	85	86	88	89	95	109	115	153	
42	28
2	3	4	6	7	8	9	10	11	14	17	19	22	23	24	26	27	31	42	52	65	77	85	88	99	109	147	153	
48	33
2	3	5	6	7	9	11	13	14	19	22	24	26	27	28	29	37	43	47	48	59	65	66	73	77	78	82	85	88	96	99	109	111	
46	33
2	4	5	6	7	9	10	12	13	14	15	16	18	19	20	21	22	26	27	31	32	33	40	52	59	65	73	77	85	86	96	111	147	
43	29
2	3	4	5	6	9	11	13	14	19	20	22	24	26	31	32	35	36	42	59	65	73	78	82	85	88	95	147	153	
45	29
1	2	3	4	5	6	11	13	14	17	18	23	24	28	29	35	39	59	60	66	73	85	88	93	98	99	115	136	153	
42	31
0	1	2	6	8	10	11	12	17	18	19	20	21	23	24	26	31	33	38	47	50	56	62	65	66	73	77	82	85	95	99	
51	31
7	8	9	15	16	18	22	23	25	27	31	33	35	36	38	42	50	51	55	61	77	82	89	93	95	96	98	109	111	115	149	
48	32
1	5	6	8	9	11	13	15	17	18	20	23	24	25	28	29	32	33	35	36	48	59	62	66	82	83	85	89	96	111	149	176	
46	31
1	4	6	7	9	11	13	14	18	20	21	24	26	29	31	32	35	42	48	56	59	61	66	75	77	78	82	88	93	111	153	
43	30
0	1	2	4	5	6	9	16	18	23	25	26	27	28	32	33	35	42	47	48	56	60	65	86	88	95	98	109	111	136	
45	30
0	2	3	9	10	11	13	17	18	19	22	24	25	28	31	36	38	42	48	50	52	61	62	73	86	96	98	109	111	149	
43	30
0	1	2	4	5	10	11	12	15	16	17	18	19	20	27	32	33	35	37	39	48	52	59	61	78	85	88	99	147	153	
44	32
1	2	4	6	8	9	10	13	14	18	19	20	24	25	26	31	33	36	37	39	48	55	56	59	61	65	73	83	93	98	99	136	
42	31
1	2	3	4	6	8	10	14	17	19	20	21	22	23	24	25	26	27	29	31	34	40	43	48	52	56	60	77	98	147	176	
41	29
0	1	3	4	6	8	10	12	13	14	15	18	19	21	26	28	29	31	36	42	59	65	66	95	98	101	109	115	136	
43	31
1	5	7	9	10	14	15	17	21	23	24	25	27	29	33	35	36	42	43	48	66	75	77	82	86	88	94	95	96	98	109	
45	33
0	1	3	5	9	11	13	15	17	18	19	20	21	22	23	28	29	31	32	38	42	43	48	65	73	75	78	89	95	96	98	99	149	
48	29
1	2	3	6	9	10	11	14	17	18	20	22	24	25	27	29	38	42	56	59	85	88	95	99	109	111	147	149	153	
48	30
0	1	2	5	6	8	9	11	12	14	15	17	18	20	25	26	31	52	59	61	73	77	82	83	89	94	96	136	147	149	
37	29
0	1	5	6	7	8	12	14	17	20	21	22	25	26	29	32	33	35	38	42	43	61	65	73	75	83	89	95	99	
40	30
1	2	3	5	6	8	11	13	14	15	18	19	20	21	23	24	27	28	29	42	48	52	59	75	77	82	83	89	96	111	
55	31
0	2	4	11	12	14	15	17	18	19	20	24	25	26	29	38	52	61	83	85	86	88	89	93	98	109	111	136	147	149	153	
44	30
3	4	5	9	10	11	13	14	16	19	20	22	23	24	25	26	27	35	40	48	59	61	66	77	82	83	86	88	147	153	
38	28
0	1	2	3	4	6	9	10	13	14	17	18	19	22	25	27	28	29	31	43	59	65	77	88	94	98	99	153	
45	29
0	1	6	9	10	14	15	18	19	21	22	24	25	27	29	33	35	37	48	56	59	73	75	78	85	99	147	153	176	
40	29
1	2	3	5	8	9	12	13	14	16	17	19	22	23	24	25	26	36	42	59	62	77	82	88	89	95	98	101	111	
37	28
1	2	5	6	7	10	11	13	14	15	17	22	24	25	27	35	36	38	42	48	65	66	75	83	88	95	96	111	
52	33
1	10	11	12	13	15	18	19	25	27	31	33	36	39	40	43	47	55	59	61	65	66	73	78	85	86	88	89	94	95	98	136	176	
38	28
1	3	6	8	9	10	11	13	14	18	19	20	23	24	31	33	42	48	52	59	65	66	73	82	95	96	98	99	
45	31
1	5	6	8	9	10	14	17	21	24	25	26	29	31	35	36	39	42	47	48	52	59	65	66	85	86	88	96	101	111	149	
43	30
1	3	4	5	10	11	13	14	15	17	21	22	24	25	27	29	35	38	40	42	43	61	66	73	82	96	98	99	147	149	
45	32
0	2	3	6	8	9	10	11	14	18	19	21	22	25	26	28	29	31	35	36	38	40	42	47	61	82	94	95	98	109	147	153	
40	30
0	1	2	3	8	9	10	11	14	15	21	22	23	26	27	28	29	33	35	37	42	48	56	59	66	77	89	93	98	153	
51	32
0	1	5	6	11	12	17	18	25	26	28	29	31	37	42	47	48	56	58	59	65	66	78	83	85	86	88	95	98	109	111	149	
44	32
1	2	4	5	6	7	8	12	14	16	17	19	21	22	23	29	35	36	38	40	42	43	47	52	65	77	82	83	95	96	136	149	
40	29
0	2	3	4	6	7	11	13	17	18	21	22	25	26	27	29	31	33	38	43	51	65	73	77	85	86	88	101	153	
46	31
0	5	7	8	9	10	11	14	15	19	21	22	23	24	25	26	29	31	35	42	50	52	65	73	82	88	89	96	99	147	149	
38	28
0	1	3	4	5	7	9	10	11	14	19	20	21	23	24	26	27	35	42	48	59	65	73	82	85	88	94	147	
46	31
1	2	5	6	9	13	18	19	21	22	24	25	26	29	31	33	42	48	50	55	56	65	75	77	82	88	89	94	95	101	153	
48	32
4	6	9	10	11	13	15	16	17	18	20	22	24	27	31	32	35	36	37	43	59	61	66	73	82	86	88	95	96	99	153	176	
50	34
1	4	5	6	8	11	13	14	15	16	18	19	20	21	22	23	26	27	28	31	35	36	40	42	66	77	82	86	88	94	109	111	147	149	
51	31
0	3	6	7	8	10	15	16	17	22	23	24	26	27	29	34	36	48	56	65	77	85	88	89	93	99	109	111	115	147	153	
46	31
0	1	2	4	5	11	15	17	18	21	22	26	27	28	31	32	33	40	43	47	48	56	61	75	78	88	89	98	109	147	149	
37	29
0	1	2	3	4	5	6	9	11	13	16	17	18	19	23	28	29	33	36	43	47	48	59	66	83	88	96	99	109	
44	29
1	3	4	6	8	10	14	16	17	18	23	27	28	35	37	38	42	43	48	58	59	66	77	82	88	89	136	147	149	
44	31
0	1	2	3	4	7	8	10	13	17	18	19	21	22	23	24	26	27	36	42	47	48	61	62	77	85	95	99	111	115	147	
44	33
1	2	3	5	6	9	10	11	15	16	18	21	24	25	26	27	29	31	35	36	38	43	48	50	59	66	77	82	86	95	96	99	111	
46	32
2	3	7	9	11	14	15	18	19	20	22	23	26	28	31	32	35	36	38	42	47	52	56	59	65	78	82	95	96	99	111	147	
44	29
1	2	5	6	8	9	11	14	21	22	24	25	26	27	29	31	32	33	38	56	59	65	66	78	88	98	136	149	153	
45	30
0	2	3	5	6	7	8	9	10	11	17	18	20	26	29	32	35	48	52	59	66	73	93	94	95	99	101	109	111	115	
41	32
0	1	2	3	4	6	7	9	11	14	16	19	20	21	22	24	25	26	27	36	38	47	48	52	66	75	77	82	83	88	95	99	
43	32
1	2	4	6	7	8	10	13	17	18	19	20	21	27	28	31	35	36	37	38	40	42	51	52	58	73	77	85	86	94	96	111	
42	29
2	3	4	5	9	11	12	13	17	20	21	23	24	25	27	28	31	37	38	51	52	56	65	77	83	85	88	115	153	
46	33
0	1	8	9	11	12	13	14	15	18	19	21	22	23	28	29	32	33	35	36	39	42	50	56	73	77	78	82	89	96	98	99	149	
45	31
0	3	4	5	6	7	8	11	15	17	20	22	26	27	31	33	34	35	38	43	47	51	61	82	85	86	89	95	109	111	147	
42	28
0	1	4	10	12	15	16	17	18	21	23	24	27	28	29	35	37	42	43	58	59	66	85	94	99	109	147	153	
44	30
0	1	2	7	10	11	14	15	16	18	20	22	23	24	26	27	28	33	35	50	52	55	59	66	77	93	95	98	109	153	
45	29
1	2	4	6	9	10	14	15	17	21	27	28	32	35	42	43	59	61	66	77	78	82	83	88	89	96	98	115	153	
40	32
1	4	6	7	8	10	11	13	14	17	18	19	21	22	24	25	29	32	33	36	37	38	43	47	48	56	60	82	88	95	99	109	
49	31
1	4	9	11	13	14	16	17	19	24	26	29	36	38	43	47	48	60	61	65	66	77	82	86	88	94	95	99	109	111	176	
44	31
1	2	4	6	7	9	10	13	14	15	18	19	20	21	26	31	32	33	38	42	56	58	65	77	82	83	85	88	96	101	153	
44	30
9	10	13	14	15	16	17	18	22	23	24	25	27	29	33	35	36	43	48	52	61	65	83	85	86	88	95	99	136	176	
43	31
1	2	3	5	6	9	10	11	13	15	17	18	19	20	27	28	29	31	38	42	48	50	56	59	65	75	78	88	96	98	149	
48	32
0	1	2	4	6	7	9	10	11	14	15	24	25	29	31	35	36	37	38	42	58	61	62	65	73	77	82	85	94	95	147	153	
45	30
0	1	3	5	8	11	14	15	16	19	20	22	24	25	26	27	29	31	32	50	55	59	61	65	75	77	82	85	147	153	
47	31
0	2	6	7	8	10	11	14	15	17	18	21	22	25	26	31	33	35	42	48	56	59	60	61	77	82	95	98	111	147	149	
38	31
1	2	4	5	6	7	8	11	13	14	15	16	19	21	22	23	25	27	32	33	35	36	38	47	52	61	65	75	83	86	88	
49	32
0	1	4	5	8	11	19	21	23	24	26	27	33	34	35	39	42	43	47	50	59	61	82	86	88	89	93	95	96	111	115	147	
39	29
0	1	2	4	5	9	10	11	17	18	19	21	22	24	25	28	29	31	38	42	48	56	66	73	75	94	96	99	176	
46	31
0	1	3	4	7	10	12	14	16	17	18	21	22	23	25	27	31	32	33	35	42	47	56	60	65	78	85	109	136	147	153	
45	30
2	5	6	7	8	11	12	14	19	24	25	26	31	32	36	39	40	47	48	61	65	66	78	85	86	89	95	115	116	149	
43	32
2	3	4	5	6	11	12	15	17	19	21	22	23	24	26	28	32	35	42	43	47	48	75	78	82	88	89	95	96	99	101	109	
43	32
1	4	6	7	12	14	16	17	21	22	23	24	25	28	32	35	36	37	38	42	43	47	52	65	77	82	88	93	94	95	99	109	
45	31
1	5	7	8	9	10	11	15	16	19	22	26	29	32	33	35	36	38	39	48	50	77	78	85	86	89	93	96	99	111	147	
43	30
1	2	3	5	12	17	18	20	22	23	24	27	31	32	34	35	36	38	42	50	66	73	78	85	94	95	96	99	109	111	
36	28
3	6	7	8	10	11	14	18	19	21	22	24	26	27	29	33	35	36	38	42	48	55	56	75	78	82	94	109	
42	29
0	1	3	4	5	6	10	11	13	17	18	22	24	26	27	28	34	35	42	59	66	77	83	85	88	89	96	109	147	
48	32
0	1	2	3	5	6	7	8	10	12	13	17	23	24	28	29	31	32	42	43	51	52	58	65	73	75	77	94	95	109	115	153	
41	29
0	1	3	5	7	14	17	19	21	23	25	26	27	29	31	32	35	36	42	65	73	77	82	88	89	93	94	109	115	
41	31
0	1	2	4	6	8	10	11	12	13	15	17	19	20	25	32	33	35	38	39	43	47	48	50	52	56	75	77	85	96	153	
55	33
0	2	8	9	10	11	14	15	18	19	20	24	25	28	35	36	38	42	43	55	56	59	65	73	77	85	95	98	111	115	147	153	176	
38	28
0	1	4	6	10	11	14	15	17	18	19	20	22	25	26	27	29	31	33	48	52	59	66	85	93	95	98	153	
45	32
1	2	5	6	8	10	12	13	14	16	18	19	20	21	24	31	32	33	36	38	61	66	73	75	77	82	85	86	89	95	99	109	
45	31
1	3	5	6	7	8	9	13	14	16	19	20	23	24	28	29	31	32	35	36	38	66	73	77	82	88	89	93	109	136	149	
44	31
0	1	2	5	7	8	9	10	11	16	17	18	19	21	22	24	25	28	29	35	48	52	56	59	73	82	86	94	95	109	149	
41	29
1	3	5	6	7	8	11	15	17	18	19	20	24	26	27	28	29	35	37	38	39	52	55	65	83	85	109	136	153	
42	29
1	4	5	6	11	13	17	18	19	22	23	24	27	31	33	43	47	48	52	56	65	78	85	86	88	89	98	99	147	
38	30
0	1	3	4	6	7	8	11	12	13	14	15	19	20	21	22	24	26	27	31	32	33	43	47	56	59	62	99	109	136	
45	30
1	2	3	4	5	10	14	19	22	23	24	26	27	35	36	38	42	43	56	59	61	65	66	77	82	88	89	98	109	147	
49	32
2	4	9	11	13	14	16	18	19	20	22	24	25	26	28	33	37	43	48	51	52	55	56	59	65	77	82	83	93	111	136	153	
41	31
0	1	2	5	6	7	9	10	12	13	14	21	22	25	27	29	31	33	35	36	38	42	55	59	60	61	65	82	85	88	111	
44	31
0	1	2	3	6	9	10	13	15	16	18	19	21	24	33	35	36	38	43	48	50	52	56	59	61	65	66	73	82	96	153	
45	30
0	1	6	9	10	13	14	15	16	18	20	21	22	23	25	27	32	38	40	42	43	61	88	94	95	99	111	115	149	153	
45	31
1	3	5	9	14	15	16	18	20	21	22	23	24	25	26	29	33	38	47	48	56	59	66	75	82	83	95	96	99	109	147	
42	31
1	3	4	6	8	9	10	11	12	13	14	15	18	19	24	25	27	28	29	32	35	38	50	56	61	65	66	82	85	86	147	
40	29
2	5	6	8	9	10	11	12	14	15	18	19	21	22	24	25	27	28	29	31	56	59	77	82	85	96	98	99	147	
42	30
0	1	4	6	7	8	9	14	17	19	22	23	24	25	26	27	29	31	36	37	42	48	52	77	86	88	93	109	116	153	
39	31
1	5	6	9	10	11	12	16	17	18	20	21	22	25	27	28	31	32	33	35	37	38	39	43	52	59	65	85	88	95	111	
42	31
1	2	7	8	10	11	12	14	15	17	18	20	22	23	24	25	26	27	29	31	36	42	65	66	73	85	88	93	98	109	115	
41	28
0	1	2	5	6	11	15	16	17	19	21	22	23	27	29	33	35	36	43	48	52	59	65	88	94	109	147	153	
47	30
9	10	14	15	16	17	19	20	24	26	27	28	29	31	32	36	38	42	55	59	65	73	77	83	85	94	98	115	147	153	
46	30
0	1	3	9	10	11	13	14	15	16	21	24	27	28	29	33	35	36	51	52	56	62	65	88	89	94	99	109	115	153	
48	30
0	1	5	6	8	10	11	12	15	18	19	22	23	25	27	31	34	38	51	52	55	56	73	77	85	86	109	136	147	176	
43	29
0	1	2	5	7	12	13	15	17	18	25	26	29	32	34	35	42	43	47	58	59	82	85	88	93	98	109	116	149	
46	32
1	2	4	5	9	11	13	14	17	20	23	26	27	35	38	40	42	43	47	48	50	55	56	65	66	75	88	89	93	98	109	136	
47	31
1	3	4	5	6	8	9	18	19	20	21	23	27	28	31	33	35	38	48	51	52	56	61	65	66	82	96	109	111	115	136	
43	28
0	1	8	10	15	17	18	19	20	22	23	24	27	33	34	35	42	43	51	61	75	78	95	99	109	111	136	153	
42	31
1	4	5	6	7	8	10	13	15	17	19	20	27	31	32	33	35	38	42	48	50	55	66	73	82	85	88	89	95	96	98	
41	29
0	1	2	5	6	7	9	10	14	17	18	19	25	27	31	32	35	47	48	55	59	65	82	88	94	95	98	109	136	
42	30
0	1	2	5	6	8	11	12	17	18	19	20	21	23	24	25	26	29	33	35	48	59	75	88	93	95	96	99	111	147	
44	32
2	3	5	6	7	10	11	13	15	17	18	19	21	22	23	25	27	31	37	42	48	55	56	59	66	73	75	82	94	96	99	115	
42	31
1	3	4	5	6	7	8	10	12	13	14	15	17	19	21	22	24	26	31	32	42	52	58	62	73	75	82	89	93	99	136	
41	29
1	2	5	6	10	15	16	19	22	24	25	26	27	29	32	35	36	38	43	47	50	65	78	82	86	88	94	109	176	
45	29
1	5	6	8	14	17	18	21	22	23	24	27	28	31	32	38	42	48	56	65	66	73	75	96	98	99	136	147	149	
39	30
0	1	3	5	6	12	13	14	17	19	20	21	22	24	26	27	29	31	32	36	39	56	59	65	77	82	88	89	94	101	
45	30
2	4	5	6	7	9	10	11	13	14	17	19	21	24	25	26	33	35	61	65	73	82	83	85	86	88	89	96	109	149	
51	33
1	5	10	11	13	14	17	21	23	27	29	31	32	35	36	38	39	40	48	50	56	58	59	65	66	88	93	95	96	99	111	136	153	
45	31
1	2	6	7	10	12	13	17	18	20	21	23	24	26	28	31	33	38	43	47	50	59	61	66	82	94	95	98	99	109	153	
46	31
0	2	3	5	9	10	11	12	15	17	18	20	21	22	27	29	32	36	40	59	66	82	83	85	88	93	95	99	109	111	136	
50	33
0	5	7	8	9	14	16	19	20	21	23	24	25	27	31	32	33	35	38	42	43	48	50	52	56	58	77	85	98	109	136	147	176	
46	34
0	1	5	9	11	12	13	14	15	16	20	22	24	25	26	27	31	32	34	35	37	38	47	48	59	61	65	73	82	83	85	89	111	115	
49	31
0	1	2	3	5	7	10	17	19	23	24	25	28	32	33	35	38	43	59	60	61	65	77	78	82	85	88	95	111	147	149	
35	26
1	3	4	6	8	10	11	14	15	18	20	22	23	24	26	27	28	35	42	48	50	82	95	96	109	149	
45	30
1	6	8	9	10	14	17	18	19	24	29	31	32	33	34	35	36	38	39	48	56	75	83	96	98	99	109	111	115	147	
48	28
0	1	5	6	9	15	18	22	23	25	27	28	29	33	35	48	59	61	66	77	88	89	99	111	136	147	149	153	
46	29
0	2	3	5	6	8	10	11	13	17	18	19	20	26	27	31	36	42	52	59	61	62	73	77	85	109	136	149	153	
46	32
1	2	3	4	5	7	9	10	11	12	20	23	24	25	26	28	31	33	35	36	38	42	47	50	65	75	82	88	96	109	147	149	
43	31
0	1	3	5	6	11	13	14	18	19	20	21	22	23	24	25	26	27	34	38	47	59	61	62	66	77	85	86	88	93	153	
40	30
0	3	4	6	9	11	13	14	17	18	19	20	22	24	26	27	28	31	38	42	47	48	55	65	77	85	88	96	99	153	
42	30
0	1	2	3	4	6	10	15	17	20	21	24	26	27	31	35	36	42	50	52	59	61	65	66	75	77	85	88	93	95	
42	28
0	1	2	4	6	9	10	12	13	17	18	22	24	27	35	42	47	48	55	59	61	65	66	88	95	109	111	153	
44	31
0	2	4	5	7	8	9	10	12	13	14	16	17	19	22	24	25	26	32	33	38	48	52	58	65	85	93	99	109	111	176	
39	30
0	1	2	3	4	6	7	9	10	11	13	17	19	21	22	24	26	27	36	38	47	48	52	59	65	77	85	88	93	109	
40	30
1	2	3	4	5	7	13	14	15	19	20	21	22	23	24	25	26	27	31	36	42	48	65	73	77	82	85	95	96	147	
51	31
0	2	3	5	9	12	16	19	20	23	24	25	31	32	33	36	38	50	56	61	65	73	85	88	95	96	99	109	115	147	149	
43	32
2	5	6	8	9	13	14	16	18	19	22	23	25	27	28	29	31	32	36	38	47	48	59	65	78	82	88	89	94	95	98	109	
42	30
1	2	4	9	11	13	17	20	23	24	26	27	28	29	33	35	36	38	42	48	56	59	61	66	77	83	88	89	93	153	
45	30
0	1	5	7	8	11	17	18	20	21	22	23	24	25	27	33	36	38	42	52	59	66	75	89	95	96	98	109	111	153	
45	30
0	1	2	7	11	13	14	15	17	19	21	22	24	25	26	27	29	36	38	47	52	55	65	66	77	88	93	136	147	153	
49	30
0	1	2	5	8	10	12	15	17	20	24	26	27	33	36	38	39	52	56	61	65	88	94	96	99	109	111	115	136	147	
45	33
1	2	3	4	8	12	13	17	18	19	20	22	23	24	25	27	28	31	33	36	37	39	40	43	58	61	65	66	77	85	94	111	147	
45	29
1	2	3	5	6	8	10	11	12	15	17	19	20	21	24	26	29	31	52	56	59	73	75	82	96	99	109	147	153	
52	32
2	3	4	6	7	10	14	16	18	20	23	24	28	31	38	39	42	56	59	60	61	65	66	73	77	86	94	96	98	115	147	153	
46	30
1	4	5	6	8	9	10	11	16	20	21	24	26	29	31	32	34	38	42	43	59	82	89	93	98	101	109	136	147	153	
47	32
2	8	10	12	14	15	16	17	18	20	25	26	27	28	31	34	36	42	52	59	61	66	73	77	78	83	86	88	89	96	99	115	
47	30
1	2	3	4	6	9	10	11	14	21	22	23	28	29	35	37	42	48	59	60	61	62	73	82	88	96	111	115	116	149	
45	31
6	7	8	10	13	14	16	18	19	24	27	31	33	36	38	42	47	48	52	55	56	61	65	73	75	82	88	94	95	99	109	
48	31
4	6	9	11	15	17	19	20	23	24	25	27	31	32	33	37	42	55	59	61	66	73	75	77	82	88	93	95	96	111	153	
44	29
0	1	3	4	5	7	10	11	14	16	24	25	27	32	33	35	36	43	52	66	82	83	85	88	89	95	109	115	147	
48	31
0	1	4	5	6	7	9	10	12	14	19	23	24	26	27	33	35	40	48	51	52	56	59	65	73	75	85	96	136	147	149	
44	29
2	4	5	8	9	10	14	16	19	20	21	22	24	25	26	29	31	33	38	39	52	56	73	88	96	99	147	149	153	
41	32
1	2	3	5	6	7	9	11	14	16	18	19	22	24	26	28	29	31	32	34	37	39	47	48	56	59	66	88	95	98	99	109	
43	28
0	1	2	4	8	9	10	17	20	24	25	29	31	34	42	43	47	48	50	52	55	59	77	88	96	109	147	153	
41	30
0	2	3	5	6	8	9	10	11	12	13	17	20	23	24	25	31	32	42	47	51	61	65	66	85	88	89	95	99	109	
45	32
3	5	6	7	10	11	12	13	15	19	21	22	23	24	25	26	29	32	33	36	38	47	50	51	56	78	82	85	96	99	109	147	
47	30
4	6	7	10	11	13	17	18	20	24	27	31	33	36	37	38	43	48	52	56	58	60	66	75	77	86	88	115	147	153	
39	30
1	3	6	9	10	11	14	16	18	21	22	23	24	25	26	27	29	31	33	36	38	40	48	56	66	73	95	98	99	153	
36	30
2	3	4	6	8	9	10	12	14	16	17	18	19	20	21	22	23	24	25	27	29	31	33	36	42	52	66	77	85	109	
42	29
1	2	5	6	8	11	12	13	16	17	21	22	23	24	26	31	36	39	42	43	52	61	65	75	95	98	109	111	149	
45	31
1	4	6	7	8	9	10	12	14	16	17	20	21	29	35	38	39	42	56	59	61	62	65	78	82	83	85	95	98	99	111	
40	29
1	4	5	6	10	11	14	15	18	19	22	23	24	26	27	29	31	33	36	38	48	56	65	73	85	89	99	109	147	
42	31
0	1	3	4	6	7	9	10	13	14	16	17	19	20	23	25	27	28	29	35	39	48	52	59	66	77	82	93	94	96	147	
46	32
0	1	2	3	4	6	11	15	18	19	20	21	22	24	25	26	27	29	33	35	50	56	66	75	83	85	86	89	93	95	96	153	
44	31
1	3	4	6	8	9	12	14	17	19	20	23	28	29	31	33	35	37	42	47	48	59	61	66	73	75	77	82	96	115	149	
41	30
2	3	4	5	7	9	11	14	17	18	20	21	22	23	24	25	27	35	42	47	52	65	83	85	86	89	93	95	98	109	
44	30
0	5	6	10	11	13	14	15	18	20	22	23	24	25	27	29	31	40	42	48	56	59	61	66	82	88	98	109	111	147	
40	30
2	5	6	7	9	10	13	14	16	19	21	23	24	25	26	31	32	33	42	47	48	56	65	75	82	88	94	96	99	115	
42	27
0	1	2	4	6	7	10	14	15	18	19	26	27	32	33	35	38	42	56	65	85	89	99	109	111	147	153	
41	31
0	1	2	6	7	10	11	15	16	18	20	21	24	26	27	28	31	33	36	38	48	50	52	55	66	82	85	88	95	98	99	
51	30
1	4	6	8	9	10	14	18	23	24	27	29	31	38	40	43	48	52	56	59	65	66	77	88	109	111	115	136	147	149	
43	28
1	2	3	5	6	8	10	11	17	18	22	24	26	27	29	31	34	48	56	59	62	85	98	99	101	109	147	153	
48	33
2	3	8	10	11	13	14	15	16	18	20	21	22	24	25	27	31	32	33	36	38	43	47	56	61	75	77	82	95	96	111	147	153	
46	30
2	5	6	7	10	11	14	17	19	20	22	24	27	33	35	38	39	43	48	52	56	58	59	73	94	99	101	115	149	153	
39	30
1	4	5	6	7	11	12	13	14	17	18	19	25	26	29	32	33	35	36	42	48	59	65	73	82	85	86	88	93	99	
44	29
0	1	2	3	5	6	8	15	19	21	22	24	25	26	27	32	35	38	42	48	61	88	94	99	109	111	115	136	147	
42	30
0	1	2	3	6	7	8	10	12	18	19	23	26	27	29	31	33	42	43	50	52	56	59	66	73	77	94	95	96	109	
38	30
0	1	2	4	8	10	11	12	13	15	17	21	22	23	24	25	27	28	29	31	36	42	48	55	77	82	85	86	98	111	
49	32
3	4	5	6	7	8	9	11	13	14	16	19	21	22	23	24	28	31	35	36	52	59	65	82	88	95	96	99	101	109	149	176	
39	28
0	1	3	5	6	7	8	9	10	14	16	17	19	21	22	24	26	27	29	31	38	50	62	73	75	99	147	153	
47	31
1	4	6	7	10	11	16	17	18	19	21	25	27	29	32	33	35	37	38	48	50	65	75	82	83	85	86	93	115	147	153	
45	30
0	1	2	3	5	6	11	15	17	21	22	23	24	27	28	29	36	48	51	52	61	65	75	77	82	88	89	95	111	147	
39	30
0	1	5	8	9	13	14	15	19	21	22	23	24	25	26	27	31	32	33	35	36	42	52	59	61	73	88	89	95	109	
50	32
0	1	5	10	21	22	23	24	27	31	32	33	35	40	48	50	58	59	61	66	73	75	77	82	85	89	93	95	96	98	99	109	
48	30
0	4	6	10	11	12	14	18	19	20	26	29	31	32	33	48	52	56	59	61	66	73	75	82	85	88	96	98	147	153	
41	29
0	1	4	5	6	8	9	10	13	15	18	21	22	26	27	28	32	33	35	42	50	59	62	66	73	89	95	109	147	
45	30
1	2	5	6	7	8	10	11	12	14	18	19	21	22	26	27	31	36	38	42	48	59	75	82	96	98	109	136	147	149	
45	31
1	2	5	7	9	10	14	16	19	21	22	25	26	29	31	32	33	35	36	42	48	52	65	75	82	85	89	93	111	115	153	
42	30
1	4	5	6	9	10	11	13	15	17	20	21	22	24	25	27	28	31	33	35	43	61	65	73	86	89	95	96	109	153	
41	30
0	1	2	3	5	7	8	9	10	11	12	14	15	16	17	21	23	24	26	27	33	35	42	43	75	83	85	109	147	153	
38	29
0	1	2	3	5	6	10	12	13	14	17	18	19	23	24	26	31	32	34	42	47	59	66	83	88	96	98	99	109	
42	28
0	1	2	3	5	9	11	18	20	22	23	24	26	27	28	29	35	42	59	66	82	83	88	95	96	109	136	153	
39	31
0	2	3	4	5	6	8	9	10	11	13	15	17	18	19	21	24	25	26	27	29	35	38	42	58	65	75	82	94	95	109	
43	33
2	3	4	5	6	7	8	10	11	14	15	16	18	21	22	24	25	26	27	31	33	38	39	48	56	61	66	77	82	86	89	95	109	
42	30
1	2	4	5	6	8	10	13	14	17	18	21	27	31	32	33	35	36	37	43	47	52	55	56	65	66	75	89	115	149	
47	31
0	2	4	5	6	7	8	9	11	13	16	18	19	20	25	26	36	37	38	48	55	59	62	77	78	82	93	111	115	136	153	
45	30
0	1	4	5	10	11	13	14	15	18	20	21	24	26	27	29	31	32	36	52	58	59	65	82	85	88	98	111	115	153	
43	31
0	4	6	8	9	11	14	16	17	19	24	25	26	29	31	33	35	36	38	47	48	50	61	65	77	83	85	88	96	99	147	
42	30
0	1	4	6	7	8	9	10	14	15	16	17	18	20	26	31	33	35	36	48	52	59	61	66	77	88	96	99	101	153	
42	28
0	2	3	9	13	14	16	18	19	20	25	26	37	47	48	52	56	59	61	65	78	82	85	86	88	93	99	109	
44	32
1	4	5	8	10	11	15	17	18	21	22	23	24	25	26	27	33	35	39	42	43	48	59	65	66	77	78	89	94	95	98	147	
37	31
2	3	4	8	9	12	13	14	15	16	17	18	19	20	22	23	24	25	27	31	32	33	36	38	42	47	59	65	77	85	111	
41	28
0	1	10	14	17	18	19	23	24	25	27	28	31	33	40	47	48	59	61	65	75	82	88	93	94	98	99	147	
49	32
2	3	5	6	7	8	10	11	14	20	21	22	24	26	27	32	34	35	38	43	56	61	65	77	85	95	98	101	109	111	115	147	
50	30
0	1	2	6	8	9	13	15	17	21	25	26	27	28	32	34	35	42	55	56	59	61	62	82	98	111	136	147	149	176	
50	31
6	7	9	11	13	14	15	16	26	32	33	35	36	38	39	43	48	52	56	61	62	66	88	94	96	98	99	109	111	115	176	
50	32
3	4	5	7	8	10	15	16	18	22	24	25	27	29	36	42	43	47	48	50	56	65	77	83	85	86	89	95	111	115	136	147	
44	30
1	5	6	8	10	11	12	15	22	24	27	32	33	35	36	43	48	50	56	65	66	75	83	85	89	94	95	98	101	109	
45	30
0	1	2	3	5	8	9	10	11	13	15	20	22	23	24	29	31	33	47	52	59	65	78	88	95	98	99	109	136	153	
39	31
1	3	4	6	7	8	9	10	11	13	16	17	18	20	29	32	33	35	37	38	39	42	47	52	58	59	62	75	83	96	101	
41	28
1	4	6	9	10	11	13	14	17	18	25	27	31	32	33	35	38	42	43	48	52	61	66	88	109	111	136	147	
43	31
1	3	4	6	7	8	9	11	14	21	22	23	27	28	29	31	33	35	36	38	42	48	56	59	65	73	75	77	88	111	153	
45	32
1	3	5	12	13	15	16	17	18	19	22	23	29	33	35	36	38	40	42	43	48	58	59	73	78	82	85	88	89	95	99	147	
48	31
3	4	8	10	13	14	15	16	17	18	23	24	25	27	29	31	33	36	43	48	52	55	56	58	65	73	86	99	147	149	176	
47	31
0	1	12	14	15	18	20	21	22	24	25	26	29	31	33	37	42	47	48	50	56	59	66	73	75	89	94	96	98	147	149	
50	31
1	3	4	5	6	8	14	16	18	20	22	26	27	28	31	36	38	40	50	56	59	61	73	85	88	96	99	115	116	149	153	
46	31
0	1	2	4	6	7	9	10	11	13	17	20	21	24	25	28	31	33	35	38	43	65	77	94	96	98	99	109	111	115	147	
44	30
0	1	2	5	6	10	11	12	14	18	20	21	24	29	31	33	36	37	38	56	59	65	66	77	85	88	95	99	111	147	
46	31
1	3	5	6	7	8	9	10	14	16	19	22	23	24	27	28	33	35	42	52	56	61	66	75	83	85	95	96	99	115	147	
44	30
1	4	6	8	10	13	14	15	17	18	19	22	26	27	28	31	32	36	38	42	47	51	56	83	85	94	99	109	153	176	
38	29
1	2	5	6	8	9	14	18	19	21	24	25	26	27	29	32	35	38	47	48	52	59	60	82	85	86	88	89	98	
39	30
0	1	2	3	5	6	9	10	11	12	13	14	17	24	26	31	35	36	42	43	48	56	59	65	75	85	93	96	98	101	
40	30
0	1	2	3	4	6	7	8	9	10	14	15	17	18	19	23	26	32	35	36	38	43	47	59	62	94	96	99	109	153	
39	28
1	2	5	6	7	11	12	13	17	18	20	24	26	27	35	42	48	50	59	66	75	78	83	85	95	96	98	99	
42	30
0	2	3	4	6	10	14	16	17	18	20	21	24	26	27	29	31	32	35	36	39	51	52	59	65	88	94	99	115	147	
40	30
3	4	5	7	9	10	11	12	13	14	16	17	19	22	24	25	27	31	33	36	42	43	59	65	66	75	82	88	98	176	
49	30
1	14	18	19	21	22	23	24	25	26	27	29	36	38	47	48	52	56	66	77	82	85	88	89	96	98	109	111	115	147	
51	30
0	5	9	10	13	14	15	16	17	19	22	23	24	26	29	42	50	58	59	65	66	77	85	88	93	109	111	115	153	176	
45	30
0	1	2	4	5	6	7	11	17	18	19	21	23	27	28	29	35	38	52	56	59	65	82	83	85	88	98	101	136	147	
45	31
4	6	7	8	10	12	13	16	18	19	23	27	29	31	33	37	38	42	43	48	51	52	55	56	58	75	77	82	109	111	136	
41	29
1	2	6	7	10	11	13	14	15	17	18	23	27	33	34	35	38	42	47	59	65	66	73	78	86	88	96	98	153	
45	31
1	5	6	17	18	19	20	21	22	23	24	26	27	28	31	33	35	38	48	50	51	56	61	65	73	85	88	95	98	99	153	
44	29
0	1	2	3	5	10	13	17	18	20	24	26	27	28	35	42	52	56	59	62	66	73	75	77	82	88	98	109	111	
43	30
0	1	2	3	5	8	9	13	15	19	20	26	27	28	29	33	34	35	36	38	50	58	75	85	88	93	96	99	109	176	
44	30
0	2	3	4	10	11	13	16	18	19	20	21	23	24	27	29	35	36	47	56	58	59	65	82	85	88	95	99	136	153	
38	28
0	1	5	6	7	10	13	14	18	22	23	25	27	29	31	32	33	35	42	48	58	59	66	73	86	88	98	147	
39	28
0	1	2	3	4	10	13	14	15	18	20	21	24	25	26	27	29	31	42	48	56	59	66	73	82	88	116	153	
47	29
0	1	2	3	5	10	12	17	25	29	31	35	37	38	40	43	60	61	65	66	77	78	85	88	95	109	111	115	149	
43	30
1	2	5	6	8	11	14	17	18	21	22	23	26	28	29	33	38	47	48	51	52	56	59	66	82	88	96	99	109	115	
37	27
1	3	4	5	6	7	9	11	13	14	16	17	24	26	27	35	36	42	48	50	56	59	65	66	78	88	176	
43	31
1	4	5	6	9	10	11	12	13	14	21	26	27	29	32	35	36	38	39	42	52	56	61	65	66	75	78	82	88	99	136	
45	32
0	1	2	5	6	8	11	14	17	18	19	20	21	22	23	25	27	28	29	31	32	33	36	38	43	48	77	82	115	147	149	176	
44	30
0	1	2	4	6	9	10	11	12	17	19	20	21	23	24	25	29	31	40	48	56	66	73	77	83	86	88	93	153	176	
44	32
0	3	4	5	6	8	9	12	16	18	19	20	21	22	23	25	27	33	36	37	40	42	47	50	73	82	83	88	93	98	115	147	
51	32
1	2	4	5	8	11	18	20	22	23	25	32	33	35	36	37	38	48	50	51	52	56	66	78	82	85	96	99	109	111	115	153	
45	30
0	2	3	4	6	10	11	15	19	20	23	26	27	28	32	33	35	38	42	43	50	56	59	65	77	85	88	115	147	153	
47	32
0	1	5	6	9	11	13	15	16	17	19	22	23	24	25	29	31	36	40	42	47	48	61	66	85	89	95	98	99	109	147	149	
48	31
2	5	6	9	14	16	18	20	23	24	25	27	29	33	35	42	48	51	56	60	61	65	75	77	82	83	85	88	95	109	147	
51	30
0	1	3	6	11	14	18	22	23	25	29	35	38	47	48	51	52	59	61	66	73	75	82	85	88	95	109	136	147	153	
46	32
1	2	6	7	8	10	14	15	16	17	18	19	21	22	24	25	27	31	32	33	35	42	47	59	65	75	77	82	98	109	147	149	
40	29
0	1	2	4	6	7	8	9	10	14	21	24	26	27	28	29	32	33	35	38	42	47	56	59	65	77	109	111	147	
44	30
0	1	2	3	4	5	6	11	14	19	21	24	25	26	27	31	35	36	38	42	43	65	77	82	88	94	98	115	149	176	
43	30
0	1	2	3	4	6	10	14	15	16	17	19	21	22	23	24	26	27	28	29	31	66	75	77	82	94	99	109	115	153	
40	31
0	1	2	4	6	8	10	13	15	17	18	19	20	23	24	25	26	27	29	31	33	35	42	48	58	59	66	75	94	95	147	
40	30
1	3	5	10	13	14	17	18	19	20	22	23	24	25	27	31	33	42	47	48	56	65	73	75	78	82	83	85	88	99	
42	30
0	1	2	3	6	7	8	10	14	18	19	20	24	25	27	31	33	35	38	42	47	56	61	65	75	77	78	85	109	147	
47	31
0	2	5	7	8	9	10	12	13	15	16	19	22	24	25	27	35	36	50	52	55	56	61	66	75	77	82	85	89	115	147	
38	29
0	1	4	5	6	8	9	10	14	15	17	18	21	22	23	24	26	27	29	32	35	36	56	66	75	88	99	109	115	
39	28
1	4	6	7	9	10	13	14	17	18	24	26	27	28	32	35	36	38	48	52	56	59	65	83	95	96	99	147	
48	32
1	2	5	6	7	9	14	15	16	18	22	24	26	27	29	31	33	35	38	47	50	56	65	66	78	83	88	95	99	109	116	147	
42	31
2	6	8	9	10	11	14	15	17	18	19	22	23	26	31	32	33	35	36	38	40	42	59	65	73	77	82	96	99	109	111	
54	33
0	1	2	3	5	6	7	8	9	11	13	14	18	22	25	26	29	33	36	42	50	59	61	82	83	88	93	99	111	115	147	149	153	
47	30
0	1	2	4	7	8	9	10	14	19	20	21	23	24	27	28	32	47	52	56	60	77	83	85	86	95	99	115	147	153	
50	31
0	2	8	14	15	16	17	19	21	22	23	25	28	29	32	35	36	37	42	56	60	77	78	82	88	96	109	111	136	147	153	
44	30
0	1	5	7	8	9	11	14	16	17	19	20	21	23	25	26	27	33	35	50	52	56	59	62	75	77	85	93	136	147	
46	30
2	4	5	6	9	11	17	19	21	22	23	24	28	33	35	43	48	52	56	75	82	83	85	88	95	98	99	101	109	149	
41	30
0	1	2	7	8	9	10	11	12	14	17	18	21	23	24	25	26	35	37	42	59	65	66	73	86	88	94	96	99	111	
37	28
1	6	8	9	10	11	13	15	17	18	20	21	23	26	27	31	33	34	35	43	51	52	56	61	77	86	101	109	
47	32
1	2	4	7	13	17	21	24	25	26	27	28	29	33	35	36	37	42	43	52	55	58	59	61	65	66	77	82	83	85	88	153	
39	30
0	1	4	5	6	7	8	9	10	12	14	16	19	21	22	23	25	26	27	29	32	33	35	38	73	82	94	95	109	147	
45	29
2	3	4	6	7	8	10	12	14	16	18	19	24	26	27	32	36	42	52	56	65	88	89	95	98	109	111	115	147	
43	30
1	3	4	5	6	11	13	14	15	21	22	23	26	27	29	32	35	36	48	52	58	61	73	78	85	86	88	96	109	115	
47	32
0	2	3	5	10	11	13	14	18	20	21	23	25	28	31	37	42	43	48	50	51	52	59	61	65	73	82	88	93	94	98	153	
42	32
1	4	5	7	8	9	10	13	14	15	19	20	24	26	29	33	35	38	40	42	43	48	59	61	66	77	82	88	89	94	95	101	
46	31
2	3	6	7	9	10	11	14	15	16	21	22	26	31	32	35	36	38	42	47	62	65	75	82	85	89	95	99	111	136	147	
41	29
0	1	3	6	7	8	10	12	14	15	16	17	18	19	23	28	35	36	42	43	51	52	88	94	96	99	101	109	153	
46	31
4	5	7	13	16	18	19	20	21	23	24	25	27	31	32	33	35	37	38	39	50	52	56	66	82	93	96	98	115	136	147	
39	31
0	1	2	3	6	8	10	11	12	14	16	17	18	19	20	21	23	24	25	26	29	37	47	56	59	61	66	85	88	96	99	
42	29
0	1	4	5	7	8	11	14	15	18	19	20	21	25	26	29	34	35	38	42	47	50	60	65	78	96	136	147	149	
43	30
1	5	6	7	10	14	17	18	22	23	24	26	27	31	32	33	35	38	42	48	59	66	77	83	85	88	96	98	109	147	
44	30
1	2	4	5	6	9	10	11	14	18	19	20	24	26	27	31	33	40	48	52	56	59	66	75	77	85	88	98	109	147	
45	31
2	6	7	8	11	15	16	17	22	26	27	28	29	31	33	35	36	37	38	39	50	51	58	77	82	85	88	96	109	111	115	
37	29
1	2	4	6	7	8	10	11	14	16	17	18	19	22	23	24	25	27	29	33	35	48	59	77	82	83	85	86	136	
43	31
1	2	3	4	10	13	14	17	18	19	20	24	25	26	27	29	36	42	43	47	48	52	62	65	73	88	89	94	95	98	147	
41	30
0	1	2	3	4	6	7	10	12	13	14	17	20	21	26	27	32	33	35	42	43	59	66	73	77	94	96	99	109	136	
48	31
0	2	4	6	7	11	14	18	19	21	22	23	25	29	32	33	35	37	38	60	65	73	75	85	86	88	93	95	115	149	153	
45	31
0	1	3	5	6	9	10	11	13	15	18	19	22	27	35	36	37	40	48	61	65	66	73	75	82	85	89	96	98	109	136	
45	32
0	2	3	8	9	11	12	14	17	18	19	24	25	26	27	29	31	32	36	47	59	60	61	66	73	82	88	95	96	98	99	109	
46	30
1	4	8	9	11	14	17	20	21	22	23	25	32	33	35	38	39	42	50	52	59	66	73	77	88	93	96	109	136	153	
38	30
2	4	9	11	13	14	15	17	18	19	22	24	25	26	27	29	32	35	38	39	43	47	52	58	59	61	65	85	86	88	
36	29
2	3	6	7	8	10	13	14	16	18	19	22	24	25	27	28	29	31	35	36	37	38	42	56	59	61	82	88	109	
41	29
1	2	3	5	6	7	8	10	14	15	18	21	26	27	32	33	35	37	38	42	48	50	52	55	65	94	111	115	147	
44	30
2	6	11	12	14	15	18	19	21	22	24	25	26	28	31	35	36	38	40	42	43	48	56	73	82	96	98	147	149	153	
45	30
1	5	6	7	8	10	14	15	19	20	21	22	27	29	31	32	33	35	38	50	56	73	77	82	83	88	99	115	136	149	
40	30
1	3	5	6	8	10	12	13	14	18	19	20	24	25	27	31	32	36	37	40	42	48	56	59	66	83	88	99	115	136	
45	31
2	5	7	11	15	20	21	22	24	25	26	27	28	29	31	32	35	36	43	52	56	59	65	75	82	86	88	95	98	109	136	
43	31
0	2	4	10	11	13	17	18	19	21	23	24	25	27	31	33	36	38	43	48	52	56	61	65	66	73	75	82	88	99	109	
40	30
0	1	4	5	7	8	10	11	17	18	20	21	22	26	27	29	32	35	38	43	48	52	56	62	66	78	85	89	95	109	
48	31
1	2	6	7	11	15	17	20	22	24	25	26	27	31	33	36	37	38	50	51	56	62	66	73	85	95	96	98	109	111	153	
42	31
1	3	4	6	7	8	10	11	13	14	18	19	20	24	26	27	29	33	36	38	47	48	50	52	56	65	73	77	85	93	149	
39	29
2	4	7	8	10	11	13	15	17	18	19	22	24	25	27	31	33	36	43	48	56	59	73	75	82	88	94	99	109	
42	30
0	1	2	3	5	7	9	10	11	13	14	16	20	21	22	24	32	35	36	47	52	59	65	66	82	88	95	98	99	147	
51	32
0	3	4	5	8	9	11	15	17	19	21	22	24	26	28	29	31	35	36	39	59	65	73	77	89	94	95	99	109	147	149	176	
46	31
1	3	4	5	6	8	10	13	17	18	19	20	24	25	27	28	29	31	33	42	52	59	73	77	88	89	94	98	109	111	153	
43	28
0	1	2	4	6	9	10	13	14	15	17	18	20	26	27	31	33	35	52	59	60	61	82	85	89	109	147	149	
51	30
5	6	7	10	11	16	17	18	27	29	31	33	35	37	38	42	48	59	65	75	85	86	95	98	99	109	115	147	149	153	
52	30
8	9	14	16	17	18	19	21	23	25	29	31	33	36	38	50	52	56	59	61	65	73	82	93	99	101	111	147	149	153	
45	30
1	4	6	7	8	9	10	14	18	19	27	28	29	32	36	38	47	48	56	65	77	83	85	86	94	95	96	99	115	147	
46	30
1	2	8	11	14	15	17	24	26	27	33	35	36	38	47	48	52	56	61	65	75	77	78	82	85	88	89	95	111	115	
44	32
1	5	6	7	8	9	10	11	17	18	19	20	21	22	24	27	29	31	35	37	38	39	48	56	60	61	75	95	96	98	136	176	
46	31
2	5	6	7	10	11	12	13	15	17	19	22	24	25	26	29	31	33	37	48	59	65	66	73	82	85	86	96	98	147	149	
42	31
1	3	5	6	7	8	10	11	15	16	17	19	21	27	31	32	33	35	36	37	38	42	65	75	77	82	85	95	96	99	153	
40	30
1	3	4	10	13	14	17	18	22	23	24	26	27	29	31	32	33	35	36	38	42	48	50	59	65	73	94	96	109	111	
47	29
1	2	8	10	12	15	16	17	21	22	24	25	29	35	36	38	42	50	62	82	83	89	94	95	96	111	115	147	153	
44	31
2	4	6	7	8	9	10	11	13	14	16	20	22	24	26	32	33	36	39	48	59	62	65	66	86	88	89	95	99	111	115	
47	30
6	8	12	14	16	18	21	22	24	25	26	27	31	32	33	36	38	39	48	56	61	65	66	73	88	99	111	136	147	149	
46	32
3	5	6	8	9	11	14	18	19	20	23	24	25	27	29	31	36	38	40	42	48	59	61	66	73	77	82	85	93	98	109	147	
45	29
0	5	12	15	16	19	22	23	24	27	28	31	33	36	39	47	50	52	55	61	66	73	85	89	94	95	99	109	149	
43	31
0	1	2	3	8	9	11	14	15	17	22	24	26	27	28	31	36	47	48	56	61	65	66	75	77	85	86	88	89	95	98	
45	30
1	8	9	10	15	16	18	19	21	25	28	29	32	36	38	43	47	48	50	66	75	77	78	82	85	89	95	101	111	147	
42	30
1	6	8	11	14	17	18	19	20	24	25	26	27	29	33	35	36	38	42	48	50	55	61	75	77	85	88	93	109	111	
44	29
1	2	8	10	13	14	15	17	20	23	24	25	27	29	33	36	38	42	48	50	52	77	88	89	94	95	111	147	153	
39	29
0	1	5	7	8	14	19	20	21	23	24	25	26	27	29	31	32	35	36	42	48	55	59	73	82	83	94	98	147	
45	30
0	2	3	5	6	7	8	13	14	16	18	25	26	27	32	34	35	56	59	60	61	65	77	78	82	85	88	95	111	136	
50	30
2	5	6	10	11	12	14	18	19	21	26	29	31	33	38	42	52	56	59	65	66	73	75	82	95	99	109	115	147	153	
45	32
2	5	6	8	12	14	15	16	17	19	21	23	24	25	26	27	29	31	36	38	42	47	56	61	65	66	75	83	94	98	109	149	
48	30
2	5	6	7	11	17	18	23	24	25	26	27	29	31	33	35	36	48	65	66	85	86	95	96	98	99	109	115	147	149	
41	28
1	2	3	5	6	7	8	10	12	14	15	16	19	22	24	34	36	50	52	56	66	82	89	95	96	99	109	111	
33	27
1	4	5	6	7	8	10	12	14	15	19	20	21	22	25	27	31	32	35	38	42	60	82	83	94	95	96	
38	28
1	3	4	5	13	17	18	19	20	22	23	24	25	27	29	31	37	39	48	50	55	66	73	77	85	86	96	136	
43	31
1	2	4	8	9	11	13	14	15	17	18	19	22	23	24	25	26	28	33	36	42	48	52	55	65	77	82	93	98	111	149	
43	31
0	1	5	6	9	11	13	14	15	18	19	20	22	23	25	27	29	33	35	36	43	52	56	59	62	66	83	85	88	101	149	
46	32
0	1	7	9	10	13	14	16	18	21	22	24	25	27	28	29	32	36	43	48	50	52	56	65	73	75	77	82	89	96	111	115	
46	30
0	1	4	9	10	11	13	15	17	18	19	20	24	29	36	37	38	43	48	50	59	65	83	88	94	95	99	111	147	176	
52	34
0	1	3	5	6	7	9	10	11	14	15	16	21	24	27	38	43	47	48	59	61	66	73	75	77	78	82	85	95	96	98	99	109	147	
44	31
2	4	8	10	16	17	18	19	21	22	24	25	27	31	32	33	35	36	38	43	52	56	61	65	66	73	85	89	99	109	111	
47	29
0	1	2	3	9	10	14	15	17	18	19	24	27	28	29	35	43	48	66	78	85	88	89	99	109	111	136	153	176	
43	29
0	1	4	7	8	10	11	15	17	19	26	27	28	31	33	34	35	38	48	52	55	59	77	89	93	94	101	147	176	
46	31
1	2	7	8	13	17	18	20	21	22	23	25	26	27	31	32	36	37	39	42	50	52	62	65	77	78	86	94	98	147	153	
48	32
0	4	5	11	13	14	15	18	20	21	22	23	24	25	27	29	36	38	42	47	51	55	58	62	65	66	75	77	93	109	115	153	
47	28
0	5	6	9	11	14	15	18	19	24	26	27	29	31	42	43	59	65	77	83	85	88	95	109	115	136	147	153	
53	31
0	1	10	12	14	15	18	19	20	23	24	25	31	33	38	52	55	56	61	65	66	73	77	85	88	89	96	109	136	147	153	
40	29
1	5	7	9	11	13	14	17	18	20	23	24	25	26	27	28	35	39	42	48	51	56	73	75	82	88	93	99	149	
42	29
1	2	4	5	6	7	8	10	11	17	19	21	23	24	27	28	31	32	35	42	43	55	59	65	95	96	115	147	149	
43	30
0	1	2	4	5	6	7	10	11	12	17	18	21	27	33	35	36	37	42	59	65	66	73	75	82	85	89	98	111	115	
40	29
1	3	5	7	8	9	12	14	16	17	19	20	21	23	24	26	27	32	35	36	38	42	43	66	75	94	109	147	176	
39	29
1	2	4	6	7	9	10	13	14	17	21	22	24	25	26	27	29	32	35	38	56	62	66	73	75	88	94	99	115	
44	29
0	1	3	4	6	8	10	11	15	16	17	18	24	33	35	36	38	48	52	55	60	83	85	88	89	96	109	111	149	
42	31
1	3	5	8	9	11	13	14	16	17	23	24	25	27	28	29	31	32	33	34	36	38	43	48	62	85	88	98	109	115	176	
41	32
0	1	4	5	6	8	9	10	11	14	17	18	19	21	24	25	29	31	35	36	38	43	48	50	56	62	65	85	86	94	95	101	
43	32
0	2	4	6	8	10	11	16	17	18	20	24	25	26	27	31	33	39	42	43	48	51	52	59	61	65	66	75	78	85	88	98	
41	30
0	1	4	6	7	8	10	11	17	19	20	21	22	25	27	33	34	35	37	38	43	52	56	65	73	77	82	85	88	149	
45	29
4	5	6	8	9	10	11	13	15	16	17	18	22	24	25	31	33	47	48	59	82	86	94	96	101	109	116	147	176	
45	30
0	2	4	6	7	9	11	13	15	16	18	20	23	27	28	31	35	42	51	55	59	61	65	66	73	82	83	95	136	153	
43	30
1	2	4	5	6	8	9	13	14	15	17	18	20	21	23	25	31	32	33	38	47	52	56	65	77	82	89	93	149	153	
37	32
0	2	3	4	5	6	8	9	11	13	15	17	18	19	20	22	23	24	25	26	27	33	35	38	42	47	48	58	65	66	77	85	
45	30
1	3	6	10	11	13	16	18	21	24	25	27	28	31	36	39	42	43	48	65	73	75	82	89	95	96	98	109	136	153	
42	28
0	1	5	6	8	10	11	14	15	16	20	22	23	24	26	27	29	31	34	43	59	73	86	98	109	115	147	153	
41	28
0	1	2	6	8	9	11	13	15	17	18	20	22	23	24	25	27	35	42	47	59	62	73	82	95	111	149	153	
41	29
0	1	4	7	8	10	14	17	18	19	21	22	23	24	27	28	29	32	33	35	42	48	55	65	82	99	111	147	149	
42	32
3	4	5	6	7	8	9	14	15	16	18	19	20	22	23	24	25	27	29	31	33	35	38	42	47	56	59	65	82	96	109	147	
43	30
0	1	3	4	6	9	11	13	14	16	19	20	21	22	23	28	29	33	35	51	56	59	60	65	73	77	82	96	99	153	
39	28
1	3	5	6	7	9	11	13	14	17	18	19	22	24	26	27	28	31	48	52	65	66	75	88	89	98	99	147	
49	32
2	3	4	6	7	8	9	10	11	13	17	20	22	24	26	31	34	36	37	48	59	61	62	73	82	86	88	93	99	115	147	153	
48	32
5	8	9	11	14	15	16	18	20	21	22	24	26	29	31	35	36	38	42	43	48	50	66	75	77	82	89	94	95	111	147	149	
48	32
0	2	5	6	11	12	14	15	19	20	21	24	26	32	33	35	36	43	52	55	56	59	61	66	78	85	95	96	98	99	101	176	
45	30
2	8	11	12	14	17	19	21	22	23	24	26	33	38	43	47	55	56	59	65	66	75	77	82	83	88	94	96	99	109	
44	29
0	2	3	4	9	10	11	13	14	15	17	18	19	20	24	26	42	56	58	59	65	66	77	85	88	96	99	111	153	
43	27
0	2	3	6	7	8	10	11	12	15	18	26	33	35	36	50	52	58	59	65	85	86	88	95	109	111	149	
41	31
1	5	6	10	13	14	16	18	19	22	23	26	27	29	31	32	35	36	37	38	42	48	50	52	59	65	73	82	85	89	136	
47	30
0	1	2	5	9	13	14	17	20	21	23	24	25	27	32	38	47	62	66	73	77	82	83	85	88	89	93	95	147	153	
50	31
0	3	5	6	7	9	12	13	14	16	23	25	32	33	35	37	47	48	52	56	59	62	65	82	88	94	96	111	115	147	153	
43	29
1	3	4	5	7	8	9	10	14	18	19	20	21	24	26	27	29	31	38	42	48	56	77	83	94	109	115	147	176	
45	32
2	4	6	7	8	11	15	17	18	19	20	25	26	27	31	32	33	35	38	43	47	56	60	61	62	65	66	75	77	82	85	176	
43	28
1	3	4	5	6	8	9	10	12	15	17	23	26	27	31	35	36	50	52	59	65	86	89	94	99	101	153	176	
47	32
2	4	6	7	8	9	11	13	16	17	21	22	23	24	25	32	33	36	38	42	43	56	58	77	78	82	88	89	95	109	111	153	
42	30
0	2	3	5	6	7	9	10	13	16	20	21	22	26	27	29	32	35	37	50	56	65	66	78	82	88	89	95	99	111	
42	28
0	1	2	6	7	8	11	13	15	17	20	22	26	27	33	35	36	39	43	52	59	77	85	95	98	109	147	153	
49	31
6	8	10	14	15	16	18	22	23	24	27	32	33	36	38	42	47	48	52	55	56	59	61	66	83	94	95	99	111	147	149	
48	31
1	8	11	15	16	17	18	21	22	23	25	27	28	33	36	39	42	43	47	59	62	73	78	88	89	94	95	98	115	147	153	
50	32
0	2	3	6	11	12	16	17	18	19	22	23	25	29	31	35	36	47	48	52	55	59	65	82	85	88	94	95	98	109	147	149	
44	29
0	1	2	5	6	8	9	10	11	15	19	24	26	27	29	33	35	38	50	56	61	65	85	88	96	99	109	111	147	
38	29
0	1	2	3	4	8	9	10	13	14	16	17	18	19	20	24	27	31	32	48	52	58	59	66	77	88	95	96	99	
42	29
1	2	4	5	6	8	9	10	13	14	15	18	21	24	26	27	29	32	33	35	42	59	65	78	88	96	136	149	153	
41	30
1	2	3	5	6	7	8	9	11	12	13	14	15	17	18	22	23	25	32	36	48	52	82	86	88	89	95	99	111	136	
40	30
0	1	7	9	10	13	14	17	19	22	23	24	25	27	28	31	32	33	36	48	51	59	66	77	82	86	88	94	96	98	
44	30
0	1	2	3	5	10	14	15	20	21	22	24	26	27	29	32	36	42	48	55	58	59	66	75	77	82	88	99	111	147	
38	28
0	1	8	9	10	12	15	18	20	21	23	24	26	27	29	33	35	37	42	43	50	56	65	66	86	94	98	147	
38	28
1	4	5	6	8	9	11	14	15	16	17	20	22	26	27	28	33	35	36	38	43	52	59	65	85	95	111	153	
41	30
0	1	2	4	6	7	8	10	13	15	17	18	23	24	27	31	33	34	35	42	47	50	56	61	62	77	86	88	109	115	
40	29
1	2	5	6	7	8	10	11	13	15	17	19	21	23	24	25	29	31	33	42	43	51	65	77	82	94	96	111	153	
39	31
0	1	3	4	5	6	7	8	10	14	15	16	18	20	21	23	26	27	28	31	33	35	42	48	59	61	66	86	88	96	109	
45	30
0	1	3	5	10	13	17	18	21	22	23	27	29	33	35	36	37	42	48	52	59	66	77	88	93	95	99	111	115	153	
41	29
0	1	3	4	5	6	7	9	11	12	22	23	25	27	29	35	36	40	52	59	65	75	82	83	85	88	89	95	136	
42	29
0	1	3	4	5	6	8	9	10	12	14	15	16	17	28	29	35	36	42	56	59	65	66	73	78	88	95	109	153	
41	29
2	5	6	10	11	14	15	18	19	20	24	25	27	29	31	32	39	48	56	59	61	66	82	85	88	95	96	99	109	
40	29
0	1	2	3	5	6	7	10	11	14	15	17	18	27	34	35	36	43	47	52	59	65	77	83	94	95	96	99	111	
49	31
0	1	6	8	9	10	15	17	18	23	27	28	35	40	42	43	50	55	56	58	61	65	66	73	82	86	88	89	94	111	147	
40	30
0	1	2	5	6	10	11	13	15	18	19	21	22	24	25	26	27	29	31	32	37	48	50	59	82	85	88	96	98	149	
45	32
1	2	4	5	7	8	9	14	19	20	21	22	24	25	26	29	32	33	36	38	39	48	52	56	62	66	85	88	95	99	111	149	
52	32
1	5	6	7	12	17	19	22	23	26	29	31	32	33	35	38	43	48	56	65	75	77	82	85	89	94	95	99	111	115	147	149	
46	31
2	3	5	8	9	10	11	15	19	20	21	24	25	26	27	28	31	42	43	48	50	59	61	65	73	82	83	94	99	147	153	
44	30
1	6	7	8	10	11	13	17	18	23	27	28	31	32	33	36	37	43	48	52	56	65	82	83	86	88	95	99	115	147	
35	29
0	1	2	3	4	8	9	11	14	15	18	20	21	22	23	24	25	26	29	33	35	36	40	42	48	73	77	95	153	
41	31
0	1	2	4	5	6	8	9	11	12	16	17	20	21	23	24	27	28	29	31	32	35	36	42	52	55	56	83	94	109	149	
48	31
0	1	3	4	8	9	11	15	17	20	21	22	23	24	25	27	28	29	31	52	60	66	73	75	77	85	89	93	115	147	153	
44	30
1	2	3	4	5	9	14	15	17	19	25	26	27	28	32	35	36	38	43	52	59	61	78	82	88	93	96	98	109	176	
46	31
0	2	6	10	14	16	17	20	21	24	25	27	31	32	33	36	38	40	48	51	52	55	65	66	73	77	82	96	98	115	147	
44	30
2	6	8	11	14	17	18	19	20	21	22	23	27	29	31	33	34	35	36	42	50	52	56	85	86	95	101	109	111	153	
43	27
1	2	4	5	6	7	14	17	22	24	26	27	29	36	38	43	48	56	61	85	96	98	99	109	111	147	149	
41	29
2	3	5	10	11	14	18	19	20	22	23	24	25	26	27	31	39	42	48	56	59	65	66	73	77	82	88	98	147	
47	31
11	12	14	16	18	19	20	21	22	23	25	26	29	33	35	36	47	52	56	58	59	65	66	77	82	86	88	93	95	101	147	
43	30
1	2	5	6	7	10	11	13	14	15	17	19	20	24	25	27	28	29	36	38	47	50	52	59	65	66	85	99	147	153	
46	29
1	2	4	5	6	8	9	13	14	15	17	18	19	22	25	26	27	32	38	52	56	65	73	99	109	111	136	149	153	
40	29
0	1	2	4	6	8	9	10	11	13	14	15	18	20	22	24	26	29	35	42	59	65	66	73	82	88	95	99	147	
47	32
0	1	2	8	10	15	17	18	19	21	23	24	25	27	29	33	35	36	43	47	48	50	52	56	75	77	82	95	96	109	115	147	
42	31
0	1	5	7	12	14	15	18	20	21	22	23	24	25	28	29	31	32	33	35	42	56	65	73	75	89	95	96	98	99	109	
41	29
1	5	6	7	9	11	13	14	17	18	21	22	23	24	25	26	35	36	39	42	52	60	65	66	75	88	95	111	149	
40	30
1	3	5	8	13	15	17	18	19	20	23	24	25	27	29	31	32	33	36	48	50	56	66	77	82	83	85	88	89	96	
45	31
2	5	6	8	11	14	18	20	22	23	24	25	27	29	31	33	37	48	55	56	65	66	77	82	83	85	86	89	95	98	136	
47	33
0	1	2	3	4	5	9	13	14	15	17	18	21	22	25	26	32	40	42	43	47	48	59	66	75	77	78	85	88	89	96	136	149	
44	31
0	1	2	3	4	5	6	9	14	15	17	21	22	24	25	26	31	32	35	38	42	43	52	66	73	75	77	95	96	149	153	
45	30
0	1	2	3	4	5	6	8	9	10	13	14	17	19	28	29	33	34	35	48	50	88	89	93	96	98	99	111	147	153	
43	29
0	1	2	3	5	8	9	10	13	14	17	18	22	23	24	29	36	42	47	48	59	88	95	96	98	99	109	149	153	
37	28
1	2	3	4	5	6	9	11	14	15	19	23	24	25	26	27	28	33	35	36	38	42	65	73	88	96	109	176	
37	27
1	3	10	11	12	13	14	17	18	20	23	24	25	27	28	34	35	36	42	59	66	77	82	88	96	98	153	
41	31
1	5	6	7	9	14	18	19	20	21	22	23	25	26	27	29	32	33	35	38	48	50	51	56	58	65	82	85	95	96	99	
45	30
0	1	10	11	13	14	17	18	20	22	23	24	25	26	27	33	36	38	42	48	61	85	88	89	94	98	109	111	115	149	
44	31
0	1	2	3	4	7	10	12	15	17	21	22	24	26	28	29	33	35	38	43	47	52	58	60	65	75	77	82	95	109	153	
42	31
0	1	2	4	5	6	11	16	17	18	19	20	21	23	24	25	35	37	42	47	56	60	65	66	75	77	82	86	88	95	99	
49	32
0	1	4	6	8	10	11	14	15	18	19	21	22	25	28	29	32	36	38	42	43	51	52	56	88	94	96	99	111	115	147	153	
43	31
2	5	9	10	14	15	16	17	18	19	21	23	24	25	29	35	36	37	42	43	47	58	59	65	66	82	85	88	94	95	153	
45	30
0	1	2	4	8	9	10	17	18	19	21	22	24	26	28	29	31	35	43	52	55	56	59	65	66	96	101	109	111	176	
46	31
0	2	3	5	6	7	9	15	16	17	19	23	25	26	35	36	48	59	61	65	66	75	77	82	83	88	89	94	95	99	111	
40	29
0	1	2	5	6	8	10	13	14	21	22	26	27	28	29	34	35	36	42	43	48	56	59	61	75	88	98	136	147	
41	31
1	2	3	5	6	7	9	10	13	14	17	19	20	21	22	24	25	27	29	31	33	38	43	56	75	78	82	85	96	99	153	
40	31
0	1	5	6	9	10	11	16	17	20	21	22	23	24	25	26	27	29	31	35	37	43	50	61	65	75	85	88	95	96	98	
42	30
2	3	4	5	6	7	9	10	11	13	14	16	17	19	23	24	27	32	33	36	42	47	52	65	82	85	99	109	115	153	
43	32
0	1	2	3	4	5	7	9	10	12	13	14	15	20	21	24	26	27	29	35	37	38	42	56	58	66	77	82	86	96	99	147	
47	31
4	5	10	11	15	16	17	18	23	24	27	29	31	35	36	38	43	47	48	56	61	65	85	86	88	94	95	99	109	116	147	
40	31
1	2	3	4	5	8	10	11	12	15	18	21	22	23	26	27	31	36	38	40	42	43	50	59	66	78	82	85	89	96	99	
46	32
1	2	9	10	11	13	14	15	18	21	24	25	26	27	28	32	33	35	36	38	43	47	50	52	56	65	73	89	98	115	136	147	
40	29
0	1	2	3	5	6	9	14	17	18	19	20	23	28	29	31	33	35	38	47	50	59	65	77	93	96	98	99	147	
41	29
0	1	2	3	5	9	10	11	13	14	15	17	19	26	28	35	38	48	50	59	61	65	78	86	88	95	96	99	111	
44	29
1	2	6	10	11	14	17	18	19	23	24	27	31	33	38	47	48	56	58	60	65	75	82	86	88	94	98	109	147	
45	31
0	3	6	8	10	11	14	18	19	20	21	23	26	27	28	29	31	33	38	42	48	56	59	61	65	73	75	82	99	147	153	
47	32
0	1	2	4	5	11	13	14	15	17	18	20	21	23	28	33	35	42	48	51	60	62	73	77	78	82	88	95	98	99	109	136	
39	28
0	1	3	4	8	10	11	14	15	17	18	21	26	27	31	33	36	47	48	50	52	56	59	65	77	93	95	147	
43	29
0	1	2	4	5	15	17	19	21	23	25	27	28	32	33	35	43	47	52	55	58	65	73	78	82	85	88	109	176	
43	31
3	5	6	7	10	11	12	13	14	15	17	20	21	22	23	24	27	31	32	33	37	42	50	56	65	85	88	98	99	111	147	
53	33
0	5	6	7	9	10	13	16	19	20	22	24	31	32	33	42	47	48	50	52	59	62	65	66	77	83	86	88	89	95	111	149	176	
47	32
0	1	2	3	8	10	11	13	14	18	19	20	23	24	25	27	33	34	35	37	38	52	56	59	61	75	88	93	96	109	136	153	
41	32
2	3	6	8	9	10	11	12	13	15	17	18	19	20	21	26	27	28	31	32	37	38	43	58	65	73	75	78	85	94	96	98	
42	31
1	5	6	7	8	10	12	16	17	19	21	23	24	27	29	32	35	36	37	38	40	43	56	61	62	73	75	83	85	109	111	
47	30
0	2	5	6	10	11	15	18	19	20	21	24	25	27	33	35	47	50	65	73	77	85	88	89	94	99	101	111	115	153	
54	33
2	5	8	9	10	11	18	19	20	24	25	31	33	36	42	43	47	48	52	56	59	61	62	75	77	78	82	88	95	109	136	147	153	
42	29
0	1	2	3	5	10	12	13	14	15	17	21	24	26	27	29	33	35	43	59	60	66	83	85	88	95	99	109	153	
49	33
2	4	6	7	11	14	15	20	22	24	25	26	29	31	32	35	37	38	42	47	51	59	61	62	66	73	82	85	95	96	99	109	147	
43	28
2	4	5	6	7	10	11	12	15	17	21	22	24	28	29	31	35	36	39	52	59	75	96	99	109	111	149	176	
43	31
1	2	4	5	6	7	8	10	14	15	16	18	20	26	27	28	29	32	35	36	38	43	52	61	65	66	94	95	99	115	149	
45	32
1	4	6	7	9	13	14	18	19	21	22	23	27	31	32	33	38	39	43	47	48	56	58	65	77	82	88	94	96	98	109	136	
47	30
0	2	4	6	8	10	11	12	13	14	15	18	19	24	26	31	33	42	56	59	61	65	75	77	88	95	101	109	149	153	
40	30
0	1	2	3	4	6	7	8	9	10	12	17	20	21	22	24	25	28	32	35	38	42	51	66	77	82	93	99	109	111	
50	31
0	3	4	5	7	9	10	14	16	19	22	24	27	28	35	47	48	56	62	65	66	73	77	82	83	85	89	99	111	147	176	
47	31
1	2	5	6	9	10	13	14	17	18	19	20	21	22	24	28	38	47	56	59	61	65	82	83	85	88	93	98	99	136	153	
38	28
0	1	4	5	8	10	11	14	16	17	18	22	24	26	27	29	35	36	42	48	52	65	66	75	88	89	109	111	
40	30
1	2	4	5	6	8	9	10	14	15	17	18	20	22	24	25	26	27	29	35	36	42	48	58	59	61	85	99	109	149	
47	31
6	7	8	9	10	11	12	15	17	19	22	24	26	27	31	33	36	38	42	51	52	75	77	85	88	93	95	96	109	111	147	
38	29
1	2	4	5	11	13	14	15	20	21	23	24	25	26	27	28	29	32	35	42	47	55	56	66	82	83	86	88	109	
48	33
9	10	11	12	13	14	15	19	20	21	22	23	25	26	29	31	35	36	38	47	48	51	52	56	61	66	77	82	88	93	99	136	147	
44	31
1	4	6	8	9	11	14	15	17	18	20	22	23	24	26	29	31	33	39	47	48	52	56	66	73	77	78	96	98	109	149	
39	29
0	1	5	6	10	14	17	18	19	20	22	23	26	27	29	31	32	35	38	40	48	56	65	78	85	88	99	101	147	
48	28
0	4	8	10	11	14	15	16	18	20	24	26	27	32	33	50	52	56	59	75	77	95	99	109	111	115	147	153	
43	32
2	4	5	6	8	9	11	13	15	19	22	24	25	26	27	28	31	32	33	35	36	37	40	61	77	82	85	88	89	96	109	136	
43	31
3	6	8	9	13	15	16	19	20	21	22	23	24	25	26	27	29	31	36	37	38	42	50	55	65	77	88	95	99	115	153	
43	34
0	1	4	6	7	8	9	11	13	16	17	18	20	22	23	25	26	29	32	33	36	38	42	47	48	59	61	62	65	77	82	89	93	99	
47	30
3	6	8	9	10	11	14	18	19	22	27	29	31	33	36	38	40	42	48	61	65	75	85	86	95	98	109	111	147	153	
39	29
0	1	4	5	8	10	11	13	14	15	17	18	19	21	22	24	26	27	29	31	36	48	52	59	65	75	99	136	147	
37	27
1	5	6	7	8	9	10	11	13	14	15	16	17	20	29	33	35	36	38	42	59	82	83	85	96	111	153	
45	31
0	1	2	4	6	7	8	9	10	11	15	17	19	20	24	25	28	29	35	42	43	50	59	66	73	77	82	85	96	149	153	
48	31
1	3	4	6	7	8	9	14	15	18	19	26	31	32	47	48	50	56	58	61	65	82	83	85	88	89	95	98	101	109	116	
43	29
1	2	5	6	7	8	9	10	14	18	19	20	21	22	28	31	35	38	52	55	59	65	75	82	96	98	101	136	147	
47	32
1	2	4	6	8	11	12	13	14	15	18	19	21	22	26	28	34	36	38	47	55	56	73	82	85	88	94	96	98	99	109	153	
39	29
0	1	2	3	4	7	8	9	10	11	13	15	17	18	20	21	24	31	35	40	42	62	88	89	95	96	99	109	111	
48	30
0	2	3	5	11	13	17	18	21	23	24	26	27	29	33	36	43	47	52	73	85	86	88	95	98	99	109	115	149	153	
48	33
2	3	4	11	13	15	16	17	18	19	22	23	24	27	28	29	31	36	38	39	43	47	48	52	59	61	85	88	96	99	109	149	153	
44	30
0	1	2	4	5	9	17	18	19	21	22	23	24	25	28	29	35	38	42	47	58	59	62	66	77	82	88	96	153	176	
44	31
4	5	6	8	9	11	14	16	17	20	22	23	24	26	29	35	38	48	55	59	65	66	75	77	78	82	86	88	89	96	101	
57	33
2	4	5	6	7	9	12	15	16	19	22	24	26	27	28	31	32	43	59	65	66	73	77	82	85	94	95	109	111	136	149	153	176	
47	33
2	5	7	9	11	13	14	17	19	20	21	22	24	25	26	33	35	40	43	47	52	56	58	59	65	82	85	86	93	95	96	101	109	
40	29
0	1	2	3	4	5	6	11	17	18	21	23	24	25	26	27	29	32	35	36	43	65	77	85	86	88	98	115	176	
43	30
0	1	2	4	6	8	10	11	12	14	16	17	21	26	27	29	32	33	35	38	43	52	61	62	66	85	88	89	147	149	
40	31
1	2	3	4	9	10	13	15	17	18	19	20	24	25	27	28	29	31	32	33	37	40	43	48	56	58	59	66	88	98	153	
42	31
1	2	8	10	12	14	15	17	18	19	20	21	22	23	24	25	26	32	33	36	42	61	65	66	75	82	85	89	93	99	111	
40	29
1	4	5	6	7	8	9	10	11	12	14	16	17	19	21	22	29	33	35	36	38	42	56	59	82	96	109	111	153	
41	31
0	1	4	5	6	7	9	10	11	13	17	18	19	20	22	24	25	27	28	29	31	32	37	38	48	52	65	88	99	147	176	
38	30
0	1	3	5	6	7	8	10	11	12	14	19	20	21	22	23	27	29	32	33	35	48	59	65	66	82	85	94	98	101	
38	30
1	3	4	5	6	7	8	9	10	12	14	16	17	19	20	21	23	24	27	32	33	35	38	42	77	83	88	96	99	147	
42	29
0	2	5	7	8	10	11	17	19	21	22	24	25	33	35	43	51	52	56	58	65	66	73	75	83	85	89	95	99	
39	31
0	2	4	5	8	9	10	11	13	16	17	19	20	21	22	24	25	26	27	31	32	33	35	38	52	59	61	73	82	88	109	
43	31
0	1	2	3	4	5	6	7	9	13	14	15	19	21	22	25	26	27	33	35	36	42	51	65	77	85	88	89	98	109	153	
50	32
0	2	3	4	8	9	11	15	20	22	24	26	28	31	32	38	43	47	50	56	65	66	77	82	85	94	95	96	98	109	111	153	
37	30
0	1	2	3	4	6	8	10	11	17	18	19	22	23	24	26	27	28	29	31	35	36	39	42	48	50	58	75	77	147	
44	31
0	1	3	8	9	10	13	14	15	17	21	23	24	26	27	29	31	36	42	48	52	62	65	82	85	86	88	95	98	99	153	
42	29
0	1	5	6	7	8	9	13	14	17	19	25	26	27	35	37	38	43	48	59	73	82	83	88	94	96	98	136	147	
45	31
0	1	2	3	4	5	11	17	18	20	24	26	27	32	33	35	42	43	52	59	61	65	66	73	75	77	83	85	88	95	109	
44	31
0	4	5	8	10	11	13	17	18	19	20	22	24	25	27	28	29	33	35	48	56	65	66	75	83	85	88	89	98	99	176	
52	32
2	5	6	13	14	15	16	22	23	25	27	28	29	32	33	35	36	38	42	56	60	61	78	82	85	88	94	109	111	136	147	176	
44	32
2	4	7	9	11	14	15	16	17	18	19	20	24	25	26	27	29	31	35	36	38	42	48	59	61	65	77	88	89	94	115	153	
52	31
0	1	5	11	12	13	14	20	21	23	24	25	29	31	38	59	65	66	75	82	83	85	86	88	89	94	95	101	116	149	153	
42	30
0	2	3	4	5	6	9	10	11	13	17	18	19	22	23	24	26	35	36	43	47	50	52	78	88	94	96	99	109	149	
42	30
0	1	3	4	5	6	9	17	18	21	23	24	25	27	32	33	34	35	36	38	42	47	50	51	65	82	88	94	147	176	
41	30
1	3	4	6	8	9	11	14	15	16	17	18	23	24	25	29	33	35	42	47	58	61	65	77	82	88	93	96	99	109	
42	28
0	1	2	3	7	8	9	10	11	14	17	21	22	24	25	27	33	35	38	50	52	77	89	96	98	109	149	153	
39	30
1	5	6	8	9	10	11	13	14	17	19	20	24	25	26	27	29	31	32	38	48	56	58	59	61	82	83	85	96	99	
43	30
1	2	3	4	5	6	9	10	13	14	17	18	19	21	24	25	29	33	35	38	59	60	73	82	85	86	88	93	115	149	
43	30
2	6	9	10	11	13	14	18	19	20	21	23	24	25	26	29	31	32	33	38	56	59	61	66	73	82	96	98	136	153	
45	30
0	1	2	5	6	7	8	10	15	16	19	20	22	24	26	27	29	35	42	50	59	77	88	94	95	96	101	111	115	147	
45	31
0	1	2	3	6	9	10	11	17	18	23	26	27	28	31	33	35	36	37	43	48	59	65	73	77	89	94	95	98	147	176	
46	33
3	4	5	7	9	10	11	13	14	15	17	18	19	20	21	22	25	29	38	39	42	43	48	50	55	59	78	82	85	96	99	111	149	
43	32
0	1	3	5	6	8	13	14	18	19	20	21	22	25	26	27	28	29	31	35	39	42	43	59	61	73	82	88	95	98	109	136	
35	29
1	6	8	10	11	13	14	16	17	18	21	22	23	24	26	27	29	31	33	36	38	40	42	48	61	66	95	98	109	
41	29
0	1	3	5	7	8	10	12	13	14	15	18	20	21	23	24	26	31	32	36	42	50	52	82	96	99	111	136	147	
47	31
0	1	5	8	10	11	13	15	17	18	20	24	25	27	28	31	33	42	52	61	62	65	77	85	88	89	96	98	99	109	153	
45	28
1	2	3	6	8	9	11	13	17	22	23	24	25	26	35	42	61	62	75	77	82	83	88	95	98	111	149	153	
39	29
0	1	2	4	6	7	8	10	19	21	22	25	27	29	32	33	35	36	38	42	43	50	77	82	83	88	95	109	115	
42	31
0	2	3	5	8	9	12	14	16	19	20	22	23	25	26	28	29	31	33	35	42	47	56	59	62	77	82	88	93	95	153	
41	29
2	3	4	5	6	7	9	11	12	17	19	24	25	26	27	32	35	38	42	43	52	61	75	78	88	89	94	115	176	
50	30
1	2	3	5	14	15	17	22	23	24	25	26	27	29	36	38	42	48	56	65	75	85	88	89	98	109	111	147	149	153	
43	29
1	3	5	8	9	14	15	17	19	21	22	24	25	26	27	29	31	36	38	42	43	55	73	75	96	99	147	149	153	
49	31
2	5	6	8	11	15	16	17	21	23	24	26	27	29	34	36	38	47	56	58	75	77	82	83	86	88	89	101	109	147	153	
46	30
0	1	6	9	10	11	13	14	15	16	21	22	24	26	29	33	38	43	48	61	62	73	94	95	96	98	99	111	147	149	
42	30
2	7	8	9	11	12	14	16	18	19	20	21	22	23	24	25	27	31	33	36	38	47	52	56	86	96	98	109	115	147	
44	29
1	10	13	14	17	18	19	20	21	23	24	25	27	29	31	33	36	42	48	50	52	56	66	75	85	99	136	147	153	
40	28
0	1	3	4	5	6	7	8	9	10	12	17	20	23	24	26	27	32	35	37	39	42	50	66	109	136	147	153	
40	29
5	6	7	8	9	10	11	14	18	19	21	24	25	27	29	32	33	34	35	38	56	58	59	60	65	75	83	85	147	
41	30
0	1	2	3	6	7	8	9	10	14	15	16	18	21	22	23	24	28	35	42	55	56	61	65	73	75	82	96	99	111	
46	31
1	2	6	7	9	10	11	13	17	18	19	27	33	35	36	42	43	48	52	56	59	78	82	85	86	95	96	98	99	109	136	
44	28
0	1	2	3	4	9	10	13	14	15	17	21	22	24	25	28	35	52	59	61	62	75	83	96	99	111	147	149	
47	30
2	3	5	6	8	12	14	16	18	19	23	25	32	35	38	42	47	52	61	65	66	82	83	85	88	94	95	111	136	149	
42	32
2	3	4	5	9	10	11	14	19	20	21	24	25	29	31	32	35	36	37	38	39	48	52	61	66	73	82	85	86	88	95	99	
46	31
0	1	2	3	5	6	8	10	14	17	19	22	25	29	31	35	40	42	48	56	59	60	62	73	75	86	93	94	96	109	153	
45	31
0	3	5	8	9	10	12	14	15	16	17	21	22	24	26	27	29	31	35	38	42	48	58	65	66	73	75	109	111	115	176	
34	29
0	1	3	8	9	10	12	13	14	16	18	19	20	22	23	24	25	27	29	32	33	35	47	48	59	82	88	95	98	
47	30
0	2	5	8	9	10	11	15	18	20	21	24	29	31	35	36	38	42	52	55	61	73	82	88	95	99	109	111	136	153	
43	29
1	3	4	5	6	10	11	13	14	17	18	19	22	24	27	28	31	42	43	56	59	65	85	89	95	98	99	147	153	
44	30
1	2	4	7	10	13	14	15	17	18	24	26	27	29	31	33	35	36	38	43	52	56	58	61	65	82	85	88	147	149	
42	29
0	1	2	5	6	9	13	14	15	17	19	20	26	28	29	35	38	51	59	60	61	65	73	86	88	89	96	99	136	
38	26
0	1	2	5	6	8	10	11	15	16	17	26	27	28	33	35	36	50	52	59	61	65	85	95	111	153	
45	32
2	5	6	9	10	11	14	23	25	28	29	31	32	33	35	36	42	47	48	52	56	59	60	61	66	73	82	86	88	95	98	99	
41	30
2	4	6	8	9	10	11	14	17	20	21	22	24	25	26	27	31	33	35	38	43	61	65	77	85	86	88	95	109	111	
41	29
0	1	2	4	5	8	9	10	11	17	18	21	24	26	27	29	33	35	38	43	52	56	61	66	73	88	109	111	115	
46	30
0	1	2	3	4	5	7	8	9	10	15	17	21	25	27	29	33	35	37	52	59	65	77	78	82	86	94	111	147	149	
45	30
0	3	4	6	7	8	10	16	22	27	29	32	33	35	36	37	40	42	50	52	56	59	60	62	65	77	83	85	111	147	
41	26
0	1	2	3	5	6	8	10	11	12	17	23	24	27	35	42	59	65	88	94	95	98	99	109	147	153	
45	31
1	2	8	9	17	18	19	20	21	22	24	25	26	31	33	35	36	38	39	52	56	58	65	66	73	75	77	95	96	99	176	
47	30
0	1	2	7	8	10	14	15	20	23	24	26	28	33	38	47	48	50	52	56	60	77	78	82	89	95	99	111	136	147	
44	32
0	1	4	5	6	8	11	14	18	20	21	22	23	24	25	27	31	32	35	37	38	42	47	50	55	65	66	75	82	89	136	149	
44	28
0	1	3	9	11	14	15	17	18	19	21	22	24	26	27	32	35	58	59	75	78	85	86	88	94	115	147	153	
37	29
0	1	2	3	4	5	6	7	9	11	13	17	19	22	24	26	27	28	35	38	43	51	52	56	61	66	75	88	96	
37	29
0	1	4	8	10	11	15	17	18	21	22	23	24	25	26	27	29	35	36	37	42	48	52	58	61	75	88	93	109	
42	31
0	1	3	5	6	10	11	12	13	14	18	19	20	21	22	28	29	31	38	42	43	48	59	62	65	73	82	94	96	98	153	
53	32
0	1	2	5	7	14	15	16	18	20	24	26	31	34	35	38	43	51	56	59	61	62	75	85	88	95	99	101	109	115	149	153	
45	31
0	4	5	8	9	10	14	15	16	18	19	20	21	22	24	25	28	29	35	47	52	59	65	77	82	83	88	96	99	109	147	
41	27
1	2	4	5	7	15	17	19	21	26	35	38	42	43	51	58	65	73	82	83	88	93	94	95	96	99	136	
41	29
1	2	4	5	8	13	14	17	18	21	22	23	24	26	27	28	31	38	40	42	48	51	73	78	94	98	109	111	149	
40	29
0	1	2	6	8	9	10	11	13	15	17	19	21	23	26	27	32	33	35	43	52	56	61	62	82	88	95	99	149	
39	30
0	1	2	6	7	8	9	10	12	14	16	18	21	23	26	27	29	32	33	35	38	43	56	61	65	73	75	82	101	111	
42	31
1	5	6	8	14	15	16	19	20	21	23	24	25	27	28	29	31	32	36	37	48	58	66	75	77	82	83	85	89	101	109	
44	29
1	2	4	5	6	8	14	16	21	22	26	27	28	29	31	32	35	38	43	50	56	59	62	65	66	82	136	149	153	
48	30
0	1	3	5	6	9	10	14	17	18	21	24	31	43	48	52	58	62	66	73	77	82	88	89	93	94	95	98	109	149	
38	29
2	3	5	6	7	8	10	11	13	14	19	21	22	24	25	26	27	31	35	38	42	43	56	59	65	82	85	99	147	
45	32
2	3	4	5	6	7	9	10	14	15	16	17	18	19	20	24	28	29	31	35	42	52	59	61	62	73	82	89	93	94	95	149	
39	30
1	4	8	9	12	14	15	16	17	18	20	22	23	24	27	28	29	35	36	38	42	47	58	59	66	82	88	94	99	109	
45	34
2	3	5	6	8	10	12	14	16	19	20	21	22	23	27	28	29	31	33	35	38	42	43	56	59	61	65	66	73	75	85	94	95	98	
42	30
1	3	5	6	10	11	12	13	14	16	18	19	22	23	24	25	26	29	31	38	42	47	59	66	75	82	96	99	147	153	
42	30
2	3	6	8	10	13	14	16	17	19	20	23	24	27	28	29	31	32	33	36	43	55	56	61	65	77	82	85	136	153	
51	30
1	6	7	8	10	11	14	15	21	22	23	27	31	33	35	43	56	59	65	66	77	88	94	99	101	111	115	136	147	149	
48	30
0	2	3	5	7	9	11	14	17	20	21	22	23	24	26	47	59	61	65	66	73	75	78	82	86	89	95	98	147	153	
48	30
3	6	7	9	10	11	13	15	16	18	20	21	23	24	26	27	31	42	50	51	52	56	58	66	77	88	109	115	147	153	
41	26
1	6	8	11	14	15	17	18	24	26	27	35	36	38	42	59	61	65	73	77	78	83	85	88	147	153	
44	30
1	4	6	9	10	14	17	18	19	20	22	23	24	25	27	29	33	38	42	47	48	52	55	65	85	88	99	109	147	153	
47	31
1	2	4	5	6	8	9	11	18	22	26	27	31	33	37	42	43	48	52	59	61	65	66	75	86	88	94	99	101	136	147	
40	30
0	1	2	6	8	11	15	17	18	19	21	23	24	26	27	32	33	35	36	39	43	52	56	61	75	88	93	94	95	109	
47	32
3	5	6	7	8	9	10	11	17	18	19	20	21	22	23	27	29	32	33	35	38	52	56	59	82	83	89	95	96	98	147	153	
47	33
2	3	4	6	8	10	14	15	16	17	19	20	25	26	27	28	29	31	32	35	38	42	51	61	66	73	75	77	82	88	96	136	147	
46	30
0	1	3	5	6	9	10	11	17	18	21	22	23	24	26	27	31	42	48	50	52	61	85	89	95	98	99	111	147	149	
42	32
1	2	3	4	6	8	9	10	11	13	15	17	18	21	24	25	26	27	33	36	43	47	48	61	65	77	83	86	89	95	96	109	
44	30
0	1	2	4	8	9	10	13	14	15	18	19	22	26	28	33	37	47	48	55	56	59	61	65	77	85	89	93	109	153	
41	30
2	4	6	7	8	10	15	16	18	19	20	22	23	24	25	27	29	31	32	35	43	50	56	75	82	88	95	99	109	115	
49	32
0	1	2	4	6	9	11	13	15	17	19	20	24	26	33	35	36	42	43	48	50	59	61	65	73	77	85	95	99	115	147	153	
41	30
0	1	4	6	8	9	10	11	14	17	21	27	28	29	31	33	35	36	42	48	52	56	59	61	62	65	86	88	98	109	
38	29
1	4	5	8	11	14	15	18	19	20	21	22	23	24	25	26	27	28	29	32	35	36	38	61	65	82	85	109	153	
43	31
0	1	2	4	6	7	8	9	10	14	20	26	27	32	33	35	36	37	38	42	48	50	56	59	61	65	77	88	89	109	111	
43	30
0	1	2	4	5	9	10	11	13	14	15	16	18	19	20	21	24	32	33	35	59	66	73	77	82	94	96	99	109	147	
44	30
0	1	4	5	9	10	13	14	15	17	19	20	22	25	27	29	32	35	42	52	55	65	66	73	77	78	85	89	109	153	
49	31
0	2	3	7	9	10	11	14	17	18	19	23	31	32	33	38	43	48	56	65	73	75	85	88	93	94	99	109	115	136	147	
46	31
1	6	10	11	13	15	17	18	19	22	23	24	27	28	31	40	42	43	48	55	65	66	73	82	85	89	94	95	98	109	147	
40	29
0	1	2	4	5	6	7	9	10	11	13	17	21	24	25	35	37	42	47	59	65	66	82	85	86	88	95	99	109	
41	29
0	1	4	7	8	10	13	14	18	19	20	24	26	31	32	33	48	52	59	60	65	66	73	75	82	85	88	95	99	
49	31
0	3	4	6	7	8	10	11	12	14	16	18	26	27	29	35	42	48	56	58	59	65	66	77	82	88	96	109	111	136	176	
44	29
0	1	2	4	6	8	9	10	12	14	15	18	19	24	25	27	33	35	42	59	60	61	65	66	85	95	109	147	153	
49	30
0	1	2	6	10	12	13	15	17	25	33	35	38	40	42	48	59	61	62	65	66	75	77	82	85	88	95	111	149	176	
38	30
2	3	5	7	8	11	13	14	15	18	19	20	21	22	24	25	26	27	35	36	38	42	43	50	73	78	82	86	98	109	
37	29
0	1	3	4	6	8	9	10	13	14	15	17	18	23	24	26	27	28	35	36	38	42	56	59	61	65	85	95	111	
43	30
1	4	5	6	8	10	13	14	18	19	20	23	26	27	28	29	32	33	38	42	48	52	55	82	88	96	99	109	111	149	
44	29
3	6	7	8	9	10	11	14	18	19	22	24	26	27	29	32	33	35	48	52	56	59	61	78	83	85	109	147	153	
40	30
1	6	7	8	10	11	13	15	18	19	20	21	25	27	31	33	35	36	38	40	42	47	50	56	62	85	88	89	96	147	
45	31
1	2	7	8	9	11	13	14	15	18	19	20	23	25	26	33	35	36	38	42	48	56	59	61	73	75	82	88	93	147	153	
38	31
2	5	6	8	9	11	12	13	14	17	18	19	20	21	22	24	25	26	27	31	33	36	38	42	59	65	73	85	93	98	99	
49	31
1	2	4	5	6	8	9	10	11	15	22	23	24	29	31	33	35	43	47	50	56	66	77	82	85	95	99	109	115	147	176	
42	30
0	1	2	4	5	8	13	14	15	16	17	21	22	23	24	27	28	29	34	43	47	52	56	59	88	89	95	99	109	153	
46	30
1	2	4	6	8	10	17	19	21	22	24	25	27	29	31	32	33	38	43	50	56	61	65	66	77	82	85	109	147	153	
43	29
1	4	6	8	9	10	11	14	15	17	18	20	21	24	32	33	35	42	48	52	59	66	82	88	89	96	109	111	153	
41	29
0	1	2	4	5	9	11	18	20	23	26	27	28	29	31	33	35	42	48	50	56	59	65	73	75	77	88	93	147	
44	28
0	3	4	6	8	10	14	16	18	20	24	26	27	31	33	38	42	51	56	61	65	66	73	85	98	109	153	176	
49	30
2	6	9	11	15	17	18	22	23	26	27	29	31	33	35	38	40	47	48	52	56	58	73	85	101	109	111	149	153	176	
38	29
1	2	3	4	5	6	8	9	10	14	15	18	22	23	24	26	28	35	37	43	61	65	73	77	82	85	94	96	101	
40	31
0	1	2	3	5	6	8	10	14	18	20	21	22	25	26	27	28	29	31	32	42	48	59	65	66	78	82	83	88	89	99	
41	29
1	3	5	6	7	8	9	14	16	20	22	23	24	27	31	35	38	42	43	51	65	77	82	88	89	94	95	109	136	
47	32
0	1	2	4	6	7	9	10	14	18	21	22	23	24	26	28	33	36	38	42	47	56	59	61	66	75	88	96	99	101	147	153	
44	29
0	1	4	6	8	10	17	18	19	20	21	22	24	29	31	48	56	60	61	66	75	83	85	89	93	95	99	109	111	
38	30
1	2	3	6	7	9	10	14	17	18	20	21	23	25	26	27	28	29	32	35	38	48	66	73	75	82	89	94	95	98	
43	29
1	3	5	6	8	9	10	14	17	20	23	28	29	35	38	42	43	48	59	61	62	73	77	82	88	94	96	111	149	
46	31
6	7	8	10	11	16	17	19	20	22	24	27	32	33	35	36	37	43	47	48	52	56	59	75	77	83	85	95	96	147	153	
36	30
1	3	4	6	8	10	11	14	15	16	17	18	19	21	24	25	27	28	31	34	35	36	43	48	59	65	73	85	86	94	
44	31
1	4	6	7	9	10	11	13	14	19	21	24	26	28	32	33	34	35	38	43	52	59	62	65	82	85	95	96	99	101	147	
48	32
1	4	5	7	12	14	17	19	20	23	24	25	28	31	32	33	38	40	48	52	65	73	82	83	85	88	89	95	98	99	136	147	
44	29
0	2	3	5	6	7	9	10	13	14	16	18	22	27	29	40	48	52	58	62	73	75	77	82	88	89	94	111	149	
50	32
1	2	3	4	9	10	13	16	20	24	33	34	35	36	38	39	42	48	50	56	58	62	66	73	75	77	83	88	96	99	153	176	
37	30
0	2	3	4	6	8	10	13	14	16	17	18	20	22	24	27	29	31	32	34	36	40	48	51	59	62	65	85	98	101	
46	30
0	1	5	6	8	9	11	13	14	16	21	22	26	28	29	33	35	38	43	59	65	75	86	88	96	98	101	109	147	153	
44	30
1	2	6	11	12	14	15	18	19	20	22	23	24	25	27	31	33	39	42	59	62	66	75	77	85	88	95	98	109	147	
39	29
0	1	3	5	8	9	10	13	14	15	17	18	19	22	23	24	27	28	29	35	36	48	65	66	75	88	99	115	153	
48	31
2	3	4	7	8	10	11	17	18	19	22	23	26	27	29	33	36	38	42	52	56	59	65	75	82	83	93	98	111	147	153	
51	32
0	4	5	6	8	9	10	11	13	14	15	18	19	22	24	31	36	47	48	52	55	59	75	77	82	85	88	93	109	111	149	176	
