1000 
17	17
4	6	7	8	9	13	14	18	24	26	28	29	31	38	41	44	61	
21	18
0	3	4	7	10	16	22	27	28	29	32	35	44	46	58	61	83	113	
18	18
0	3	9	13	14	16	25	26	28	29	31	32	36	44	49	51	52	55	
19	18
0	3	4	6	7	12	14	20	21	22	35	36	44	46	47	55	57	70	
16	16
6	7	8	9	12	14	24	28	29	31	36	37	43	45	46	60	
19	15
5	12	17	19	20	27	32	34	36	38	42	46	70	79	113	
19	16
0	5	6	17	18	24	28	32	41	42	45	47	48	79	83	95	
20	17
0	4	6	9	12	18	23	27	28	31	41	46	47	51	52	79	113	
18	17
1	6	9	10	11	12	17	21	22	36	39	42	45	46	49	55	79	
16	16
9	12	13	14	16	18	28	29	31	32	42	44	46	49	50	55	
19	18
2	3	5	6	7	12	18	32	36	39	41	42	45	51	57	59	60	70	
20	18
3	7	8	10	12	18	20	21	27	31	32	36	37	41	57	60	81	95	
17	17
2	7	10	12	14	19	20	28	29	30	31	36	45	47	52	53	55	
19	18
0	1	3	4	7	9	13	18	19	21	27	29	31	32	41	49	55	79	
19	18
1	2	4	9	10	11	12	13	19	22	25	28	44	45	55	58	61	83	
20	17
4	7	13	14	16	17	18	20	21	22	29	31	35	37	41	79	113	
17	16
2	4	10	12	14	16	19	20	22	25	36	44	46	47	49	81	
18	18
0	1	3	5	6	9	14	17	20	23	27	31	32	36	44	47	48	49	
19	18
3	6	7	9	12	14	22	26	32	34	36	42	44	46	47	55	57	83	
19	17
0	2	3	5	6	9	11	16	19	24	28	35	37	40	47	79	100	
19	18
3	14	20	22	26	32	37	40	45	47	48	49	51	55	58	59	60	79	
20	18
0	1	6	9	13	18	27	28	29	31	34	36	40	41	49	59	79	95	
22	20
0	1	3	7	8	9	18	20	23	26	28	36	37	42	46	51	53	57	61	113	
18	17
4	6	9	10	11	14	17	21	22	23	28	31	40	49	50	59	70	
21	18
0	4	5	7	8	11	18	21	22	26	29	31	40	43	45	79	83	95	
18	17
2	3	6	12	17	21	26	29	35	36	44	46	47	49	50	60	83	
19	19
1	3	4	5	7	8	22	28	29	31	40	41	42	46	49	53	55	57	58	
19	17
0	1	7	9	18	20	27	31	40	44	46	49	50	55	60	81	83	
20	17
1	3	4	6	7	10	22	26	28	36	39	44	45	55	70	79	95	
17	16
0	2	5	6	10	14	17	19	29	36	46	47	48	55	59	79	
19	17
1	2	7	13	14	25	28	29	31	32	45	46	51	55	58	79	83	
18	17
3	6	7	11	20	22	23	26	28	32	41	46	47	49	58	60	83	
18	16
2	4	12	17	18	22	29	32	36	44	45	46	49	50	79	83	
19	18
2	4	6	7	17	18	20	22	31	32	36	37	45	46	50	57	58	79	
18	18
1	7	9	10	11	14	18	19	21	26	28	36	40	41	42	50	58	60	
18	17
1	6	8	10	12	14	20	22	36	44	47	49	50	55	58	60	79	
17	17
1	2	6	7	10	12	16	18	20	22	32	38	43	44	46	49	53	
22	20
1	2	5	9	11	16	19	20	22	26	29	35	37	46	52	55	60	61	79	83	
18	18
0	1	2	8	9	11	12	17	19	25	28	34	41	45	46	53	59	60	
20	17
2	6	12	17	19	22	25	29	32	34	39	47	50	60	79	83	95	
16	16
5	8	9	10	18	19	22	28	29	31	32	41	45	49	55	58	
18	17
0	2	4	8	10	11	13	14	18	34	40	42	46	48	50	55	79	
18	16
4	8	12	14	16	18	20	21	22	24	28	36	48	51	53	113	
16	16
2	3	5	6	11	12	21	28	31	32	38	44	46	47	58	61	
23	18
5	11	12	13	18	19	20	22	27	35	37	41	55	58	79	81	83	113	
18	18
2	4	5	7	8	12	14	29	30	36	40	42	46	47	49	51	53	55	
20	19
0	5	7	9	13	14	17	21	22	24	26	32	35	37	41	44	46	61	79	
19	19
0	7	8	9	10	11	12	17	18	22	24	27	34	39	44	46	53	55	57	
19	18
0	2	8	12	13	14	18	25	27	28	31	32	36	45	49	55	58	81	
19	19
13	14	18	19	22	26	27	28	34	36	38	40	46	49	50	51	53	55	58	
17	16
1	6	7	8	10	12	20	36	38	44	47	49	58	60	61	79	
17	16
1	4	6	9	12	13	18	19	21	22	25	31	35	46	50	70	
17	17
2	4	10	11	13	16	19	20	28	32	34	35	39	44	46	52	60	
19	17
0	4	10	13	18	19	20	24	26	27	29	46	51	58	61	79	83	
19	18
1	10	11	12	14	18	19	21	26	28	41	42	46	49	50	51	58	83	
17	17
2	7	9	11	12	18	22	24	29	31	40	44	45	47	48	49	61	
18	17
6	13	16	17	18	19	20	21	22	29	34	36	42	46	47	57	83	
17	16
4	6	8	14	18	20	22	23	29	31	36	40	41	44	61	95	
17	16
0	2	10	11	14	16	28	29	34	35	37	42	43	47	50	79	
18	17
1	2	4	6	8	12	16	20	22	31	44	51	57	58	60	61	79	
20	18
2	3	5	7	8	9	10	22	24	29	32	37	44	49	53	57	79	83	
16	16
0	4	10	13	18	22	23	28	29	31	32	36	37	44	45	49	
18	18
1	3	7	8	9	14	17	20	28	31	36	40	46	49	52	55	58	59	
19	18
1	3	4	5	7	9	11	25	28	29	34	36	40	41	47	50	59	83	
20	18
3	8	18	19	22	31	32	35	39	46	48	49	50	58	60	61	79	83	
19	18
3	4	7	10	11	13	18	20	22	31	35	39	40	44	49	55	59	81	
17	17
2	3	8	9	10	12	13	14	27	29	32	36	40	42	46	50	57	
20	18
0	2	7	8	12	14	20	22	28	29	35	41	42	49	55	58	83	100	
19	17
6	8	9	12	13	14	17	19	21	22	32	35	41	48	57	70	79	
17	16
0	3	4	6	9	13	14	18	19	28	32	42	45	47	55	79	
18	16
9	12	16	18	20	25	28	35	36	37	38	47	49	52	83	86	
20	17
1	4	7	12	14	18	22	29	36	39	44	48	49	50	60	83	113	
17	16
1	6	8	10	13	18	19	20	25	36	39	44	46	50	58	83	
17	16
3	6	8	9	12	13	14	18	21	22	27	31	36	50	59	83	
18	18
7	9	10	19	20	22	25	28	29	31	32	42	44	45	46	50	58	61	
18	18
7	8	10	12	18	20	25	28	31	32	36	40	46	49	50	55	59	61	
18	16
2	3	4	7	14	19	20	25	29	30	34	37	38	46	83	100	
20	18
0	4	7	8	10	11	14	18	20	27	28	30	45	46	47	48	81	83	
17	16
3	6	9	10	11	14	17	20	22	26	28	31	32	38	60	79	
16	16
1	2	4	6	7	9	10	12	14	17	18	28	29	38	41	50	
18	18
6	7	12	14	20	21	24	26	28	29	31	34	35	47	51	55	60	61	
18	18
0	2	4	5	7	9	10	14	17	19	22	31	34	41	50	58	59	60	
19	17
0	6	14	17	19	20	21	28	31	32	36	42	45	55	58	83	100	
21	19
6	12	13	14	17	19	24	28	29	35	36	39	41	45	58	59	60	79	83	
19	17
3	4	8	17	18	20	22	24	25	27	29	42	45	48	49	53	113	
19	17
0	4	9	10	13	25	28	29	31	32	35	36	38	40	59	79	86	
17	17
0	1	2	5	6	8	12	22	23	29	35	36	37	46	48	55	61	
18	17
2	6	7	10	12	18	22	25	28	29	31	44	46	47	48	51	79	
18	18
7	9	10	11	12	13	14	19	20	31	32	34	35	39	48	55	57	60	
18	18
5	7	12	14	18	19	20	25	26	27	28	31	32	36	45	47	48	49	
19	19
0	5	6	7	11	13	18	22	25	26	31	32	40	42	45	48	49	50	52	
18	16
1	5	6	7	12	17	18	20	21	22	29	32	36	50	79	83	
16	16
1	12	18	20	21	22	24	32	39	41	45	46	47	52	55	58	
18	17
0	10	14	19	20	27	28	30	32	34	36	37	46	50	57	59	100	
19	17
0	9	12	13	14	18	21	22	24	28	31	44	47	49	50	55	113	
18	18
3	6	10	13	14	20	21	24	28	29	31	42	44	47	50	57	59	60	
19	17
1	2	4	5	6	7	8	12	14	22	27	29	31	35	38	79	83	
17	16
0	3	4	12	19	21	22	25	26	27	28	29	31	38	52	70	
20	19
3	4	6	8	9	10	12	24	26	29	30	31	32	35	39	40	55	60	79	
21	18
5	7	11	12	13	18	20	24	31	44	48	49	50	53	55	58	79	113	
16	16
0	2	5	6	9	11	12	19	22	25	29	31	35	48	50	59	
20	19
2	3	5	6	10	13	17	19	20	21	23	24	25	28	32	42	47	48	79	
18	16
2	4	6	7	9	12	27	28	31	32	36	40	41	59	61	113	
17	16
2	3	5	7	9	10	12	17	28	29	36	41	45	50	51	83	
17	17
1	8	9	14	18	22	28	29	31	36	39	42	44	46	50	53	55	
19	18
0	1	6	8	9	12	18	25	26	28	31	36	40	41	47	57	60	83	
17	17
2	5	9	10	12	17	18	22	25	26	34	36	42	44	47	49	55	
20	18
1	3	5	7	8	12	17	22	26	28	31	36	41	44	45	57	79	86	
19	17
0	2	4	6	11	14	17	20	22	24	31	34	36	39	55	79	81	
19	18
1	3	5	6	8	20	21	35	36	39	41	44	49	52	59	60	61	70	
19	17
1	2	4	9	12	13	16	18	21	28	31	35	42	46	50	79	81	
19	18
0	1	4	7	8	9	12	14	17	19	22	24	28	31	42	44	46	83	
20	17
2	5	8	17	18	29	32	39	45	47	48	49	55	58	70	79	83	
22	19
1	2	3	6	7	10	17	21	22	25	28	31	41	48	55	57	79	83	95	
18	16
2	7	11	16	18	28	34	37	42	44	45	55	60	61	70	79	
18	17
2	3	6	7	8	11	20	26	32	44	46	49	51	53	58	61	81	
19	17
3	6	7	8	10	12	13	17	22	29	32	34	35	47	50	79	81	
18	16
1	8	12	13	20	28	31	35	36	42	52	55	59	61	79	83	
18	17
6	8	10	12	14	19	22	28	32	35	44	46	47	48	53	55	95	
18	17
1	7	8	10	11	12	14	22	24	27	29	34	46	47	49	53	83	
20	19
0	1	5	6	10	12	13	18	19	25	34	36	48	50	51	58	60	61	83	
18	17
0	2	6	17	19	21	22	25	32	39	40	41	46	49	55	59	79	
20	18
0	7	18	20	32	34	40	41	42	44	45	48	49	55	60	61	79	83	
19	17
1	6	8	10	14	18	24	29	38	40	41	42	44	45	46	47	113	
20	18
2	3	6	7	14	20	28	29	31	37	40	44	46	48	58	59	61	113	
18	17
0	5	6	9	11	13	16	17	21	24	25	27	28	29	43	53	83	
18	16
0	4	6	19	20	22	25	28	29	32	40	43	46	58	79	95	
16	16
0	1	2	4	6	12	14	18	22	24	26	34	36	44	46	50	
18	17
1	2	3	9	13	22	26	28	29	36	39	42	44	46	55	60	83	
16	16
0	3	5	11	12	13	18	26	29	34	37	46	49	50	53	55	
16	16
1	2	3	4	14	20	25	31	37	38	42	44	46	48	50	60	
20	17
3	8	9	14	36	38	42	47	48	50	53	55	58	59	79	83	95	
21	18
7	10	19	21	25	28	30	31	34	40	42	46	49	50	51	59	83	113	
20	18
0	3	4	5	7	10	14	22	25	28	32	36	41	48	53	55	79	81	
20	18
2	3	4	7	12	20	24	25	26	27	29	34	40	48	49	51	60	113	
18	16
2	6	8	12	13	20	29	36	41	44	49	51	60	61	79	83	
19	18
2	11	12	17	20	26	29	32	35	39	40	41	46	49	53	58	60	81	
17	17
2	5	7	8	9	10	17	22	23	29	31	35	39	41	45	46	61	
16	16
3	4	11	12	18	24	26	29	38	41	46	48	50	53	55	58	
18	18
0	1	3	7	8	10	14	17	19	25	31	40	42	45	46	49	50	61	
17	17
0	1	3	8	10	14	20	22	24	28	29	31	42	44	46	49	50	
16	16
2	6	9	10	12	13	17	22	31	34	35	39	41	42	59	60	
19	18
0	9	10	11	13	17	18	22	25	26	27	28	32	36	41	44	51	79	
19	17
0	3	7	8	12	13	19	22	25	26	31	40	42	48	49	55	113	
16	16
1	3	5	7	8	9	10	20	29	32	35	38	41	42	49	55	
17	17
2	3	6	9	11	18	20	24	26	32	39	41	46	47	48	49	55	
18	16
2	3	4	7	20	22	23	28	29	36	44	45	47	48	61	113	
19	18
5	7	12	14	18	20	22	25	28	30	31	34	35	41	42	46	49	83	
17	16
2	3	4	6	7	10	13	28	29	34	35	36	42	49	55	79	
19	17
0	4	13	22	25	27	28	29	31	32	35	36	37	46	49	70	83	
18	17
2	5	10	12	13	19	20	25	26	32	46	49	50	52	60	61	83	
19	17
1	7	10	11	13	19	21	24	36	38	42	46	49	50	53	79	100	
19	18
2	3	7	19	24	25	28	29	35	36	39	40	44	50	55	57	61	95	
16	16
0	1	2	7	9	10	14	20	22	24	28	29	31	46	48	49	
17	17
1	2	4	7	8	9	14	22	25	27	31	36	44	45	47	55	59	
20	16
4	6	8	12	14	22	28	31	32	44	51	58	61	83	100	113	
20	18
2	7	9	10	11	13	19	20	25	32	34	38	41	45	46	49	57	113	
17	16
0	1	2	4	5	10	14	21	25	31	34	36	41	42	53	95	
19	17
0	2	3	4	6	17	20	21	25	28	32	40	48	50	58	83	95	
18	18
2	5	7	8	9	10	16	17	19	21	22	34	38	41	42	48	51	61	
18	16
2	3	6	8	10	12	18	20	22	28	36	42	46	47	79	81	
22	19
7	9	10	17	18	22	24	26	27	28	31	37	42	45	47	55	61	100	113	
21	18
5	10	11	16	20	21	23	25	28	29	31	35	45	50	51	59	70	113	
18	17
0	1	3	4	6	7	17	18	22	24	28	32	36	44	55	61	79	
16	16
0	2	3	5	10	12	16	19	22	25	34	35	36	40	49	50	
17	17
0	1	3	4	7	8	9	12	18	19	24	31	48	49	50	55	61	
18	17
6	11	12	14	16	20	24	25	27	28	30	34	37	42	44	48	95	
18	17
5	6	7	9	10	12	19	26	28	29	32	36	41	45	46	60	79	
18	17
1	6	8	10	18	22	23	26	35	36	38	41	44	45	47	49	81	
17	17
2	5	9	12	14	22	23	25	26	28	32	36	38	49	51	57	58	
18	16
1	5	6	8	10	14	22	25	29	35	38	49	52	55	79	83	
19	18
0	4	7	10	17	18	20	21	24	28	29	36	41	42	45	49	55	79	
18	17
2	5	6	7	9	12	13	19	22	29	31	34	36	45	60	61	70	
16	16
5	6	9	10	12	14	20	24	31	32	34	41	42	44	47	60	
21	19
0	1	3	5	7	8	9	17	26	28	31	40	48	51	53	55	58	59	113	
20	19
0	2	5	8	11	12	18	22	31	37	39	44	45	48	49	55	58	61	83	
18	18
3	6	7	10	13	20	21	22	24	26	27	28	29	41	46	57	59	61	
17	17
3	10	13	18	20	21	22	23	25	28	31	35	41	46	49	51	57	
18	18
1	2	4	14	19	22	28	31	32	40	41	45	46	49	51	53	55	59	
20	17
2	3	4	5	6	13	20	23	27	28	36	42	44	45	79	83	95	
20	16
5	13	17	28	29	32	35	39	46	47	48	49	50	79	83	113	
17	17
0	2	3	5	6	8	10	12	20	21	23	32	35	40	46	49	61	
17	17
2	3	6	9	11	12	13	21	29	34	40	41	44	49	51	60	61	
19	17
2	3	4	7	8	14	16	21	22	26	32	36	44	49	52	58	113	
18	18
1	5	9	12	13	14	18	19	21	25	34	36	38	42	44	47	49	51	
17	17
2	5	7	9	14	23	28	29	34	35	38	41	42	49	53	59	61	
19	19
1	2	7	8	14	18	19	24	31	32	34	37	38	42	44	45	48	49	61	
18	16
1	7	8	9	10	14	28	29	31	36	42	44	47	50	79	81	
21	16
1	4	10	11	14	28	31	32	38	46	47	50	70	79	83	113	
18	17
0	4	6	11	12	18	22	25	29	32	38	40	41	43	48	59	95	
18	18
0	1	7	8	10	11	13	20	26	28	31	36	40	42	45	46	49	61	
18	17
0	3	5	12	14	20	22	23	32	35	36	41	42	49	55	61	70	
19	18
1	2	3	5	7	10	16	18	22	26	28	32	38	44	45	58	61	79	
19	17
0	1	2	18	20	22	25	28	32	41	47	49	50	55	58	79	81	
16	16
1	6	7	9	12	14	28	29	32	36	45	46	49	55	58	60	
19	18
0	1	8	9	12	18	23	26	28	34	35	36	40	41	47	49	53	79	
18	18
9	11	12	14	16	19	22	23	24	28	38	41	42	44	47	49	50	60	
16	16
4	6	7	8	10	12	13	18	22	31	36	46	47	50	58	61	
19	17
2	4	6	11	19	26	31	32	37	45	46	49	57	58	61	79	95	
15	15
1	4	6	7	8	10	13	17	18	31	36	40	44	50	57	
18	16
0	4	6	12	13	14	18	19	22	32	41	42	46	47	61	113	
21	18
1	2	8	10	12	16	22	23	24	36	42	49	50	58	60	61	83	113	
17	16
2	4	12	14	17	19	20	22	25	34	36	44	48	50	51	83	
17	17
1	2	4	5	6	7	14	18	22	24	28	31	32	34	36	52	55	
20	17
2	3	7	9	11	20	34	35	42	44	47	48	49	53	59	79	113	
17	16
0	2	7	9	11	18	21	32	40	42	44	45	49	60	61	79	
18	18
2	3	5	6	10	13	18	22	23	28	29	31	41	44	45	49	50	61	
19	17
3	7	9	11	16	18	22	25	27	28	34	37	42	46	52	55	113	
19	18
0	2	3	4	5	6	10	12	17	19	21	29	31	48	52	60	61	79	
19	18
0	7	10	11	13	14	16	17	22	24	28	32	34	42	49	50	52	79	
17	16
0	3	7	8	10	12	14	21	28	29	34	36	42	46	50	79	
17	17
2	3	4	5	7	8	9	11	20	22	29	32	35	41	49	50	52	
18	18
1	2	6	8	11	14	18	19	22	25	27	28	36	40	44	45	55	60	
16	16
1	2	8	10	12	14	20	25	28	29	31	35	39	50	53	61	
17	17
0	3	4	7	8	10	12	27	29	31	35	36	37	40	47	55	58	
19	18
1	5	8	9	12	13	14	17	20	28	29	31	32	36	44	47	48	83	
17	16
9	12	13	14	18	19	22	24	28	36	37	40	42	44	46	83	
18	17
3	7	9	13	14	17	18	25	28	32	36	46	49	55	58	60	79	
19	18
7	12	14	19	26	28	29	31	32	34	37	44	46	49	52	55	61	83	
18	18
0	1	3	6	9	18	21	22	24	26	36	41	42	47	52	53	55	57	
15	15
5	6	12	13	14	20	24	28	29	31	34	41	44	58	60	
19	16
0	3	4	16	17	19	21	23	29	32	37	38	50	51	83	113	
18	18
5	7	9	12	13	14	17	20	25	26	28	32	35	36	41	42	49	53	
17	17
0	2	3	4	5	6	7	10	13	14	19	21	25	32	40	47	58	
18	16
2	5	8	10	12	14	17	18	22	24	32	37	48	49	51	113	
18	17
2	7	12	14	19	20	24	25	28	32	34	42	46	48	49	55	81	
20	18
2	6	13	20	25	27	31	32	36	41	42	45	46	47	49	58	61	113	
18	18
4	9	10	11	13	21	25	28	32	36	37	38	39	46	49	50	60	61	
17	17
0	6	11	14	29	36	40	41	44	46	47	49	50	55	57	58	60	
16	16
5	7	11	14	18	20	21	22	32	36	38	40	44	46	49	55	
19	17
0	2	9	11	12	16	18	20	21	24	31	44	47	50	51	70	79	
16	16
6	10	12	13	20	22	23	24	25	32	36	42	46	47	49	55	
17	17
5	6	7	9	13	16	20	21	22	29	31	35	40	44	47	50	59	
19	18
3	5	6	8	12	16	20	25	28	32	36	39	41	57	58	59	61	83	
20	19
3	4	6	7	9	12	14	21	24	25	32	34	37	49	50	55	57	58	83	
17	16
0	4	6	8	12	17	34	36	37	38	41	47	53	55	58	79	
21	20
0	8	9	12	14	17	23	24	26	28	29	44	46	47	49	55	58	59	60	86	
18	17
2	6	9	12	13	14	17	18	21	29	31	35	40	44	49	60	83	
18	18
0	1	5	6	10	11	13	18	22	23	32	36	37	39	41	48	49	60	
18	18
1	3	8	14	19	20	22	31	32	35	37	39	41	44	47	48	55	59	
19	17
0	5	10	11	14	20	24	27	36	37	42	45	53	59	60	79	81	
20	17
5	6	11	12	20	24	34	35	41	44	47	49	55	57	58	79	113	
21	19
1	2	5	6	8	11	13	14	26	27	28	36	37	41	44	46	49	81	83	
18	18
3	4	9	11	16	17	18	22	25	28	29	32	36	38	39	40	49	50	
21	19
2	4	6	9	10	11	17	18	20	22	23	25	29	35	38	44	59	70	83	
20	18
0	3	8	10	11	12	13	18	21	24	29	32	40	41	46	47	60	113	
16	15
1	3	4	6	12	20	25	26	28	29	36	38	44	47	79	
17	16
0	2	3	4	6	7	12	16	22	31	38	42	46	47	52	70	
17	17
1	4	6	10	12	13	22	24	31	35	38	46	47	55	58	60	61	
19	17
0	6	11	13	14	18	19	20	28	32	36	41	44	47	51	83	95	
18	18
1	2	7	10	11	17	19	20	21	27	32	34	36	40	41	42	44	49	
17	16
2	3	4	7	12	16	19	20	22	34	36	41	45	58	61	81	
18	17
5	8	9	11	17	22	27	29	31	32	39	41	46	55	58	61	79	
19	19
0	1	2	4	14	18	23	24	36	41	42	44	45	46	49	50	55	58	60	
19	17
1	6	8	11	13	14	18	20	22	24	25	26	30	50	55	70	83	
19	19
5	8	9	10	14	16	17	20	21	25	28	32	37	42	45	47	52	55	60	
19	18
0	1	13	14	21	25	27	31	39	40	42	46	49	53	55	58	59	70	
19	18
0	6	12	16	18	19	21	28	32	37	40	41	42	47	49	58	59	81	
18	18
1	2	5	9	10	12	14	24	25	28	31	34	38	40	44	49	50	52	
16	16
0	1	3	4	8	12	18	22	28	32	42	46	47	49	55	61	
20	19
4	5	6	20	22	24	25	29	32	35	41	44	46	48	49	50	58	59	79	
21	19
2	10	11	12	13	14	18	25	29	32	36	44	45	47	48	49	50	55	113	
17	17
5	6	10	13	14	17	18	24	26	28	29	34	36	46	47	50	53	
19	17
5	7	13	24	26	28	29	36	41	42	46	49	55	59	60	79	83	
19	18
4	6	8	11	19	21	29	32	34	36	41	42	44	46	49	55	58	95	
18	18
0	2	10	16	18	22	24	27	29	32	35	41	42	44	45	46	50	60	
20	17
4	6	10	12	13	23	24	31	32	34	38	41	50	51	60	79	113	
17	17
0	1	2	6	8	13	17	20	22	31	34	36	47	50	51	53	60	
17	16
1	2	3	8	10	20	27	29	35	39	41	42	49	55	61	79	
21	18
2	3	5	6	7	9	14	19	20	26	27	28	32	40	44	46	83	113	
19	18
1	2	6	8	10	17	18	21	24	32	34	36	39	41	44	46	47	79	
19	15
2	4	6	10	12	14	18	19	27	28	29	46	79	83	113	
17	17
2	5	6	7	10	12	17	18	22	30	31	42	44	46	47	55	60	
22	19
6	7	10	12	13	14	18	31	34	40	41	47	55	57	58	60	61	79	113	
16	15
1	2	6	10	11	12	20	24	35	36	38	45	46	49	79	
16	16
2	3	7	9	10	12	20	28	29	35	36	39	41	47	57	60	
19	17
2	4	6	10	13	20	31	34	35	39	41	45	49	51	60	79	81	
19	17
1	3	6	7	8	9	11	13	20	22	24	35	36	47	55	59	113	
19	18
2	4	6	9	18	21	23	26	28	31	34	36	42	44	45	47	61	79	
19	17
4	6	8	11	12	14	24	27	28	34	37	39	48	55	58	79	81	
16	16
1	2	3	4	7	10	18	20	22	28	36	39	41	44	45	49	
19	17
0	7	8	10	14	20	22	23	25	28	31	41	45	49	59	79	81	
19	16
3	5	12	13	18	25	26	28	29	31	34	36	46	50	79	113	
18	18
4	7	8	10	11	19	21	22	24	28	31	36	45	49	51	55	58	61	
18	18
2	4	5	7	8	12	13	18	20	21	24	29	31	38	40	45	50	51	
18	17
1	8	12	14	18	22	24	29	31	32	41	42	48	50	51	53	95	
20	19
2	6	8	9	10	17	19	21	24	25	26	32	42	46	49	51	59	60	83	
20	18
1	2	5	6	7	8	12	22	29	31	32	44	48	55	58	61	83	95	
17	16
0	3	4	6	12	18	19	22	32	34	37	42	44	45	57	79	
21	17
0	1	5	7	8	10	17	19	20	21	29	36	45	61	79	95	113	
21	18
5	6	8	24	25	29	31	36	39	40	41	44	46	49	50	61	83	113	
19	18
0	1	5	8	19	22	24	29	31	36	38	49	53	55	57	59	60	83	
19	18
0	2	4	6	7	9	13	14	16	18	21	24	28	29	31	47	50	95	
21	18
1	7	9	12	16	18	31	32	36	39	42	48	49	50	55	61	79	113	
16	16
2	3	4	8	11	12	13	22	24	28	29	31	32	35	48	53	
19	18
2	7	9	12	14	18	19	22	24	26	27	41	44	46	55	58	61	83	
17	17
3	4	5	7	10	12	18	24	26	29	31	41	44	46	49	50	55	
21	18
0	4	7	8	9	12	17	18	21	22	26	32	37	41	46	61	79	113	
18	17
2	10	12	14	17	25	26	28	31	32	35	36	42	47	48	55	79	
16	16
1	4	7	11	12	18	20	22	25	28	29	36	38	39	40	50	
18	17
5	8	9	12	13	14	20	27	29	32	44	46	47	48	49	58	70	
18	17
3	6	10	13	18	19	20	22	29	36	40	41	46	47	49	61	83	
20	19
0	1	2	4	7	10	14	22	26	29	34	36	39	44	45	49	51	61	79	
18	16
0	1	6	9	12	13	25	28	31	32	36	39	42	44	83	95	
19	18
0	1	7	17	19	20	26	28	29	32	36	39	40	46	47	48	58	70	
20	18
2	7	12	13	14	19	22	23	24	25	36	39	45	46	49	50	81	83	
21	19
1	3	7	9	10	18	19	29	31	37	45	46	47	48	50	53	60	83	95	
19	19
0	4	5	6	11	12	16	18	19	21	22	23	25	27	36	42	44	47	61	
17	16
0	1	2	7	8	10	14	22	26	28	31	35	39	46	60	81	
16	15
5	6	8	12	14	18	20	22	28	29	32	46	48	61	81	
23	19
1	6	12	14	16	17	22	23	24	26	34	37	38	40	44	49	79	83	113	
16	16
4	7	8	11	12	16	18	19	22	28	34	40	44	46	60	61	
21	18
3	13	20	25	31	32	34	35	36	41	42	44	45	49	50	60	81	113	
20	17
4	6	10	12	22	25	26	28	31	44	48	50	59	60	61	79	113	
17	17
2	3	5	6	8	12	20	21	24	25	32	36	38	41	44	52	55	
18	18
0	3	4	5	7	10	11	13	14	20	22	24	26	28	29	36	41	42	
19	17
0	4	12	13	14	18	22	24	28	29	32	41	44	45	47	49	113	
17	17
0	3	9	17	18	24	26	27	29	39	41	44	45	48	49	51	61	
19	16
1	11	12	14	18	19	28	29	32	44	47	49	50	58	83	113	
19	19
0	1	3	4	9	16	17	18	20	31	32	34	35	36	39	41	45	46	49	
18	17
1	5	9	12	14	17	23	25	28	31	32	36	41	47	53	55	83	
16	16
1	3	5	6	7	10	11	19	24	28	31	40	44	50	60	61	
20	18
5	6	9	11	19	26	27	28	32	37	39	41	45	49	58	60	79	83	
20	17
0	4	6	9	13	18	21	28	31	32	41	42	47	55	61	83	113	
18	17
0	1	2	5	7	11	12	17	31	35	38	44	48	51	52	57	83	
19	16
1	3	4	5	8	11	12	19	22	26	31	34	44	61	79	113	
17	16
0	3	4	6	8	10	12	13	19	22	24	25	31	42	47	79	
18	17
2	3	6	16	18	22	28	29	31	34	40	41	46	49	55	58	79	
19	18
0	3	5	6	12	13	14	22	28	31	32	34	35	36	45	47	61	81	
16	15
1	6	8	11	12	13	14	19	22	23	26	31	37	49	79	
20	19
0	2	4	8	12	13	14	25	28	29	31	34	46	48	51	53	55	60	79	
20	18
3	7	8	16	19	22	23	32	41	44	45	47	48	50	59	60	83	100	
16	15
0	4	5	7	12	18	20	21	22	29	32	36	38	46	100	
19	17
1	3	6	13	24	26	27	28	29	31	32	34	46	47	50	58	113	
19	18
5	7	12	14	17	22	26	28	31	32	41	45	48	51	55	58	59	79	
20	17
5	12	13	14	17	18	22	25	26	28	32	40	45	51	79	83	86	
20	17
6	7	8	10	12	16	28	31	36	41	42	46	47	59	61	79	113	
20	17
0	6	10	11	12	18	20	28	29	38	40	42	47	51	55	83	113	
17	17
2	3	4	6	10	16	20	22	25	27	34	35	37	42	45	48	59	
17	17
3	4	6	7	8	9	10	12	13	19	29	31	32	37	44	49	55	
16	16
8	10	12	14	16	22	24	27	28	29	32	34	46	47	49	53	
16	16
1	7	10	11	12	13	19	20	22	26	28	31	32	42	46	58	
20	18
0	1	4	7	8	13	19	22	28	36	40	46	48	50	53	55	60	113	
19	18
0	2	7	10	17	20	21	22	23	36	41	45	46	48	49	57	60	83	
18	18
2	3	5	8	9	12	18	20	21	22	23	25	35	36	42	47	60	61	
17	17
0	7	8	10	19	22	28	29	31	32	40	42	45	46	48	50	53	
19	18
1	4	7	8	10	20	22	34	36	39	47	48	49	50	51	59	60	79	
21	19
6	8	10	13	14	18	20	29	31	32	40	41	42	45	48	53	57	61	113	
18	16
1	2	5	7	8	10	18	20	28	31	36	45	49	50	61	113	
22	19
1	7	10	17	20	27	29	32	38	39	41	42	46	49	55	59	60	83	113	
19	18
0	2	3	6	9	10	12	16	18	19	31	34	36	40	42	55	61	79	
18	17
0	2	4	9	10	12	13	14	20	22	28	29	31	46	48	49	70	
18	17
0	1	5	7	13	18	24	26	31	32	44	46	49	50	51	57	79	
17	17
2	4	6	12	14	17	18	19	21	22	24	26	32	41	45	46	61	
18	17
2	3	9	10	14	18	19	20	27	28	39	41	47	49	50	51	79	
18	18
0	1	5	6	10	13	16	20	22	28	29	31	32	36	47	50	53	55	
20	18
2	3	6	7	12	14	16	19	20	24	25	28	32	41	48	52	83	95	
21	18
10	11	12	17	22	23	28	31	35	40	41	42	44	47	55	61	83	113	
18	18
0	5	9	12	14	16	20	21	24	29	31	41	49	50	53	55	58	61	
19	18
2	3	4	6	7	8	9	10	13	17	22	23	28	32	39	49	61	81	
19	18
1	4	5	7	9	10	14	17	19	21	28	29	36	44	50	59	60	79	
17	16
2	5	6	10	12	22	31	38	40	42	44	46	47	60	61	79	
19	18
0	2	4	5	6	7	8	14	20	28	29	31	47	48	53	58	59	79	
20	19
0	3	10	17	26	32	35	36	39	40	45	46	49	51	52	58	60	61	79	
19	18
0	1	3	5	6	18	26	35	36	40	41	42	44	45	49	60	61	81	
19	18
0	1	3	4	6	7	10	22	26	28	29	31	34	49	52	53	55	79	
19	17
3	4	7	9	12	14	17	19	25	27	28	43	47	55	58	79	83	
19	18
0	3	5	9	14	24	26	28	32	37	39	41	42	45	48	58	60	83	
17	16
0	1	6	13	18	20	21	23	29	36	39	42	44	49	55	79	
21	17
1	3	6	8	11	13	19	22	29	31	37	42	46	49	79	81	113	
19	17
1	4	5	6	7	9	11	28	29	32	35	36	38	49	51	79	86	
19	18
0	9	10	12	17	25	26	31	32	34	36	39	42	49	55	58	59	70	
19	16
4	6	12	18	26	29	37	38	41	46	47	55	61	79	81	95	
20	19
0	3	7	8	9	12	17	24	25	28	29	34	36	39	42	46	50	59	95	
18	17
1	5	7	9	12	13	14	18	21	27	29	34	41	42	57	60	86	
17	17
4	10	11	12	18	21	24	27	29	32	36	44	46	47	50	55	58	
16	16
0	3	9	12	22	25	26	28	32	34	42	47	49	55	60	61	
17	17
6	8	9	11	16	24	25	27	28	31	32	34	41	49	50	51	55	
21	20
1	5	7	8	10	13	18	19	23	24	27	28	29	31	36	41	42	46	49	95	
19	18
1	2	3	7	9	12	14	18	20	25	28	32	36	41	44	50	60	79	
17	17
0	5	6	10	13	14	20	21	22	24	31	32	41	44	45	49	50	
18	17
3	8	10	20	24	29	31	32	37	41	42	48	49	50	53	55	79	
18	18
0	6	7	8	9	10	17	18	26	28	29	31	36	42	44	46	59	60	
19	18
1	2	4	9	12	18	20	23	24	29	36	41	42	46	49	50	57	70	
21	18
0	1	4	7	8	10	13	14	19	24	25	29	32	35	41	51	79	113	
17	16
1	2	3	5	9	10	17	20	29	31	41	42	49	53	61	81	
17	17
4	9	11	12	14	18	22	24	25	26	28	34	39	41	44	58	61	
18	17
4	6	8	12	14	20	21	22	32	34	36	37	41	55	59	61	95	
19	17
11	12	14	18	27	31	32	38	40	41	42	44	45	47	48	49	113	
18	17
4	10	11	14	17	19	20	22	25	26	28	36	40	44	50	51	86	
18	16
6	7	14	18	19	22	28	31	44	46	49	51	55	61	79	83	
19	19
1	2	4	6	7	10	11	12	19	20	21	26	27	28	31	40	55	60	61	
20	18
0	7	12	14	20	22	24	28	32	35	42	48	49	55	57	59	61	113	
17	17
0	6	7	19	21	29	31	35	38	40	44	45	46	49	50	58	60	
18	18
1	3	6	8	9	18	20	21	22	25	32	40	41	44	46	49	50	55	
19	18
3	5	6	8	9	11	16	17	22	25	28	29	31	34	40	41	49	83	
18	17
4	10	12	13	18	19	22	24	31	41	44	45	48	49	52	61	83	
18	18
0	3	8	9	12	14	19	20	22	24	28	31	34	41	42	44	45	57	
22	18
6	7	8	10	12	14	20	22	28	31	40	41	49	55	57	79	81	113	
21	18
2	6	7	9	27	31	32	35	40	42	44	46	47	48	49	70	83	95	
17	17
0	2	3	7	10	20	24	26	28	29	32	35	41	47	55	57	60	
18	17
0	6	9	14	17	19	22	29	32	35	37	44	46	48	57	60	79	
18	17
2	5	6	7	12	13	14	17	20	32	35	37	49	50	51	61	81	
18	17
0	1	2	3	8	12	18	19	22	28	31	34	41	46	48	52	79	
18	17
2	4	7	8	9	10	12	17	18	21	24	32	41	45	55	58	81	
18	17
2	8	9	10	18	20	25	28	29	35	36	42	45	49	58	59	83	
19	17
1	8	12	13	16	18	24	31	32	36	39	42	44	45	49	60	113	
18	17
1	5	9	10	11	12	14	17	25	31	32	38	39	48	49	55	83	
19	18
4	12	13	18	22	24	25	29	32	37	39	40	44	45	48	49	58	100	
21	19
5	9	10	19	20	21	23	25	32	34	36	37	38	42	47	49	59	83	95	
18	18
3	8	10	19	20	25	28	29	31	32	37	40	41	42	48	49	50	55	
19	18
1	3	4	7	8	10	11	12	18	25	32	35	39	41	46	48	55	79	
19	17
5	6	7	9	12	17	18	22	26	29	32	39	44	58	61	81	83	
19	17
4	5	6	7	11	12	13	18	22	29	31	32	39	46	53	79	100	
18	17
0	1	4	11	18	20	24	31	34	36	42	44	49	50	52	57	81	
17	17
0	3	6	7	9	14	20	22	36	38	40	44	46	47	49	50	58	
18	17
0	1	3	4	7	13	14	18	19	28	29	32	46	49	51	53	79	
17	16
1	6	12	13	14	17	18	21	24	26	32	48	49	50	55	79	
20	18
0	5	11	14	16	18	23	24	26	31	32	39	40	42	46	49	50	113	
19	17
5	8	9	14	17	23	26	29	31	37	42	49	58	59	61	79	83	
17	16
6	9	11	12	14	18	24	28	34	37	39	41	49	55	58	79	
19	19
0	4	9	13	17	19	28	31	32	36	39	41	42	44	45	49	57	58	60	
19	17
6	8	9	14	22	24	26	27	28	31	36	42	45	53	59	81	95	
17	17
6	7	10	11	14	19	22	24	25	28	39	42	46	48	49	51	55	
16	16
3	4	6	7	11	12	13	18	22	34	36	40	45	46	50	61	
19	19
5	10	12	13	14	16	17	18	22	23	32	36	41	47	48	49	50	53	59	
18	18
1	2	10	12	16	20	24	26	29	31	35	41	46	47	48	50	55	57	
19	16
1	2	3	4	7	10	12	17	18	22	31	32	35	55	81	113	
21	18
6	17	23	28	29	31	34	35	40	41	42	45	46	48	53	58	83	113	
17	17
0	2	4	6	10	12	14	18	22	28	32	41	46	47	49	55	60	
17	17
0	2	3	4	5	6	11	22	25	29	32	37	44	46	49	55	58	
18	17
5	6	9	11	12	19	21	22	31	35	40	41	44	49	53	61	79	
20	18
2	3	4	6	7	21	22	24	28	32	35	41	44	49	50	57	60	113	
18	18
3	4	6	7	8	10	14	18	26	27	28	31	32	44	46	49	59	60	
18	17
1	5	6	7	14	18	20	23	25	28	31	32	37	42	57	60	79	
17	17
0	3	5	7	8	9	14	22	24	29	31	32	40	42	44	50	60	
19	16
2	7	14	16	22	24	28	31	32	39	45	55	58	79	81	83	
19	18
2	5	7	8	9	19	22	29	32	34	41	47	50	55	57	58	61	95	
19	16
6	7	10	13	14	20	28	31	32	35	36	49	55	60	79	113	
19	18
6	8	10	12	14	16	31	32	36	38	39	40	41	48	52	55	59	100	
19	17
0	1	3	11	12	18	22	28	29	32	36	39	47	50	52	55	113	
19	18
0	1	2	6	10	17	18	19	22	27	36	42	45	48	49	55	61	79	
18	17
3	6	8	10	16	19	20	28	29	31	34	36	41	42	45	61	79	
15	15
0	1	5	8	10	11	14	16	20	22	31	32	39	42	50	
21	17
0	1	3	4	17	21	34	36	42	44	46	47	49	59	79	83	113	
19	18
5	12	14	16	17	22	24	29	34	35	38	41	46	47	49	58	61	81	
20	17
0	6	8	9	11	12	14	29	32	35	36	39	40	45	49	79	113	
17	16
0	1	2	3	5	6	7	8	10	21	22	27	28	31	51	79	
20	18
3	4	7	8	17	18	22	32	36	42	44	45	50	52	57	58	79	95	
21	19
0	6	7	9	12	14	21	25	28	31	34	35	43	47	48	55	61	70	79	
19	18
0	6	7	8	12	14	18	27	28	29	31	40	41	44	46	51	61	79	
22	20
1	5	9	12	13	19	20	22	25	31	36	41	44	48	53	55	58	61	79	83	
17	16
6	7	8	9	10	17	18	25	26	31	37	42	45	47	57	79	
20	17
1	4	6	8	10	11	20	23	28	29	36	37	42	48	79	83	86	
18	17
3	5	8	11	14	19	22	29	31	32	35	42	46	49	50	58	79	
19	17
1	2	3	7	11	12	18	21	24	29	36	39	46	49	50	55	113	
17	16
1	2	4	5	12	14	17	20	21	26	31	35	42	49	50	79	
19	17
0	1	4	6	14	19	22	34	36	37	42	44	45	46	47	79	83	
20	17
2	5	8	11	12	13	16	24	25	28	30	44	46	49	60	70	113	
17	17
5	6	8	10	14	17	19	22	24	25	29	36	39	42	44	58	60	
19	16
0	5	6	11	13	14	21	24	28	29	43	46	50	58	70	113	
19	17
2	3	4	7	8	9	10	17	19	29	36	39	45	49	55	81	83	
15	15
1	6	8	9	11	12	14	20	26	31	35	36	38	40	58	
21	19
1	2	5	7	8	11	16	17	19	24	29	31	32	47	48	58	59	70	79	
19	18
1	3	5	6	7	9	12	16	21	25	28	36	40	47	48	57	61	81	
18	17
0	6	9	11	12	17	18	21	22	25	36	39	40	47	60	61	70	
23	19
5	6	7	10	19	22	25	28	31	32	46	47	49	53	55	61	81	100	113	
21	18
6	7	9	10	12	14	24	28	29	31	38	41	47	48	51	79	81	83	
17	17
0	4	6	8	9	17	18	25	29	35	36	41	44	47	49	50	55	
18	17
1	2	3	8	11	13	17	20	22	24	31	32	36	47	48	59	95	
19	18
5	9	11	12	17	20	25	28	29	31	39	41	47	53	58	59	60	79	
16	16
2	4	7	10	12	17	18	20	21	28	30	31	35	36	47	55	
18	17
4	11	12	14	18	19	22	29	34	41	42	46	47	51	57	58	70	
20	17
0	3	5	12	14	17	18	22	24	25	26	36	41	48	57	83	113	
17	16
1	2	3	4	8	11	12	14	18	19	21	22	44	47	48	81	
20	19
2	3	4	8	9	10	18	26	28	29	31	36	39	40	42	48	53	61	79	
18	17
1	6	7	8	9	11	14	18	24	26	31	32	44	47	49	61	83	
16	16
0	2	3	5	6	7	10	11	18	20	22	28	32	40	42	46	
17	16
0	2	3	4	6	10	12	14	22	24	29	30	32	46	61	95	
18	17
0	3	8	19	25	28	31	32	34	39	41	42	46	50	52	61	79	
19	18
1	2	4	5	10	11	13	22	24	27	28	29	31	32	36	46	59	79	
17	16
0	1	6	10	11	14	18	24	27	31	32	34	36	38	48	79	
18	17
4	9	12	14	17	18	21	22	26	28	30	31	36	42	57	61	83	
19	17
7	8	14	16	17	23	28	31	32	34	41	44	51	53	59	79	81	
19	17
0	2	3	5	13	14	16	20	22	28	32	35	41	42	48	79	83	
20	18
0	1	5	10	13	14	20	21	22	25	28	29	32	34	49	52	79	95	
16	16
0	6	10	13	19	20	24	31	32	34	36	41	46	47	49	50	
16	16
2	6	10	12	13	14	19	20	28	29	38	41	44	46	47	61	
20	19
0	4	5	7	8	9	12	13	18	21	25	28	31	32	34	35	44	61	83	
19	18
3	6	12	17	19	21	22	26	31	32	36	38	40	42	45	46	60	95	
17	16
2	7	8	11	14	18	19	26	28	31	32	36	40	60	61	79	
19	17
3	6	9	10	11	19	24	32	38	39	41	46	47	49	55	83	95	
19	17
0	1	6	7	9	11	18	24	28	31	44	45	49	59	61	83	95	
17	17
0	6	7	12	14	18	19	26	28	29	32	35	44	46	48	49	55	
18	17
0	2	3	6	9	11	18	21	28	32	39	45	51	52	60	61	79	
24	21
0	2	6	8	9	16	17	22	24	26	28	29	31	41	44	46	55	60	70	79	100	
18	17
0	2	3	4	6	9	10	21	22	23	26	28	31	40	52	61	83	
19	16
2	3	9	11	12	13	18	19	29	34	46	47	50	70	79	81	
19	19
0	1	7	8	9	17	20	21	26	28	29	32	36	37	40	44	46	48	50	
21	19
2	3	4	8	10	16	18	19	24	26	29	31	40	45	46	48	49	53	113	
19	17
1	2	4	10	12	17	23	24	29	31	34	36	41	42	44	58	113	
19	17
0	6	7	10	13	14	17	19	20	21	32	34	35	39	60	79	81	
20	19
1	2	4	5	8	10	11	14	25	31	35	36	41	47	53	57	58	61	79	
19	19
3	5	9	12	17	18	21	29	32	36	38	39	44	45	46	49	51	53	60	
16	16
7	8	11	12	14	22	27	32	36	40	44	46	47	49	55	59	
19	16
0	3	4	5	6	13	20	25	28	29	31	32	58	61	79	113	
18	18
5	6	8	14	18	29	34	38	39	41	44	46	48	49	50	55	59	61	
20	18
3	5	8	9	11	17	18	20	21	23	28	34	40	45	46	61	79	81	
17	17
0	4	5	6	14	22	25	27	32	35	36	38	41	46	47	48	49	
19	18
5	8	12	13	14	20	22	25	29	31	35	39	44	48	58	60	61	70	
18	18
1	6	7	9	11	12	14	26	32	38	42	44	46	48	49	57	59	60	
20	19
0	2	4	6	9	14	16	21	23	25	26	31	32	44	46	49	59	60	79	
18	18
0	1	2	3	6	9	12	16	18	19	25	28	35	36	41	45	47	60	
17	17
2	6	10	11	16	19	20	25	28	31	32	40	44	45	47	48	61	
16	16
2	6	12	14	20	22	25	28	29	36	39	44	47	49	55	60	
22	18
0	1	3	6	8	12	13	17	18	22	29	32	47	58	61	79	81	113	
17	16
3	8	12	14	18	19	20	22	35	38	42	46	47	49	58	81	
19	18
1	3	5	7	8	16	21	24	29	35	38	39	41	45	46	50	61	83	
17	17
1	2	3	9	10	13	25	27	28	32	39	46	48	49	55	59	61	
17	17
6	7	9	11	12	13	16	17	20	22	26	31	40	41	44	46	61	
19	17
2	4	13	14	16	20	24	28	29	31	36	42	44	45	47	70	83	
18	18
3	5	6	7	8	10	19	22	26	28	31	32	35	41	44	55	59	60	
19	18
0	3	5	8	14	21	22	28	29	31	32	34	44	49	58	60	61	95	
18	18
0	2	9	11	13	17	19	21	22	25	34	40	41	44	45	46	49	59	
19	17
5	6	7	9	12	17	19	27	31	32	35	36	40	41	46	49	113	
21	17
0	2	3	4	5	7	10	28	29	36	39	45	47	50	70	79	113	
17	17
2	3	6	7	8	16	17	18	22	31	41	42	44	45	46	58	61	
18	18
1	2	3	5	6	8	10	12	22	24	25	29	38	41	46	50	53	61	
19	18
3	4	9	20	22	24	26	27	29	36	39	41	42	43	46	47	55	83	
18	17
1	2	4	6	7	10	19	20	22	25	27	28	31	36	40	49	81	
20	18
0	3	9	10	21	27	30	34	35	36	41	42	45	53	57	60	79	83	
19	18
2	5	6	8	9	14	18	20	22	24	31	45	47	48	49	52	53	83	
18	18
0	2	3	5	7	10	12	13	16	18	20	24	29	31	46	50	55	58	
23	19
0	6	10	16	18	22	27	31	35	36	39	46	50	52	53	58	79	81	113	
18	17
6	8	9	11	19	29	31	32	35	37	40	42	44	45	47	49	83	
19	18
1	3	4	8	11	13	14	18	19	22	24	26	46	47	48	53	55	81	
18	18
1	2	3	7	8	10	13	17	28	31	32	35	40	42	45	50	53	59	
20	17
4	6	12	13	14	17	18	28	31	32	36	41	44	51	61	81	113	
20	18
0	6	9	18	21	24	25	26	30	31	41	42	49	53	58	61	79	83	
16	16
6	9	10	11	12	18	22	26	31	32	37	40	44	46	47	61	
17	17
1	6	8	10	12	13	22	26	29	34	35	36	40	46	49	50	60	
20	16
0	7	13	17	18	22	36	42	44	46	47	51	58	79	81	113	
16	16
8	9	12	14	17	19	20	21	23	28	29	32	45	46	48	57	
18	18
2	5	9	10	12	14	21	29	31	32	36	39	40	51	52	53	55	59	
17	17
1	6	7	9	11	12	14	19	22	24	31	34	39	41	55	58	60	
18	17
0	6	9	17	18	19	28	32	34	36	39	42	50	59	60	61	79	
18	16
1	7	10	12	20	24	26	31	34	36	44	47	55	60	61	113	
19	18
3	4	6	8	10	14	16	17	20	22	24	36	42	44	46	50	55	79	
21	17
1	8	10	12	23	31	41	49	50	53	55	60	61	79	81	95	100	
19	18
0	1	3	4	11	19	20	28	31	34	36	44	45	47	53	58	61	79	
19	17
3	7	10	13	18	19	20	26	29	31	36	46	47	49	57	61	113	
18	18
0	3	7	8	9	10	14	18	20	24	28	32	35	42	46	47	49	55	
18	17
1	7	9	12	13	14	18	20	21	24	31	44	45	47	49	53	79	
19	17
0	1	8	13	17	18	19	22	29	32	41	46	48	49	61	79	83	
20	18
3	5	6	7	11	18	20	22	26	32	42	48	49	51	55	61	79	95	
19	18
1	11	12	13	14	17	20	21	26	32	34	40	41	45	49	58	61	81	
17	16
3	4	7	10	18	20	26	29	35	41	44	47	48	55	57	100	
16	16
0	3	7	8	9	17	24	25	26	28	29	35	42	43	57	59	
18	17
0	3	4	8	9	14	17	18	22	27	29	31	44	49	51	61	70	
18	17
1	4	6	8	10	11	12	13	14	18	20	27	29	31	40	50	83	
17	17
0	2	9	10	13	14	20	22	24	26	28	29	32	35	37	46	49	
19	19
0	1	2	6	9	11	16	20	28	29	31	32	34	41	49	51	55	57	60	
19	18
3	4	8	10	12	17	18	24	28	36	41	48	49	53	55	57	59	79	
20	19
2	5	7	8	13	17	22	24	31	36	38	44	45	46	48	58	60	61	81	
18	17
6	11	17	19	20	25	26	28	29	31	39	40	44	49	50	59	95	
19	17
3	5	6	7	10	26	28	29	36	39	40	44	46	47	61	79	81	
19	18
0	1	2	12	17	19	22	25	26	28	29	31	34	37	39	42	61	79	
20	18
0	1	3	4	8	10	12	13	20	24	28	31	35	36	41	49	79	81	
17	17
3	6	7	8	10	12	13	14	20	22	32	40	41	44	50	53	60	
21	17
0	3	5	10	17	24	26	36	42	47	48	51	52	55	79	83	113	
19	18
1	3	5	6	9	10	13	18	22	26	28	32	34	41	48	51	61	79	
17	16
5	9	11	12	14	16	18	22	25	27	36	42	46	47	50	79	
18	17
1	2	4	7	8	10	11	14	24	26	28	32	36	39	43	59	79	
20	18
1	4	6	10	14	20	23	31	32	34	36	39	41	45	49	51	61	113	
18	16
1	4	6	10	11	18	34	36	38	40	41	42	45	46	70	95	
18	17
0	2	3	9	10	11	13	14	19	20	22	24	28	32	37	46	86	
16	16
3	4	7	8	18	19	22	38	44	46	47	48	49	50	58	61	
18	16
0	3	6	12	13	22	24	25	34	36	42	47	55	58	83	95	
19	18
0	1	3	9	10	12	21	25	28	31	37	39	40	41	47	51	61	83	
20	17
1	5	6	7	10	13	17	18	28	35	36	42	44	48	58	79	113	
17	17
2	5	8	9	10	13	14	22	28	32	35	41	44	46	48	49	59	
19	18
1	2	5	6	7	9	10	17	18	22	28	29	38	41	44	49	60	79	
19	17
3	4	6	8	9	13	14	20	28	29	31	32	36	48	49	79	83	
17	17
0	5	7	10	13	14	24	26	28	29	34	36	41	42	47	49	58	
19	18
1	6	7	9	10	12	17	22	28	29	31	32	35	45	46	60	61	95	
19	18
1	2	8	9	10	16	19	20	23	24	36	39	45	46	49	59	60	83	
23	18
0	1	7	8	9	12	29	32	35	42	48	49	58	61	70	83	100	113	
21	19
0	4	10	11	14	24	25	29	32	34	36	41	42	46	47	49	55	58	113	
18	16
0	2	3	4	7	12	14	22	29	30	31	36	37	46	83	100	
20	18
2	8	10	12	18	28	31	32	34	41	45	47	50	52	57	60	81	95	
18	17
7	10	14	17	18	19	26	27	28	37	44	47	48	50	55	58	79	
17	16
0	6	7	8	10	13	14	18	32	34	36	49	50	57	60	79	
17	17
6	9	10	11	14	18	19	20	22	31	41	44	45	46	48	49	61	
20	19
0	2	5	6	10	11	18	20	27	29	31	32	39	40	47	48	51	59	79	
23	19
1	5	10	11	13	18	20	28	29	32	44	45	52	53	58	61	83	100	113	
17	16
0	2	3	4	5	13	18	20	21	22	28	32	41	45	58	79	
16	16
1	2	3	6	9	13	17	28	36	40	44	45	46	49	59	61	
20	18
2	5	10	11	17	21	22	26	28	29	31	36	44	45	46	60	61	113	
19	18
1	2	9	10	11	18	19	28	31	35	36	38	39	44	45	47	50	79	
18	17
0	6	8	10	11	12	22	27	31	32	34	38	46	49	51	52	83	
19	17
2	5	7	10	14	16	19	20	22	25	29	32	46	47	49	79	95	
19	18
0	3	10	13	16	22	26	27	28	29	36	41	42	47	48	55	61	79	
19	16
0	3	5	13	19	22	24	25	28	29	36	47	49	53	83	113	
18	17
2	3	6	11	12	14	17	28	31	37	38	39	43	47	50	60	79	
20	18
2	6	7	8	10	13	18	21	22	29	31	36	42	44	49	53	79	83	
18	17
3	5	6	7	8	9	10	13	29	30	32	36	37	40	41	57	83	
21	17
1	5	8	10	11	13	14	29	35	41	45	49	57	61	79	95	113	
17	17
0	2	4	6	7	12	13	19	21	22	25	31	34	41	46	47	57	
18	18
0	7	9	14	16	18	19	22	23	29	31	38	47	48	49	50	58	60	
20	18
0	8	9	10	11	14	26	36	42	44	45	46	47	49	51	57	79	83	
20	18
5	6	7	9	10	11	12	20	22	28	31	32	40	41	49	55	61	113	
20	18
0	3	4	6	10	12	17	27	28	31	32	45	50	52	55	60	70	95	
20	19
0	3	6	13	14	16	20	21	22	25	28	31	40	41	47	49	58	59	83	
22	18
0	1	3	8	9	12	17	29	36	42	49	53	55	58	60	79	83	113	
22	18
2	11	12	13	17	19	28	29	31	34	41	46	58	60	61	83	95	113	
21	17
2	3	5	7	9	13	16	20	22	29	38	48	49	61	79	86	113	
20	19
6	12	18	19	25	26	31	38	40	41	42	44	47	48	55	58	59	60	79	
20	19
1	4	7	8	9	14	19	20	27	28	29	42	44	46	48	55	58	61	79	
16	16
0	1	4	6	7	10	20	24	29	31	34	36	37	46	47	58	
19	17
0	9	13	17	18	27	28	35	36	41	42	44	48	51	58	79	83	
17	17
0	2	8	10	13	18	20	29	31	35	36	40	42	45	49	50	60	
21	18
0	1	2	6	8	14	22	28	31	42	44	45	46	49	55	58	95	113	
22	19
0	1	2	5	7	9	11	14	17	20	31	32	34	41	47	52	60	70	113	
18	16
2	4	7	8	12	14	18	21	28	32	37	39	46	55	79	83	
18	17
0	1	2	3	6	7	8	14	25	31	35	36	39	46	49	53	79	
18	18
0	3	6	8	9	14	22	24	25	36	37	44	49	50	52	57	58	61	
18	17
0	2	3	4	12	16	18	19	21	28	32	37	47	49	50	58	79	
18	16
0	1	4	6	9	13	14	31	32	34	36	39	42	60	79	86	
18	17
0	1	4	6	9	12	13	18	24	25	28	32	41	45	51	52	86	
19	17
3	5	9	10	14	17	26	28	29	31	44	45	49	55	57	79	81	
19	18
1	5	7	9	11	12	14	18	21	24	25	32	37	38	39	42	60	83	
18	17
2	6	11	18	21	22	28	29	31	36	42	44	46	47	49	61	79	
17	17
0	5	6	8	9	11	14	18	28	32	34	40	44	46	50	55	61	
23	19
2	3	5	8	12	18	28	29	35	36	41	42	48	50	53	79	81	83	95	
18	18
0	1	4	5	6	7	10	12	13	14	17	21	29	31	32	47	50	59	
19	16
1	2	6	7	8	9	10	11	18	21	31	36	39	61	95	113	
15	15
0	1	5	7	8	11	14	18	26	28	30	42	46	52	53	
20	17
0	2	4	5	6	10	11	14	26	29	31	40	42	61	79	81	95	
18	17
0	2	7	10	11	22	25	29	31	32	44	45	46	49	50	59	79	
19	19
1	5	10	11	12	14	18	19	28	35	41	44	45	49	52	53	58	60	61	
19	18
1	4	5	6	8	13	14	17	18	28	32	41	46	48	49	51	61	79	
19	17
0	2	3	5	6	7	9	10	20	22	24	28	32	36	37	39	113	
18	18
3	6	14	17	20	21	22	26	28	31	32	36	39	42	47	49	50	59	
16	16
6	9	10	12	14	22	24	27	28	31	38	44	45	47	60	61	
20	18
1	3	8	9	10	13	14	18	19	36	45	47	48	49	55	57	79	95	
18	18
2	5	9	10	14	16	17	18	20	23	29	32	35	36	46	50	55	59	
18	17
2	4	7	8	19	22	23	25	29	34	36	44	47	48	50	58	95	
21	19
5	6	18	20	22	25	27	28	29	31	34	35	36	44	48	49	59	70	83	
20	17
0	3	4	7	8	9	10	12	20	22	26	29	32	35	61	79	113	
18	17
2	3	7	10	12	13	17	20	21	24	26	32	34	36	46	60	81	
20	18
5	7	8	10	14	18	29	35	36	38	46	49	50	55	59	61	79	83	
21	17
0	2	4	6	7	14	18	25	28	32	42	46	53	55	79	83	113	
19	18
1	4	7	9	10	18	26	28	29	34	36	38	41	49	50	55	61	79	
19	17
1	5	7	10	14	17	18	20	27	28	32	35	36	41	42	58	113	
18	18
1	7	12	13	14	18	20	24	31	45	46	47	49	50	55	58	60	61	
19	16
2	3	4	8	9	10	11	12	24	25	26	34	41	42	79	113	
19	18
0	7	10	11	13	14	19	22	29	31	40	42	45	46	49	60	61	79	
18	16
1	2	3	6	8	12	13	14	20	28	29	36	39	47	79	81	
20	18
2	6	8	10	13	16	17	22	31	36	41	44	46	47	50	60	61	113	
18	17
0	1	5	8	9	11	14	17	29	31	32	34	40	47	50	60	70	
21	18
1	2	5	9	11	12	20	22	28	29	37	49	53	55	58	70	79	83	
18	18
0	4	6	9	10	11	14	18	19	22	24	29	32	34	37	46	48	49	
17	17
2	4	5	9	13	18	28	29	34	35	36	41	44	45	49	55	58	
18	18
3	5	12	17	18	19	25	26	28	29	36	42	44	47	49	55	58	61	
21	19
0	6	10	11	19	20	22	23	25	29	35	37	39	40	48	55	61	83	95	
18	18
5	8	9	14	17	20	31	32	34	39	40	46	48	49	50	52	58	59	
19	18
1	4	7	8	12	13	18	22	24	31	32	36	39	46	48	57	59	79	
18	17
3	7	8	10	13	14	17	24	25	26	32	36	39	41	48	55	83	
21	18
0	5	6	12	14	18	28	29	31	41	42	44	52	58	59	60	95	113	
18	18
3	4	5	6	7	8	9	10	12	19	25	32	35	41	42	47	49	55	
19	18
3	5	7	11	12	14	26	29	31	36	37	38	40	41	48	51	57	95	
18	17
0	5	6	7	9	13	21	22	24	29	31	35	36	40	46	53	79	
19	18
3	4	7	11	13	17	20	22	26	31	32	35	46	48	50	58	59	79	
20	18
2	3	7	8	10	12	13	22	28	29	31	36	41	46	58	59	60	113	
21	17
3	6	7	8	9	19	28	31	32	46	47	49	50	55	79	81	113	
17	16
2	5	7	13	14	18	19	20	29	35	36	47	49	52	57	81	
18	17
3	5	6	8	9	12	20	21	24	28	29	36	41	44	50	61	79	
20	18
2	4	7	10	13	19	25	28	29	32	34	35	38	47	49	60	79	81	
19	18
0	3	5	6	8	10	17	18	24	27	32	39	41	42	45	50	55	83	
18	18
1	6	7	8	12	22	27	28	29	37	40	42	46	48	49	55	60	61	
18	17
1	2	6	13	17	18	20	28	36	42	44	46	47	49	50	58	83	
18	17
1	2	7	9	13	14	22	24	28	29	31	41	44	50	55	58	83	
19	17
0	5	9	13	16	18	24	26	27	32	34	45	49	50	58	79	83	
18	17
1	3	5	6	7	9	11	14	24	28	31	32	48	53	55	60	81	
20	18
4	13	18	20	21	28	32	36	38	40	41	44	45	49	50	58	79	81	
19	19
0	1	2	4	5	8	16	19	20	22	24	26	32	34	41	45	47	55	60	
18	18
0	2	5	14	17	19	21	22	25	31	32	34	40	41	43	44	57	58	
19	17
3	9	14	17	18	20	22	26	29	32	34	36	40	41	46	47	113	
19	17
3	4	6	9	17	26	28	31	34	38	41	45	53	55	58	79	81	
19	16
7	10	14	24	27	28	29	31	41	44	53	58	59	60	79	113	
18	17
2	3	4	10	12	18	20	29	36	45	46	50	51	52	55	60	83	
18	16
0	1	5	13	22	23	24	32	36	37	41	44	46	50	79	83	
21	17
0	1	12	13	18	22	24	31	42	44	46	50	52	58	79	83	113	
18	17
0	6	7	13	14	18	21	22	26	27	29	36	40	44	46	58	83	
18	16
8	9	11	12	14	17	18	22	25	29	41	45	53	61	79	83	
23	20
2	4	6	9	16	18	19	20	26	29	36	44	46	47	49	55	59	60	79	113	
18	16
0	1	5	7	9	10	17	32	35	38	46	49	51	60	83	86	
18	18
0	2	10	12	18	19	21	22	24	25	26	28	32	39	42	49	52	58	
18	17
1	5	7	8	14	18	22	24	27	31	32	36	44	49	50	59	79	
17	17
1	2	3	5	6	8	12	22	31	34	36	39	44	49	51	57	61	
19	19
3	6	7	9	13	17	20	24	26	29	35	36	38	44	46	47	57	59	61	
17	17
0	2	3	5	8	9	14	22	31	38	42	44	46	49	50	51	60	
18	17
2	3	8	9	11	14	16	17	19	24	25	34	39	47	48	49	79	
21	18
3	6	7	9	13	14	18	19	25	28	31	32	45	49	55	60	83	113	
19	18
0	5	7	8	10	11	14	19	22	26	27	28	29	31	42	46	60	79	
19	17
3	6	8	18	22	29	32	34	42	44	46	47	49	53	58	79	83	
20	18
5	7	12	16	19	21	25	29	36	39	40	41	46	53	55	59	79	86	
17	17
7	8	12	14	18	20	22	24	28	31	45	46	47	48	49	58	61	
19	18
3	5	6	10	11	20	22	26	29	32	36	38	41	45	46	49	57	95	
17	17
0	4	6	7	18	19	22	29	32	39	40	44	46	47	55	60	61	
17	16
3	4	6	7	8	11	12	18	22	34	36	37	40	46	55	95	
19	18
1	4	7	9	10	12	13	19	22	28	29	32	36	44	46	57	60	100	
18	18
2	5	7	9	10	24	28	29	31	34	35	38	46	47	50	58	59	60	
18	16
2	3	6	9	10	12	21	29	42	44	46	47	50	52	81	100	
20	18
0	1	2	4	16	17	18	20	24	26	28	31	32	35	50	53	79	83	
17	17
2	4	6	10	12	14	17	18	21	22	26	32	41	46	47	53	61	
18	16
0	3	5	8	11	14	17	22	28	34	37	40	58	59	70	79	
17	17
3	5	6	7	9	10	12	13	28	29	32	35	36	45	46	47	61	
20	18
2	5	6	8	12	14	17	22	25	28	31	42	44	48	49	50	60	113	
19	18
0	2	4	6	7	11	12	18	21	29	32	42	44	46	49	55	60	83	
18	18
3	6	9	10	14	18	22	27	28	32	36	40	41	44	45	47	50	52	
21	18
6	9	10	13	16	18	19	21	25	29	31	36	42	51	59	79	83	95	
19	18
2	5	6	8	10	12	14	17	19	21	24	26	32	41	44	48	61	79	
21	19
8	13	14	17	19	21	22	24	31	34	35	36	39	41	46	49	53	57	113	
19	18
2	3	7	8	13	14	17	21	24	31	32	38	39	45	46	51	58	83	
19	18
2	4	5	6	9	12	14	17	21	25	27	29	31	36	42	44	49	83	
20	18
1	2	5	12	19	22	25	28	29	32	36	46	55	57	60	61	79	83	
17	17
0	5	6	7	8	11	14	22	25	27	31	36	39	40	44	46	49	
19	19
4	5	8	9	10	12	17	20	22	28	29	32	34	36	45	46	47	49	57	
19	18
0	3	5	8	9	10	12	17	23	25	27	28	31	32	40	41	51	95	
17	17
0	2	3	7	9	10	20	21	22	25	28	31	38	39	42	49	51	
18	18
0	1	2	3	6	9	10	12	14	17	19	25	32	46	47	49	53	60	
17	17
3	5	6	7	8	10	16	18	19	25	26	29	32	40	44	50	53	
18	17
5	8	9	11	12	14	18	20	21	24	28	36	47	50	55	58	79	
18	16
0	1	6	8	10	13	14	17	20	24	28	31	49	50	79	81	
21	18
3	4	8	9	11	17	24	28	29	31	35	41	44	46	48	50	100	113	
19	18
1	6	11	14	20	22	26	28	29	32	34	36	44	45	49	55	60	79	
18	16
1	2	8	12	14	18	20	24	28	31	32	38	50	53	58	113	
17	16
0	2	7	8	14	20	28	29	31	32	36	45	55	58	60	79	
23	20
2	3	4	5	6	7	19	25	28	31	32	41	44	48	55	58	59	60	100	113	
18	17
0	4	7	18	19	20	26	27	28	31	32	36	37	40	47	61	95	
17	15
0	1	3	7	8	10	13	14	18	27	29	32	53	60	113	
17	17
2	3	5	7	10	11	13	20	27	28	29	31	36	37	44	49	50	
18	17
0	2	4	8	13	14	17	20	24	26	28	29	32	35	40	49	79	
17	17
2	3	4	6	10	12	20	22	28	29	31	32	39	44	45	55	61	
19	18
2	3	8	11	18	19	20	31	32	36	37	46	48	49	51	55	60	79	
22	20
0	1	2	4	10	11	12	13	19	20	22	25	28	43	46	49	55	58	79	95	
16	16
1	2	4	6	7	9	10	11	13	17	18	22	28	32	41	44	
18	17
1	3	6	14	20	22	24	27	31	35	37	42	44	47	48	57	79	
17	17
6	7	14	18	20	22	25	29	31	32	36	41	44	45	46	49	61	
18	17
3	8	10	12	13	19	34	36	39	40	41	42	45	58	59	60	79	
20	16
2	4	8	12	13	14	18	20	22	31	50	51	55	79	81	113	
21	18
1	3	5	6	8	10	14	22	24	28	31	37	41	48	60	61	70	113	
18	18
0	1	4	5	7	9	10	20	28	29	31	32	36	42	46	47	48	61	
20	16
3	7	8	14	17	23	28	36	48	49	52	58	59	79	83	113	
18	17
0	1	3	6	10	13	14	22	27	28	29	41	42	45	50	55	79	
20	18
1	2	3	4	9	10	19	22	25	27	28	29	42	45	46	57	70	83	
17	16
0	1	2	4	6	9	13	18	23	29	32	37	42	46	49	83	
20	19
0	6	9	10	18	22	25	27	32	36	39	41	44	46	48	53	57	58	83	
20	17
3	5	8	9	13	16	17	24	26	29	31	37	44	47	49	81	113	
19	18
3	5	7	12	13	20	21	22	24	31	36	38	39	46	49	55	61	83	
21	19
3	5	7	8	10	12	16	19	20	24	29	31	35	40	41	50	53	79	83	
23	18
5	6	7	12	14	17	18	23	29	38	41	44	55	58	70	83	95	113	
20	18
1	2	6	7	10	18	20	24	25	28	32	34	38	41	44	51	79	81	
18	17
0	2	7	10	14	17	19	20	32	36	39	45	46	48	55	60	79	
20	17
6	10	11	18	19	20	28	36	37	41	44	46	58	60	79	81	83	
19	17
0	4	6	8	11	12	17	22	24	25	27	29	32	36	49	52	113	
17	17
1	2	6	8	13	17	20	28	29	31	36	39	42	44	46	58	61	
18	16
1	6	8	9	10	11	14	18	20	25	31	32	42	61	79	95	
21	17
2	3	4	6	12	17	22	26	34	36	42	45	46	50	83	95	113	
20	17
7	8	9	14	20	25	29	31	35	37	48	49	55	61	79	81	83	
20	18
1	2	6	10	13	17	19	27	28	32	36	38	39	43	44	45	51	113	
19	18
1	6	9	10	12	13	16	19	21	26	36	40	42	46	48	58	61	79	
21	18
4	5	8	11	12	17	18	23	31	32	34	37	40	42	49	50	100	113	
19	18
5	6	7	9	13	18	20	22	24	27	28	29	38	41	49	59	61	79	
18	17
0	1	3	4	11	14	22	23	24	28	32	34	35	55	59	61	79	
23	20
6	7	8	9	10	11	12	13	14	19	22	26	32	36	47	50	55	60	79	113	
17	17
0	1	4	6	9	18	21	22	28	31	42	44	45	47	50	55	61	
21	18
1	5	9	13	18	20	26	29	32	34	36	38	46	51	55	70	79	81	
20	17
6	24	27	28	31	32	34	41	45	46	48	49	50	52	60	79	113	
19	17
4	7	8	14	17	19	27	32	36	37	38	44	48	57	58	61	113	
18	17
6	8	10	12	17	18	19	31	32	36	42	45	47	50	55	58	100	
19	18
4	10	12	13	20	26	29	31	34	40	41	42	46	48	49	50	61	83	
19	17
2	4	5	6	11	12	14	17	25	26	28	32	35	36	49	50	113	
16	16
2	4	8	12	14	18	21	23	28	32	37	40	41	46	50	58	
18	18
0	4	5	8	9	12	13	16	17	20	22	25	28	32	34	48	49	58	
21	19
1	3	4	5	8	11	27	28	34	39	40	41	44	45	47	55	60	83	95	
21	18
5	6	7	8	9	10	12	31	32	41	42	44	46	47	55	79	83	100	
17	17
2	3	4	6	10	12	13	17	25	29	31	34	44	45	58	60	61	
19	17
4	7	8	12	13	14	18	24	28	32	40	41	42	46	58	59	113	
18	17
2	3	4	6	7	8	9	18	27	29	31	35	41	44	47	49	83	
19	18
1	3	6	9	10	12	14	19	21	22	26	32	44	46	53	57	58	81	
17	17
5	8	10	12	13	14	20	22	25	29	31	32	42	44	45	60	61	
16	16
0	2	3	8	10	12	17	25	26	29	31	39	44	46	48	61	
16	16
1	2	6	7	10	11	12	17	19	29	31	39	41	46	59	60	
17	16
3	7	8	14	21	22	28	31	32	34	50	58	59	60	61	79	
22	19
3	4	6	8	9	10	22	24	27	28	29	31	32	34	45	50	61	100	113	
18	17
0	2	7	9	11	18	20	22	25	26	28	31	41	44	49	51	83	
20	18
2	3	4	6	7	11	13	14	20	23	28	29	30	34	40	60	81	83	
18	18
1	2	4	7	8	10	12	14	16	17	18	19	31	45	47	50	53	60	
16	16
5	6	9	10	13	23	28	32	35	37	46	47	48	49	52	61	
19	18
1	6	8	11	22	23	28	31	34	35	37	40	41	42	43	46	49	83	
17	16
1	2	4	6	7	8	12	13	20	31	37	41	49	58	60	83	
20	19
1	8	9	10	13	14	21	25	29	31	32	34	42	46	50	58	59	61	81	
19	17
2	3	4	6	7	14	16	28	36	42	44	46	47	52	53	79	83	
22	20
0	2	4	8	12	16	20	23	25	26	28	31	36	39	40	44	47	58	79	95	
21	18
0	4	10	13	21	23	24	28	30	31	39	42	44	45	46	49	83	113	
18	17
1	2	6	9	10	11	12	19	31	32	34	47	55	58	60	61	100	
19	18
0	3	5	6	9	12	14	17	18	21	22	27	31	42	50	59	60	83	
18	18
3	7	9	13	16	18	19	27	28	32	35	36	42	46	49	55	58	61	
20	17
3	4	8	11	14	16	20	28	31	34	40	42	46	49	57	79	113	
18	17
5	6	8	9	10	11	12	29	31	34	35	40	42	46	59	61	95	
21	19
2	5	6	12	17	18	21	25	36	46	47	48	49	50	55	58	61	79	100	
16	16
7	9	10	12	14	25	29	31	37	40	41	44	45	46	47	60	
20	19
1	4	5	9	10	12	13	24	36	38	44	45	47	48	49	58	60	61	79	
19	17
1	7	8	20	22	29	31	36	42	44	46	48	55	60	61	79	83	
19	18
0	8	10	11	22	24	26	27	28	29	31	41	42	44	46	53	60	79	
20	19
1	7	8	13	16	17	19	24	27	28	29	36	41	44	46	50	57	58	83	
16	16
2	3	4	6	7	11	13	16	25	26	28	31	32	34	50	61	
16	16
0	2	3	5	6	7	8	10	11	13	32	35	36	40	41	50	
18	16
1	2	5	6	10	12	21	26	36	44	45	49	50	58	79	95	
17	16
11	12	13	14	18	19	22	27	30	36	37	44	45	46	47	83	
18	18
0	3	7	9	12	13	14	17	18	21	22	31	34	35	44	45	55	59	
18	17
1	5	6	7	8	10	11	14	20	22	24	26	36	37	42	47	79	
17	16
0	3	4	6	8	9	10	17	21	23	25	26	31	42	61	79	
20	18
1	3	6	7	9	10	12	17	21	24	31	38	44	46	48	55	79	83	
20	18
1	2	4	8	12	14	18	21	22	28	32	38	42	46	49	50	81	95	
17	17
0	1	2	3	4	6	7	9	10	16	20	25	28	31	36	40	44	
17	17
1	2	6	13	21	28	36	41	42	44	46	47	49	50	55	58	61	
20	18
1	6	8	9	13	14	16	18	26	36	42	45	48	49	55	61	79	95	
17	16
6	7	8	10	18	22	25	28	31	36	42	44	47	49	55	79	
19	17
1	4	8	10	12	14	17	19	28	35	36	47	48	49	55	79	95	
19	17
5	9	23	28	35	36	37	39	41	44	45	46	49	55	57	79	83	
17	17
0	1	5	10	11	12	13	14	18	20	25	26	28	34	41	44	49	
21	18
1	3	10	13	14	16	18	19	20	22	31	35	41	46	50	51	83	113	
19	18
1	3	4	6	7	8	11	12	18	20	22	31	35	38	41	44	49	83	
18	18
1	2	5	7	8	10	11	12	14	19	20	24	28	29	35	36	46	55	
18	18
0	3	4	10	14	18	22	26	28	31	34	35	40	42	45	46	55	61	
19	18
3	9	11	12	22	24	25	29	32	39	41	42	45	46	50	57	58	95	
17	16
0	1	5	6	10	11	17	18	19	22	23	29	34	50	52	79	
19	17
5	6	7	8	13	18	22	31	35	36	37	44	49	59	61	79	83	
16	16
1	2	4	8	11	12	13	18	20	22	28	29	41	48	53	58	
19	18
14	17	19	22	24	31	32	34	37	44	45	46	47	48	49	55	58	95	
20	18
1	3	6	7	9	10	13	21	25	31	34	35	39	42	48	61	79	95	
16	16
0	2	4	6	7	11	12	19	20	22	28	29	31	40	41	45	
19	17
1	3	5	6	7	9	10	13	18	19	20	22	32	48	61	79	83	
17	16
0	3	5	7	14	16	19	22	27	28	32	46	48	49	52	81	
16	16
1	2	4	6	8	12	17	24	25	26	36	39	40	44	49	61	
19	18
5	9	10	12	16	19	22	23	26	32	35	40	42	46	47	49	61	79	
17	17
0	1	2	6	7	9	10	12	18	20	32	35	36	39	42	46	60	
22	19
0	5	10	22	25	26	28	29	31	36	40	41	45	46	53	59	60	95	113	
18	17
3	5	17	18	21	22	28	31	32	36	41	44	51	52	55	60	79	
20	17
3	4	7	11	17	21	26	28	34	36	42	44	45	55	58	79	113	
21	18
2	3	4	6	18	22	28	32	36	38	39	46	47	48	49	79	81	83	
17	16
0	1	3	6	8	10	11	14	19	20	31	36	44	45	61	79	
19	16
3	5	8	14	16	17	26	29	32	39	44	47	49	61	83	113	
18	17
2	8	9	12	18	20	21	22	28	31	32	35	40	46	50	53	79	
16	16
0	1	2	6	7	10	11	14	16	26	28	32	42	45	46	49	
18	18
0	1	7	9	10	13	17	20	21	24	25	36	41	45	46	49	50	55	
20	19
0	1	11	13	14	18	21	24	31	35	42	44	45	46	49	53	55	58	79	
20	18
4	5	12	14	18	24	25	27	28	29	36	38	39	46	47	50	79	81	
20	17
0	5	7	8	18	22	25	28	31	41	42	48	49	52	53	79	113	
18	16
3	5	8	13	22	29	31	32	36	39	45	49	50	61	79	95	
18	18
1	3	4	6	7	8	14	18	28	29	31	39	41	42	49	53	60	61	
19	16
3	5	6	10	17	20	21	22	32	40	41	44	49	61	79	113	
18	18
2	3	5	6	8	13	16	19	22	25	28	31	36	42	44	48	60	61	
18	18
3	4	5	9	12	14	27	29	30	36	40	42	44	46	47	49	50	51	
19	17
0	1	2	4	6	8	11	14	17	19	20	26	28	29	59	79	86	
19	17
3	6	9	14	20	22	29	32	35	36	41	42	45	46	49	53	113	
18	17
0	1	2	5	7	12	17	21	25	28	29	31	35	42	48	52	95	
20	18
6	7	14	26	32	34	38	39	40	41	44	45	49	59	60	61	83	95	
17	17
0	2	3	7	9	11	14	17	22	24	28	31	44	49	51	59	60	
20	17
1	3	5	10	22	24	25	29	31	32	38	40	45	46	49	95	113	
18	16
5	8	9	10	14	17	19	28	32	36	39	42	46	49	50	113	
18	16
1	2	6	8	9	19	20	25	32	42	45	49	58	61	83	95	
18	17
6	13	17	18	20	24	28	29	32	41	45	46	47	49	58	61	83	
16	16
2	4	6	7	9	11	16	28	32	35	36	40	44	46	49	60	
18	17
0	1	2	3	7	8	10	24	28	29	31	35	44	46	48	49	100	
19	17
5	6	7	11	13	17	18	20	34	35	37	39	48	49	61	79	81	
20	17
0	10	12	14	17	19	26	32	36	37	40	42	60	61	81	83	100	
21	17
6	11	14	19	24	28	31	32	39	42	46	47	53	58	79	83	113	
18	17
0	6	7	11	17	19	22	25	26	31	32	36	42	46	49	61	79	
18	17
3	4	8	11	12	14	20	22	36	37	46	47	51	58	59	61	70	
20	18
0	2	4	7	10	13	16	18	19	24	35	38	48	49	55	59	79	81	
21	17
2	3	5	6	7	9	11	16	17	20	22	31	41	57	81	95	113	
17	17
2	3	8	9	11	17	19	22	29	32	34	41	45	47	49	50	60	
18	18
5	6	9	10	12	14	18	22	23	26	28	31	32	38	44	46	49	55	
21	19
0	2	12	21	25	28	31	32	34	35	36	42	44	47	58	59	60	79	100	
21	18
2	3	4	9	10	12	13	19	25	27	41	44	46	58	61	79	83	95	
20	18
1	2	6	7	10	12	16	19	21	24	25	31	37	45	52	60	79	95	
17	16
0	1	2	3	4	10	20	21	28	34	37	38	42	46	50	83	
17	17
0	2	4	5	6	7	9	10	21	25	28	29	31	38	41	46	61	
17	17
1	5	6	7	11	12	14	17	18	21	22	36	39	42	46	47	55	
21	17
0	5	8	11	17	18	24	26	32	39	44	49	52	61	79	83	113	
17	17
0	3	6	12	13	14	16	20	21	22	25	28	32	49	55	58	59	
17	17
0	1	8	10	11	17	20	24	31	34	35	39	45	46	59	60	61	
20	17
2	3	4	7	9	11	18	23	24	28	32	34	36	45	55	83	113	
18	17
1	2	4	6	8	9	14	21	25	35	36	41	42	44	47	49	81	
22	19
7	8	10	19	22	24	28	32	34	38	41	48	50	53	59	61	79	95	100	
17	17
8	11	12	16	18	21	22	24	26	28	31	42	44	45	46	47	51	
19	17
0	3	4	5	9	17	18	23	27	31	32	36	44	45	48	49	113	
18	18
2	10	12	13	14	17	20	26	29	31	35	36	39	41	45	46	59	60	
19	17
8	9	12	14	17	19	20	22	28	31	36	40	42	44	46	47	113	
18	17
0	1	3	5	6	7	19	20	21	27	28	46	49	50	53	58	70	
22	20
1	5	7	10	13	17	18	28	31	32	35	39	46	53	55	59	60	61	79	81	
17	17
0	5	8	12	13	18	21	24	25	28	31	32	45	48	49	57	58	
20	18
0	1	8	10	16	19	22	29	32	39	42	44	45	46	51	60	83	95	
18	18
1	5	6	7	8	9	21	23	29	31	36	40	41	44	46	47	49	57	
21	18
12	17	18	19	20	21	22	25	29	32	36	39	41	42	61	79	81	83	
20	17
3	6	14	18	20	22	32	41	44	45	48	55	60	61	79	83	100	
18	17
2	3	5	7	8	21	28	29	32	35	39	41	44	46	49	50	83	
18	18
1	2	3	4	6	14	18	20	31	32	35	40	42	44	48	49	60	61	
18	18
3	4	8	10	12	14	18	21	22	26	28	29	31	32	43	45	48	52	
17	16
0	5	11	17	19	24	25	28	29	30	34	35	39	42	47	83	
18	17
1	2	7	8	10	14	18	20	29	36	37	42	44	45	49	57	79	
16	16
0	1	4	11	12	17	18	20	24	28	32	34	35	42	46	60	
20	19
0	2	3	6	7	8	14	19	26	29	32	35	40	44	49	50	51	55	79	
19	18
5	6	9	13	14	16	17	18	23	24	28	36	40	42	49	50	55	79	
18	18
4	5	11	12	17	19	20	21	26	29	31	32	37	40	47	49	50	55	
21	18
3	4	6	9	12	16	17	18	32	38	41	53	55	57	58	70	79	83	
18	18
2	7	9	11	14	20	22	27	31	35	40	46	49	50	53	55	58	59	
21	18
1	3	5	10	14	17	19	20	26	34	36	38	42	44	50	79	81	95	
18	16
2	4	5	6	12	22	25	31	36	40	44	47	48	50	83	95	
18	17
2	3	5	6	10	17	22	24	26	28	31	35	44	45	48	59	79	
19	17
0	3	7	12	20	25	28	29	36	42	44	46	55	57	60	79	83	
19	17
2	3	4	7	12	14	17	18	29	31	36	38	39	41	55	70	79	
19	17
2	5	6	12	14	18	32	44	47	49	50	51	57	58	61	81	95	
19	17
4	6	7	9	11	12	16	18	19	22	29	32	35	46	60	61	113	
17	16
2	4	6	11	14	22	24	26	28	31	32	35	46	50	59	79	
21	18
1	5	6	8	10	12	22	27	32	35	36	40	48	49	58	61	79	113	
18	16
1	4	7	8	16	25	32	34	37	45	48	52	55	58	70	83	
20	17
2	3	8	10	12	18	20	26	29	32	36	41	42	47	51	79	113	
18	16
2	3	12	14	20	27	28	29	31	44	50	58	59	60	79	81	
19	16
2	8	10	17	18	20	22	23	24	25	29	35	36	47	81	113	
20	18
1	2	7	8	10	12	14	17	19	25	27	38	48	49	52	58	59	113	
18	18
3	5	7	9	10	18	26	28	29	31	37	44	46	47	49	55	57	61	
17	17
2	3	8	19	21	22	23	28	31	36	42	44	45	49	53	55	61	
18	18
1	3	5	6	8	14	18	19	20	21	22	23	25	31	44	47	48	49	
18	17
0	2	6	10	12	13	20	21	24	25	28	29	32	46	49	58	83	
20	17
1	3	17	20	26	27	29	31	36	38	40	41	44	46	47	83	113	
21	19
4	6	8	19	20	26	28	29	32	41	42	45	46	48	50	57	58	70	83	
20	18
6	8	12	17	19	22	29	32	36	39	40	45	46	48	53	61	70	95	
21	19
2	3	5	7	8	10	18	25	28	29	32	36	44	45	46	49	50	59	113	
17	17
1	2	3	5	8	10	12	19	20	21	24	29	32	35	41	47	55	
19	17
3	5	6	8	17	18	22	23	28	32	34	41	45	46	58	79	83	
20	17
0	3	4	7	8	10	11	24	27	29	31	40	42	46	48	81	113	
20	18
0	2	8	10	12	13	14	17	18	25	26	32	39	46	47	60	70	79	
22	17
0	2	3	12	18	22	34	40	48	49	51	52	60	79	81	86	113	
18	18
0	2	6	14	18	20	28	29	31	39	41	45	47	51	53	55	58	60	
20	17
2	5	6	9	10	14	17	24	25	28	36	49	50	59	60	79	113	
17	17
1	4	7	9	10	12	19	20	28	29	31	32	36	37	39	45	60	
17	17
3	9	11	18	20	23	25	27	28	29	34	35	41	44	46	49	58	
18	18
0	1	11	19	24	28	34	35	38	39	42	44	46	50	55	58	59	60	
18	17
0	2	7	9	12	14	18	22	28	32	35	40	41	42	46	49	79	
19	18
0	1	3	5	13	16	22	23	24	31	41	42	46	47	50	58	61	83	
18	17
2	4	6	8	11	20	22	28	29	31	32	35	41	45	46	58	79	
18	16
1	2	5	7	12	17	19	28	29	31	55	58	60	61	79	83	
18	16
1	3	4	6	7	8	11	12	13	17	36	38	41	42	79	100	
21	17
0	1	4	7	10	14	18	25	27	28	35	36	46	53	81	83	113	
18	17
5	6	7	8	9	10	21	23	27	29	31	40	44	45	46	51	83	
17	17
3	4	8	10	12	13	18	21	22	28	32	41	46	48	49	53	57	
19	18
1	4	6	12	14	16	17	20	21	22	24	29	36	37	46	48	55	83	
21	19
3	8	9	14	16	17	18	19	21	22	26	38	41	42	51	55	58	70	83	
19	16
1	4	6	12	14	22	27	28	36	42	44	47	49	50	79	113	
15	15
1	2	3	6	9	10	12	13	14	21	22	36	44	46	59	
21	18
3	4	7	8	17	18	21	31	35	36	37	39	44	49	55	57	79	113	
18	17
2	3	6	9	12	14	22	24	32	39	46	48	53	55	57	58	83	
22	18
2	6	10	12	14	18	19	26	27	35	39	41	46	47	58	79	83	113	
17	16
1	2	3	4	5	11	20	22	25	28	29	36	42	44	46	83	
19	18
1	2	4	7	12	14	18	19	20	24	27	29	41	44	50	51	61	70	
17	16
2	3	4	7	10	20	21	22	23	24	29	34	36	40	46	81	
17	17
2	3	5	9	11	12	19	29	34	35	36	39	44	46	47	49	50	
16	16
6	7	9	14	26	28	29	31	32	35	42	44	45	46	49	50	
17	17
2	7	10	13	14	18	20	29	31	34	40	45	49	50	51	58	61	
18	17
0	8	9	13	17	18	21	22	31	32	37	41	44	47	49	55	81	
19	18
2	5	10	16	19	20	26	27	28	29	32	42	45	46	51	58	61	83	
19	16
3	5	7	9	10	20	29	32	35	41	46	49	51	58	83	113	
21	19
2	6	7	8	9	10	17	19	22	25	27	38	41	42	47	57	59	61	113	
18	18
1	3	7	10	13	18	20	25	26	36	39	42	44	47	48	50	57	60	
17	15
0	1	3	5	12	17	22	34	35	38	42	48	50	79	83	
18	16
0	1	3	5	10	11	17	21	22	28	29	34	35	41	79	83	
17	17
4	6	8	9	11	14	23	25	28	32	35	38	41	44	46	47	49	
23	19
0	1	5	9	14	17	20	22	26	31	34	40	49	50	60	61	79	81	113	
20	18
1	3	10	11	14	17	20	22	26	28	31	32	38	50	58	59	79	81	
16	15
3	4	11	12	14	18	22	28	29	31	36	41	46	61	79	
19	18
1	10	13	17	24	25	28	29	31	32	36	44	45	46	49	55	61	83	
19	18
0	2	4	7	8	14	18	25	28	32	36	40	48	49	50	53	58	95	
17	15
0	7	10	13	14	18	27	29	42	44	46	49	50	79	83	
19	18
5	6	9	12	14	22	25	26	29	31	35	41	44	49	53	57	61	70	
20	19
6	7	8	9	14	19	20	21	24	25	26	29	35	36	38	42	46	53	95	
19	19
3	5	7	12	14	17	18	24	25	28	32	34	35	41	44	48	49	55	58	
16	16
0	2	5	6	9	14	19	28	29	31	34	36	53	55	60	61	
20	17
2	4	5	10	12	19	20	21	32	34	41	49	53	60	81	95	100	
18	16
6	9	11	19	24	26	27	28	31	32	35	46	49	53	58	113	
17	16
0	2	4	12	18	20	22	25	29	38	44	46	48	49	61	83	
20	18
0	3	13	20	26	28	29	31	34	36	37	42	44	45	47	49	79	95	
21	18
6	7	12	14	17	21	22	26	29	31	32	34	36	42	46	61	83	113	
17	16
0	2	6	10	12	14	20	32	34	44	46	47	48	49	57	95	
23	19
2	5	7	8	10	11	18	26	29	40	42	44	47	50	58	61	79	81	113	
21	18
2	8	12	14	20	26	32	35	39	40	41	42	49	53	55	60	79	113	
