1000 
44	31
0	3	4	7	8	12	15	17	18	19	30	33	34	38	40	41	47	49	51	56	58	61	66	67	70	71	84	104	106	107	117	
48	32
0	3	7	8	12	18	19	28	31	35	36	37	43	46	47	49	52	54	55	60	61	67	68	71	84	86	91	96	103	104	107	130	
39	29
1	4	6	7	12	13	14	15	18	27	28	30	31	33	34	35	41	43	51	54	55	59	60	68	71	73	76	106	107	
37	31
1	2	3	6	7	8	11	12	14	15	19	20	21	22	27	28	32	33	35	36	37	40	41	43	52	58	61	66	67	68	107	
40	30
0	1	2	3	4	6	9	11	12	13	15	19	20	22	27	28	29	32	34	37	52	57	58	59	67	70	71	76	106	110	
39	33
1	2	3	5	6	7	8	10	12	13	17	20	21	23	26	28	30	32	34	35	37	38	40	43	45	47	52	60	61	84	86	106	107	
44	32
1	2	8	10	11	12	14	17	18	20	25	28	30	32	33	35	36	38	40	45	46	49	55	58	66	73	74	76	89	107	108	118	
41	33
1	2	3	4	8	10	15	17	18	19	20	23	25	27	31	33	35	37	38	39	41	42	46	47	51	52	58	60	66	76	86	107	130	
39	30
1	2	4	7	8	10	11	12	13	19	21	22	23	27	28	32	34	37	38	43	46	68	70	74	76	86	103	104	106	107	
43	30
1	7	8	9	10	11	19	20	21	23	25	26	28	35	37	39	40	43	54	58	59	61	66	76	79	86	89	96	107	117	
37	30
3	4	8	10	11	12	15	17	18	19	20	23	25	26	32	36	38	41	42	43	47	49	50	60	67	68	73	74	76	84	
41	29
1	3	7	9	15	20	23	28	29	31	36	40	42	43	46	47	52	55	56	58	66	67	71	73	74	76	79	89	103	
43	33
0	3	4	7	12	13	14	15	17	18	19	21	28	31	34	35	39	42	43	46	47	50	51	54	55	67	70	71	74	86	89	106	107	
44	30
1	3	5	7	9	13	14	18	23	26	28	30	33	35	36	42	43	46	54	55	66	68	76	79	86	89	103	104	108	112	
44	31
3	6	7	10	13	14	15	17	19	20	21	22	23	25	29	32	37	43	51	55	58	61	68	71	76	79	89	103	106	107	117	
46	31
1	6	8	10	12	13	14	21	25	35	36	37	41	43	45	50	52	54	55	58	59	60	67	71	73	74	86	89	106	107	112	
36	29
0	1	2	3	5	6	8	9	14	15	17	18	20	21	28	32	35	37	42	43	49	50	54	61	66	70	91	96	106	
39	29
1	3	4	13	18	19	20	23	27	28	31	33	34	37	42	46	47	49	51	54	56	59	68	70	74	76	86	103	106	
41	30
7	10	11	12	17	18	19	21	22	26	32	33	34	36	37	38	42	43	49	52	55	56	59	60	70	74	86	106	107	112	
46	31
1	2	5	6	7	12	19	21	26	28	30	31	32	33	34	36	37	43	47	55	59	61	67	70	76	79	96	107	108	112	118	
45	30
3	4	5	6	8	14	18	20	23	30	31	35	37	38	41	47	51	56	58	61	66	67	68	70	71	76	86	104	118	130	
38	29
0	1	2	3	8	9	10	12	14	18	20	23	28	30	34	37	38	39	42	45	54	55	60	70	74	76	79	89	96	
44	31
4	7	8	10	12	13	15	17	19	23	27	28	30	36	38	39	41	43	51	56	58	60	66	67	68	71	74	84	86	103	112	
39	32
0	1	4	6	7	8	10	11	13	17	19	20	22	27	34	36	39	40	41	42	45	46	47	49	51	58	68	70	74	84	89	106	
42	28
0	1	4	6	7	8	10	18	20	21	23	24	25	26	28	35	41	55	59	60	68	73	76	103	104	112	118	130	
41	32
3	7	8	10	11	12	13	14	15	18	19	20	21	23	27	32	35	37	38	46	49	51	52	55	60	61	67	70	86	96	104	106	
47	32
0	3	5	6	10	12	14	15	18	28	31	32	33	34	35	37	38	41	42	51	54	59	61	66	74	89	103	104	106	112	117	118	
43	31
1	5	10	11	13	18	20	25	28	31	33	34	35	36	37	40	42	43	46	51	54	55	56	66	67	70	73	76	89	107	112	
42	28
2	5	10	12	14	15	20	21	23	27	30	31	34	36	39	49	55	56	58	59	61	67	71	89	106	107	112	118	
39	30
0	1	2	3	4	8	12	14	17	19	20	21	22	23	27	28	29	30	33	38	43	57	59	60	66	67	71	73	106	107	
44	31
1	2	4	7	14	19	21	23	26	28	29	30	31	32	33	34	36	37	43	52	55	56	60	71	73	89	103	104	107	112	118	
42	30
1	2	4	7	11	12	13	14	17	19	20	25	26	32	33	35	37	41	42	51	55	58	66	70	71	76	89	106	117	130	
45	33
0	1	3	4	10	15	18	23	27	28	30	32	34	35	36	37	38	42	45	47	49	50	52	54	56	61	67	70	73	89	106	110	130	
43	35
0	2	4	6	8	9	10	12	13	19	20	21	22	23	26	31	32	35	36	39	40	43	46	47	50	51	52	58	59	60	74	76	79	82	86	
38	29
0	2	3	4	6	9	10	15	17	19	20	27	28	32	34	38	43	47	49	50	52	54	59	60	79	91	96	106	118	
39	31
0	1	2	4	5	11	14	17	18	19	21	27	28	30	32	34	35	38	42	43	46	49	52	56	66	74	76	84	91	103	107	
38	28
1	2	4	6	8	12	13	18	22	28	29	31	33	34	35	36	43	51	54	55	59	66	67	70	74	82	103	107	
38	30
5	7	8	10	11	12	14	17	18	19	21	22	27	28	34	35	36	38	40	43	46	49	55	58	66	67	73	74	106	107	
39	31
4	7	8	10	12	14	17	20	21	23	25	26	31	33	35	36	38	41	42	43	46	49	51	60	61	66	71	74	86	96	106	
42	32
3	6	8	12	13	17	19	21	23	26	30	31	33	34	35	37	38	39	41	45	47	49	58	59	60	61	66	68	70	86	89	107	
43	32
3	6	10	12	13	14	18	20	21	22	23	26	28	30	32	34	35	37	38	39	43	49	50	55	56	61	73	86	106	107	117	118	
40	30
1	6	7	8	10	13	15	18	22	26	27	28	29	33	35	36	39	40	42	47	51	54	55	60	70	73	96	104	107	130	
43	32
1	2	4	6	7	10	13	14	18	20	27	28	30	32	34	35	37	38	41	43	46	51	54	55	56	61	67	70	76	79	89	117	
43	31
3	4	7	9	11	14	20	26	30	31	33	35	37	39	40	41	42	46	50	52	54	55	58	61	67	68	70	76	86	96	108	
47	32
1	3	6	7	10	15	17	19	23	25	28	31	34	38	39	41	43	46	51	58	60	61	66	67	68	76	79	89	104	107	117	118	
41	31
0	1	2	3	5	11	12	13	17	18	20	25	31	35	37	40	41	42	43	51	52	54	55	56	58	67	70	71	76	91	106	
40	29
0	1	3	7	8	12	14	17	18	19	27	31	33	34	35	38	39	49	51	55	56	58	59	67	68	70	76	91	130	
45	30
1	2	3	5	8	14	18	19	20	21	34	35	37	46	49	51	55	56	57	58	61	66	68	70	73	74	84	89	106	108	
44	31
3	5	6	7	10	13	17	21	22	23	24	26	28	31	34	37	38	40	42	49	54	55	68	73	76	79	89	103	106	108	130	
42	31
3	5	7	8	12	13	14	17	18	21	28	31	34	36	40	43	45	46	47	49	52	55	58	67	70	71	79	89	103	107	112	
41	31
1	7	10	12	20	21	23	25	27	28	30	31	32	33	34	35	36	37	43	47	52	55	56	60	61	67	70	71	74	76	86	
45	32
1	2	3	4	7	8	12	13	14	19	20	22	28	29	33	34	38	41	43	46	49	51	54	59	66	70	71	89	107	117	118	130	
43	30
2	3	7	8	13	19	20	22	23	28	30	34	35	37	38	42	43	50	52	61	67	70	71	73	76	84	86	107	117	130	
42	29
0	3	5	8	10	17	23	25	31	36	37	38	41	42	46	47	49	59	60	61	66	68	70	71	76	86	103	106	130	
39	31
0	1	3	4	11	12	14	15	17	18	30	32	33	34	35	37	38	40	41	42	43	46	51	54	55	56	59	60	66	67	68	
41	29
0	2	3	5	6	7	15	17	19	20	23	25	28	30	32	37	41	42	50	60	68	79	89	96	103	104	107	112	118	
39	30
3	4	5	7	8	10	13	19	20	21	23	28	31	33	35	37	42	43	49	50	52	56	58	60	67	71	73	74	76	86	
42	30
1	13	17	18	19	21	22	23	26	27	28	29	30	31	33	35	36	40	42	43	55	66	67	73	76	103	106	107	117	130	
43	33
1	3	7	8	10	12	14	19	20	21	22	27	28	34	37	38	39	40	42	43	45	46	47	50	51	56	61	68	73	79	86	117	118	
42	31
0	1	2	4	7	8	10	11	20	22	26	33	34	35	37	38	41	43	46	47	50	54	55	56	61	68	79	86	103	107	110	
38	29
2	3	4	5	6	8	10	11	15	18	20	21	22	30	31	34	36	38	42	47	51	54	55	67	74	79	86	106	117	
38	28
5	6	7	8	12	13	14	17	20	21	23	26	30	32	33	36	40	49	50	55	58	61	66	68	73	74	76	112	
41	30
1	6	7	8	10	12	13	17	19	20	21	26	27	28	31	36	39	40	42	47	54	59	60	71	74	76	84	96	107	112	
41	32
0	1	4	5	7	9	11	15	17	19	22	23	25	26	31	33	34	35	36	37	40	41	46	51	55	61	66	67	86	96	106	112	
46	32
0	1	3	4	6	7	8	10	12	19	22	23	26	34	37	41	49	51	52	54	55	58	61	70	71	73	76	79	89	104	107	117	
40	28
3	4	7	9	10	11	12	13	17	20	22	26	27	30	33	36	42	52	54	55	58	68	73	76	84	86	108	118	
43	33
0	1	3	4	7	8	9	10	11	13	23	29	32	33	34	35	36	38	42	43	46	50	51	54	61	68	70	71	86	89	91	103	106	
46	32
0	1	2	3	5	7	8	9	11	14	22	25	31	32	33	37	41	51	52	54	58	61	67	68	70	73	86	91	96	103	106	117	
44	30
1	12	17	19	21	26	27	28	30	34	37	38	40	42	43	46	49	52	54	56	59	60	71	73	84	86	91	106	117	130	
43	32
1	2	3	4	5	7	8	9	14	17	19	20	23	28	33	38	39	42	43	46	47	58	68	71	73	76	79	84	89	104	106	107	
45	33
2	4	6	7	8	11	12	17	19	21	23	27	30	31	36	38	41	42	43	47	52	58	59	60	61	66	68	71	73	74	84	89	107	
37	30
0	5	6	8	10	11	13	14	18	19	20	21	25	26	27	28	32	34	37	42	46	49	50	57	60	68	76	84	89	96	
42	30
0	1	3	4	5	10	11	12	13	18	20	30	33	38	41	42	43	47	54	56	61	67	68	70	76	79	86	104	106	107	
41	28
0	1	2	5	10	12	17	18	19	21	26	29	32	33	36	43	46	52	55	56	60	73	86	91	103	108	110	130	
44	32
0	5	6	7	8	10	12	17	21	22	26	27	31	34	35	37	38	41	45	47	51	55	60	61	67	68	70	73	89	96	106	118	
40	28
0	2	4	10	11	15	18	22	28	31	33	34	35	39	42	47	49	54	55	57	58	60	61	67	73	104	107	130	
35	28
1	2	3	4	8	10	11	18	20	26	28	32	33	35	37	38	40	42	43	47	49	51	54	61	70	86	104	117	
41	31
3	6	7	8	9	10	14	17	18	21	22	23	28	30	35	36	38	43	46	50	51	52	60	61	67	68	74	76	89	106	118	
40	30
0	2	6	9	10	11	15	18	19	20	21	25	27	28	34	37	40	42	43	46	47	58	61	67	68	73	76	79	86	117	
45	33
1	2	3	6	7	8	13	19	20	23	28	30	31	32	33	36	41	43	45	46	47	49	54	67	68	73	76	89	103	104	106	107	117	
42	32
0	3	4	7	9	11	13	15	17	18	20	31	33	34	40	41	42	43	46	47	49	51	55	56	57	66	67	76	86	96	103	106	
40	31
1	2	7	10	12	13	14	17	19	20	23	26	27	28	30	36	38	39	40	42	43	45	51	54	59	66	71	74	79	103	112	
37	29
0	2	3	4	6	10	13	15	18	19	20	22	26	28	31	32	34	37	38	40	42	51	54	55	66	67	79	89	117	
40	29
1	2	13	15	18	19	20	21	22	23	25	26	27	33	35	36	40	42	43	55	66	67	68	73	103	104	106	107	117	
41	31
1	6	7	11	12	14	17	18	19	21	25	28	30	33	34	35	38	47	50	51	52	56	58	66	67	68	76	89	104	106	107	
45	31
1	4	5	7	10	12	13	17	23	27	30	31	35	36	37	40	43	55	56	58	59	60	61	68	70	84	86	89	103	106	107	
39	30
0	1	3	5	6	9	10	12	14	19	21	22	26	31	32	33	34	36	37	38	41	54	55	59	60	66	67	68	73	107	
45	33
0	3	7	8	9	12	14	15	20	21	22	34	37	38	41	42	43	45	46	47	51	52	55	56	61	71	74	86	89	103	104	106	130	
39	30
0	1	6	7	9	12	15	17	21	26	30	31	32	33	34	36	41	43	45	46	47	56	61	67	68	73	74	104	106	107	
45	32
0	1	2	5	8	10	17	18	19	23	26	27	28	30	32	35	38	40	49	50	59	60	66	73	74	76	79	84	91	103	106	118	
42	30
2	5	7	8	12	13	14	15	21	23	27	28	31	34	36	39	42	45	46	50	54	55	58	67	70	71	74	107	117	118	
45	33
1	4	7	8	13	14	17	20	24	29	30	32	33	34	35	38	41	43	46	47	52	55	56	57	58	67	68	74	79	89	96	104	107	
47	31
0	1	4	7	8	10	17	18	20	23	24	29	33	35	37	43	46	51	56	60	61	71	74	76	86	96	103	106	108	112	118	
48	32
2	10	12	14	15	18	26	27	28	33	35	40	42	43	46	50	51	52	55	58	61	67	71	73	74	84	91	96	103	107	112	117	
43	33
2	4	5	7	8	9	10	11	14	18	20	21	23	26	28	29	31	32	37	39	41	42	46	47	50	51	58	59	61	107	112	118	130	
39	31
2	3	4	7	11	13	14	15	18	19	20	21	25	27	31	34	35	37	39	41	42	49	50	51	54	68	70	76	103	106	112	
41	31
0	1	4	7	8	10	11	13	14	15	17	20	30	31	32	35	36	41	42	46	50	56	59	61	66	67	68	74	84	89	107	
44	31
1	2	3	7	8	10	15	17	19	20	21	23	26	27	28	31	34	35	38	47	56	66	67	71	74	76	89	103	106	112	117	
45	32
3	6	8	10	11	12	13	18	19	20	21	23	26	28	35	36	37	41	51	52	55	57	60	61	71	74	76	86	91	103	104	118	
38	29
1	3	4	6	7	8	12	14	17	28	30	31	32	33	35	40	41	42	51	52	54	55	61	66	67	73	76	96	107	
40	28
0	1	5	8	9	10	14	18	23	28	29	30	32	34	35	39	43	51	54	55	56	59	66	76	82	89	117	118	
39	29
3	6	8	11	13	15	18	19	22	23	28	30	31	34	35	37	43	45	47	49	54	59	60	67	73	89	91	107	118	
40	31
1	4	5	7	13	17	18	19	20	23	26	27	28	30	32	34	37	38	39	42	45	46	47	54	66	67	74	103	106	107	130	
41	31
0	3	4	8	9	11	12	14	18	19	28	30	31	34	37	38	40	42	43	46	49	50	55	58	66	67	76	79	82	86	130	
39	29
0	6	7	8	10	12	13	14	17	18	19	21	23	26	30	33	36	41	46	50	56	59	60	68	70	79	89	107	112	
42	31
2	5	10	12	13	14	17	18	21	22	23	27	28	29	34	38	42	45	47	49	55	56	60	67	68	71	73	76	89	91	106	
45	33
0	8	10	11	13	18	19	20	21	22	23	28	31	35	37	39	40	42	43	49	51	52	57	58	59	68	73	74	79	86	89	103	117	
44	32
0	1	7	9	11	13	18	23	25	26	28	30	31	33	34	41	42	43	45	46	47	54	58	61	68	73	74	76	79	86	104	118	
42	34
0	1	3	4	5	7	8	9	11	13	14	17	18	19	20	22	31	33	34	35	37	38	40	41	43	49	54	55	56	70	84	86	91	106	
40	30
0	1	2	3	4	5	7	8	11	14	15	17	18	20	21	31	33	38	39	46	50	55	60	61	66	74	86	89	107	108	
45	32
0	5	7	8	11	17	23	25	29	31	33	34	35	36	37	38	42	47	49	50	51	55	56	61	66	68	74	86	89	107	108	117	
41	31
1	2	3	4	8	12	13	15	18	21	23	26	28	30	31	34	35	37	38	40	42	43	55	58	61	68	71	76	106	107	117	
42	33
0	4	5	6	7	8	13	19	20	21	22	23	25	26	27	28	31	34	37	39	40	47	49	50	66	68	70	71	74	76	84	103	106	
41	32
3	6	7	10	11	20	21	22	23	27	28	30	31	34	35	36	37	38	40	42	49	50	51	52	54	56	60	61	66	104	106	112	
40	29
0	3	7	8	9	10	11	13	14	15	20	29	34	36	38	40	42	49	52	55	60	66	76	84	86	103	104	106	118	
36	27
1	3	5	6	7	8	11	12	14	15	17	27	31	33	34	39	40	46	51	55	58	66	67	73	86	104	118	
46	33
4	5	9	13	18	20	24	26	27	28	29	31	34	35	37	38	42	43	46	47	49	58	61	67	68	73	74	76	89	96	106	107	130	
45	32
1	2	3	4	9	10	11	15	18	21	22	34	35	36	37	38	41	42	43	46	54	60	61	67	68	71	73	79	91	104	106	118	
43	32
0	7	11	13	14	15	17	18	19	20	27	28	31	32	35	40	41	42	46	47	52	54	58	71	73	74	76	86	89	103	106	107	
48	32
5	7	8	10	12	14	18	20	21	22	23	25	33	35	37	49	50	51	56	58	59	60	61	67	71	73	74	91	96	106	108	118	
43	31
0	2	3	4	5	11	18	20	23	26	27	32	34	36	37	38	42	45	46	47	50	54	60	61	68	70	86	106	107	118	130	
42	31
0	3	6	7	9	14	19	20	21	25	27	31	34	35	36	39	40	41	42	43	47	49	56	61	68	73	76	89	106	108	118	
45	32
0	1	2	4	7	8	10	11	12	18	19	23	26	31	33	34	35	38	46	47	50	66	67	70	71	73	74	76	91	106	117	118	
44	31
2	6	7	8	10	12	14	15	18	19	28	30	31	32	33	35	37	41	43	51	54	55	58	61	68	73	74	76	106	118	130	
44	29
1	3	14	17	18	19	21	23	26	27	28	31	33	42	49	51	55	56	58	59	60	61	66	70	73	76	103	112	118	
47	31
1	2	7	8	12	13	14	19	20	31	33	34	39	45	46	47	54	55	56	60	66	67	73	74	76	86	89	96	106	107	130	
42	31
0	1	3	8	10	14	18	20	22	23	26	28	34	35	38	39	40	41	43	45	51	54	55	59	60	68	71	86	103	106	117	
43	30
1	2	7	8	9	11	15	20	21	24	27	28	31	34	38	39	42	46	49	54	55	56	58	68	74	76	104	107	112	118	
40	31
0	1	3	4	7	9	11	12	14	15	17	18	20	30	31	32	33	35	39	42	47	49	54	61	66	67	68	70	74	104	107	
42	29
1	2	4	5	8	11	12	13	15	17	20	21	31	34	36	42	51	52	54	55	57	59	61	71	74	86	106	117	118	
43	29
1	2	3	7	13	14	15	19	23	32	33	34	36	43	46	50	51	55	56	58	60	66	67	70	71	74	89	117	118	
46	32
0	1	2	3	4	6	7	9	12	15	18	22	23	27	29	31	34	36	39	42	51	55	56	60	68	71	76	79	96	117	118	130	
39	29
7	8	9	10	11	13	15	23	26	31	33	34	35	37	39	42	45	46	47	49	54	55	58	67	71	76	103	106	112	
47	33
2	3	5	7	10	11	14	15	17	20	21	22	33	34	38	40	41	42	43	50	52	54	55	58	68	73	76	89	103	106	107	117	118	
39	32
0	1	3	5	8	9	10	13	15	18	19	20	21	22	26	27	29	30	31	32	33	39	43	46	47	51	57	58	60	68	107	130	
41	30
1	2	3	8	13	17	18	20	23	27	28	30	31	33	35	37	38	39	43	46	52	55	60	76	84	89	106	107	118	130	
43	31
1	2	4	5	7	8	10	11	14	19	20	21	26	27	31	32	36	38	40	49	50	54	58	70	71	74	91	106	107	118	130	
41	31
1	2	9	12	13	14	15	17	18	23	28	30	31	33	34	36	37	43	45	46	47	54	55	58	61	66	67	71	74	96	107	
41	31
1	2	4	7	10	11	15	17	19	20	22	27	29	32	36	38	40	41	43	46	47	58	60	67	68	70	74	86	89	106	107	
41	29
1	4	7	8	10	13	17	18	23	26	28	30	33	35	39	40	42	50	54	56	60	61	66	73	76	103	106	107	117	
44	32
1	4	5	8	10	11	14	15	17	20	21	22	23	25	29	31	33	34	43	47	49	52	56	59	61	71	73	103	106	107	118	130	
42	29
0	6	7	12	14	15	17	18	20	22	25	33	34	35	37	38	43	47	54	55	60	61	67	68	73	74	76	118	130	
42	30
0	1	2	5	6	7	11	12	13	15	20	23	24	27	28	30	31	41	42	51	56	61	68	76	79	86	89	104	112	118	
39	28
0	1	6	9	10	12	13	15	18	26	30	33	34	37	41	46	47	54	55	56	57	58	66	67	71	73	76	107	
41	28
1	3	4	6	7	8	9	12	20	26	29	31	34	36	43	47	55	58	60	66	70	71	74	89	91	103	106	118	
48	32
0	2	4	7	17	19	23	26	30	33	34	38	42	46	47	49	51	55	56	58	59	60	61	66	70	71	74	76	82	89	106	130	
45	30
0	1	3	5	7	10	22	23	27	28	30	31	34	37	41	42	49	54	55	60	61	66	68	70	74	84	96	107	112	130	
47	34
1	2	5	6	11	14	17	18	20	25	26	27	28	30	35	36	37	41	43	47	49	50	54	61	66	67	68	70	71	73	76	89	106	130	
40	31
1	2	3	8	9	12	18	19	21	26	28	30	31	33	34	35	37	40	43	47	49	51	55	56	61	68	73	74	76	89	107	
46	32
4	8	11	13	14	17	19	20	28	29	30	31	32	34	37	38	42	46	50	52	54	56	59	66	67	74	86	89	96	107	118	130	
39	28
0	4	6	7	8	10	11	12	15	17	19	20	27	28	31	34	35	42	47	55	61	74	76	82	91	106	117	118	
40	28
0	2	3	4	12	17	18	19	21	26	36	38	41	42	43	46	47	54	55	60	66	67	71	74	76	79	103	112	
42	30
0	1	5	8	13	15	17	19	20	28	29	30	31	33	34	37	38	39	46	49	54	55	58	59	60	66	74	76	112	118	
45	32
2	3	4	10	12	13	14	15	17	18	20	23	26	27	35	36	38	39	40	42	47	60	61	68	70	71	73	76	86	106	110	118	
39	30
6	7	8	12	13	14	15	17	18	19	20	26	30	33	35	41	42	43	45	50	52	55	60	67	68	71	79	82	106	107	
44	31
1	2	3	4	5	7	14	23	27	28	33	34	36	37	41	43	45	46	51	58	61	66	67	68	70	74	76	89	106	107	117	
43	30
1	3	4	7	8	11	12	14	15	19	23	28	32	33	34	36	38	41	47	54	56	58	70	76	79	86	89	96	117	130	
37	30
2	5	6	7	8	10	11	14	15	17	23	29	30	31	32	33	34	35	40	42	43	46	50	55	58	60	67	68	71	76	
38	29
1	2	7	8	10	11	12	17	20	23	26	27	28	33	35	38	39	40	45	47	52	55	60	61	74	89	91	96	112	
42	30
7	10	12	15	20	21	22	23	25	27	28	34	35	36	37	38	43	49	51	55	58	61	66	67	70	71	74	79	107	112	
43	30
1	2	3	5	8	13	14	17	20	23	26	27	31	32	33	34	40	49	51	55	59	66	67	68	71	73	84	103	118	130	
47	30
0	1	7	10	11	13	20	21	22	30	33	34	35	36	43	45	55	56	58	61	66	68	70	71	73	74	107	110	117	130	
36	28
1	2	5	6	10	12	15	18	25	29	30	31	32	33	34	36	39	43	46	49	54	55	58	61	66	68	86	91	
48	35
3	6	7	9	12	17	19	20	21	22	27	28	30	31	32	36	37	38	41	42	45	49	50	52	60	68	79	84	86	89	96	106	107	117	118	
41	30
0	1	10	13	14	18	19	20	21	22	26	27	32	33	36	38	40	46	47	52	54	58	70	76	84	86	96	103	106	118	
45	33
1	2	6	10	11	13	14	17	18	20	21	26	28	31	33	35	40	42	47	49	51	52	54	55	61	67	68	71	74	76	79	89	110	
38	31
0	2	3	4	5	7	8	10	12	14	15	20	28	29	30	31	32	34	35	37	38	40	42	46	61	66	71	76	103	104	106	
44	32
1	2	4	6	8	11	14	17	19	23	26	29	34	35	36	39	42	43	45	46	47	50	57	59	68	71	73	76	82	89	118	130	
44	30
0	1	2	3	5	6	7	11	12	14	19	23	26	30	33	36	38	43	46	55	58	68	73	74	76	84	86	110	117	130	
45	31
0	1	2	4	5	7	8	11	15	18	20	21	31	32	36	41	42	54	56	59	61	66	67	70	71	74	89	103	104	106	107	
42	30
1	2	3	5	7	10	12	17	18	19	21	22	27	28	34	35	36	38	43	50	54	56	60	61	66	67	76	96	112	118	
42	31
0	3	4	7	8	9	11	17	19	23	26	30	32	33	34	38	39	42	45	47	49	52	55	61	66	68	74	89	107	112	130	
45	32
0	1	2	3	4	7	11	12	14	20	23	26	30	35	37	38	42	43	45	51	52	56	60	61	68	74	89	91	104	106	118	130	
41	30
0	5	6	7	8	10	12	13	15	17	19	20	24	33	34	37	40	43	46	47	55	56	60	61	68	74	86	104	107	118	
44	32
1	2	4	5	7	8	9	10	11	12	20	21	32	33	36	38	41	42	43	46	49	60	61	71	74	76	84	86	89	104	106	118	
40	30
0	1	4	8	12	17	18	20	22	23	31	33	35	36	37	40	42	46	47	51	54	55	56	61	67	74	76	84	86	96	
39	30
2	4	6	8	12	14	18	19	20	21	23	25	27	28	29	31	32	34	37	38	42	47	49	61	66	74	104	107	112	118	
42	31
0	2	3	7	8	10	11	12	15	21	25	28	33	34	35	36	37	38	43	45	46	51	54	58	60	61	73	96	106	112	130	
42	31
2	4	5	9	11	12	18	19	22	26	27	29	31	34	35	37	39	40	42	47	51	54	58	66	67	70	71	79	86	89	108	
40	31
0	1	6	8	10	12	13	14	15	18	19	20	23	26	28	34	37	40	41	43	46	47	56	58	59	67	68	74	76	89	106	
40	28
0	1	3	5	6	7	8	15	21	23	28	33	34	36	43	49	54	55	56	58	60	61	66	70	71	74	76	89	
43	33
0	1	6	10	12	14	15	17	18	22	23	29	30	33	34	35	36	41	42	43	46	51	52	54	55	56	66	71	73	76	89	91	103	
40	31
1	3	6	7	8	12	13	14	15	19	22	23	26	28	30	31	34	42	43	45	50	52	54	55	61	66	71	76	79	96	107	
42	29
0	3	5	6	10	13	14	27	28	30	31	32	33	36	42	49	50	54	58	59	61	67	68	71	73	76	89	107	130	
40	31
2	8	10	11	12	13	14	15	18	19	20	22	23	26	28	31	32	33	34	35	43	51	54	61	66	67	68	73	89	91	107	
39	29
0	2	3	8	9	11	12	14	18	20	27	28	34	35	37	38	39	40	47	49	55	58	66	70	74	76	103	106	130	
45	32
1	2	5	6	10	11	14	15	18	19	21	23	30	37	39	41	43	49	51	56	58	59	66	67	70	76	84	86	89	104	106	107	
42	31
2	8	9	10	11	12	13	14	15	17	18	19	20	23	26	29	30	33	35	43	45	60	61	66	73	79	86	89	106	107	108	
41	31
0	1	3	6	10	11	14	18	20	23	25	26	27	28	29	32	33	34	35	45	49	50	51	56	58	61	73	89	103	112	118	
39	30
1	2	4	6	8	9	12	17	18	19	20	21	23	28	29	31	32	33	34	42	52	58	60	70	76	79	86	91	103	107	
44	30
0	1	7	8	12	13	14	18	19	20	26	27	28	32	34	38	47	52	56	66	67	68	70	76	84	86	106	107	118	130	
48	32
2	11	12	13	26	28	29	30	32	33	34	35	36	37	41	43	45	47	52	55	58	59	61	67	71	79	84	96	104	108	112	117	
47	32
1	3	4	5	14	17	18	19	20	22	25	27	31	33	35	36	37	39	43	49	51	54	55	58	61	68	86	106	108	112	118	130	
41	30
1	4	7	12	13	17	18	19	20	26	28	31	32	33	40	42	45	46	52	55	56	67	70	79	84	86	89	91	96	107	
44	30
0	1	6	7	9	17	21	23	26	30	32	33	34	39	43	46	52	55	56	66	67	68	71	79	84	86	91	104	106	112	
46	33
0	1	3	7	9	10	11	12	15	17	18	20	27	28	30	31	33	39	42	46	50	56	60	61	66	67	68	73	76	79	106	107	112	
42	33
0	2	3	4	7	8	11	12	13	14	19	25	26	27	31	32	34	35	37	40	41	42	46	50	51	56	66	73	76	86	106	107	130	
39	30
1	3	5	7	8	9	11	13	14	20	21	24	30	32	33	34	38	42	43	49	50	52	54	55	61	66	71	74	76	118	
44	33
1	3	5	7	8	10	13	15	18	19	20	28	32	34	36	38	41	43	45	46	47	49	51	56	67	68	70	71	86	89	103	106	117	
41	30
0	1	2	7	9	12	13	19	20	21	27	31	33	36	39	41	45	46	52	55	56	59	60	67	68	71	74	76	89	104	
39	30
0	2	5	7	8	9	11	12	13	17	19	26	28	29	32	33	37	42	43	47	49	52	55	60	61	79	89	96	103	108	
43	30
0	1	2	4	7	10	14	15	17	18	31	34	35	37	38	39	42	46	47	51	56	59	61	68	76	79	104	112	118	130	
47	31
1	3	7	11	14	15	20	23	26	28	29	30	34	35	42	46	50	51	54	55	60	66	74	76	82	89	103	107	117	118	130	
42	29
6	8	11	12	18	19	21	28	37	39	40	41	42	49	50	52	54	55	58	59	67	68	71	74	76	84	86	89	104	
41	30
1	2	5	7	8	12	13	20	26	28	30	31	33	34	35	42	43	47	49	55	56	66	67	68	70	71	73	103	106	107	
41	32
3	6	7	9	11	13	14	15	17	18	22	25	26	28	30	31	33	34	35	42	46	47	51	54	55	58	67	74	76	84	91	106	
42	32
1	2	3	4	5	7	8	10	11	14	19	20	21	22	27	31	32	33	34	38	41	43	45	50	54	58	66	71	73	107	117	130	
36	29
4	5	7	9	10	11	12	15	17	18	19	20	22	27	28	33	35	38	40	42	46	47	56	57	58	66	67	106	107	
44	32
4	6	7	10	12	15	17	20	21	23	26	27	32	35	38	41	43	46	47	51	54	56	58	61	66	68	74	76	84	86	104	107	
39	31
2	4	7	9	10	12	15	18	19	23	26	27	28	32	34	36	37	38	40	43	46	47	50	54	59	60	71	76	79	82	106	
44	32
0	1	2	3	4	8	9	10	12	15	18	21	28	34	37	38	39	42	43	47	55	66	67	68	73	74	76	84	86	89	103	107	
43	31
0	1	4	7	8	9	11	19	20	22	23	26	29	34	35	38	39	42	46	47	49	51	54	59	61	84	86	89	117	118	130	
41	31
1	2	3	4	5	7	12	14	17	18	19	26	28	29	31	33	34	42	43	49	50	52	57	60	61	66	67	96	104	107	108	
38	30
0	1	3	4	5	6	7	8	9	11	12	15	17	23	29	31	37	39	40	41	51	52	55	66	68	74	76	84	86	91	
41	31
0	2	3	6	8	15	19	20	22	23	26	28	30	31	32	33	37	38	41	46	50	55	58	59	60	66	68	70	73	76	103	
44	31
1	5	7	9	11	14	20	22	23	26	30	33	35	36	38	39	40	45	49	54	55	58	61	66	68	73	74	89	91	106	118	
46	31
2	4	6	7	8	11	12	13	22	23	27	28	34	35	42	43	46	47	55	56	58	60	66	67	71	74	76	104	106	118	130	
38	30
1	2	3	4	8	10	12	14	18	20	22	23	25	26	31	33	34	35	36	37	40	42	45	51	61	68	76	86	112	118	
46	31
3	4	6	7	10	13	17	19	22	23	27	28	30	31	34	35	37	40	43	56	58	67	68	71	73	76	89	106	117	118	130	
41	30
0	5	6	12	14	15	18	19	22	26	30	33	34	35	36	37	39	41	47	51	54	55	58	60	61	67	68	70	79	118	
43	31
0	1	2	3	6	8	9	10	15	17	18	22	28	29	30	35	36	49	50	51	52	55	57	60	73	76	89	106	107	118	130	
44	31
3	11	12	13	14	18	20	23	26	28	29	33	35	36	37	38	49	50	51	52	55	58	59	61	73	74	89	96	106	112	130	
45	31
1	3	4	5	6	13	17	18	20	21	24	25	26	30	37	42	43	51	54	55	67	68	70	71	74	76	89	91	104	106	130	
40	30
1	6	7	8	11	12	13	14	17	19	21	26	32	33	34	36	38	39	41	43	45	46	47	66	71	89	103	108	110	130	
45	32
0	1	2	3	4	8	9	18	19	23	30	31	34	37	40	41	42	46	47	51	54	56	67	68	74	76	79	91	103	104	106	130	
42	30
0	1	3	4	12	14	17	18	19	21	23	27	28	31	33	40	42	43	45	54	59	61	67	70	73	76	89	103	106	118	
42	30
0	1	3	4	15	17	18	19	21	23	29	36	38	42	43	46	47	52	55	56	58	60	61	67	68	74	76	79	103	106	
45	33
0	6	10	14	15	18	19	20	21	22	23	26	27	29	30	32	33	34	37	38	42	49	50	55	58	61	67	76	86	89	103	117	118	
42	33
5	10	11	12	15	17	18	19	23	25	26	27	29	31	34	37	39	40	42	45	47	50	51	52	54	55	66	67	74	86	91	106	107	
45	31
0	3	4	5	7	8	10	11	12	15	17	21	22	25	27	28	32	38	46	56	58	60	61	66	67	73	74	103	107	117	118	
43	32
5	7	11	14	15	18	20	23	26	28	29	31	32	33	34	37	39	42	46	47	49	54	55	56	57	61	68	70	74	76	86	89	
43	31
2	4	6	10	11	13	14	18	21	28	32	33	34	35	36	37	43	46	47	51	54	55	58	61	66	70	73	76	79	106	130	
38	30
2	4	7	8	10	12	18	20	21	22	23	26	27	34	35	36	37	38	43	47	49	52	55	66	68	71	76	79	84	86	
41	29
1	4	6	12	14	19	20	22	26	30	33	34	37	40	41	43	51	52	54	58	59	67	68	71	76	82	89	104	118	
44	32
0	1	5	6	7	10	11	15	17	19	22	26	27	28	30	35	38	42	43	46	49	51	60	66	70	74	86	89	91	106	108	110	
39	29
0	6	7	8	11	12	14	15	20	26	28	33	34	35	36	39	43	47	49	58	60	61	66	67	68	70	79	89	107	
43	32
2	3	4	7	8	10	11	14	15	17	18	23	28	30	34	35	37	38	40	41	42	46	55	66	67	76	79	86	103	106	107	130	
43	30
0	1	3	4	5	8	9	10	12	18	19	20	30	31	36	37	38	47	56	58	66	67	68	70	74	79	84	86	107	118	
39	30
0	1	2	4	5	6	12	14	18	22	23	26	33	34	35	36	37	38	41	43	47	54	55	58	60	68	70	76	79	89	
44	31
3	7	10	14	15	17	19	20	22	23	30	31	32	33	34	36	41	42	51	54	56	60	61	66	67	71	86	103	104	106	112	
44	32
0	1	2	3	6	9	11	14	15	17	20	26	27	28	29	31	37	42	47	49	51	52	54	55	59	67	68	76	84	107	112	117	
39	29
0	2	3	4	6	7	9	10	12	14	15	17	28	31	32	35	37	38	41	51	55	61	66	67	70	84	96	104	117	
40	28
0	1	3	5	10	14	17	23	26	28	30	35	38	40	41	42	49	55	56	59	60	66	68	70	73	76	103	118	
42	31
0	3	7	9	12	14	15	17	20	22	23	26	27	29	31	32	33	34	36	38	47	54	55	61	66	71	74	76	103	107	117	
40	30
3	4	5	6	10	12	13	15	17	18	20	28	29	31	33	34	36	38	43	46	55	59	60	66	70	74	76	84	86	103	
46	34
2	4	9	10	11	14	17	18	20	21	22	25	26	33	34	35	37	38	39	41	42	49	51	55	60	61	66	67	68	70	73	89	106	117	
39	30
2	4	6	7	8	11	15	19	20	23	25	27	28	29	31	33	34	42	49	50	51	54	58	61	66	68	73	76	106	107	
43	29
1	2	5	7	8	10	13	15	20	25	26	28	30	33	34	42	43	61	68	70	73	74	76	84	89	106	107	112	117	
44	31
0	1	4	7	8	18	20	23	26	30	32	33	34	35	38	41	43	49	56	60	61	67	68	70	73	74	79	91	104	106	107	
39	31
1	3	4	5	7	8	12	14	18	20	21	23	29	30	32	34	36	38	40	42	43	47	49	52	56	59	61	76	86	106	118	
40	31
1	4	5	7	8	11	12	15	17	20	26	29	30	33	34	35	37	38	39	41	43	52	58	61	66	67	68	71	89	106	107	
45	33
1	2	6	7	9	10	11	12	14	15	19	20	26	27	34	35	36	40	43	47	49	58	66	67	70	71	73	74	79	89	91	104	106	
45	33
0	1	2	3	4	5	6	7	11	17	19	20	22	30	32	33	34	41	43	45	46	55	56	59	61	68	70	74	76	86	91	104	106	
40	31
1	2	3	4	5	6	7	8	9	12	13	15	18	19	23	25	26	30	33	35	37	39	43	54	58	67	73	74	86	91	130	
40	31
0	2	4	6	7	8	11	12	15	17	18	28	30	31	32	33	34	35	38	41	45	50	51	54	55	56	66	67	73	104	118	
43	31
1	2	3	4	7	8	10	15	17	22	23	25	27	28	30	34	35	37	38	50	55	60	61	70	76	86	89	104	106	107	118	
39	31
0	1	3	5	7	8	10	11	13	22	23	26	30	31	32	33	34	35	37	41	49	50	52	54	55	60	70	76	84	86	96	
38	30
0	1	2	4	5	8	10	12	14	18	19	20	28	29	31	33	36	37	39	40	49	51	55	58	59	66	70	74	84	106	
45	32
2	4	5	6	7	8	9	11	12	13	14	15	17	33	38	39	42	43	45	50	52	61	66	71	73	74	84	89	106	107	108	118	
40	27
0	1	2	5	7	8	9	10	12	14	20	21	25	33	37	38	41	58	61	67	68	71	74	107	112	118	130	
41	30
3	6	7	8	10	12	13	17	18	20	21	25	32	33	35	37	40	41	42	49	58	60	61	66	70	76	86	96	103	108	
36	27
1	7	11	12	13	14	15	18	21	30	33	34	35	36	38	41	43	46	54	55	60	66	67	68	89	91	107	
38	30
0	2	10	13	14	18	19	20	21	26	27	28	29	31	32	33	34	35	38	42	43	46	54	61	67	68	71	73	74	91	
37	29
0	1	2	3	5	7	8	9	11	12	14	15	17	18	25	27	31	33	34	43	47	54	61	70	79	86	89	96	107	
40	30
1	5	7	8	10	12	13	17	18	20	25	26	28	32	33	36	38	39	41	42	58	60	61	66	70	74	76	84	89	96	
43	31
0	2	7	8	11	12	14	19	20	25	27	28	29	32	34	35	36	38	39	43	49	50	61	66	70	76	84	103	112	118	130	
42	30
0	1	2	3	4	5	6	7	9	12	14	25	26	29	33	34	37	39	47	55	60	61	66	67	73	86	89	91	96	118	
46	32
2	4	6	7	8	12	14	15	17	18	19	20	23	28	30	32	33	34	41	47	60	66	67	68	74	76	89	91	104	107	110	112	
39	29
1	3	4	5	7	8	9	11	12	14	19	22	29	31	33	37	39	40	47	50	54	58	66	67	73	86	103	107	118	
35	29
0	2	3	6	7	8	15	17	23	28	30	31	32	34	35	37	42	43	46	47	50	51	52	58	61	67	70	104	106	
45	33
1	2	3	5	6	10	14	15	17	18	20	32	33	39	40	41	42	43	46	47	51	54	55	56	58	66	70	79	86	89	104	106	107	
41	30
3	4	5	6	7	8	15	20	23	28	31	32	33	36	38	42	49	50	51	54	55	58	60	61	66	67	70	96	103	106	
39	31
0	1	2	3	5	7	8	10	14	19	20	22	26	28	29	31	32	34	37	40	42	46	51	56	58	67	68	70	73	79	89	
42	30
1	3	4	6	8	9	11	13	18	19	20	22	25	30	33	34	41	43	49	52	55	60	68	73	76	79	96	103	112	130	
39	31
0	1	5	6	7	9	10	12	13	14	18	20	23	26	31	32	33	36	40	41	42	46	47	56	61	68	70	73	79	91	104	
43	32
0	2	4	5	7	8	10	12	14	15	17	20	22	25	27	29	32	38	41	46	47	51	55	61	68	71	74	76	89	106	107	130	
48	32
0	4	5	6	7	9	10	11	13	21	33	34	35	38	40	41	43	46	54	55	56	58	61	66	67	68	73	74	91	106	108	118	
42	33
3	4	5	7	8	11	12	13	17	18	19	20	25	26	28	35	36	38	39	41	42	46	47	49	50	54	67	74	76	89	96	106	130	
43	30
0	1	3	5	6	8	12	18	19	22	26	27	28	29	30	37	46	51	54	55	56	58	60	66	67	68	70	79	106	118	
43	28
1	3	5	6	7	13	14	18	20	21	26	27	33	34	37	43	46	55	56	60	67	68	70	76	112	117	118	130	
45	29
0	1	3	5	7	10	18	22	23	27	28	29	31	37	42	54	55	58	61	66	68	70	71	73	84	103	107	117	118	
46	31
1	2	3	8	18	20	23	26	28	31	34	35	43	47	49	50	51	52	54	55	61	66	67	70	71	73	76	103	107	118	130	
41	31
1	2	3	7	8	9	10	12	15	19	23	28	30	31	34	35	37	38	40	43	51	52	60	67	70	71	73	89	106	107	130	
43	32
2	3	4	5	7	10	11	12	14	15	18	20	22	26	28	34	37	38	40	42	47	52	54	55	60	66	67	79	86	89	107	130	
41	29
1	6	12	14	15	17	18	19	21	23	27	28	31	34	37	42	43	46	55	60	61	67	68	70	74	91	104	107	118	
39	31
5	7	8	11	12	17	18	20	21	22	23	25	28	30	33	37	38	39	41	43	46	47	49	55	56	61	68	76	79	89	107	
36	30
2	4	5	6	7	14	15	18	23	26	27	28	30	31	33	34	35	38	39	40	42	45	49	50	59	61	68	70	71	76	
42	29
7	8	10	12	14	17	23	25	29	30	31	32	33	35	41	43	52	55	57	59	60	67	71	74	76	86	91	103	130	
43	32
2	4	5	6	7	8	10	15	17	23	26	28	31	32	34	35	37	38	42	43	45	51	55	59	61	67	68	70	74	79	89	117	
41	31
0	1	7	10	11	14	17	19	23	27	28	31	32	34	35	36	40	45	46	47	49	52	55	56	58	61	74	76	89	106	118	
36	29
0	1	4	7	10	12	15	17	20	21	22	26	28	30	33	35	38	41	42	43	47	52	55	56	61	67	68	71	107	
46	33
3	7	13	17	20	21	23	24	25	27	29	30	31	32	33	35	37	38	42	45	46	47	54	56	61	66	67	68	86	104	107	118	130	
40	31
1	3	7	8	9	10	12	14	17	18	19	20	22	26	28	30	32	36	38	40	43	45	52	61	67	68	79	84	89	107	118	
39	29
1	3	6	8	10	11	12	14	15	17	18	19	26	27	29	30	32	33	43	54	55	56	60	66	73	74	76	86	96	
47	33
1	2	3	4	9	11	12	13	15	17	20	21	23	27	32	36	37	40	43	45	52	54	59	61	67	68	70	73	79	106	107	117	118	
42	29
0	2	3	5	6	7	8	10	12	14	20	28	29	31	33	34	43	47	54	56	58	60	61	66	70	103	107	118	130	
44	32
0	1	3	7	8	10	11	13	19	21	25	27	28	32	33	34	38	40	47	49	54	55	56	58	67	70	73	74	76	86	91	96	
41	31
3	4	10	11	12	13	17	18	19	21	22	23	28	31	32	33	34	36	38	40	43	54	55	56	59	61	68	70	76	86	106	
44	32
1	2	3	6	8	11	14	15	18	19	23	27	30	31	33	35	38	39	41	46	49	55	56	58	59	61	67	68	74	76	103	130	
40	31
3	8	12	18	19	20	21	23	26	27	28	29	31	32	34	37	41	43	46	49	50	51	52	55	56	60	70	71	73	86	118	
38	27
0	1	2	3	4	5	14	17	18	20	23	26	28	29	37	42	51	60	61	66	70	71	74	76	104	106	117	
38	29
1	3	4	5	8	9	10	13	15	18	20	23	24	28	31	37	40	41	42	43	46	51	61	68	76	86	89	112	118	
38	31
3	6	7	8	9	13	14	17	19	20	21	23	28	33	35	36	37	38	41	42	43	47	49	52	60	61	66	67	74	76	96	
43	31
3	10	11	12	13	15	20	22	25	27	30	31	33	34	35	37	42	43	49	52	55	58	59	66	67	68	70	82	84	106	108	
39	31
3	4	5	7	8	11	14	17	19	20	21	23	26	28	31	32	33	35	38	42	47	49	51	55	58	60	66	67	73	74	103	
46	33
1	4	7	8	11	13	14	17	19	20	22	23	24	25	28	33	38	41	42	43	49	54	56	57	60	66	70	71	84	86	103	107	130	
37	28
1	2	3	5	6	7	8	11	23	25	27	28	31	35	42	43	46	51	52	58	60	61	66	67	74	76	103	106	
42	30
1	3	4	5	7	12	15	20	23	24	28	31	37	42	43	46	51	52	55	58	61	66	68	70	71	79	86	89	91	107	
44	32
1	8	9	10	13	18	19	20	22	23	26	27	28	31	32	35	36	41	43	45	52	58	60	61	67	74	76	84	89	96	104	118	
41	30
1	5	7	9	12	13	20	22	23	26	28	30	32	33	37	38	41	42	43	46	55	60	66	68	70	71	91	104	106	130	
42	31
4	7	8	11	12	17	18	19	21	26	27	28	32	33	34	38	40	42	46	49	50	55	60	61	67	76	79	84	91	106	118	
38	30
1	4	7	12	14	18	20	22	23	25	26	27	28	29	31	32	33	34	35	42	47	51	54	61	70	74	76	89	103	107	
39	29
1	3	6	8	9	10	12	15	20	22	23	26	32	33	34	36	40	43	51	55	59	66	67	71	73	74	84	103	104	
42	32
0	1	4	5	6	11	17	18	19	23	26	27	30	32	33	34	35	37	38	43	47	49	50	56	59	66	67	68	70	106	107	118	
36	30
0	1	6	8	10	12	17	18	19	20	21	23	26	27	31	33	34	38	41	42	46	47	49	52	56	60	70	76	86	106	
42	29
0	1	6	7	12	17	18	19	21	22	26	27	31	33	36	38	40	43	54	58	67	68	74	76	89	96	106	112	118	
41	32
1	2	3	4	7	8	9	10	12	17	18	20	26	29	31	33	35	37	40	43	46	50	51	54	60	61	70	71	74	89	104	106	
43	32
3	7	10	11	13	15	22	23	26	27	28	29	31	35	37	41	42	45	46	47	52	54	55	56	58	67	70	74	76	96	103	106	
42	32
0	3	6	8	9	10	12	13	17	18	20	21	22	26	30	33	37	39	40	42	46	51	55	57	60	66	70	73	74	76	82	86	
42	30
0	2	3	5	6	9	10	14	15	18	19	20	28	30	32	33	37	39	40	52	54	55	61	66	74	91	104	106	118	130	
43	31
0	1	2	5	6	7	11	13	18	20	22	26	27	31	32	33	34	47	49	52	54	55	56	60	68	71	74	76	89	106	118	
41	32
0	3	4	7	9	10	11	14	18	19	20	21	22	28	29	34	37	39	40	42	43	46	47	49	54	55	71	74	86	106	107	108	
44	33
0	1	3	8	11	12	13	14	19	20	21	22	24	27	31	32	33	34	40	43	47	49	51	59	66	67	71	73	79	84	103	107	118	
42	31
0	2	3	4	6	8	11	18	22	23	26	28	29	33	34	35	37	38	41	43	47	49	58	61	66	70	76	89	106	117	130	
41	29
1	2	3	4	7	8	10	11	12	13	14	17	19	20	29	31	39	46	51	56	59	67	68	76	89	96	107	118	130	
43	31
1	2	3	6	7	8	11	12	13	14	18	21	22	27	28	33	35	36	43	52	54	55	56	61	66	67	74	76	89	104	118	
37	29
2	4	6	7	12	15	17	18	20	22	23	26	29	30	31	32	33	34	35	38	47	54	55	68	70	84	89	91	107	
44	30
1	2	3	5	7	8	14	20	21	22	27	28	36	37	38	41	47	51	54	55	60	70	76	86	96	104	106	107	118	130	
44	30
0	1	4	5	6	7	8	10	12	13	14	15	22	26	28	34	36	54	56	58	59	60	61	66	67	73	74	84	107	112	
36	30
1	3	4	6	8	12	13	14	17	18	19	25	26	27	28	31	33	34	36	37	40	42	43	49	51	54	60	66	107	112	
41	31
0	4	5	7	8	12	18	19	20	21	24	26	27	28	30	34	38	43	46	47	49	51	56	60	61	66	70	74	82	106	130	
42	32
0	1	3	6	8	9	10	18	20	21	23	26	29	30	33	34	36	37	38	42	43	46	47	55	59	60	70	71	76	89	106	118	
43	30
1	2	3	5	7	8	11	12	17	18	20	23	29	35	37	46	47	50	51	56	58	60	61	70	79	86	89	106	117	118	
44	31
7	8	10	14	19	21	23	26	27	29	30	31	32	34	36	38	39	42	49	52	54	55	61	66	71	76	91	106	107	118	130	
40	29
0	2	3	6	8	9	10	15	22	27	28	32	34	37	38	41	42	43	49	55	59	66	67	71	73	74	84	107	130	
40	29
0	1	4	8	12	17	18	21	26	28	29	31	33	34	35	36	37	49	51	54	55	60	66	73	74	76	82	104	118	
47	32
0	1	3	4	6	12	15	20	22	23	24	25	26	27	29	31	35	42	51	52	59	60	61	68	70	71	74	76	106	108	110	118	
44	29
1	3	4	14	17	18	20	23	26	27	31	35	36	42	43	51	55	56	66	68	73	74	76	79	84	103	104	112	130	
44	32
2	3	6	12	15	17	18	22	25	27	29	31	34	35	37	38	40	43	46	47	51	54	55	56	58	59	60	68	89	91	106	130	
40	29
1	2	3	4	5	7	8	10	11	15	17	20	21	23	28	35	38	43	45	46	55	56	67	68	70	74	76	118	130	
37	29
4	5	6	7	8	10	11	12	14	17	19	23	28	30	33	34	35	40	42	43	51	52	61	66	74	76	89	106	130	
38	31
0	1	4	6	7	8	10	12	17	18	20	26	29	30	31	32	33	34	35	36	38	40	45	47	49	55	60	66	71	76	117	
39	32
2	3	4	5	7	8	11	12	15	17	18	20	22	23	31	32	34	35	36	38	41	42	47	49	51	52	55	58	68	79	84	118	
43	31
1	3	7	10	11	12	13	15	17	19	25	30	33	34	35	40	41	42	43	45	52	55	60	68	70	73	79	91	106	117	130	
41	31
0	1	8	10	11	12	13	15	17	18	19	20	21	23	27	30	32	34	35	38	51	52	56	58	60	68	70	76	104	106	118	
46	31
1	2	3	5	8	10	11	14	18	25	29	32	33	35	36	39	47	50	52	54	61	66	76	82	86	103	104	106	108	118	130	
46	32
4	6	7	8	10	17	19	20	21	23	27	28	29	31	35	37	38	40	50	54	55	58	66	67	71	74	76	84	86	89	96	117	
41	28
1	3	5	7	8	12	13	15	17	23	28	30	34	38	39	46	54	55	58	66	67	71	76	89	91	106	107	118	
42	30
0	1	2	6	7	12	14	15	19	20	22	26	27	30	34	35	38	42	43	51	60	66	67	70	71	79	106	107	117	118	
43	33
1	2	3	5	7	8	10	14	19	21	26	31	33	34	36	38	39	40	41	42	43	46	47	49	50	58	66	67	68	91	106	108	112	
40	30
1	2	5	12	13	15	17	18	23	28	30	33	35	36	38	40	43	45	46	47	54	55	60	66	71	73	84	89	103	107	
49	34
2	5	6	8	12	13	17	18	20	26	27	31	33	34	36	37	38	43	45	47	52	54	56	58	60	61	66	71	76	79	86	89	118	130	
42	31
1	2	3	9	10	11	12	14	18	21	25	26	30	33	34	35	36	38	39	41	49	54	58	61	68	70	71	79	91	104	118	
38	33
0	7	10	11	14	15	17	19	20	21	22	23	25	26	27	30	31	33	34	38	41	42	43	46	47	49	50	52	54	67	71	74	107	
38	29
0	1	3	4	6	8	9	12	18	19	20	21	23	28	33	34	35	37	50	51	52	56	60	66	73	76	89	104	130	
41	29
0	1	3	5	10	12	14	17	18	19	20	21	22	26	28	35	42	49	51	55	56	61	66	73	74	84	106	117	130	
42	30
0	1	2	3	5	6	7	9	10	17	21	26	28	29	36	41	46	52	55	60	67	68	70	73	74	76	91	96	106	107	
42	32
4	6	9	10	13	17	18	19	20	21	22	23	26	27	30	33	35	40	42	43	49	51	55	61	67	68	70	73	84	91	103	106	
38	30
0	1	2	3	7	8	9	14	17	18	19	21	26	27	28	31	32	40	43	46	47	52	67	70	74	86	91	103	104	106	
41	28
0	1	3	4	6	7	10	13	19	20	22	27	34	46	47	51	56	58	61	67	70	74	76	79	86	106	107	118	
41	32
0	1	6	7	10	12	13	14	17	21	26	27	30	31	32	33	35	38	39	40	41	43	46	49	61	67	68	70	86	89	107	117	
52	34
0	2	9	13	15	20	23	27	30	31	32	37	41	42	43	46	50	51	56	58	59	61	66	67	71	73	74	86	89	91	96	106	118	130	
41	29
0	1	2	3	4	5	6	10	11	14	18	20	28	31	32	34	35	37	47	51	54	59	61	79	103	104	112	118	130	
44	32
2	3	9	10	11	13	14	17	18	21	22	28	31	32	33	34	38	41	42	43	46	51	52	55	61	67	73	74	89	110	117	130	
39	31
1	2	3	6	10	12	13	15	18	21	22	23	25	27	28	31	34	35	37	39	43	47	51	56	61	67	68	73	79	106	107	
43	32
3	4	6	7	8	11	12	14	19	20	22	23	29	32	33	34	36	37	41	46	47	50	58	61	66	71	74	76	86	103	106	130	
39	31
2	3	6	7	8	9	10	12	13	15	17	20	26	28	29	31	37	38	39	40	42	50	51	52	55	68	74	86	89	96	118	
40	29
2	5	6	7	10	11	14	15	18	20	21	22	26	28	33	40	49	51	54	55	58	61	66	67	70	74	89	91	106	
40	30
2	3	4	5	6	7	8	13	21	23	26	33	35	37	39	40	41	46	50	52	56	58	61	66	67	68	70	76	89	106	
39	31
0	1	2	3	5	7	8	9	14	22	23	26	27	28	32	33	34	37	38	41	43	47	49	54	55	61	66	68	73	96	107	
46	30
2	4	5	8	10	11	12	13	18	23	26	28	31	34	36	42	43	55	58	59	60	61	67	68	84	91	106	108	112	118	
42	28
0	1	2	5	6	8	14	18	26	31	33	36	41	43	46	51	55	58	61	66	68	74	76	84	103	106	110	130	
39	30
1	2	3	5	7	8	10	12	17	19	23	24	27	28	32	35	37	38	40	46	49	51	54	60	61	66	67	84	103	118	
43	32
1	4	7	10	11	12	13	14	18	19	20	27	28	34	36	37	39	41	43	46	47	50	60	66	68	70	71	74	76	79	89	108	
45	33
1	2	4	7	8	11	12	14	18	22	26	30	31	33	34	35	38	41	42	43	49	54	56	58	60	61	68	71	73	84	89	106	107	
38	29
0	1	8	9	10	12	15	17	18	20	22	28	30	31	32	33	35	41	43	51	55	56	61	66	67	68	70	82	107	
45	31
0	1	2	10	13	15	17	18	21	22	27	28	30	31	33	34	35	36	39	46	54	55	56	60	67	70	89	107	112	118	130	
48	33
2	3	4	8	9	10	15	19	20	23	27	28	29	30	32	33	39	40	42	49	51	56	58	59	61	70	71	73	89	106	110	117	118	
41	31
0	2	4	8	11	14	18	20	22	23	27	28	29	30	31	32	34	35	37	42	46	47	49	55	58	61	79	86	89	108	118	
41	29
0	1	3	4	5	6	8	10	17	18	23	28	33	36	42	46	47	55	59	60	61	66	67	73	74	76	89	103	107	
42	31
0	3	6	8	15	18	19	20	23	28	31	32	35	36	37	38	41	47	49	50	52	55	61	67	70	73	76	103	104	106	112	
45	31
0	3	5	7	8	11	12	14	19	20	21	23	25	31	34	38	49	50	51	54	55	70	74	76	86	89	96	106	107	110	117	
40	30
1	3	9	10	13	14	18	20	21	22	26	28	30	31	32	33	34	38	42	43	47	54	55	59	68	74	76	84	86	117	
46	31
9	11	12	14	15	20	23	25	26	27	28	29	31	34	41	42	50	51	55	58	59	61	67	70	76	86	103	106	107	110	118	
38	29
0	1	3	4	7	11	13	14	20	25	27	28	31	32	33	34	35	39	42	49	51	55	58	59	66	70	76	106	110	
43	28
1	2	3	5	8	17	19	20	27	36	37	38	43	51	54	56	59	66	67	70	71	76	86	89	104	106	107	118	
38	29
2	4	7	8	9	10	12	20	22	23	26	27	34	35	37	38	39	40	43	47	51	54	55	60	70	71	84	89	130	
41	30
1	2	4	5	7	8	12	13	18	20	21	25	31	33	35	36	41	43	47	55	66	67	68	70	71	76	79	96	103	104	
40	30
0	2	4	7	8	12	15	19	23	24	28	31	32	33	34	35	36	38	43	45	46	47	60	66	79	84	91	103	118	130	
38	29
0	1	6	8	10	12	15	17	19	21	23	26	28	33	34	38	39	41	42	46	59	60	66	67	68	73	79	91	104	
43	33
0	3	5	6	8	9	10	12	13	14	19	20	22	27	29	34	38	39	45	46	47	49	50	51	54	56	58	59	68	71	86	106	130	
37	28
1	3	4	12	14	15	18	19	20	23	24	26	27	31	37	40	42	51	52	54	55	57	58	79	86	91	104	106	
44	30
1	3	4	11	12	14	17	19	20	30	31	33	37	41	42	43	46	50	54	55	59	61	66	67	68	74	89	107	112	118	
41	31
1	2	3	6	7	8	9	10	12	14	15	17	20	21	23	28	32	33	35	36	38	43	55	66	73	79	89	96	103	107	118	
42	31
1	2	3	6	7	10	13	14	19	22	23	26	27	28	30	35	37	42	45	49	52	55	56	58	61	67	70	89	91	107	118	
43	30
0	3	8	9	10	11	12	14	17	18	19	21	22	26	32	33	34	35	43	58	59	61	67	68	73	74	89	91	117	118	
38	28
0	1	4	6	7	9	10	12	13	22	25	26	33	36	40	43	46	47	54	55	56	58	66	67	71	73	74	76	
39	30
2	3	5	7	10	12	15	18	23	26	28	30	32	34	36	37	38	39	46	49	52	55	56	59	60	61	71	76	79	106	
41	31
1	2	3	6	8	10	12	13	18	19	20	22	26	31	32	33	34	36	41	43	46	51	54	66	68	76	79	86	96	107	130	
40	30
3	5	6	12	13	14	18	19	20	22	23	25	27	28	34	35	37	45	47	49	51	54	67	68	70	73	89	106	107	130	
41	32
1	4	6	7	9	10	15	17	22	23	27	29	30	31	36	38	39	40	42	45	47	49	51	55	56	61	68	70	71	86	89	106	
47	32
1	3	4	7	13	17	18	19	21	25	27	29	32	34	36	40	41	42	43	51	56	58	60	61	71	73	89	103	106	117	118	130	
39	29
2	3	4	5	11	12	13	14	17	18	19	23	27	29	33	35	36	38	47	51	54	55	60	70	86	103	104	106	130	
40	31
3	5	6	7	11	12	13	14	15	17	19	23	27	28	34	35	36	40	42	46	49	50	51	55	56	58	59	66	67	76	118	
40	30
8	10	11	12	17	18	19	20	21	23	25	31	32	33	35	36	37	41	42	43	47	59	61	67	73	76	86	103	107	118	
49	32
3	4	5	7	10	11	12	13	20	22	28	32	34	40	41	42	43	47	52	55	58	67	70	76	79	89	91	107	108	112	117	118	
46	33
2	5	6	7	8	12	13	14	15	17	18	19	23	28	30	34	41	43	50	52	54	56	59	61	67	68	70	74	76	79	86	89	91	
45	32
1	4	12	13	14	19	20	22	26	27	30	32	34	37	38	41	42	43	51	52	54	56	59	68	71	73	76	79	82	89	107	130	
40	31
2	4	5	7	8	11	12	15	19	20	29	31	33	34	36	39	40	41	42	46	47	52	58	66	67	71	74	82	91	103	106	
42	31
0	1	7	10	12	14	15	17	18	24	26	27	30	31	33	34	35	42	46	51	52	55	58	66	68	79	86	91	104	107	117	
43	31
3	5	6	7	12	13	14	17	18	22	23	24	26	28	36	38	42	46	47	49	51	55	58	60	66	67	71	96	106	118	130	
42	31
0	1	6	7	9	10	13	15	20	26	28	31	32	33	37	41	42	46	49	51	54	55	56	58	66	68	76	79	89	91	107	
41	29
6	7	10	12	14	17	18	21	22	23	27	28	34	35	36	37	38	52	55	58	60	67	73	76	91	96	106	107	130	
43	31
0	3	5	12	14	18	21	25	26	27	28	34	37	38	40	42	43	47	49	51	54	56	61	66	67	70	71	74	89	107	118	
45	32
0	1	6	9	10	12	13	14	22	23	26	28	30	37	41	43	45	50	52	54	55	58	59	60	68	71	74	76	79	86	89	91	
44	33
0	2	3	6	10	12	13	14	15	18	19	20	23	28	30	31	35	36	42	43	46	49	51	54	55	58	61	70	74	86	89	106	117	
38	29
0	2	5	7	8	12	13	14	15	22	26	28	30	31	33	34	46	49	50	51	55	58	60	66	67	68	71	73	107	
42	30
1	3	5	6	7	13	17	23	24	25	27	28	31	37	41	43	46	47	49	56	60	61	67	68	76	84	89	91	104	112	
39	28
0	1	3	6	7	8	9	11	12	22	29	33	34	36	43	45	47	54	55	66	67	68	71	73	89	103	106	107	
45	31
1	3	4	8	13	14	18	19	20	23	26	27	31	32	33	38	42	47	54	56	61	66	70	76	86	96	103	104	106	107	118	
42	32
1	2	4	5	7	8	11	15	20	21	30	32	34	35	36	37	38	39	41	42	45	46	58	59	61	66	67	70	71	84	106	107	
42	30
1	2	4	6	7	11	12	13	17	19	20	23	28	30	31	32	33	37	41	43	46	55	56	76	79	106	107	112	117	118	
42	31
1	2	8	10	12	13	18	19	20	21	24	25	26	28	30	33	35	38	39	40	42	43	56	66	73	76	89	106	107	108	117	
43	31
1	6	8	10	18	21	22	23	29	31	33	34	35	36	38	42	47	49	50	54	55	56	58	60	61	68	70	76	91	96	106	
41	30
0	3	6	12	14	15	19	20	26	30	31	32	33	35	37	38	39	41	49	50	55	58	59	60	66	68	70	76	86	108	
44	31
2	3	4	7	10	13	14	15	18	20	22	28	29	33	35	38	42	43	49	56	61	66	67	68	71	73	84	103	104	107	117	
43	30
0	1	3	5	6	18	20	26	30	31	33	34	37	38	40	41	42	51	54	59	61	66	68	70	74	86	89	104	106	108	
41	31
1	2	5	10	12	14	15	17	18	23	27	28	30	34	35	38	41	42	43	47	52	54	55	58	60	66	74	76	104	106	107	
42	31
1	3	4	8	9	10	11	12	13	18	20	23	25	26	31	33	34	35	43	47	50	56	61	66	67	68	73	74	76	106	118	
39	29
0	4	5	6	7	11	14	17	21	23	25	29	31	33	34	35	36	37	43	50	55	56	58	61	66	67	68	76	117	
41	31
0	6	8	12	14	17	18	19	20	21	26	27	31	32	33	38	40	42	43	49	50	52	60	68	74	84	89	103	106	107	118	
41	30
7	8	11	14	18	19	20	21	23	26	27	28	31	32	33	40	41	42	47	51	55	59	61	66	74	89	96	103	104	112	
43	30
2	4	8	9	11	17	18	19	27	28	31	35	38	40	42	46	47	51	58	66	68	71	74	76	79	86	89	103	107	130	
40	30
0	4	6	7	8	9	10	11	17	21	22	23	27	28	31	32	33	34	35	36	46	55	58	61	67	74	76	89	103	118	
48	31
2	4	5	6	7	10	13	15	21	22	23	27	28	31	33	40	49	54	55	56	58	60	67	68	70	71	74	107	117	118	130	
41	32
1	2	4	9	10	11	13	14	18	20	21	22	23	27	31	32	33	40	42	49	50	51	52	54	55	58	67	70	71	74	76	91	
40	30
1	3	6	8	12	13	14	15	17	18	19	23	28	31	32	34	37	41	42	46	51	58	66	67	68	73	79	86	89	117	
42	30
2	5	6	7	10	11	14	17	18	20	21	22	29	30	33	34	37	43	51	55	58	61	67	68	70	82	89	106	107	117	
41	30
0	2	7	8	9	15	17	19	23	28	30	31	32	33	34	35	37	42	46	47	55	58	61	66	67	71	73	89	107	118	
45	31
0	1	6	9	12	13	14	17	18	21	26	30	37	41	46	51	52	55	56	58	59	66	67	68	70	71	74	76	86	106	107	
38	30
2	4	5	7	11	12	15	20	21	25	27	28	29	30	31	32	34	37	38	39	42	50	57	61	66	68	70	79	86	91	
38	29
2	3	6	7	8	10	14	15	19	23	28	34	35	36	37	39	42	46	47	52	58	61	66	67	68	70	71	76	84	
40	32
0	3	4	5	7	14	17	18	19	21	23	27	28	31	33	34	39	42	46	47	49	50	51	52	61	67	70	71	73	76	86	107	
44	29
0	1	4	8	14	18	20	21	23	25	28	29	31	32	34	35	43	55	58	59	71	74	89	91	103	106	112	117	118	
47	33
1	2	3	6	7	11	12	13	14	15	20	23	26	28	30	35	45	46	49	51	55	58	61	68	71	73	76	82	91	96	106	107	130	
41	30
1	2	3	6	7	8	11	13	20	21	26	27	28	31	33	34	35	39	43	49	54	56	60	61	70	76	89	96	107	108	
40	30
1	3	4	5	6	7	8	12	14	15	17	26	28	33	41	42	43	45	46	51	52	55	61	66	71	73	74	76	107	108	
41	31
1	3	7	8	9	12	13	19	20	23	26	28	30	31	32	34	36	39	41	43	46	50	55	66	67	70	71	74	79	107	130	
43	31
0	1	4	7	10	12	13	20	22	23	26	27	31	33	35	37	41	42	47	52	58	59	60	61	67	68	70	73	76	91	130	
39	30
1	4	5	7	11	12	14	17	19	23	25	28	29	30	31	32	33	34	42	47	52	58	67	70	71	76	79	89	104	107	
44	32
0	2	3	5	7	11	12	14	20	21	28	30	32	34	36	38	43	45	46	50	51	55	56	60	66	70	71	73	79	86	103	117	
44	32
1	2	3	6	7	12	15	17	18	19	25	30	31	33	38	39	40	42	43	47	54	55	58	59	66	67	68	70	71	74	76	79	
39	30
1	4	5	6	7	9	11	12	13	17	19	22	25	26	28	33	35	38	40	42	46	51	55	60	66	68	73	74	107	117	
44	30
4	5	10	11	12	17	18	19	23	25	29	30	31	33	39	40	42	43	55	60	61	68	71	74	76	91	103	106	117	130	
42	30
1	4	5	6	7	8	10	11	12	15	22	23	29	31	32	34	36	37	47	54	55	58	59	60	71	73	74	76	79	130	
41	30
0	1	4	5	10	12	17	18	19	20	21	24	27	32	34	35	36	38	43	47	51	54	56	68	74	76	86	104	112	118	
40	29
0	2	3	4	6	7	8	10	12	13	19	28	32	34	35	37	39	42	50	66	67	70	73	76	79	84	86	107	130	
43	31
1	3	4	7	11	12	14	18	20	23	25	28	34	35	38	42	43	47	49	51	54	55	67	68	70	71	73	76	79	89	118	
44	31
3	6	7	10	17	19	20	21	23	26	30	31	32	34	36	37	38	39	46	55	56	60	61	68	71	76	79	89	106	107	112	
43	30
1	4	7	8	9	11	12	13	17	18	19	20	33	34	36	38	42	46	51	59	66	70	71	74	84	86	89	106	117	130	
46	32
0	2	3	4	5	7	10	12	19	20	27	28	32	35	37	38	42	43	46	55	58	59	60	61	67	68	70	71	76	84	89	130	
41	31
0	2	3	4	7	15	17	19	20	22	27	28	30	35	37	38	39	42	43	49	50	52	54	66	67	71	74	86	91	103	118	
37	29
0	1	3	4	5	7	8	12	17	18	19	21	28	29	31	32	33	35	36	43	51	55	61	66	67	73	74	86	103	
39	27
1	3	7	15	17	21	23	30	31	34	35	36	38	39	41	43	46	55	56	58	67	68	89	91	106	108	118	
44	32
1	2	3	5	7	8	9	12	13	17	19	20	21	26	28	31	35	36	39	46	51	54	66	68	70	71	73	86	96	103	106	118	
43	31
0	5	7	10	12	15	20	22	26	27	29	30	31	32	34	36	37	38	41	46	55	66	67	68	71	84	86	91	96	106	130	
38	29
1	4	7	8	12	14	17	18	19	20	21	23	26	28	31	33	34	35	39	47	52	55	58	60	61	73	76	103	112	
41	30
1	8	10	12	13	14	15	17	20	23	27	31	33	34	35	36	43	46	47	55	56	59	60	67	68	76	89	96	103	107	
43	31
8	9	10	11	12	13	14	17	19	20	23	26	28	31	35	37	41	42	43	47	52	59	60	70	71	73	76	79	103	112	130	
41	28
1	6	7	8	10	11	12	14	15	20	24	33	34	35	42	43	47	54	58	59	61	68	70	71	76	103	112	118	
39	32
0	1	6	7	8	10	11	12	15	17	18	21	22	27	28	34	35	36	37	39	42	45	46	47	52	60	61	67	74	89	91	106	
42	29
0	1	2	5	7	8	12	14	15	18	20	21	28	32	33	38	41	54	55	58	61	68	73	74	76	79	103	107	130	
50	31
1	3	5	7	13	17	18	19	26	30	36	41	43	46	52	55	56	60	67	68	70	71	76	86	89	96	103	106	117	118	130	
40	30
1	2	4	5	6	7	12	14	15	17	18	23	27	30	31	33	34	35	37	39	52	55	56	58	67	68	71	91	104	118	
42	30
4	6	8	10	11	12	14	18	19	21	30	32	33	36	37	39	41	49	54	55	58	61	67	68	70	73	86	89	96	107	
42	30
0	1	2	3	7	12	14	15	19	20	25	31	33	34	37	42	46	47	51	56	58	74	76	79	84	86	89	103	104	118	
47	32
0	1	4	5	9	13	15	20	26	29	30	31	36	37	40	43	50	51	52	56	59	60	61	67	68	70	74	76	86	104	118	130	
43	32
1	2	3	4	6	10	11	14	17	20	26	30	31	33	35	38	41	46	47	50	52	55	56	58	59	67	76	84	86	89	91	107	
48	32
3	7	8	10	12	14	19	20	21	26	31	34	35	36	41	43	46	52	55	60	61	68	71	73	76	86	91	103	104	106	118	130	
43	31
0	1	2	3	4	7	14	19	20	26	27	31	32	36	42	46	49	51	52	54	55	58	60	61	66	67	71	74	89	91	106	
41	30
3	5	8	17	18	19	20	21	23	26	29	31	32	36	37	41	42	47	49	55	61	67	68	70	71	76	86	96	103	106	
37	28
0	2	6	8	9	11	12	15	18	19	29	30	31	33	34	37	39	45	50	58	60	66	67	71	73	76	79	106	
41	30
0	1	3	5	7	8	12	15	18	20	22	27	28	32	33	34	38	41	46	47	50	55	67	68	71	96	106	107	110	130	
42	31
0	1	2	3	7	8	9	12	13	17	18	20	21	23	26	27	28	31	32	33	35	54	55	56	60	61	70	84	89	107	112	
43	32
1	4	10	12	14	18	19	20	21	22	23	25	26	27	29	31	32	34	36	37	38	46	55	56	60	61	67	71	86	89	91	118	
42	30
4	5	6	7	8	10	11	12	14	19	26	28	33	34	35	36	49	51	52	54	55	61	66	67	68	70	73	91	106	130	
41	30
3	4	6	7	9	10	12	15	17	21	23	26	28	32	35	37	38	39	40	47	55	68	70	71	76	79	86	103	104	130	
45	29
4	5	6	7	8	10	11	12	13	18	28	33	34	49	50	54	55	56	58	66	74	76	79	84	89	91	107	117	130	
46	32
1	2	4	5	12	17	18	20	25	26	27	28	31	34	35	36	39	40	47	49	54	61	67	68	70	76	89	96	103	106	118	130	
37	28
0	1	2	5	7	8	11	12	15	17	20	23	31	32	33	34	35	37	39	51	55	61	66	68	74	76	96	112	
35	30
0	2	3	6	8	9	10	14	15	18	20	26	27	28	30	33	35	36	42	45	46	49	50	51	52	58	61	70	71	76	
39	29
0	1	2	4	6	7	8	12	13	14	19	22	23	28	29	30	33	34	39	55	58	66	67	68	70	71	73	76	107	
41	29
2	3	4	6	8	10	13	18	19	20	21	28	31	32	34	35	40	43	50	54	56	58	60	66	67	76	89	117	118	
40	30
0	1	3	5	6	7	9	11	12	14	20	26	27	30	31	33	39	46	47	50	52	55	58	61	68	74	76	84	86	117	
43	31
0	2	3	4	7	8	10	11	17	19	20	26	28	33	38	39	40	42	46	47	54	55	56	61	67	70	76	79	86	89	130	
44	31
1	6	7	8	10	11	12	14	15	22	26	27	28	34	35	36	43	45	47	49	54	55	56	61	68	70	74	89	106	108	130	
41	32
0	3	4	5	8	10	12	17	18	21	23	24	26	27	28	31	33	35	36	38	42	47	49	61	66	67	68	70	86	89	103	107	
43	31
1	7	10	11	12	14	15	17	19	20	26	27	28	29	30	33	38	41	42	46	60	61	67	68	70	71	73	89	91	107	118	
42	31
1	2	3	5	10	15	18	20	28	30	31	32	34	37	39	42	43	46	47	51	54	55	60	61	66	67	71	76	79	89	96	
44	30
2	4	6	7	10	13	15	22	23	28	30	32	33	35	37	38	41	43	54	55	56	67	70	71	74	76	86	104	117	130	
39	31
0	1	4	7	12	17	18	19	26	27	31	34	35	36	38	39	40	41	42	45	46	47	50	51	56	60	67	71	89	106	118	
37	28
1	3	4	7	8	12	13	17	18	26	31	33	34	35	36	41	43	46	51	54	55	60	71	74	76	84	89	96	
42	29
1	5	7	8	12	13	17	20	33	34	36	41	42	43	45	46	51	55	56	61	66	68	71	73	74	76	86	104	108	
46	32
3	4	5	9	10	11	13	17	18	19	27	31	32	34	35	39	42	49	50	51	54	56	67	71	74	76	79	89	104	106	112	130	
45	29
1	2	5	6	7	11	13	22	23	27	29	33	36	39	40	51	55	56	58	61	66	67	70	71	74	104	112	118	130	
40	30
4	6	7	9	14	17	19	21	22	23	26	27	33	34	38	39	40	42	47	50	54	59	60	61	67	70	86	104	106	107	
39	31
1	3	4	6	8	9	11	13	14	18	19	20	23	27	29	31	32	37	40	42	47	49	51	54	58	61	68	70	71	89	106	
49	32
2	3	9	10	12	13	14	15	19	20	21	23	33	34	38	42	43	46	55	56	59	60	61	66	71	73	86	106	107	112	118	130	
39	27
0	1	3	4	5	7	8	11	12	18	20	32	33	35	43	51	55	56	66	70	73	74	76	86	89	104	117	
42	32
0	3	5	6	7	8	13	14	15	17	18	20	28	31	32	33	38	40	41	42	46	50	51	55	61	67	70	73	79	106	107	118	
42	32
1	2	4	9	12	14	15	18	21	22	28	29	30	31	32	33	34	40	42	43	49	51	52	54	55	57	58	66	68	71	91	118	
42	31
1	2	3	8	10	11	13	15	21	22	23	25	26	31	34	35	36	37	39	42	43	52	55	59	66	68	76	96	106	112	117	
47	33
0	1	2	5	6	7	18	19	20	21	22	24	25	26	28	30	32	34	38	45	46	55	58	59	66	67	68	70	74	96	107	117	118	
41	29
4	6	7	10	11	12	13	17	18	21	27	28	31	32	34	35	40	46	47	55	56	58	61	66	67	76	84	117	118	
38	30
0	1	2	3	6	7	12	13	14	15	19	25	27	32	33	34	36	37	40	46	47	49	55	56	58	66	67	73	76	86	
40	29
0	2	3	6	8	11	12	19	21	27	31	32	36	37	38	41	42	49	50	52	58	59	67	76	84	86	104	108	118	
39	30
3	5	6	7	8	9	10	13	14	17	21	22	23	24	26	32	33	37	39	41	46	52	55	58	61	66	67	68	107	130	
41	29
0	1	2	4	5	7	8	18	21	22	23	28	29	33	34	35	42	43	55	56	61	66	67	68	70	74	76	89	117	
41	30
0	1	2	4	5	7	8	13	14	18	20	27	28	30	31	39	41	49	50	54	55	58	68	70	74	76	89	103	106	107	
44	32
2	3	4	7	8	11	15	17	18	19	20	23	27	29	31	32	33	34	35	39	42	50	55	58	66	68	70	84	89	107	117	130	
42	30
1	7	8	12	14	17	18	19	21	22	26	28	30	34	38	41	42	43	52	54	55	59	60	61	66	67	74	76	106	112	
45	31
0	4	8	9	10	12	13	15	17	18	22	27	32	34	40	46	47	49	51	55	56	58	59	70	71	79	89	104	106	117	118	
41	30
0	2	3	7	8	12	14	15	18	19	21	28	33	35	38	39	41	43	45	50	55	61	67	70	71	79	91	103	104	118	
40	31
6	7	8	10	11	12	14	15	20	22	23	27	31	34	35	36	39	40	45	46	47	49	55	58	59	61	66	71	76	103	106	
40	30
0	2	3	5	7	9	10	12	21	26	28	29	34	35	36	37	38	41	46	50	52	55	60	61	67	71	76	84	91	117	
42	32
1	3	6	7	11	12	14	19	20	21	25	26	27	28	31	33	36	38	40	42	43	47	49	58	66	67	79	86	91	96	107	112	
41	32
3	7	8	9	10	11	14	17	18	20	21	22	23	28	30	36	37	38	42	43	47	49	52	54	55	68	74	76	89	103	106	107	
46	32
0	3	5	6	7	8	12	17	20	24	27	28	32	33	36	37	38	40	47	49	51	54	56	60	61	66	73	76	79	112	118	130	
47	33
1	4	7	13	14	17	19	23	25	27	30	31	33	35	36	37	39	41	47	52	55	56	60	68	71	74	76	86	103	104	106	107	130	
42	31
1	4	7	10	13	14	20	22	25	26	27	28	30	31	33	34	35	42	43	49	51	55	58	59	67	70	71	74	89	106	118	
40	31
0	1	3	4	6	8	10	14	17	18	19	20	23	26	28	31	38	41	42	46	47	50	51	55	66	71	73	76	89	107	118	
38	30
0	1	7	8	12	15	18	19	20	21	26	27	28	29	31	32	34	41	42	43	46	52	56	60	70	71	74	76	79	103	
41	31
1	2	3	7	8	11	12	13	14	18	19	20	21	31	37	41	43	46	49	51	52	56	58	67	71	76	89	91	96	106	107	
39	32
1	3	7	8	10	13	14	15	17	19	20	21	22	26	28	31	32	34	35	37	38	40	43	46	50	57	67	68	84	86	89	107	
45	30
0	7	9	12	14	17	21	25	26	27	29	33	34	38	42	43	47	56	58	60	61	66	68	71	73	86	91	106	118	130	
38	30
0	4	5	7	8	12	13	14	17	18	25	26	31	32	33	34	36	41	42	46	49	50	51	57	60	61	66	71	96	130	
43	31
0	1	2	6	7	12	13	15	18	27	28	30	31	34	35	42	43	46	47	49	50	55	58	67	68	70	71	79	107	118	130	
46	32
1	3	5	6	7	10	12	15	20	22	23	28	33	34	38	40	42	46	47	54	55	58	68	71	86	89	91	96	104	106	107	117	
39	31
1	2	3	4	5	8	12	14	18	21	27	28	31	32	34	35	37	40	41	43	50	51	52	54	58	61	66	68	76	79	91	
37	27
1	3	5	7	8	11	12	15	17	18	23	29	30	33	34	35	41	43	46	55	60	66	71	74	107	108	130	
42	30
0	2	3	8	10	11	14	15	18	22	25	28	29	30	31	35	37	42	47	54	55	58	70	73	79	91	103	104	106	130	
43	31
1	2	4	7	8	10	11	14	19	21	23	27	29	32	33	34	37	39	43	46	47	56	70	86	89	96	104	106	107	117	118	
42	29
0	7	8	9	10	12	14	17	20	21	25	33	34	35	38	39	41	46	58	61	66	67	68	71	73	89	91	118	130	
43	30
1	2	4	6	7	10	15	19	21	23	27	31	36	37	39	40	42	50	51	55	56	58	61	66	68	74	76	104	112	118	
45	31
6	7	8	12	13	14	15	18	19	27	28	32	40	42	43	46	49	50	54	59	61	66	67	73	74	76	79	84	89	104	112	
48	32
0	1	2	3	7	9	10	11	15	18	26	27	32	33	34	42	43	46	47	50	56	60	61	68	70	73	74	89	108	117	118	130	
43	31
1	2	5	9	10	11	13	14	18	19	20	27	29	30	31	34	38	42	49	51	56	59	61	66	70	71	74	76	89	106	110	
41	29
1	4	7	8	10	11	13	19	20	26	27	31	32	34	36	42	45	47	54	55	61	67	68	70	74	89	106	107	117	
46	32
3	4	9	10	12	13	14	18	20	21	23	26	33	35	37	38	40	41	42	50	55	56	66	68	71	73	76	82	86	104	108	130	
41	28
3	4	6	7	8	9	10	12	13	15	17	31	32	33	36	49	56	57	58	60	61	67	68	71	73	89	107	112	
42	30
1	6	7	8	10	12	15	20	21	23	25	30	32	34	35	36	37	41	42	49	59	60	61	66	68	74	76	106	112	117	
41	29
0	2	4	6	7	11	12	13	15	19	25	27	30	32	33	34	35	40	43	50	68	70	71	79	96	106	108	118	130	
38	29
2	3	5	7	8	12	13	15	17	20	23	28	33	34	37	38	41	43	46	50	51	56	61	68	71	76	79	106	110	
34	28
0	1	2	7	8	11	12	15	19	20	21	23	26	28	29	30	31	33	34	37	42	43	46	60	66	74	107	112	
41	30
3	4	6	7	8	12	14	18	19	20	23	28	30	32	34	37	42	46	47	49	56	58	59	61	66	73	76	84	107	130	
40	30
0	1	2	3	7	8	10	12	14	15	22	26	30	31	33	35	41	42	46	52	55	58	67	71	73	74	84	103	104	107	
39	31
0	2	6	7	9	12	18	19	21	22	26	27	28	30	31	33	34	37	42	43	46	47	50	54	61	67	68	73	74	86	107	
43	31
1	6	7	9	11	12	15	22	26	27	29	30	32	33	36	39	40	42	46	51	52	54	55	58	61	68	71	74	89	117	130	
45	33
2	3	4	7	8	11	12	13	17	20	21	26	31	32	34	35	36	38	40	42	47	49	52	54	60	61	66	68	74	89	107	112	118	
40	30
1	2	4	5	7	12	15	18	21	25	29	30	31	32	33	34	36	43	46	49	54	55	59	60	61	66	67	68	76	82	
42	30
0	1	3	4	8	9	11	12	14	17	18	22	23	28	30	33	38	39	51	54	55	56	60	66	70	73	76	79	103	130	
41	29
0	1	2	3	4	5	7	8	17	22	23	28	31	33	39	46	49	51	55	56	61	66	67	82	84	91	103	107	118	
41	32
0	1	2	7	10	12	14	15	19	21	22	26	27	28	30	32	34	37	38	42	43	46	51	52	60	66	68	74	79	86	89	117	
42	31
0	2	3	5	8	11	12	18	20	21	23	28	30	31	32	33	37	40	42	43	50	56	57	58	61	67	68	74	76	86	112	
44	31
1	2	5	7	8	14	15	22	28	30	33	34	35	37	38	39	41	43	46	54	55	56	61	66	67	68	70	73	89	91	118	
37	27
0	1	2	6	8	12	13	18	19	24	28	29	30	33	36	39	43	45	49	55	58	61	66	67	71	108	112	
39	29
0	1	3	6	9	10	17	18	19	21	23	26	28	29	30	32	33	37	38	43	46	56	60	68	79	104	107	112	130	
41	32
0	1	2	5	8	10	11	13	14	17	20	25	26	28	29	30	31	33	34	35	41	49	52	54	55	59	71	74	76	79	86	107	
40	30
0	7	10	11	13	15	17	20	22	27	33	34	35	37	38	39	42	43	46	47	55	56	58	60	67	68	70	82	106	107	
45	32
1	3	4	6	7	9	11	14	17	18	20	23	25	27	29	32	42	43	46	47	51	55	67	68	70	74	76	79	86	106	108	118	
42	34
0	1	3	4	5	7	9	12	14	15	18	20	21	22	24	27	28	31	32	33	34	42	45	46	47	49	51	56	58	61	68	71	79	118	
42	30
2	3	5	8	10	13	18	20	21	22	25	28	31	34	37	38	40	42	43	46	54	61	67	71	73	76	84	106	112	130	
42	30
1	2	4	7	10	20	25	27	32	33	35	36	37	38	41	43	49	51	52	56	58	61	67	70	71	74	76	89	106	112	
43	31
1	3	5	6	8	12	19	20	23	28	31	33	34	37	40	46	47	49	51	55	56	58	59	61	66	67	73	74	91	103	107	
45	30
2	3	10	13	14	15	18	21	23	25	26	31	35	41	42	43	51	55	58	60	66	71	74	76	79	86	103	106	117	130	
40	31
0	4	6	12	17	18	19	21	23	24	27	31	33	34	35	37	41	42	46	47	50	51	52	56	59	61	67	76	86	107	112	
38	30
1	5	6	7	8	12	14	15	17	20	21	23	26	30	32	33	34	35	37	41	42	46	54	55	58	61	66	67	71	107	
41	32
2	3	6	7	12	18	19	21	22	25	27	31	32	35	37	38	39	42	43	46	47	49	51	55	58	66	67	68	74	84	96	106	
44	32
7	11	12	13	14	18	19	20	21	22	28	31	32	33	37	40	41	42	46	47	51	55	61	70	71	76	79	89	96	104	106	118	
44	31
1	2	3	11	13	15	18	21	22	23	30	31	33	35	36	39	43	50	52	55	58	61	67	68	71	74	79	89	91	103	117	
41	30
0	3	4	5	10	12	13	15	17	18	24	30	32	33	34	36	38	39	43	54	55	56	59	61	67	70	71	74	79	107	
41	30
1	4	11	12	13	18	19	20	22	25	26	29	30	31	32	33	34	42	47	54	55	56	68	70	71	86	89	91	96	103	
39	30
0	2	5	8	11	13	18	20	26	28	30	31	32	33	35	37	39	40	42	49	50	52	55	58	61	66	67	91	103	108	
39	29
1	2	3	5	7	12	15	19	20	23	27	28	35	36	38	43	46	49	51	58	59	66	67	70	71	73	74	96	106	
46	31
0	1	6	11	14	18	20	22	23	25	27	30	34	35	45	50	51	52	56	61	67	68	71	73	89	91	103	104	106	118	130	
43	32
1	7	12	14	18	20	21	23	26	27	30	31	32	34	35	36	38	42	47	49	50	52	54	61	66	68	70	76	89	104	106	118	
42	30
0	2	4	7	8	10	12	14	15	17	19	20	24	28	30	32	38	41	43	46	51	55	59	60	67	79	96	110	112	118	
44	30
0	10	12	18	19	23	27	28	31	32	33	34	35	37	42	47	49	54	55	59	60	61	71	73	76	79	84	91	103	130	
39	31
1	2	4	5	6	7	10	13	14	19	21	23	26	27	28	31	32	40	43	46	47	51	52	58	67	71	74	76	89	96	106	
43	31
0	1	2	3	9	10	13	15	17	18	20	21	22	29	32	36	37	42	43	46	52	55	56	58	60	67	79	86	89	108	130	
45	31
0	3	4	7	9	10	11	12	14	17	20	21	22	26	27	36	38	43	47	54	58	60	61	67	73	74	86	91	106	118	130	
38	30
1	3	7	8	10	13	17	19	20	21	22	23	26	28	30	31	33	36	41	45	46	52	55	60	66	73	74	76	89	106	
38	31
0	1	4	8	12	13	14	17	18	19	23	28	30	31	32	33	34	35	37	38	40	42	46	50	60	61	66	73	76	91	107	
45	30
1	2	3	4	8	15	17	19	22	23	28	29	30	31	33	45	46	51	55	59	66	67	70	76	86	91	103	112	118	130	
41	31
1	2	3	7	8	11	12	14	15	20	22	26	27	28	31	32	35	37	42	47	49	50	58	61	66	67	89	96	106	107	112	
40	31
0	2	5	6	7	8	9	10	11	14	20	21	25	26	28	33	34	37	38	43	46	50	55	56	66	70	76	79	84	106	107	
40	30
2	3	4	7	8	10	15	20	21	22	23	25	28	29	31	34	35	38	42	46	49	54	55	56	60	71	74	76	79	118	
37	30
0	1	4	6	7	8	10	12	13	17	19	20	22	23	26	28	30	33	34	35	36	37	46	60	66	67	68	76	82	107	
41	31
1	2	3	6	8	9	12	13	14	15	18	20	28	30	33	34	37	39	40	43	46	54	57	61	67	73	74	79	86	91	103	
40	29
1	3	7	12	14	17	18	21	23	25	26	27	34	35	37	38	39	42	43	51	55	56	61	66	76	86	106	117	130	
43	31
0	1	2	3	5	7	8	9	11	12	13	17	20	23	25	26	27	32	33	46	51	60	61	66	68	74	79	89	103	117	118	
40	30
0	1	5	7	8	12	13	14	20	21	24	25	28	30	31	32	33	34	35	42	45	47	54	61	74	84	86	91	117	118	
41	32
5	7	9	10	11	13	14	17	20	21	25	26	27	33	34	38	40	42	43	45	46	49	52	55	61	66	76	86	91	96	103	106	
45	34
1	2	8	10	12	14	18	19	21	23	26	27	28	29	30	31	34	38	39	43	47	50	51	52	54	56	59	61	67	74	76	84	86	110	
44	31
0	2	8	12	14	18	20	21	27	28	30	34	35	38	39	41	43	45	47	51	54	55	56	57	66	70	71	76	106	110	117	
39	29
1	2	3	4	5	6	7	8	9	23	26	27	28	30	37	39	42	46	47	58	60	61	66	67	74	76	79	89	107	
42	30
4	10	12	15	18	20	22	31	32	33	34	35	36	38	41	42	43	49	51	54	55	56	60	66	68	70	71	86	91	118	
40	30
0	2	4	5	8	10	11	12	14	21	23	27	31	33	34	36	46	47	49	51	55	56	58	59	61	66	70	73	86	106	
40	30
0	1	3	4	5	6	7	12	13	15	17	18	20	23	25	27	30	34	40	45	51	54	55	60	67	70	79	86	107	112	
40	31
0	1	2	5	7	8	10	13	17	19	22	23	28	31	34	36	37	41	46	47	49	51	54	55	56	59	66	67	73	84	107	
41	29
0	2	7	11	12	13	19	21	23	30	33	34	35	36	37	38	43	46	47	55	56	60	66	67	70	86	107	110	112	
41	32
0	1	2	4	5	6	12	14	18	19	23	26	27	31	32	34	35	36	37	40	41	47	52	59	61	67	68	70	73	84	89	107	
42	31
2	3	4	5	7	8	10	12	13	14	15	20	21	26	28	30	36	38	43	50	52	54	55	60	70	71	73	76	104	107	118	
36	29
0	2	5	6	7	8	10	13	23	25	26	28	31	32	33	34	35	37	38	39	41	49	51	55	61	66	67	70	130	
40	30
1	2	4	7	8	11	13	14	15	20	26	27	31	33	35	41	42	47	49	51	55	58	61	66	71	73	74	76	106	107	
40	32
1	2	3	4	6	7	8	9	12	13	14	15	19	22	23	28	29	30	32	33	35	36	41	43	52	54	58	67	74	76	104	130	
40	32
3	6	8	14	15	17	18	19	21	23	25	29	30	31	32	33	35	39	41	42	43	47	49	52	57	61	67	73	74	86	91	96	
42	30
1	10	11	13	14	19	20	26	27	30	31	32	33	34	38	40	42	43	49	52	54	57	59	61	68	74	76	89	118	130	
45	31
1	4	5	8	12	17	18	21	26	28	29	30	31	37	41	43	46	50	54	55	59	66	67	68	82	86	89	91	103	107	118	
42	30
0	1	2	3	5	7	8	9	10	11	12	18	19	20	31	33	35	40	46	47	55	56	66	86	89	104	106	107	112	117	
36	30
0	2	3	4	5	7	8	10	11	12	14	15	18	20	26	28	32	34	35	38	42	43	45	49	51	61	70	73	76	118	
42	28
0	1	2	5	7	8	10	12	13	17	25	29	33	34	35	42	55	58	61	66	67	68	71	84	104	107	117	118	
40	30
1	7	8	10	13	18	20	23	25	26	31	32	33	34	35	39	40	41	45	46	51	55	59	61	66	67	71	73	76	130	
37	29
0	1	2	3	8	13	18	19	21	23	26	28	30	31	33	34	35	37	39	46	50	51	58	60	66	68	76	79	118	
47	32
0	6	7	12	14	17	19	27	28	29	31	33	34	38	40	45	49	50	51	54	55	58	61	66	71	76	91	103	104	107	117	130	
41	29
1	5	9	10	11	12	17	20	26	28	29	33	38	41	42	43	47	50	55	58	59	68	71	73	74	89	96	107	130	
46	32
4	10	11	13	18	19	20	21	25	26	29	32	33	39	40	41	42	43	47	54	57	61	66	67	71	74	79	86	89	91	104	117	
45	30
1	5	6	7	9	10	11	13	14	20	21	32	33	34	38	43	46	51	55	56	57	67	68	73	74	84	107	112	117	130	
45	32
0	2	4	6	7	8	10	13	14	17	20	21	26	28	32	35	40	43	46	47	56	58	59	60	61	67	70	73	89	91	103	118	
41	30
0	1	2	6	7	9	13	20	23	24	27	33	34	40	42	43	45	46	47	55	56	66	67	68	71	73	74	76	106	107	
38	29
1	4	5	6	7	12	13	17	18	22	23	26	27	28	37	39	40	42	43	49	55	66	68	70	71	74	84	89	91	
44	32
0	1	4	7	11	12	14	15	18	20	27	30	31	34	35	38	41	42	46	49	51	52	55	58	68	70	74	89	91	106	118	130	
46	32
0	1	3	4	7	10	13	14	15	18	19	20	25	30	34	36	38	40	42	50	52	55	61	66	67	70	76	86	104	112	118	130	
35	27
0	1	4	7	8	13	18	19	20	22	26	27	31	32	34	36	42	49	50	55	67	68	70	74	76	84	86	
37	28
1	3	7	14	17	19	21	23	27	28	31	32	33	34	35	42	46	47	51	54	58	66	67	73	76	103	104	106	
40	29
0	1	2	3	4	6	17	18	22	27	28	29	33	35	42	43	46	47	52	54	61	67	86	89	91	96	103	107	130	
47	31
0	1	2	5	12	13	17	18	27	28	34	38	42	43	46	47	49	55	56	60	61	67	68	74	84	89	103	104	107	118	130	
47	33
10	12	14	19	20	21	23	27	28	30	31	33	37	41	42	43	46	50	51	52	59	60	67	68	70	71	73	79	86	91	104	107	118	
41	30
1	3	4	7	8	12	15	17	19	23	31	32	34	35	36	39	40	42	46	51	56	61	66	68	71	73	74	86	89	118	
43	30
0	1	3	4	7	8	9	12	20	23	26	31	33	41	42	43	47	52	54	58	61	68	71	74	91	96	103	106	107	108	
45	29
0	1	2	5	7	8	10	13	14	15	18	19	20	32	33	34	36	56	57	61	66	67	71	74	107	112	117	118	130	
41	32
1	3	8	12	13	17	18	19	20	21	22	23	26	29	30	31	32	33	36	37	38	42	43	55	60	61	66	68	73	74	84	91	
44	33
1	4	5	6	7	8	10	13	15	17	19	21	23	26	28	30	31	33	37	41	42	45	46	54	56	67	73	76	89	96	106	107	118	
43	31
1	3	5	6	8	13	17	18	21	22	24	28	30	31	33	37	40	43	49	52	55	56	60	61	67	74	84	89	96	107	130	
43	33
3	5	7	8	11	12	13	14	15	19	20	23	27	28	29	31	33	40	42	43	47	49	50	58	66	67	68	70	71	73	86	106	107	
36	30
1	2	3	6	7	8	10	11	13	17	19	20	21	26	28	31	32	33	34	37	40	42	46	49	52	55	67	70	76	112	
39	30
0	4	5	7	8	11	19	21	23	26	28	30	33	34	36	38	40	42	49	50	51	54	55	60	61	66	67	70	73	76	
42	31
1	2	3	4	5	6	9	12	18	22	23	24	26	27	31	33	35	37	41	42	43	60	61	66	67	71	74	84	96	107	112	
41	31
3	6	10	13	14	15	17	19	20	22	23	24	26	30	32	33	39	42	43	46	51	55	58	59	61	67	68	70	74	104	106	
41	29
0	1	2	3	4	5	7	8	10	19	20	21	26	28	29	31	43	46	49	56	58	68	73	74	76	86	106	112	130	
44	33
0	1	2	4	5	6	7	8	9	11	14	19	20	23	28	29	30	33	37	39	41	46	57	58	66	70	71	73	76	82	86	103	106	
45	29
0	2	4	7	10	15	18	27	30	31	34	35	36	42	46	55	56	58	61	68	70	71	74	76	86	89	106	117	130	
45	32
0	3	4	6	7	8	9	12	15	17	20	21	23	32	33	35	36	38	41	49	50	55	61	68	70	76	82	86	96	106	110	130	
45	31
0	1	3	8	12	15	17	18	19	20	22	23	25	32	33	36	41	51	54	59	60	61	66	67	68	70	74	79	89	103	117	
41	30
1	3	7	8	10	11	15	20	22	23	27	30	31	34	35	36	37	41	46	47	55	61	66	68	73	76	89	91	106	110	
44	32
1	3	8	10	15	17	18	21	22	23	24	26	27	31	32	33	35	42	49	51	55	58	66	67	68	73	74	79	91	103	104	106	
41	32
1	2	5	8	9	10	12	17	18	19	20	23	26	28	31	33	34	35	37	39	40	50	51	52	54	61	66	67	74	86	89	118	
45	32
1	4	9	10	13	17	18	22	23	24	26	27	30	34	36	37	38	46	47	49	55	58	68	70	71	74	89	103	104	106	107	118	
39	30
2	3	4	6	7	9	10	12	14	18	20	21	23	25	27	28	35	37	39	46	51	52	58	61	66	70	76	91	106	118	
38	31
0	1	2	3	7	8	9	10	14	23	25	28	29	30	33	34	35	37	38	40	42	45	46	51	55	60	66	76	86	89	107	
42	31
2	3	4	6	7	8	10	18	23	24	28	30	31	32	35	37	41	42	46	47	49	50	55	57	61	68	71	76	84	108	112	
41	30
1	3	4	7	11	12	14	15	17	18	19	20	23	27	33	35	36	38	43	46	47	55	60	66	68	70	86	107	118	130	
43	31
7	8	12	13	14	15	17	18	19	22	25	26	31	33	35	39	41	43	47	51	59	60	61	66	68	70	71	79	96	103	130	
43	33
1	2	7	13	14	15	17	19	20	21	22	26	27	29	30	32	33	35	38	41	42	46	50	51	61	66	67	70	86	89	91	96	130	
38	29
1	3	4	7	10	11	12	14	17	18	22	23	27	28	32	34	35	36	37	38	47	55	58	60	66	70	76	103	118	
40	29
1	2	3	4	5	7	8	12	18	23	28	30	35	37	38	49	51	52	55	56	58	61	66	68	70	76	79	103	107	
38	28
2	4	5	6	7	11	15	22	23	27	28	35	36	39	40	42	47	49	50	58	61	66	67	70	71	106	107	118	
41	30
0	1	2	3	4	7	8	11	12	15	18	19	20	23	27	32	33	38	43	46	47	58	59	67	74	86	91	106	110	118	
46	30
0	2	3	5	6	7	8	10	11	14	19	23	30	34	43	49	51	55	56	61	66	70	74	76	86	91	106	112	118	130	
39	29
0	1	2	4	8	10	18	20	21	23	28	31	33	35	37	40	42	46	49	51	54	55	56	66	67	74	76	104	118	
44	30
1	2	6	9	10	14	15	20	21	27	31	34	36	37	38	43	46	55	56	59	60	67	68	76	86	89	91	106	107	118	
48	33
1	2	4	7	8	12	14	18	19	21	25	26	31	33	37	41	43	46	49	50	57	58	60	61	68	71	79	86	91	103	107	108	118	
39	30
0	1	3	5	6	8	10	11	12	18	20	22	23	24	28	30	34	38	41	42	46	49	56	58	60	61	66	70	76	118	
39	29
0	1	4	7	8	9	12	17	18	20	26	27	28	29	34	37	42	43	47	52	55	67	74	76	79	86	106	107	117	
47	33
1	8	10	20	23	25	27	28	30	31	32	34	35	36	38	39	40	42	45	47	49	56	59	60	61	68	70	79	84	89	91	117	130	
42	30
1	3	5	7	8	12	13	14	28	29	30	33	34	38	39	47	49	50	51	54	57	58	61	66	71	73	74	76	107	118	
43	31
1	2	5	11	13	14	18	19	20	22	23	26	31	34	35	37	39	40	42	43	51	55	56	59	61	74	86	103	106	117	118	
44	31
0	1	2	4	9	12	14	17	18	21	26	27	30	32	34	37	39	42	43	51	55	60	67	71	73	79	84	86	104	117	118	
48	32
1	3	5	11	12	13	14	18	19	25	26	28	30	34	35	36	37	43	49	54	55	67	70	71	74	89	104	106	107	117	118	130	
42	31
2	3	6	10	17	18	20	23	26	29	30	31	32	33	35	36	37	38	41	46	47	54	55	61	68	71	79	86	89	107	130	
41	29
0	1	2	6	7	8	11	13	19	20	21	27	31	32	33	40	47	49	51	56	58	60	66	71	74	89	106	112	118	
45	33
4	5	8	11	12	17	18	24	27	28	29	30	31	32	33	34	40	41	43	47	50	51	55	58	68	73	76	79	91	96	104	107	108	
41	31
0	1	3	5	8	17	19	20	21	22	23	25	27	28	34	38	42	45	46	50	51	57	59	60	66	67	68	70	84	86	106	
41	30
1	2	3	10	11	12	13	14	18	19	20	24	27	32	33	41	42	43	45	46	51	54	67	71	73	76	86	107	110	117	
38	29
1	2	3	4	5	7	8	11	14	15	17	20	21	32	33	38	43	46	50	51	55	56	58	60	66	74	86	89	103	
41	30
0	1	4	5	7	10	12	15	20	21	26	27	28	33	34	36	38	46	47	51	55	56	58	67	68	70	73	74	107	117	
46	33
2	3	4	5	6	7	9	12	15	22	25	27	31	32	33	37	39	46	50	51	52	58	59	60	61	66	68	71	74	79	96	107	117	
41	34
0	2	3	4	6	7	8	12	13	15	18	20	21	22	23	25	30	31	32	35	38	41	42	43	47	51	52	55	58	61	67	74	86	106	
38	29
1	3	4	8	10	11	12	14	15	17	18	23	30	33	34	35	38	41	43	47	55	56	60	66	73	74	86	103	107	
41	30
0	2	3	4	6	15	18	19	20	22	23	28	30	31	32	33	37	40	46	47	54	55	67	68	74	76	79	86	104	118	
43	30
3	4	8	10	11	12	14	15	17	19	23	31	34	37	39	41	46	51	56	59	61	66	67	73	79	86	89	103	106	118	
44	33
3	4	6	10	14	15	17	18	19	21	23	26	29	30	31	32	33	38	39	46	47	49	54	55	61	67	68	71	84	86	89	106	107	
42	30
0	1	6	7	8	12	14	17	22	25	26	28	33	35	38	41	45	47	51	54	56	58	61	66	67	68	70	76	107	117	
37	30
3	4	5	7	8	9	10	11	17	19	21	23	30	33	34	35	38	42	43	47	49	50	52	56	60	67	68	74	76	91	
42	30
2	3	7	8	10	11	12	14	20	21	26	27	32	33	35	38	47	51	52	55	58	61	67	74	76	86	91	106	107	117	
43	32
0	1	3	9	10	13	14	15	19	20	23	27	28	32	35	38	41	42	43	46	47	49	51	58	59	66	67	68	74	91	117	118	
44	33
5	6	7	8	11	12	13	14	15	20	30	32	33	34	35	36	41	43	45	46	50	52	55	58	60	66	71	74	86	89	91	103	107	
44	33
3	4	6	7	13	17	18	20	26	28	31	32	34	35	37	38	40	41	42	43	46	47	49	54	55	60	61	66	78	79	89	106	130	
40	30
2	3	4	5	7	8	10	11	12	14	21	23	34	36	37	38	41	43	46	50	51	54	56	60	61	67	76	86	89	118	
36	29
0	2	7	8	10	11	13	14	19	20	21	23	25	27	28	31	33	34	35	42	43	46	54	56	61	66	74	76	89	
42	31
1	2	3	4	7	8	9	12	18	19	20	21	23	28	30	31	34	35	38	43	51	56	66	67	73	74	76	91	103	106	117	
43	31
1	6	9	13	14	15	17	18	20	23	26	28	32	37	40	41	42	43	46	55	56	59	67	68	71	73	74	76	84	91	106	
46	32
0	1	4	7	10	11	12	15	18	27	32	34	35	38	41	42	46	51	52	58	60	61	70	74	79	82	86	89	91	103	107	112	
39	30
1	3	5	7	10	11	12	18	20	23	27	29	30	34	36	38	42	45	46	47	49	55	60	61	68	70	76	86	103	106	
41	30
0	1	5	6	7	8	12	15	17	18	21	22	25	26	32	33	34	39	42	49	55	58	60	61	66	67	68	71	76	112	
42	29
1	3	5	6	8	10	12	15	20	23	24	30	31	33	35	38	47	49	56	58	59	61	67	68	73	76	86	112	118	
44	31
7	8	11	12	14	15	17	18	19	23	27	28	30	31	32	35	42	47	50	54	60	61	73	74	76	89	96	103	104	106	108	
40	32
0	3	5	6	8	9	12	13	14	15	17	18	20	22	26	30	33	35	36	37	38	43	47	52	54	55	56	61	68	74	76	79	
44	31
1	4	6	7	10	11	12	14	17	19	23	28	33	35	36	41	42	47	51	52	58	59	61	66	70	73	74	104	106	117	130	
39	30
0	2	6	7	8	12	13	14	17	18	19	21	23	26	27	32	33	38	41	43	47	49	61	66	68	73	84	96	107	130	
44	32
1	3	7	9	11	13	20	21	23	27	28	29	31	34	36	39	42	46	47	50	56	60	61	66	67	73	74	76	79	82	89	107	
40	30
8	10	12	17	18	22	23	25	26	27	29	31	32	33	34	35	37	38	43	46	47	55	56	60	66	70	71	76	82	130	
41	30
0	1	3	6	7	9	10	11	12	14	15	20	26	28	33	38	40	43	46	47	55	58	67	68	73	74	76	86	91	117	
44	33
1	2	4	6	8	9	10	12	15	17	18	19	21	28	30	32	33	34	35	40	42	43	51	66	70	74	76	79	86	91	104	107	117	
45	32
2	3	4	6	7	11	12	13	14	18	21	30	32	33	35	39	40	41	50	52	54	56	58	59	61	66	67	68	76	104	107	118	
41	29
0	1	3	8	11	13	19	20	21	22	25	28	29	31	33	34	36	43	46	58	59	67	70	74	76	86	89	108	118	
39	29
1	2	6	12	14	18	23	26	27	28	35	36	37	41	45	49	50	51	52	55	58	59	61	67	70	73	76	91	106	
42	32
3	6	7	11	12	13	14	17	18	19	20	25	26	27	32	33	35	40	42	43	47	49	51	55	56	58	61	68	70	71	89	130	
40	30
0	1	3	6	8	12	14	15	17	18	23	25	30	33	34	35	38	41	46	51	54	56	58	61	66	67	71	89	103	107	
38	30
1	2	3	4	5	7	8	11	12	14	17	18	19	20	25	29	32	33	34	35	41	43	51	58	66	67	68	76	107	117	
36	30
0	1	5	8	9	10	11	13	14	15	17	18	19	20	26	27	31	32	33	34	35	46	49	50	51	55	71	74	103	118	
45	32
2	3	4	7	12	14	17	18	19	20	23	24	27	28	32	37	38	40	42	47	50	58	59	66	68	70	74	76	106	107	112	130	
36	29
0	1	2	3	7	8	10	12	14	17	19	21	23	28	29	30	31	33	34	40	43	50	51	60	73	86	103	106	118	
46	30
2	3	8	9	11	22	23	30	31	33	36	37	38	39	42	47	49	55	58	59	61	66	68	74	79	103	104	110	112	130	
42	31
3	4	5	7	8	11	12	13	14	15	17	20	21	22	23	26	29	31	36	38	43	50	55	60	67	70	71	73	107	117	118	
45	31
0	1	2	5	7	12	18	25	27	28	34	35	36	38	39	40	42	46	49	55	57	58	68	71	74	79	96	103	107	112	117	
41	29
0	3	5	7	8	13	14	17	18	25	31	33	34	37	39	41	42	46	47	58	60	61	66	67	68	71	76	118	130	
41	30
1	4	12	13	14	19	20	21	26	27	30	34	36	37	38	40	42	43	49	51	54	59	60	66	67	70	71	73	106	118	
37	29
1	2	3	5	8	12	14	15	18	22	23	28	30	32	34	37	38	39	42	43	46	51	55	56	66	73	76	107	118	
40	30
1	8	10	11	15	17	18	22	23	25	26	27	29	31	33	34	35	42	47	50	55	56	60	68	70	86	89	96	104	107	
45	31
0	1	5	13	14	17	18	20	22	26	27	28	31	32	36	40	47	49	50	54	59	61	66	67	68	70	73	76	103	118	130	
42	31
3	6	8	12	17	18	19	21	23	26	27	32	36	37	38	39	41	42	43	46	49	50	60	66	67	68	73	79	86	108	112	
38	30
0	2	3	7	8	11	14	19	20	21	23	27	28	31	32	33	38	39	42	46	49	50	56	58	61	66	76	89	103	107	
38	31
0	1	2	5	6	9	10	11	13	15	17	18	20	28	30	33	35	37	39	41	43	45	46	47	54	55	56	60	74	76	106	
37	28
0	1	2	3	6	7	8	10	13	15	19	20	28	30	33	34	35	37	47	49	60	67	70	76	79	96	107	118	
43	33
0	1	2	4	5	6	7	8	12	14	19	21	22	25	26	28	31	32	33	34	35	37	38	46	50	60	68	71	74	76	89	112	117	
46	31
1	2	3	8	11	13	14	15	18	19	22	23	27	30	31	37	39	43	51	56	58	67	68	70	89	103	106	107	112	117	118	
40	30
1	2	3	4	14	15	19	23	28	29	30	31	34	35	37	38	39	42	47	49	56	59	61	66	70	73	76	89	104	106	
41	29
1	4	7	8	10	11	12	13	17	20	31	33	34	35	36	42	43	47	55	60	70	71	74	76	86	89	103	106	118	
40	30
1	3	5	7	8	12	14	18	20	24	28	34	35	37	38	40	41	42	43	46	47	54	55	58	59	71	76	89	103	118	
42	31
2	4	6	7	10	13	15	17	18	19	20	22	27	28	40	42	43	46	47	49	54	55	56	66	68	70	74	76	79	89	107	
44	31
13	14	17	18	26	27	28	30	31	32	35	37	38	41	42	43	46	47	49	52	54	55	56	71	74	89	96	103	107	118	130	
35	28
0	1	2	5	6	12	14	15	17	18	23	27	28	31	35	37	38	41	42	43	46	47	54	55	60	67	107	118	
41	29
1	4	6	7	8	11	12	17	18	27	29	30	31	33	35	36	39	40	54	55	56	58	67	68	70	71	76	86	130	
40	31
2	6	8	11	12	13	14	15	18	19	23	29	30	31	33	34	37	39	40	43	45	50	55	60	67	68	71	73	74	76	106	
44	32
0	3	5	6	10	11	13	17	18	19	21	23	30	32	34	37	40	46	47	51	54	55	58	67	71	74	76	79	89	103	104	106	
43	33
3	4	5	6	7	9	12	13	15	20	21	22	26	28	31	32	35	36	42	43	46	47	49	52	55	56	58	60	74	84	96	103	110	
41	30
2	3	4	5	8	10	12	14	15	23	27	28	31	32	34	35	37	38	43	52	59	61	66	71	76	79	84	89	103	118	
43	30
1	2	3	7	17	18	21	22	26	31	33	34	35	36	38	39	43	47	51	54	55	56	60	74	76	84	86	106	117	130	
44	30
0	1	2	4	7	17	18	27	28	30	31	34	35	39	42	46	49	55	56	66	68	71	76	89	91	96	104	106	107	118	
42	29
1	3	4	11	12	14	15	20	31	33	34	35	40	41	42	43	47	54	58	59	61	68	71	73	76	79	103	104	118	
43	31
1	2	3	4	7	9	11	12	13	19	22	25	26	27	28	33	34	36	41	42	43	45	51	60	70	79	106	112	117	118	130	
46	30
0	1	3	7	8	9	10	14	20	30	31	34	36	38	45	49	52	55	56	58	68	70	73	76	103	106	107	108	112	118	
42	31
1	2	6	7	8	11	12	14	15	17	18	20	26	27	30	32	33	35	36	40	46	58	61	67	68	74	76	79	89	107	118	
35	29
0	1	11	15	17	18	22	23	24	26	27	29	30	31	33	34	35	37	39	42	43	47	49	54	55	68	73	76	106	
39	30
3	4	7	8	10	12	13	14	15	17	18	19	23	28	30	31	33	34	43	46	51	55	56	61	66	67	71	79	96	107	
34	30
1	2	3	4	5	7	8	9	12	13	14	17	19	20	21	23	24	26	29	33	36	38	39	42	46	49	58	66	86	91	
38	28
1	2	4	9	12	13	18	27	28	31	34	37	41	42	43	46	47	51	55	56	68	71	74	76	79	82	86	89	
36	28
0	1	3	4	7	8	10	12	17	19	26	31	33	34	36	38	42	45	47	51	55	68	73	74	84	86	89	107	
47	32
0	1	6	7	11	12	17	18	22	25	28	35	36	40	41	43	47	49	52	54	55	59	61	67	68	70	84	86	96	107	118	130	
46	30
1	6	9	10	13	14	17	18	23	26	28	30	31	32	39	40	55	59	66	67	70	71	73	76	84	86	89	104	118	130	
49	31
1	7	10	11	15	17	18	20	27	30	35	36	42	46	51	54	55	56	60	61	66	70	71	73	74	76	89	106	107	108	112	
47	31
0	1	3	7	9	11	12	13	15	29	31	32	34	36	45	46	50	51	55	56	68	79	82	86	89	91	104	107	108	117	118	
43	32
0	1	2	3	5	7	8	10	12	14	19	21	22	28	31	34	36	37	43	45	51	56	57	58	60	66	73	74	84	104	106	107	
44	30
0	2	6	7	12	19	20	21	26	29	31	33	37	39	41	46	50	54	55	56	58	60	66	68	71	74	89	91	96	112	
40	28
3	5	10	11	12	18	20	21	22	31	34	36	37	40	42	43	49	54	55	56	58	60	61	70	76	86	106	112	
47	32
0	1	4	7	8	10	15	23	27	28	30	31	34	35	37	41	46	52	54	55	56	61	66	67	68	76	84	86	91	103	107	112	
41	29
1	2	3	4	8	12	13	14	18	19	20	23	26	28	30	34	35	42	43	61	66	67	71	73	76	103	107	117	118	
42	29
0	1	2	4	11	12	13	18	26	31	32	34	35	42	47	49	51	54	55	56	59	60	68	74	76	84	89	103	117	
37	28
0	3	8	10	11	12	14	17	18	19	21	23	25	27	28	34	35	38	39	42	59	60	61	66	67	70	76	118	
40	32
1	2	4	5	6	7	8	11	12	15	17	19	20	23	30	33	34	35	36	39	40	41	42	46	51	54	61	66	68	73	86	130	
43	30
0	5	8	12	13	17	18	20	21	25	26	33	34	36	37	40	47	49	51	55	56	58	61	66	71	76	84	107	112	117	
39	29
1	3	7	8	9	12	15	17	19	20	22	23	26	28	29	31	32	35	36	52	54	58	60	70	76	84	96	104	118	
38	29
1	4	5	7	8	12	13	15	17	20	21	23	25	28	31	33	35	41	43	52	55	60	66	68	71	74	76	86	89	
44	32
1	3	4	8	12	13	17	20	26	28	29	30	31	32	35	37	39	43	46	50	54	55	59	60	66	73	74	76	86	89	91	106	
40	31
1	4	6	10	11	14	17	18	19	20	23	26	27	29	31	32	33	34	39	42	46	47	49	55	60	68	70	73	89	107	130	
49	32
2	4	5	6	7	10	11	14	15	18	19	21	26	28	34	39	46	54	55	59	60	61	66	67	76	89	91	103	106	107	112	118	
41	31
0	1	3	4	7	8	11	12	13	14	15	20	26	31	32	34	35	40	41	42	43	51	54	61	67	71	73	89	91	104	118	
38	31
0	1	4	5	8	12	14	18	19	20	21	23	27	28	33	36	37	38	39	41	42	45	47	50	51	58	66	73	74	86	112	
47	34
1	2	3	5	6	11	12	13	14	18	23	28	29	32	34	35	37	38	39	43	46	52	55	66	68	73	74	76	84	89	91	96	107	112	
40	29
0	6	8	10	14	17	18	20	21	23	27	28	31	32	34	35	37	39	51	55	56	58	61	66	76	91	96	106	117	
45	31
1	2	3	10	14	15	17	18	20	23	28	32	34	35	37	38	42	47	55	56	58	60	67	68	70	74	86	96	104	107	118	
38	27
5	7	8	11	12	14	15	20	23	30	33	35	38	41	42	43	50	58	61	68	71	76	79	86	89	107	117	
39	31
1	4	7	8	13	17	18	19	26	28	29	30	31	32	33	34	35	37	41	43	46	50	52	55	61	67	70	74	82	89	91	
39	30
0	2	3	6	7	8	9	11	13	17	21	22	23	27	33	37	38	40	43	46	47	55	66	67	70	71	84	89	106	107	
39	29
0	1	6	8	9	13	17	18	19	21	25	27	28	29	33	34	36	37	40	42	43	46	55	56	67	76	112	118	130	
44	32
2	3	4	5	7	8	12	14	20	23	26	27	28	33	35	37	38	49	50	51	52	54	55	56	58	67	71	74	76	82	89	130	
44	31
0	7	9	10	11	12	15	17	21	23	27	31	34	35	36	37	38	46	55	60	61	66	67	71	73	79	89	91	96	106	107	
38	29
0	1	3	4	5	7	8	13	14	18	20	31	35	36	41	42	43	47	50	52	54	56	61	68	74	76	89	104	106	
37	30
1	2	7	8	10	12	13	17	20	21	23	25	26	28	31	32	33	34	35	36	37	43	52	55	58	61	66	67	76	103	
35	29
3	5	7	8	9	10	11	12	17	19	20	21	22	23	26	29	31	36	37	39	40	43	47	66	67	73	86	106	107	
40	28
1	4	7	9	11	14	19	20	23	27	29	31	32	33	34	42	46	47	54	58	66	74	76	86	103	107	117	130	
43	33
2	3	5	13	18	19	21	23	27	28	29	33	34	37	38	40	42	43	46	49	50	51	52	59	60	61	70	71	73	76	79	91	103	
40	29
0	1	4	7	8	11	12	13	14	15	17	18	31	33	35	39	41	46	47	54	55	61	67	68	76	103	106	107	112	
47	32
1	3	8	10	13	14	15	18	22	23	25	34	35	36	37	40	41	46	47	54	59	60	61	66	67	73	76	86	103	106	117	130	
43	30
1	5	6	7	8	11	13	15	22	23	28	30	33	34	37	39	42	46	54	55	58	61	66	68	70	71	73	86	107	118	
40	28
1	2	3	4	6	7	8	19	23	26	34	36	37	41	42	46	51	56	60	61	66	71	74	76	103	104	106	130	
41	30
2	3	6	7	8	10	12	14	15	19	20	23	24	28	30	34	37	42	43	49	52	55	58	61	73	79	106	107	112	130	
42	30
0	6	10	11	13	14	15	17	18	23	27	29	33	34	35	39	41	47	54	55	56	58	60	67	70	76	86	103	104	106	
46	32
6	7	8	12	13	14	15	18	26	27	35	36	37	39	41	46	47	52	54	55	58	66	67	68	70	71	76	86	89	96	103	106	
43	31
0	1	3	4	8	10	11	18	20	22	23	28	30	35	37	38	39	43	49	52	55	56	58	60	67	70	71	73	86	107	118	
38	30
1	2	3	6	7	8	12	13	14	17	19	20	21	22	23	29	31	32	33	35	37	38	50	56	59	66	70	76	86	118	
45	31
3	5	8	10	11	12	14	17	18	19	20	23	26	32	42	46	47	49	51	55	60	61	66	71	73	74	76	103	106	117	130	
37	29
0	7	8	10	11	12	13	15	18	19	20	31	32	33	34	37	39	41	42	46	51	60	61	66	67	70	74	76	86	
46	32
1	3	4	5	7	10	12	17	18	20	21	23	26	31	33	35	42	46	47	55	59	60	66	68	74	82	86	91	104	106	107	117	
44	31
1	3	5	10	11	20	22	23	25	26	28	31	33	37	39	42	43	46	51	55	56	58	59	61	66	67	73	79	96	107	130	
43	32
3	7	9	10	13	14	17	19	20	21	24	26	28	32	38	40	42	43	45	46	47	50	52	55	67	68	76	84	86	89	110	117	
35	28
0	1	2	7	10	12	13	14	15	20	26	30	31	32	33	35	36	38	41	46	47	55	66	70	86	104	106	107	
37	29
0	1	4	7	10	12	13	14	15	18	27	28	29	34	35	38	40	41	42	43	46	47	54	55	59	66	67	76	118	
39	30
0	6	7	9	10	12	15	17	22	23	25	26	27	33	34	35	36	37	39	47	50	54	57	60	61	67	71	73	74	76	
43	32
1	2	4	5	7	9	12	17	23	25	26	28	33	34	35	36	38	40	42	47	49	52	55	56	60	61	70	79	86	89	106	110	
42	31
1	2	3	8	9	10	11	15	17	18	20	21	30	31	32	33	35	42	43	51	52	55	57	61	66	67	68	74	79	104	130	
45	30
2	4	9	11	12	13	19	20	23	28	31	34	35	36	37	43	47	55	56	59	60	61	68	70	76	89	96	106	117	130	
39	31
1	5	7	8	10	11	12	13	14	17	18	26	28	30	33	34	35	38	41	43	47	49	52	54	55	60	61	66	67	74	107	
44	30
0	1	8	21	23	26	27	28	31	33	35	39	40	42	46	47	51	54	55	56	59	61	66	68	71	73	76	103	104	108	
42	32
4	7	8	10	12	13	14	15	17	20	23	28	31	32	33	34	35	36	42	43	51	52	58	61	66	67	68	71	89	91	96	103	
39	29
1	3	4	5	9	12	18	19	20	23	24	25	26	27	31	36	37	39	40	47	54	61	67	71	73	79	86	91	118	
43	32
0	1	2	3	11	15	17	18	22	23	25	27	30	31	33	34	35	37	39	42	43	46	50	54	60	61	67	68	76	107	112	118	
43	31
0	1	2	3	8	14	15	17	18	20	26	28	34	35	38	39	42	43	47	52	55	59	67	68	76	84	86	103	104	106	118	
43	31
1	7	10	15	21	23	25	32	33	34	35	36	37	38	40	43	46	47	50	54	55	56	58	60	67	68	70	71	74	89	107	
41	31
0	1	2	4	5	8	9	10	14	15	17	18	20	26	28	29	30	31	32	33	34	39	51	58	61	66	70	104	107	118	130	
43	29
8	11	12	14	17	18	21	27	31	33	34	35	39	40	47	49	54	55	56	58	60	61	66	67	68	76	103	107	117	
40	31
0	1	3	4	5	6	7	8	12	17	18	19	27	28	29	31	32	33	37	40	43	51	55	56	57	58	68	70	74	79	86	
41	30
2	3	6	7	8	9	13	14	21	22	23	27	28	32	33	38	42	46	50	56	58	61	66	67	70	71	76	84	106	107	
41	30
0	1	2	6	7	9	10	12	20	21	23	27	30	33	34	35	37	38	46	49	55	56	58	61	66	67	71	76	96	112	
41	30
1	2	3	6	7	8	12	19	20	21	23	28	31	32	34	35	37	38	39	40	46	60	61	66	70	71	76	103	117	118	
41	30
0	1	3	4	7	9	10	12	17	18	21	22	26	27	28	30	34	37	42	46	58	61	66	67	74	76	84	86	89	117	
43	30
0	1	3	4	5	6	7	8	10	11	17	19	23	38	41	43	46	51	56	58	66	67	70	74	76	86	89	96	106	108	
42	31
0	1	2	3	8	11	12	13	14	19	23	25	28	30	31	33	34	37	42	46	51	55	58	59	60	66	74	76	79	107	130	
40	29
0	1	3	7	10	13	14	15	17	20	21	22	26	30	31	33	35	36	37	46	54	55	60	68	73	89	107	112	130	
40	31
7	10	11	12	14	15	17	19	23	25	26	27	28	29	30	31	32	34	36	42	45	49	51	56	61	66	67	79	86	89	112	
46	32
1	3	4	6	8	10	11	12	17	19	23	26	28	38	39	40	42	43	47	49	52	54	55	59	60	66	73	76	107	117	118	130	
45	33
0	1	3	4	6	7	8	13	17	18	19	26	31	34	36	40	41	42	43	45	46	51	55	58	66	67	76	79	86	89	103	104	130	
44	30
5	6	10	11	18	19	22	23	26	27	31	34	35	37	38	42	49	51	54	55	56	60	67	71	91	103	106	107	108	117	
44	31
0	1	6	7	8	9	11	20	23	25	27	28	34	35	38	39	45	46	49	51	54	55	56	60	66	68	76	89	91	118	130	
39	29
1	4	5	7	10	11	12	15	17	18	25	27	31	34	35	38	39	42	43	47	51	60	61	67	68	76	89	117	118	
39	29
1	4	5	7	8	9	12	20	22	24	25	26	33	36	38	41	43	46	47	55	56	58	68	71	79	82	86	103	107	
41	31
0	1	3	4	6	7	9	11	12	14	17	19	20	25	28	29	31	33	35	37	39	47	54	66	68	70	86	96	104	107	118	
44	32
2	3	7	8	10	12	13	18	22	26	31	32	33	34	35	37	38	39	40	47	52	55	59	61	67	71	74	79	89	96	107	130	
42	31
2	3	5	12	14	18	19	21	23	26	28	30	31	32	34	37	38	42	43	46	47	55	61	66	70	71	74	76	106	107	130	
43	29
0	1	4	5	7	12	13	15	20	22	27	28	30	34	39	42	46	49	54	55	61	68	70	96	106	107	117	118	130	
38	30
0	4	8	10	11	12	13	18	19	20	21	23	28	29	31	32	33	34	35	41	43	46	51	55	61	67	73	84	91	118	
44	33
1	3	4	7	9	12	14	15	21	22	23	26	27	28	34	37	42	43	45	46	47	50	51	61	67	68	74	79	82	91	106	107	117	
48	31
0	1	6	7	9	17	20	21	23	25	27	32	33	38	40	50	51	56	60	61	66	68	70	79	84	86	89	91	117	118	130	
42	32
1	2	3	5	7	8	12	13	14	18	19	20	23	24	29	30	35	36	38	40	42	43	45	51	56	57	70	71	89	106	118	130	
38	28
1	2	5	7	8	11	12	13	14	23	26	30	33	34	38	41	43	51	52	55	58	60	61	66	71	74	76	112	
43	29
5	7	8	10	14	15	17	18	20	23	28	33	35	41	42	46	51	55	58	61	67	68	70	71	74	79	107	108	118	
46	31
0	2	6	10	11	12	15	18	19	21	23	27	34	36	37	38	43	47	59	60	66	67	76	79	84	86	103	106	107	117	118	
40	31
2	6	7	8	9	10	12	13	14	15	17	18	21	24	28	32	33	38	39	40	43	46	49	55	61	66	67	74	79	107	118	
39	29
4	6	7	12	14	15	17	19	20	22	29	30	33	35	38	40	43	46	47	52	55	56	60	66	67	68	86	107	118	
39	31
4	5	7	8	10	12	13	14	15	17	18	22	23	24	27	30	32	34	36	38	40	41	46	52	55	56	71	74	76	79	130	
41	30
0	3	6	7	8	13	14	19	20	21	22	28	30	34	39	40	45	47	49	51	58	59	67	68	70	73	84	89	106	117	
40	29
1	5	8	9	10	11	12	13	18	20	23	31	32	33	35	36	41	43	51	55	56	58	61	66	67	74	86	96	112	
39	29
0	1	3	4	5	7	8	9	11	12	17	23	31	34	37	39	41	42	49	51	58	60	61	67	68	70	84	89	117	
39	30
1	6	8	9	10	12	14	18	20	21	22	23	27	30	34	35	36	37	43	47	52	55	56	61	68	73	76	89	91	106	
42	32
0	1	3	4	6	11	12	13	14	18	19	25	26	27	28	30	31	33	37	39	42	47	54	56	59	68	70	79	86	96	104	107	
39	30
0	2	3	6	14	17	19	20	22	23	27	28	29	30	33	38	41	42	45	46	47	51	59	60	66	70	73	76	103	130	
42	30
0	2	4	5	6	8	17	18	19	21	27	31	34	38	42	49	50	51	55	56	66	67	68	73	74	76	84	91	103	107	
42	31
2	4	7	8	9	10	12	14	17	18	20	21	25	26	27	33	38	41	43	46	50	55	60	61	71	74	79	91	104	106	118	
39	32
3	4	7	10	12	13	14	19	20	21	22	23	25	27	28	31	34	35	37	40	41	42	47	50	52	54	58	71	76	89	103	106	
41	32
1	2	4	5	6	9	11	12	18	19	21	26	27	28	29	36	37	38	40	43	49	51	52	54	58	66	68	73	91	104	106	107	
41	32
2	3	4	5	7	9	10	11	12	13	15	20	21	23	28	34	37	38	40	42	43	45	46	52	55	61	67	70	79	106	107	112	
41	30
1	4	8	9	12	13	14	15	18	19	20	22	27	30	31	34	35	36	39	43	57	67	68	70	82	86	89	91	107	118	
40	30
1	4	7	8	13	14	18	20	23	26	27	32	33	35	36	38	41	42	43	46	47	54	58	61	68	70	76	86	103	130	
44	32
2	3	6	14	18	19	20	22	23	25	27	28	29	31	37	40	42	43	46	47	52	56	58	61	66	67	68	70	84	104	107	130	
44	30
0	1	5	6	7	8	9	11	12	13	14	20	30	33	35	41	42	49	51	58	61	73	74	82	86	89	106	112	118	130	
45	31
5	6	7	8	9	10	11	12	13	14	17	19	21	28	33	40	42	46	50	52	54	55	56	58	66	73	74	107	117	118	130	
41	32
1	3	7	8	10	11	12	14	18	19	20	23	26	31	33	34	37	39	40	41	45	46	51	55	59	60	61	66	67	71	74	76	
40	30
1	4	7	8	9	10	11	13	14	15	18	19	20	23	33	34	35	39	41	46	47	54	58	76	79	86	89	106	107	117	
45	31
2	7	8	11	12	13	14	15	18	19	22	26	30	33	34	39	41	45	50	54	55	56	58	60	71	73	78	79	104	117	130	
42	29
0	1	3	4	5	12	18	19	20	26	28	34	37	38	39	41	42	50	51	54	55	67	71	76	79	89	110	112	130	
45	31
0	1	4	7	9	12	13	14	17	19	22	26	31	33	34	35	36	37	51	55	60	66	71	73	74	76	86	96	106	112	118	
41	29
1	5	8	13	14	18	20	23	24	26	28	31	33	34	37	43	46	47	55	56	60	61	67	68	73	76	89	91	118	
42	29
0	1	2	3	4	7	10	12	18	22	23	26	29	30	34	35	36	43	55	58	60	66	70	71	74	106	107	112	117	
37	29
3	5	7	8	10	12	14	15	17	18	19	21	26	28	33	34	35	36	38	43	46	55	60	61	67	68	71	73	107	
49	31
0	2	5	12	20	21	26	27	31	34	37	41	42	43	47	50	51	54	58	59	61	68	70	71	96	106	107	108	112	118	130	
42	30
0	1	6	9	10	11	13	15	18	22	23	25	28	30	31	33	39	40	43	47	54	55	56	58	67	68	96	107	117	118	
43	32
0	1	2	4	6	7	8	10	11	12	15	19	28	33	37	39	40	42	43	47	51	54	55	66	68	70	71	73	79	82	84	104	
42	31
0	1	2	6	12	14	18	19	20	21	22	23	26	27	28	30	32	33	34	45	51	52	56	61	73	89	103	106	107	112	130	
41	31
4	5	6	10	11	12	18	19	20	25	26	28	29	31	33	34	35	41	46	47	49	50	54	55	56	61	66	67	74	76	130	
43	32
0	3	4	6	10	11	17	18	19	21	22	23	28	29	33	36	39	41	42	43	51	52	55	60	61	67	70	79	89	96	103	117	
41	31
0	1	5	6	10	12	14	15	17	18	21	22	23	24	26	27	28	38	41	42	47	55	60	66	67	70	73	74	84	106	107	
43	32
0	1	6	12	14	15	18	19	20	24	26	27	32	33	35	37	40	41	42	43	46	47	54	58	61	67	68	70	76	84	86	130	
43	32
2	5	6	14	17	18	22	26	27	28	31	32	35	36	37	38	41	42	43	46	47	51	54	55	71	76	79	86	89	103	107	130	
38	30
0	2	4	6	10	12	13	14	15	18	19	20	26	27	28	33	34	35	43	46	47	50	54	58	60	61	67	68	76	107	
41	31
2	6	10	12	14	19	21	22	23	26	27	28	30	33	37	40	42	43	45	46	51	52	54	58	59	73	89	103	104	107	130	
42	31
1	3	6	7	8	9	10	13	14	15	19	20	25	26	27	28	35	42	43	46	51	56	67	68	74	76	79	89	104	107	130	
38	31
0	1	3	4	5	6	8	9	13	14	15	18	19	20	21	22	26	28	34	35	41	42	43	49	51	55	66	74	103	106	112	
39	31
0	2	3	4	7	10	12	14	15	20	22	23	26	30	31	32	35	36	37	38	41	47	52	55	58	70	71	76	84	86	103	
43	32
0	1	2	3	7	17	19	21	27	28	30	32	33	34	35	36	38	40	43	45	46	47	52	60	82	84	86	96	103	107	108	130	
44	31
0	2	4	6	7	10	20	26	28	30	31	32	33	34	35	38	43	46	49	50	51	55	56	66	67	76	84	107	117	118	130	
39	32
0	1	2	4	7	11	15	17	18	20	27	28	31	32	33	34	35	36	39	41	43	46	47	51	52	56	58	61	67	68	96	106	
41	30
0	4	5	7	8	9	10	11	12	15	19	23	26	32	33	34	41	42	43	46	51	61	66	67	82	86	89	91	117	118	
42	31
3	10	11	13	14	15	17	19	20	23	28	29	30	31	32	34	35	37	38	42	51	55	59	61	67	70	79	86	89	104	118	
46	31
1	5	7	10	11	18	20	21	22	23	24	29	33	36	39	40	43	47	54	55	56	60	70	73	76	86	89	106	107	117	118	
42	31
0	1	2	3	4	6	10	17	18	19	20	23	27	32	41	42	43	46	50	51	56	58	59	68	70	74	76	86	89	104	106	
45	32
0	3	4	9	10	11	12	14	15	20	28	30	31	33	39	42	43	45	49	54	55	58	59	60	61	66	67	70	74	76	96	103	
42	31
0	1	7	9	12	13	19	26	27	29	32	33	34	35	37	38	41	42	43	46	47	50	60	66	67	68	71	82	91	117	130	
44	32
1	2	6	7	10	11	13	14	19	23	25	27	32	33	35	36	37	41	42	43	46	52	57	58	59	60	67	70	71	107	112	130	
43	29
0	5	6	8	10	12	14	17	18	21	26	27	28	31	34	38	55	56	60	61	67	68	71	74	76	84	89	107	117	
47	34
1	2	4	7	8	9	10	11	12	13	17	23	28	30	31	33	37	38	41	43	46	51	52	54	61	67	76	79	86	89	103	107	118	130	
44	31
1	2	4	6	8	9	10	11	14	18	23	29	30	31	32	33	37	40	43	50	55	58	60	66	71	76	86	89	107	117	118	
40	30
0	1	2	3	6	7	10	11	19	20	21	22	27	28	32	36	38	39	46	47	58	60	66	67	74	76	84	89	96	103	
44	31
2	3	5	6	7	9	10	13	15	19	21	23	27	28	32	37	50	52	54	60	67	68	70	71	73	74	89	91	104	106	107	
47	32
0	1	2	3	8	13	20	23	26	29	30	31	32	33	35	41	45	46	50	57	59	61	66	70	71	74	91	104	106	107	112	117	
43	32
1	6	8	12	15	17	18	19	20	23	26	30	31	33	35	37	40	43	46	49	51	52	54	55	58	68	74	86	89	104	107	118	
39	29
0	1	2	3	4	8	10	11	12	13	14	19	23	26	33	34	35	43	50	51	52	59	67	68	74	76	91	117	118	
43	34
0	1	3	4	5	8	9	11	13	14	15	19	20	21	22	27	28	33	34	37	38	45	46	49	51	55	58	59	61	66	67	74	106	107	
44	31
4	6	10	11	12	17	18	19	25	27	28	29	30	31	34	38	40	43	47	54	55	58	67	71	73	74	76	79	89	103	130	
45	32
0	6	8	12	13	14	18	19	22	23	27	28	30	31	37	38	41	43	50	52	54	55	58	60	68	70	71	76	79	86	96	130	
47	31
6	8	9	12	14	17	18	28	31	33	35	36	38	41	46	47	51	55	56	57	58	61	68	70	74	76	79	86	91	117	130	
41	29
1	2	6	7	10	11	12	14	19	21	27	31	32	34	39	46	51	52	54	55	58	61	71	74	76	86	96	106	117	
45	32
0	1	3	7	8	10	12	13	17	19	20	25	29	31	32	36	38	39	43	46	47	56	58	61	68	71	73	86	106	107	118	130	
43	31
0	1	2	4	12	13	17	18	19	23	27	28	34	35	38	39	40	42	43	46	49	55	56	57	59	67	68	73	91	118	130	
40	31
1	2	3	5	7	10	11	12	15	19	20	21	25	26	30	31	33	34	41	42	46	47	54	60	74	84	86	91	103	104	106	
42	32
2	3	6	8	12	14	15	17	19	22	23	30	34	36	37	41	42	43	46	47	50	52	56	59	60	67	68	89	96	104	106	107	
44	29
1	2	6	7	15	17	19	21	26	28	33	37	39	40	42	43	54	55	58	67	70	71	74	79	91	104	106	108	118	
39	32
3	6	7	8	10	13	14	19	20	21	25	26	27	31	33	34	38	40	42	43	45	46	47	49	50	52	56	70	74	76	86	118	
39	29
0	1	5	7	11	12	13	14	18	19	20	27	30	31	32	33	34	36	39	55	58	59	66	68	70	74	84	86	91	
40	30
3	4	6	7	12	14	18	22	23	27	28	34	35	36	37	38	41	42	46	47	49	51	54	55	73	76	91	106	118	130	
38	29
0	1	4	6	7	9	13	18	20	22	26	27	31	34	37	41	42	46	47	51	54	56	61	67	68	74	76	86	106	
40	29
0	1	2	3	6	7	12	14	15	18	27	28	29	32	33	35	37	38	47	54	55	58	59	66	67	73	89	107	112	
41	32
0	7	8	10	11	15	17	18	20	21	23	25	26	27	28	32	34	35	37	38	42	43	46	52	54	55	58	68	73	76	103	118	
42	31
0	1	2	4	9	11	12	13	14	18	22	25	27	33	34	37	38	41	42	46	51	55	59	60	67	68	70	76	91	106	118	
38	29
0	1	3	4	12	15	18	19	20	22	26	27	29	31	32	36	37	39	46	47	52	54	58	68	76	86	91	107	118	
41	31
0	1	3	4	7	9	10	15	18	20	22	23	25	27	31	34	38	42	45	46	50	51	55	60	68	70	74	79	104	107	117	
40	29
1	2	3	5	6	7	10	11	12	13	14	17	20	25	26	30	33	45	47	54	55	60	61	73	79	86	106	107	112	
45	31
2	3	5	8	9	10	11	12	14	15	18	19	20	30	33	36	41	42	46	58	61	67	68	70	71	73	86	96	107	117	118	
39	29
0	1	3	8	10	15	17	18	21	23	25	27	28	30	33	34	35	38	49	55	60	66	70	73	74	76	82	106	107	
42	29
0	1	4	10	12	17	19	23	26	27	29	32	34	36	38	39	43	47	56	58	59	68	71	73	76	86	89	118	130	
39	30
1	2	3	4	8	9	10	12	13	18	26	29	30	31	33	35	37	39	40	43	46	55	58	66	67	70	71	76	103	104	
43	31
0	1	5	8	9	11	13	14	18	19	20	21	26	27	32	33	34	37	41	42	46	47	54	56	74	86	89	91	117	118	130	
42	31
0	1	4	7	10	12	20	23	24	25	27	28	31	34	35	36	40	42	45	46	49	61	68	70	74	84	86	89	91	107	110	
42	30
1	3	5	10	13	14	15	18	20	22	28	31	33	34	36	42	43	51	54	55	58	59	60	70	74	79	84	103	104	106	
41	31
1	3	7	8	12	13	17	18	19	20	21	25	28	31	33	41	42	43	46	49	52	54	56	60	61	66	67	68	76	82	107	
41	29
0	3	4	7	9	12	14	15	20	24	28	30	31	37	38	41	42	43	47	54	55	61	70	71	103	106	107	110	118	
45	31
0	4	5	7	9	10	21	23	27	34	38	39	42	45	47	49	50	51	54	55	56	60	61	66	67	70	71	76	89	104	118	
42	30
4	5	7	10	11	12	18	20	22	25	27	32	34	35	38	42	43	47	49	51	55	61	67	68	70	76	89	107	108	118	
35	29
0	1	2	5	7	9	12	15	17	20	21	23	26	29	30	31	32	33	34	35	36	38	46	55	66	68	70	91	107	
36	29
0	1	6	7	8	9	10	13	14	19	20	22	26	27	30	33	34	41	43	45	46	50	55	66	71	74	91	106	107	
46	31
1	2	3	4	5	12	18	21	26	27	30	34	36	37	38	39	42	43	49	54	61	66	67	68	73	82	89	106	110	112	118	
41	31
0	2	3	4	7	9	11	12	14	15	17	19	25	27	31	32	33	34	42	45	46	47	60	61	66	67	74	86	89	107	117	
43	31
0	2	4	5	6	7	8	12	13	14	15	17	18	20	26	27	34	50	51	52	54	58	61	66	67	68	76	91	106	107	118	
41	29
1	3	4	6	7	12	18	22	23	26	31	35	37	39	45	47	51	52	54	55	58	60	61	70	86	89	96	106	112	
41	30
0	3	5	8	9	11	12	14	15	17	18	19	21	30	33	34	35	39	49	50	52	55	61	66	71	74	89	107	108	130	
41	32
3	5	6	7	8	12	13	14	15	18	20	22	27	28	31	33	34	36	38	41	43	45	46	47	55	59	67	68	74	76	84	110	
40	30
0	1	6	7	10	12	15	17	18	20	25	27	31	32	33	34	35	38	51	52	55	60	68	71	74	76	79	91	96	107	
37	29
0	6	7	9	10	13	17	19	21	23	26	27	34	37	38	46	47	49	50	51	52	56	60	66	67	68	73	76	106	
41	32
2	4	7	8	11	13	17	20	21	22	23	31	32	33	34	35	36	38	41	42	45	46	50	56	61	66	67	76	86	91	96	106	
43	31
0	7	8	10	12	14	15	17	18	23	26	27	28	30	34	35	36	38	39	46	51	54	55	60	66	71	74	89	103	118	130	
42	32
3	5	9	10	11	12	13	14	17	18	19	20	21	22	23	30	35	36	37	38	43	47	52	60	61	73	74	86	104	106	107	117	
43	31
0	2	3	4	6	7	8	10	12	15	17	18	19	26	30	31	33	35	39	43	52	54	55	56	60	61	71	74	107	118	130	
44	32
1	2	3	9	10	13	18	19	20	22	23	26	27	31	36	37	38	40	42	46	52	54	56	68	71	84	86	91	104	106	107	130	
45	33
3	6	8	11	12	17	18	19	20	21	26	30	32	34	36	37	41	42	47	49	51	52	54	61	66	68	70	71	82	86	104	106	130	
40	31
0	1	3	5	7	8	9	11	12	13	14	18	19	20	22	23	33	34	38	41	43	51	52	56	71	74	79	89	106	107	112	
43	31
1	2	4	7	8	10	11	15	20	29	30	31	33	34	35	39	41	43	46	54	56	60	61	66	76	82	86	89	103	106	107	
46	32
3	4	5	7	8	10	13	19	20	21	22	23	26	28	34	38	42	43	49	54	55	56	61	67	70	71	76	84	86	89	103	118	
42	31
1	2	3	4	5	7	8	9	13	19	23	24	27	30	31	32	33	35	36	37	40	49	55	67	73	76	82	86	103	118	130	
41	30
1	3	4	6	7	8	12	15	17	18	19	28	29	30	33	34	35	36	43	46	55	59	60	61	67	74	76	84	106	118	
46	32
2	4	5	6	7	11	12	17	19	20	22	27	30	34	35	36	42	43	47	52	56	58	61	66	68	71	74	76	89	106	118	130	
38	31
5	6	7	8	12	13	14	17	18	21	26	32	33	34	35	37	38	39	40	41	43	45	46	47	51	61	66	68	89	103	130	
46	33
3	5	7	8	9	12	13	14	17	18	19	20	21	22	26	31	33	40	41	46	47	51	58	61	66	67	70	71	73	76	96	118	130	
38	31
0	1	3	7	8	9	10	13	14	17	19	20	21	22	26	27	31	33	35	36	39	40	43	46	54	61	71	89	96	106	107	
36	29
0	3	4	5	6	8	14	15	17	23	31	33	34	35	37	38	39	41	47	49	50	52	56	59	61	66	67	68	76	
45	29
0	2	3	4	6	7	8	10	19	28	32	35	36	39	42	43	58	61	67	71	73	74	76	84	86	103	117	118	130	
42	32
1	2	3	4	5	11	12	13	14	17	18	25	27	34	37	38	41	42	47	49	50	51	54	60	61	66	68	73	79	84	89	106	
39	29
1	2	3	5	8	11	14	17	18	20	22	23	29	30	31	32	33	37	42	50	55	58	66	70	76	86	103	106	117	
40	32
1	2	3	4	5	8	11	12	13	14	17	18	23	24	26	28	31	32	39	42	43	46	47	52	55	60	71	74	76	79	86	103	
41	28
0	1	2	4	6	7	8	10	29	31	32	33	34	35	41	43	51	55	56	66	71	74	76	89	91	107	117	130	
43	32
1	2	5	11	12	13	14	19	20	23	25	26	30	31	32	33	36	37	41	45	46	55	56	59	61	66	74	76	86	89	104	106	
42	30
1	5	9	10	11	13	20	26	28	30	36	37	38	40	42	43	46	47	55	56	59	60	68	71	74	76	89	103	104	106	
40	30
1	3	8	12	13	14	15	17	18	19	20	22	23	30	31	35	36	41	42	43	47	56	57	61	67	71	73	106	107	118	
39	31
0	1	5	7	8	10	13	14	15	17	21	23	26	27	28	31	32	34	39	42	45	46	47	52	55	67	70	74	84	107	130	
45	33
0	5	6	7	8	9	10	12	13	17	21	23	28	29	30	31	33	34	35	37	39	46	52	54	55	58	66	82	103	106	107	117	130	
43	32
2	4	6	11	13	14	15	17	18	19	20	21	25	27	28	31	37	38	41	42	47	49	51	54	56	66	67	70	76	107	110	118	
37	30
3	4	7	10	12	14	15	18	20	21	23	24	28	32	33	35	38	42	43	46	47	49	51	54	55	58	61	67	91	96	
39	28
1	3	4	8	11	17	18	19	23	28	30	31	34	37	42	43	46	50	61	66	68	74	76	84	86	89	107	112	
39	30
1	3	7	8	9	10	12	20	21	28	29	31	32	33	36	40	42	43	46	49	52	55	56	58	66	67	68	74	76	103	
40	30
1	2	7	8	10	11	18	20	25	28	30	31	33	34	35	37	42	45	46	47	55	58	61	66	68	71	74	76	84	107	
40	29
0	1	2	3	4	6	7	8	10	12	13	23	24	25	30	31	35	51	52	55	58	67	71	74	76	84	89	107	118	
44	30
0	9	10	13	14	17	20	22	23	26	28	30	32	33	34	38	42	50	54	55	56	59	66	67	71	73	76	107	117	130	
43	31
4	7	8	11	12	13	14	15	18	19	23	28	30	31	32	34	42	47	49	54	55	58	59	60	73	74	76	79	103	104	107	
40	29
0	1	2	3	7	8	11	12	13	15	17	20	23	28	31	32	35	43	51	55	56	58	60	66	67	70	89	106	118	
40	31
0	3	8	9	10	13	14	17	18	19	20	21	22	28	30	37	38	42	43	46	49	52	55	57	61	71	73	74	76	79	86	
41	29
0	1	2	4	5	7	8	12	13	14	20	22	23	26	29	30	33	34	43	55	58	61	67	68	89	106	107	117	130	
43	30
6	10	11	13	14	18	19	21	23	27	30	32	33	34	37	39	49	50	54	58	59	66	68	70	73	76	89	106	107	118	
42	31
0	3	6	7	9	11	14	15	17	19	20	22	23	27	30	33	38	42	46	47	51	61	66	67	70	86	89	96	103	106	130	
41	30
2	3	6	7	9	13	14	17	20	21	26	27	31	39	40	45	46	47	51	55	57	58	60	66	70	71	76	89	103	106	
38	29
1	3	6	8	9	13	14	18	20	21	22	25	26	29	31	33	34	46	51	52	56	61	68	70	86	89	96	103	106	
41	29
4	9	10	11	13	14	18	20	21	23	31	33	34	41	42	43	51	54	55	56	58	61	70	74	76	86	91	104	106	
44	31
1	8	9	11	12	13	14	18	19	20	28	31	32	33	34	35	36	37	46	47	55	61	67	68	74	86	89	106	107	112	130	
47	31
7	8	12	17	18	19	28	29	32	33	34	37	41	42	43	46	47	49	55	56	60	61	66	71	74	84	91	106	117	118	130	
41	31
0	1	2	3	4	6	8	12	13	14	18	23	26	27	32	33	35	37	38	42	47	49	55	58	66	70	71	73	76	79	130	
36	29
1	2	5	8	10	11	12	17	18	20	21	25	28	30	31	32	33	36	40	42	49	52	55	61	66	67	74	84	107	
39	32
7	8	9	11	13	14	17	18	20	21	25	26	27	31	32	33	34	35	38	40	42	43	46	50	51	61	66	79	84	86	89	103	
41	29
0	2	4	6	8	12	13	17	18	19	20	21	27	32	33	41	42	49	50	54	60	71	74	76	82	91	103	112	130	
49	32
0	2	4	6	9	12	13	26	28	30	31	33	34	42	43	50	51	56	57	58	59	61	66	67	70	73	84	86	104	106	118	130	
42	29
1	2	3	5	7	8	10	11	18	23	28	30	31	38	42	47	49	55	56	58	61	67	68	74	76	84	86	103	112	
40	31
2	3	7	9	10	12	13	14	15	17	20	23	33	37	38	40	41	42	43	46	47	50	56	61	68	71	74	86	104	106	107	
41	31
0	1	5	7	8	11	12	13	14	15	17	19	21	22	23	25	27	28	32	33	34	35	36	46	58	60	67	82	108	118	130	
