1000 
34	26
0	3	4	7	11	13	14	15	17	20	22	26	27	29	32	33	35	36	38	39	49	59	66	75	85	131	
37	27
1	2	4	5	7	11	13	14	15	16	19	21	22	27	31	32	33	34	35	38	39	49	55	62	107	136	180	
37	29
0	1	2	4	6	7	10	11	12	14	16	17	18	19	20	21	27	31	32	34	36	38	39	41	59	61	66	85	136	
37	27
0	1	3	4	6	7	8	9	11	12	13	17	18	21	27	29	32	34	36	38	41	49	61	69	81	85	180	
28	21
0	4	6	8	10	12	16	19	20	22	26	32	36	38	39	47	59	62	66	75	87	
39	29
0	2	4	6	7	8	13	14	15	17	18	20	22	23	26	29	32	34	36	38	39	49	55	60	61	62	81	87	124	
33	25
0	2	3	4	7	10	11	12	14	15	17	20	23	27	29	32	34	35	36	49	62	66	75	124	131	
38	27
0	1	3	4	5	6	7	10	12	13	14	18	20	22	27	32	34	36	38	41	61	62	66	69	75	136	180	
41	29
2	3	4	6	8	10	12	14	16	17	18	19	21	27	29	32	34	35	36	38	49	59	61	62	69	83	85	87	136	
29	26
0	4	5	6	7	9	10	11	13	15	16	17	19	20	22	26	27	29	31	32	34	36	38	39	69	136	
32	24
0	2	3	7	9	12	13	14	16	18	20	22	23	27	33	34	36	38	47	49	61	69	85	136	
39	30
1	2	3	4	5	6	8	10	11	12	14	15	16	18	19	20	21	22	25	27	31	33	34	38	39	61	75	107	136	180	
31	23
2	3	4	6	11	12	13	14	15	17	18	19	22	27	34	38	39	41	49	53	60	85	136	
37	29
0	2	3	4	7	8	9	11	14	15	16	17	19	22	23	25	26	27	29	32	34	38	39	41	49	67	69	75	180	
37	29
0	2	3	4	6	7	8	11	13	14	17	19	22	23	25	27	29	32	34	36	38	39	41	49	60	61	66	67	136	
31	23
0	4	6	7	13	14	15	17	20	22	23	26	27	34	36	38	39	41	59	62	69	87	136	
33	26
2	3	4	5	6	8	10	11	12	13	15	17	22	25	27	33	34	35	36	38	53	55	61	62	81	136	
32	26
0	2	4	6	7	10	12	13	14	15	16	17	18	22	25	27	32	36	38	39	47	53	59	66	67	69	
38	28
0	2	4	5	6	7	10	12	13	14	15	16	18	19	20	22	23	27	29	32	38	62	66	67	75	85	124	136	
43	31
0	1	4	5	7	8	9	10	12	14	15	16	17	18	19	21	23	25	27	29	38	39	41	49	59	61	67	75	85	124	136	
41	30
0	2	4	5	8	10	11	13	14	15	17	18	19	22	25	27	29	32	36	38	39	40	59	61	62	75	81	85	124	136	
33	23
0	2	4	7	8	11	12	14	15	16	18	22	27	29	32	33	34	59	61	62	124	136	180	
36	29
1	4	6	8	9	10	11	12	13	15	16	17	18	19	20	22	23	32	33	34	36	37	38	53	59	61	62	81	136	
42	31
0	2	3	4	6	9	10	11	13	14	15	16	17	18	19	20	22	23	25	26	32	36	39	49	55	61	62	67	85	107	131	
38	31
0	2	3	4	6	9	10	12	13	14	15	16	17	18	19	22	25	26	27	32	35	36	37	38	39	41	53	60	61	69	136	
39	29
0	2	3	4	7	10	11	13	14	15	17	20	21	22	25	26	27	33	34	35	36	39	41	62	66	75	81	124	180	
50	34
0	3	4	6	8	9	10	11	12	13	15	16	17	18	19	22	27	29	34	35	36	38	39	41	53	59	60	69	75	84	124	131	136	180	
49	37
0	2	3	4	5	6	7	8	9	10	12	14	15	16	18	19	23	25	26	27	29	31	32	34	35	38	39	41	49	53	59	62	66	75	81	124	136	
43	32
0	1	2	3	4	5	7	8	10	11	12	14	15	17	18	22	31	34	35	36	37	38	39	47	49	59	62	66	67	69	124	131	
34	25
0	3	4	6	7	8	14	15	16	17	19	21	22	27	29	36	37	38	39	61	62	81	87	124	131	
49	36
0	2	4	6	7	8	9	11	12	14	15	17	18	19	20	21	22	23	25	27	29	31	32	36	39	40	49	55	59	61	62	66	81	107	131	136	
33	26
0	2	3	4	7	8	10	12	13	14	15	17	19	25	29	32	34	36	38	55	59	62	67	69	75	84	
36	29
0	2	4	8	10	11	12	14	15	16	17	19	20	21	22	25	27	32	34	35	36	38	47	49	53	60	61	67	69	
39	28
1	4	5	6	7	8	11	12	13	15	16	20	21	22	27	29	32	34	36	38	41	53	59	61	75	85	124	136	
45	30
3	4	6	7	11	12	14	17	19	20	21	22	23	25	27	29	33	34	36	39	49	61	62	66	69	75	85	107	136	180	
36	24
0	3	4	9	11	13	14	15	17	18	21	25	26	27	29	39	49	61	62	67	75	124	136	180	
31	24
0	3	7	8	10	12	13	14	15	16	21	22	26	27	32	34	36	38	41	53	61	81	84	136	
39	28
1	2	3	4	6	7	10	11	12	14	16	18	19	20	22	23	34	36	38	39	49	59	62	69	81	85	124	136	
41	31
0	2	3	4	6	7	8	9	11	12	14	15	16	17	19	27	29	31	32	33	34	36	38	39	41	49	59	60	85	131	136	
34	27
0	2	4	5	6	8	9	10	11	13	14	15	16	17	18	20	22	27	29	34	36	39	60	69	84	124	136	
42	32
0	2	3	4	6	7	10	11	12	13	14	16	18	20	21	25	26	27	29	31	33	34	36	39	41	53	62	66	75	81	131	136	
31	22
2	3	6	7	8	10	11	14	16	17	20	21	23	27	32	36	39	61	62	85	136	180	
31	24
0	2	6	7	8	9	11	13	14	16	17	18	20	22	31	32	34	36	53	59	61	62	69	107	
35	27
0	1	3	4	6	7	8	10	12	13	14	15	18	21	22	27	29	33	34	36	38	60	62	75	81	131	136	
36	28
0	3	6	7	8	11	12	13	14	18	20	21	22	26	27	29	31	32	36	38	39	47	59	61	69	75	81	136	
36	28
0	3	4	7	10	11	13	16	17	18	19	20	22	25	26	27	32	33	34	36	38	39	55	62	69	75	124	131	
33	27
0	2	3	4	7	8	12	13	14	15	16	17	20	21	25	26	27	29	34	36	38	39	55	59	62	69	87	
45	33
0	2	3	4	5	6	7	8	10	12	14	15	16	20	21	22	25	26	29	32	34	36	38	39	41	49	62	67	69	84	124	131	136	
38	29
1	2	5	6	7	8	9	11	12	14	15	19	20	22	23	26	27	33	34	35	36	38	60	61	62	67	75	85	136	
44	31
0	2	3	5	7	11	13	14	15	18	20	22	23	25	26	27	29	32	33	34	36	38	41	55	62	69	75	81	85	87	180	
34	29
0	2	3	4	6	7	8	9	10	11	12	14	15	17	18	20	23	31	32	33	34	35	36	38	39	49	60	61	85	
39	29
1	2	3	4	5	8	10	11	12	15	18	19	20	21	22	31	32	33	34	35	36	38	49	61	62	75	85	131	136	
44	32
0	4	7	8	10	11	12	13	14	15	17	19	21	23	25	26	27	29	31	32	33	36	39	41	47	59	61	67	75	87	131	136	
37	27
0	2	3	6	7	8	11	12	13	16	18	19	22	26	27	29	31	32	36	53	59	61	62	69	83	85	136	
35	27
2	4	6	7	8	9	10	11	12	13	14	16	17	19	21	22	23	27	32	36	38	49	53	61	67	107	136	
40	29
0	2	3	4	5	6	7	8	10	11	12	13	19	20	22	27	29	34	35	36	47	59	62	67	69	75	81	131	136	
39	27
0	2	3	4	5	6	11	13	16	17	18	20	21	27	32	34	35	49	53	59	61	62	69	75	81	85	136	
32	23
0	6	7	8	9	11	13	15	16	27	29	32	34	35	38	39	41	55	59	62	75	131	136	
32	24
0	4	7	9	10	11	12	13	14	15	16	18	19	20	21	22	36	37	53	59	62	75	85	136	
35	24
0	4	5	6	7	8	12	14	15	16	17	18	22	27	34	38	49	59	60	61	75	85	131	136	
45	31
0	1	2	4	6	7	8	11	13	14	15	17	18	22	25	27	31	32	33	35	36	38	53	59	62	69	81	87	107	136	180	
37	29
0	1	3	4	6	10	11	12	13	14	15	16	18	19	22	27	32	33	34	35	36	38	39	41	49	53	62	124	136	
41	30
0	3	4	6	7	8	9	10	11	13	14	15	16	18	19	21	23	26	27	32	33	36	39	41	59	61	84	124	136	180	
31	25
0	1	3	4	6	8	11	12	13	14	15	16	17	22	26	27	31	34	36	37	38	53	81	124	136	
28	24
0	1	2	3	4	6	8	11	13	15	16	17	21	22	26	27	31	32	34	35	36	61	75	136	
32	27
0	2	4	8	9	10	11	12	13	14	15	16	20	21	22	25	26	31	32	36	38	39	55	61	66	81	84	
46	32
0	2	3	4	5	6	7	8	13	14	15	16	18	19	20	23	26	27	29	32	34	36	39	41	53	59	61	69	85	107	136	180	
38	28
2	4	7	10	11	13	15	16	18	22	27	29	31	32	33	34	36	37	38	41	49	56	59	66	67	75	81	136	
36	30
0	1	3	4	6	7	8	10	11	13	14	16	17	18	19	22	25	26	27	32	34	35	36	38	41	56	59	60	69	81	
37	31
0	1	2	3	4	5	6	7	9	11	12	14	15	16	17	19	22	26	27	29	33	36	37	38	39	41	49	59	62	67	75	
38	27
0	3	4	6	7	12	13	14	15	18	19	20	21	22	26	32	34	38	39	49	59	61	62	75	81	136	180	
36	29
1	2	4	5	7	11	12	14	15	16	17	18	20	21	22	27	29	32	33	34	36	37	38	39	67	69	84	107	124	
31	20
0	6	7	8	12	14	15	17	21	23	27	36	38	59	61	69	85	124	131	136	
41	31
0	4	6	7	8	9	10	11	13	14	16	18	19	20	21	22	23	25	27	32	34	35	36	38	39	53	59	69	107	131	180	
38	29
0	2	5	8	10	11	12	14	15	16	18	19	21	25	26	27	29	32	33	34	36	39	59	61	69	75	81	131	136	
25	20
0	2	3	4	5	11	13	14	15	18	19	20	27	29	34	36	41	49	62	136	
36	27
0	2	3	4	6	7	8	11	12	14	15	18	19	20	22	23	29	32	34	36	39	47	61	81	85	131	136	
28	23
0	2	4	6	7	8	12	13	14	16	17	22	25	29	32	34	36	38	39	59	75	83	136	
28	21
1	3	4	6	11	12	13	15	19	21	23	25	27	33	36	38	59	62	84	107	124	
39	26
2	3	4	6	7	13	17	18	20	22	25	26	27	32	33	34	38	41	59	61	62	69	83	85	87	180	
36	25
2	4	6	8	9	10	11	12	14	16	19	22	25	32	34	36	38	39	62	67	69	75	131	136	180	
36	26
2	3	4	5	6	7	9	13	16	19	20	22	27	32	33	34	36	38	53	59	66	69	75	81	124	136	
44	31
0	2	4	6	7	8	10	11	13	14	15	16	18	19	21	22	27	32	34	36	39	41	49	59	62	75	81	84	85	124	131	
36	25
2	4	6	7	10	15	16	17	18	19	20	21	27	32	34	36	39	41	49	59	60	61	62	131	180	
34	28
0	1	2	3	4	6	7	10	11	12	13	14	15	17	18	19	23	25	26	27	29	38	39	49	60	62	66	136	
44	28
0	1	2	6	7	8	11	13	14	16	17	20	21	32	34	36	38	39	55	59	61	66	75	87	124	131	136	180	
39	29
0	1	2	3	4	5	6	7	8	10	12	15	17	18	19	20	21	22	25	26	36	38	39	49	59	69	131	136	180	
30	24
0	2	3	4	7	10	11	13	14	15	17	18	19	20	22	25	27	29	36	39	60	62	75	180	
37	29
0	2	3	4	5	8	9	11	13	14	15	16	17	22	25	27	29	32	34	35	36	38	39	59	60	67	69	85	107	
47	31
0	3	4	5	6	7	8	10	16	17	18	19	21	22	23	26	27	29	34	38	41	47	49	56	62	69	75	85	124	136	180	
39	30
0	2	3	4	8	9	10	11	12	13	14	15	17	18	19	20	25	27	29	32	34	36	38	39	61	62	83	107	131	136	
34	24
0	3	4	8	10	11	15	18	19	20	26	27	32	36	38	39	40	41	62	69	84	85	124	136	
45	35
0	1	2	3	4	6	9	10	11	12	13	14	15	16	17	19	20	21	25	26	27	29	32	33	34	38	39	47	49	59	62	75	81	85	136	
39	28
0	2	3	4	6	7	10	11	13	14	16	18	20	23	25	27	32	33	34	36	53	61	62	75	81	85	107	136	
38	27
0	1	2	4	9	10	11	12	14	15	16	17	20	21	25	27	32	33	36	39	49	53	67	75	131	136	180	
36	25
1	4	7	8	9	11	13	14	16	19	20	21	22	27	34	36	38	39	49	75	81	83	85	136	180	
28	21
4	7	12	13	14	15	16	18	20	21	25	32	33	34	38	61	62	66	69	83	136	
35	29
0	2	3	4	6	10	11	12	13	15	16	17	18	20	22	25	26	27	29	34	36	38	39	47	59	61	62	81	84	
47	37
0	1	2	3	4	5	6	7	8	9	10	11	12	13	14	15	17	18	19	20	22	27	32	33	34	36	38	39	47	61	62	66	69	75	81	83	87	
35	27
0	1	3	4	6	8	9	10	13	14	15	16	17	19	21	25	32	33	34	36	38	39	59	62	85	124	136	
30	23
0	4	6	7	9	10	13	14	15	16	20	22	25	26	29	36	39	41	49	62	75	81	136	
31	23
0	5	6	8	10	11	13	16	18	19	20	21	22	25	29	32	38	59	61	62	81	85	131	
39	28
0	3	6	7	9	10	11	12	13	14	15	19	20	22	27	29	32	34	36	55	59	61	69	75	81	83	85	136	
42	32
0	3	4	5	6	7	8	10	11	12	15	16	17	18	19	20	22	25	27	29	32	34	36	38	39	41	47	61	75	84	131	180	
38	28
0	2	3	6	7	9	10	11	12	13	14	15	16	18	21	22	25	27	32	33	47	61	62	67	69	84	85	87	
31	25
0	3	6	8	9	11	12	13	14	15	16	17	18	26	27	29	32	35	39	41	47	59	61	83	84	
46	33
0	1	2	4	6	9	10	11	12	13	14	15	16	17	20	21	25	26	27	29	34	36	38	39	49	53	59	62	67	85	124	131	136	
33	25
0	2	3	4	6	7	11	13	14	21	26	27	31	32	34	37	38	39	41	49	62	66	75	81	136	
27	23
0	4	6	7	8	10	11	12	13	15	16	17	20	27	29	32	34	35	36	39	67	75	136	
44	31
0	4	8	10	11	13	14	17	18	19	23	25	27	32	33	35	36	37	38	39	41	49	53	55	61	62	67	75	84	85	136	
54	35
0	2	3	4	6	8	9	10	11	12	13	16	17	18	20	29	31	32	34	36	38	41	47	49	53	59	60	62	66	75	83	85	124	136	180	
37	30
0	1	3	4	5	6	7	8	10	11	12	13	14	15	18	21	22	26	32	33	34	35	38	39	59	62	75	81	84	131	
36	24
4	7	11	12	14	17	20	21	22	23	27	29	32	33	34	38	41	59	60	61	69	124	136	180	
46	32
0	2	3	4	6	10	11	12	13	14	15	16	17	19	20	22	25	27	35	36	37	38	41	60	61	62	75	84	85	124	131	136	
38	28
0	4	5	6	7	9	10	11	12	13	14	15	16	17	21	22	25	27	29	36	38	41	53	62	81	85	124	136	
36	26
1	2	4	9	10	11	13	14	16	17	20	22	25	27	32	34	36	39	53	61	62	66	67	81	85	136	
33	23
0	1	4	6	7	8	11	12	13	14	17	22	31	33	34	49	59	62	69	75	81	87	136	
47	35
0	2	3	4	5	6	8	10	11	12	15	16	17	18	19	22	23	25	26	27	29	31	34	36	38	41	56	59	61	62	66	69	75	107	136	
48	36
0	1	2	4	6	7	8	9	10	11	12	13	15	16	17	18	19	20	21	22	23	25	31	32	34	38	49	53	60	61	62	66	67	75	85	107	
45	33
0	2	4	5	7	8	9	10	11	12	13	15	18	19	20	22	27	31	32	33	34	36	38	39	41	60	61	62	67	75	81	131	180	
39	29
2	4	6	7	8	10	11	13	15	16	17	19	21	22	26	27	31	33	36	38	39	53	61	62	66	81	84	107	131	
36	28
0	2	3	4	5	7	8	10	11	13	14	15	16	17	21	22	27	31	32	33	36	39	59	61	67	75	107	136	
34	27
0	1	2	3	4	6	7	8	9	11	12	13	15	17	18	19	22	23	27	33	36	38	62	67	75	124	136	
35	28
4	5	6	8	9	10	11	12	13	16	18	19	21	22	25	26	27	29	32	34	36	38	41	47	60	62	75	124	
28	24
0	2	4	6	7	9	10	13	14	15	18	20	22	25	27	32	34	36	38	39	59	61	75	81	
41	29
0	2	3	4	5	6	8	10	11	15	18	19	20	25	27	29	33	34	36	38	39	49	59	62	67	84	85	87	180	
62	44
0	1	2	3	4	6	7	8	10	11	12	13	14	15	16	17	18	20	21	22	23	26	27	29	31	33	34	35	36	38	39	41	47	59	62	67	69	75	81	85	107	124	131	136	
30	22
0	3	7	8	10	14	15	16	18	20	22	27	29	33	34	35	38	61	62	85	131	136	
31	24
0	1	4	6	7	8	10	11	14	16	17	18	22	25	27	32	34	36	38	62	69	75	131	136	
28	25
0	2	4	6	8	11	14	15	17	18	19	22	25	27	29	31	32	33	34	35	36	38	39	69	124	
38	25
0	2	3	4	8	14	15	16	22	25	27	33	34	36	39	41	49	55	61	62	66	75	85	131	136	
40	29
0	4	5	7	8	10	13	14	16	18	19	20	21	27	29	32	33	34	38	39	40	49	53	59	62	67	81	136	180	
28	23
0	2	3	4	5	6	11	14	16	17	19	20	22	23	27	29	32	35	38	66	67	69	85	
37	25
2	4	8	10	12	13	14	16	17	22	23	25	32	34	39	40	49	53	61	62	69	75	124	131	136	
50	34
0	1	2	3	4	6	9	11	14	15	19	20	21	23	25	26	27	29	32	33	34	36	38	39	49	59	62	75	81	85	87	131	136	180	
37	30
2	3	6	7	8	9	10	14	15	16	17	18	19	22	23	25	26	27	29	32	34	36	38	39	41	53	61	81	84	136	
44	32
0	2	3	4	5	6	7	8	10	11	12	13	14	16	17	19	20	23	27	31	32	33	34	36	38	39	81	85	87	124	131	180	
40	31
0	6	7	9	10	11	12	13	14	16	17	18	20	22	23	25	27	29	32	33	34	36	38	39	49	61	62	75	81	131	136	
39	27
4	6	8	10	11	12	13	14	16	17	18	19	21	23	27	34	36	38	41	47	53	62	66	69	85	107	136	
32	27
2	4	5	6	7	8	10	11	12	13	14	15	16	17	19	20	22	27	32	34	36	38	39	62	75	81	136	
34	25
2	3	4	5	6	7	9	11	12	14	16	19	27	29	33	35	36	38	39	59	69	81	85	107	131	
51	34
0	2	3	4	6	7	8	10	11	12	13	14	15	16	21	22	27	32	33	34	36	38	41	49	59	61	62	69	75	81	85	131	136	180	
41	30
0	3	4	6	8	9	10	11	12	13	14	15	20	22	23	27	29	32	33	34	36	38	39	60	61	62	69	124	136	180	
49	32
3	4	7	8	9	10	11	14	16	17	18	19	21	22	25	27	31	32	34	36	38	41	49	62	69	75	81	87	124	131	136	180	
38	31
0	2	3	4	6	10	11	13	14	15	16	17	18	20	21	22	23	25	27	29	32	33	34	36	39	49	62	67	75	81	136	
30	22
0	2	4	8	11	12	13	17	20	22	25	26	27	29	36	38	39	41	59	61	136	180	
36	28
0	2	6	7	8	10	11	12	13	14	16	17	22	23	27	32	33	34	35	38	39	55	59	61	62	75	84	136	
36	25
0	4	6	7	10	14	16	18	20	21	23	25	27	32	34	36	38	39	49	59	62	67	107	136	180	
33	26
0	2	3	4	6	7	8	10	11	14	15	17	18	20	23	25	27	33	34	36	41	59	60	69	75	136	
31	24
0	2	4	7	8	11	14	15	17	18	20	22	23	27	32	34	36	38	39	41	59	62	107	136	
39	27
0	2	3	4	6	7	9	13	14	15	16	17	18	20	27	33	38	39	41	47	55	61	69	81	124	131	136	
33	26
0	2	3	4	6	7	11	13	14	17	19	20	21	22	27	32	33	34	36	38	49	59	62	75	81	131	
33	26
0	2	5	6	8	10	15	16	17	19	21	22	23	25	27	29	31	34	36	38	41	62	75	81	84	136	
31	24
0	3	4	7	8	10	12	15	17	18	20	21	22	32	34	36	37	38	39	59	60	62	124	136	
38	28
2	4	5	6	7	8	9	10	13	14	16	19	21	22	23	25	33	34	36	39	41	49	53	59	62	75	107	131	
49	36
0	1	2	3	4	5	7	8	9	10	12	13	14	15	18	19	20	21	22	25	27	29	33	36	38	39	41	55	59	66	67	75	81	87	107	124	
34	26
4	6	7	8	9	10	11	14	15	16	17	18	19	22	31	32	33	34	38	59	60	61	62	67	81	136	
36	28
0	2	3	4	7	10	12	14	15	16	17	19	22	25	26	27	31	33	36	39	40	47	49	59	61	62	75	136	
27	24
0	1	3	4	8	10	11	14	15	16	17	22	25	27	31	32	34	36	37	38	39	59	62	75	
33	25
0	4	7	10	11	13	14	15	17	18	20	22	25	26	29	31	34	36	38	39	67	75	84	85	180	
43	34
0	1	2	3	4	5	6	7	10	11	14	15	16	17	18	20	21	22	23	26	27	29	31	34	36	38	39	49	53	60	61	62	85	136	
44	33
0	1	2	4	6	7	8	9	10	13	14	15	16	17	18	19	20	22	25	27	32	33	34	36	38	49	55	59	61	75	85	124	131	
30	24
0	1	2	6	8	10	14	15	16	17	18	19	21	22	27	29	32	36	39	41	62	67	75	85	
32	26
0	2	4	6	8	9	10	11	12	14	15	18	19	20	22	25	27	32	34	38	39	59	67	75	81	131	
34	28
0	2	4	5	6	7	8	9	10	11	12	13	15	16	17	18	19	20	22	25	32	36	38	41	49	67	69	136	
39	30
0	2	3	6	7	9	10	11	12	15	16	17	18	19	20	22	23	25	27	33	34	36	38	39	49	53	75	85	124	136	
42	32
0	1	2	3	4	6	7	10	14	15	16	17	19	22	23	26	27	29	32	33	34	36	38	39	49	61	62	69	75	81	85	136	
34	25
1	2	3	4	6	8	10	11	12	13	14	15	16	21	23	27	34	49	61	62	66	67	69	75	131	
31	22
0	2	6	7	11	12	14	15	17	19	22	29	32	36	39	41	61	62	66	75	85	87	
48	35
2	4	5	6	7	11	12	13	14	16	18	19	21	23	25	26	27	29	31	32	34	36	38	39	40	55	61	62	67	75	81	83	124	131	136	
45	32
0	2	3	4	5	6	7	8	10	12	15	18	19	20	22	25	27	29	33	36	38	41	49	53	60	62	66	69	75	81	85	124	
29	21
4	8	10	12	13	15	16	17	20	25	27	31	32	33	36	55	59	69	75	131	136	
37	28
0	2	3	4	5	7	8	9	12	14	15	16	17	19	22	23	27	29	33	38	39	41	49	53	59	61	87	124	
33	23
2	4	7	8	11	13	14	15	17	18	19	20	22	25	27	34	36	49	61	62	124	136	180	
36	28
0	2	3	4	8	10	11	13	14	15	16	17	19	21	22	26	29	32	34	36	38	39	49	59	61	69	85	136	
32	26
0	1	2	3	6	8	9	10	11	13	14	15	16	17	18	22	25	27	29	33	34	38	59	75	124	136	
32	25
3	4	5	7	8	10	11	12	16	18	19	20	22	27	29	33	34	36	38	41	49	59	62	66	131	
23	21
0	2	3	5	6	7	10	11	12	13	14	18	22	23	27	34	36	38	39	49	59	
38	29
0	2	3	4	6	7	10	11	12	14	15	16	17	18	21	22	26	29	31	32	33	39	59	61	62	69	83	124	136	
37	27
0	2	4	5	7	8	10	13	14	15	16	17	22	25	27	29	32	38	55	59	61	62	67	69	75	83	107	
53	35
0	2	3	4	5	6	8	9	10	11	12	13	15	16	18	19	21	22	34	36	38	39	41	53	55	56	61	62	75	81	84	85	87	136	180	
43	31
1	2	4	6	7	8	9	10	12	14	16	17	19	22	23	25	26	31	32	34	36	39	49	53	59	69	75	81	85	87	136	
41	29
0	2	3	4	5	6	8	9	11	14	16	17	18	21	22	25	29	31	34	36	38	59	62	69	75	85	87	131	136	
39	29
0	1	4	6	7	8	11	12	13	14	16	18	19	21	25	26	32	34	36	38	39	41	49	59	61	62	66	124	136	
39	27
3	6	7	8	9	10	11	13	14	15	19	20	26	27	32	33	34	36	38	39	49	59	61	85	87	136	180	
36	28
2	3	4	6	7	10	11	12	13	14	15	17	20	22	23	25	26	32	34	36	38	39	53	59	67	75	124	136	
44	32
0	2	3	4	6	7	8	10	11	12	13	16	18	19	20	21	22	23	25	27	34	36	38	39	49	53	61	67	85	107	131	136	
41	31
2	3	4	5	6	7	8	10	11	12	13	14	15	18	19	20	22	26	27	29	31	34	36	38	39	55	62	85	124	131	136	
40	29
0	1	2	3	4	7	8	9	10	11	13	14	19	21	27	32	33	36	39	49	59	60	61	62	67	69	75	83	85	
37	28
0	2	3	4	6	7	8	10	11	12	15	16	17	18	20	21	23	27	31	32	33	36	38	61	84	87	124	180	
35	27
4	8	10	11	13	14	15	17	18	19	20	22	23	26	29	32	33	34	36	38	39	55	60	67	83	124	131	
43	33
0	1	3	4	6	7	8	9	10	11	12	14	15	16	17	19	22	25	26	27	31	32	33	36	38	49	59	61	62	66	75	107	136	
34	27
2	4	6	7	8	11	13	14	15	16	17	20	21	27	32	34	36	37	38	39	41	59	61	62	67	75	81	
39	29
0	3	4	5	6	7	11	12	13	14	15	16	17	19	22	25	27	33	34	36	38	41	60	62	66	69	81	87	136	
36	28
0	2	4	7	8	9	10	16	17	18	19	20	22	23	25	26	27	31	34	38	39	41	61	67	69	75	81	87	
27	20
6	7	11	13	14	15	16	18	19	25	27	34	38	39	41	62	67	69	81	136	
43	30
0	2	3	5	6	8	9	11	12	13	14	15	17	18	21	22	25	27	32	33	34	38	47	59	62	85	107	124	131	136	
43	31
0	2	4	5	6	8	10	12	13	14	15	16	17	19	25	26	27	29	31	36	38	39	41	47	49	55	59	81	107	131	136	
31	26
0	4	7	8	10	11	12	14	15	16	17	18	23	25	27	29	32	34	36	38	39	49	61	67	69	81	
33	25
2	4	10	11	12	13	14	15	16	17	18	22	25	26	31	32	36	38	39	41	49	62	67	107	136	
32	24
4	5	6	7	9	10	12	13	14	15	18	19	21	27	29	34	38	60	61	62	67	69	75	85	
33	25
0	1	4	5	11	12	14	16	17	19	20	21	26	27	29	31	32	34	41	60	62	66	75	81	85	
42	31
0	3	4	5	7	11	12	13	14	15	17	18	19	20	21	22	29	32	34	36	38	39	49	59	61	62	66	67	69	107	131	
43	33
0	1	4	6	7	8	11	12	13	14	16	18	19	20	22	23	25	27	29	32	33	35	36	38	39	41	49	59	62	75	81	131	136	
31	24
2	5	6	9	10	11	12	14	21	22	25	26	27	33	34	36	38	40	59	61	62	69	75	85	
41	27
0	2	3	4	6	7	8	10	11	12	15	18	21	23	26	27	34	41	49	53	61	62	67	75	131	136	180	
49	35
0	2	3	4	6	7	8	10	11	12	15	16	17	18	19	22	23	25	27	32	35	36	38	39	49	53	55	59	60	66	69	75	81	124	180	
37	29
0	2	3	4	7	9	10	11	12	13	14	15	16	17	19	20	22	26	32	33	36	38	39	47	59	67	75	131	136	
30	24
0	2	4	6	7	8	10	11	13	14	18	19	26	27	29	33	35	36	38	41	49	66	75	124	
36	25
0	2	4	5	9	10	11	12	13	15	16	17	23	29	36	38	39	49	59	61	62	75	83	107	180	
38	28
0	1	4	6	9	12	13	14	17	18	21	22	26	27	32	33	34	36	38	39	41	49	53	59	62	75	131	136	
42	32
0	2	4	6	7	8	9	10	11	12	14	15	16	17	22	25	27	31	33	34	35	36	38	39	41	49	55	69	75	81	85	136	
33	24
0	2	4	6	7	8	9	10	11	13	15	18	21	22	26	29	34	38	59	66	69	85	131	136	
40	28
2	3	4	6	7	8	12	13	15	16	17	19	20	22	27	29	32	35	36	38	39	41	59	69	85	124	136	180	
30	22
4	6	11	13	14	15	16	18	19	20	21	25	27	29	32	39	59	60	61	75	131	136	
37	30
0	1	3	4	5	6	7	8	9	10	11	13	16	17	18	20	22	25	26	31	32	33	34	36	38	39	61	85	107	136	
42	32
0	2	3	4	5	7	9	10	11	12	13	14	16	17	19	20	21	22	26	27	29	34	36	38	39	41	47	59	61	85	124	136	
30	25
0	3	4	6	7	8	10	11	15	16	17	19	20	22	25	26	27	32	33	34	35	36	62	87	136	
34	25
0	1	2	3	4	8	9	12	13	14	22	27	31	32	33	34	36	38	49	56	59	61	81	85	136	
33	27
0	2	3	4	5	7	8	11	13	14	15	16	17	18	20	25	27	32	33	36	38	39	53	61	62	67	85	
34	27
0	2	4	6	7	8	9	10	11	13	14	17	18	20	21	22	26	29	31	33	38	41	56	62	75	81	131	
29	25
0	2	3	4	6	7	8	9	13	14	15	16	17	21	23	27	32	33	35	36	38	53	55	62	75	
35	28
0	1	4	5	6	7	8	9	12	13	14	15	16	17	18	19	22	27	29	34	36	38	59	61	62	69	84	136	
34	25
0	3	4	8	10	17	20	21	22	25	27	29	32	33	34	36	38	39	49	61	62	75	81	87	136	
34	24
2	4	5	6	7	8	10	11	14	15	16	18	22	27	32	34	36	38	61	62	75	85	136	180	
35	26
0	1	2	4	6	11	12	15	16	17	19	20	22	25	26	27	29	33	34	38	41	60	62	85	124	136	
38	30
0	2	3	4	5	7	10	11	12	13	14	15	16	17	18	19	27	32	33	34	36	38	39	49	59	62	69	75	84	136	
30	22
0	3	4	6	7	8	11	12	13	14	15	27	29	32	34	38	39	62	75	87	124	136	
39	31
0	2	3	5	6	7	8	10	11	13	14	15	16	17	19	22	26	27	29	32	33	34	35	36	39	41	60	67	75	131	136	
31	25
0	2	3	4	6	11	13	14	15	17	19	20	22	23	29	32	34	36	38	39	41	47	61	62	131	
33	25
0	2	4	6	7	9	10	11	13	14	16	17	18	19	20	22	23	26	38	39	41	62	66	85	180	
36	25
0	4	10	12	13	14	15	17	18	20	22	25	27	32	34	36	38	39	49	61	75	85	87	131	136	
29	24
0	1	2	3	4	6	7	11	14	15	16	18	21	25	29	32	34	36	37	39	61	81	83	124	
38	28
0	2	3	4	5	7	13	14	16	18	19	20	21	22	25	27	29	34	36	49	53	55	61	62	67	75	81	136	
31	24
4	5	6	7	8	10	12	15	16	18	20	22	23	25	27	32	36	37	41	49	59	61	75	131	
34	26
3	4	6	7	8	12	13	14	15	16	17	18	19	26	27	32	33	34	36	38	41	62	75	81	124	136	
33	26
1	4	6	7	8	9	11	13	14	16	18	19	20	22	23	26	27	29	31	32	39	41	55	61	75	180	
37	28
2	4	6	7	8	10	12	14	15	18	20	21	22	25	27	31	33	34	36	38	39	61	62	67	69	75	85	131	
30	23
2	4	6	7	8	10	11	13	14	15	17	18	22	27	29	36	38	39	49	59	61	124	136	
41	32
0	1	2	4	6	7	8	10	12	13	14	15	17	18	19	21	22	25	26	27	33	34	38	39	41	47	49	60	61	75	83	136	
45	34
3	4	6	7	8	10	11	12	13	14	15	16	17	19	20	21	22	25	26	27	29	32	33	34	36	38	39	61	62	75	81	124	136	180	
43	30
0	1	4	6	7	11	12	14	15	16	17	18	19	20	22	27	32	34	36	37	38	39	41	49	62	81	85	131	136	180	
41	29
0	3	4	6	9	10	11	12	14	15	18	20	22	25	26	27	29	33	34	36	53	59	62	69	75	84	107	131	136	
47	33
0	1	2	3	4	8	9	12	14	15	17	18	22	25	26	27	31	32	34	36	38	41	49	53	59	60	61	62	66	67	75	124	136	
26	21
0	2	3	4	6	7	9	10	11	14	15	17	19	27	31	32	38	53	62	66	107	
35	25
2	3	4	6	8	11	12	13	14	16	17	18	19	20	21	22	27	33	41	49	61	69	75	136	180	
39	31
1	2	4	6	7	8	10	11	12	13	14	15	17	18	21	22	26	27	29	32	33	34	36	39	47	60	61	66	67	84	131	
40	29
0	4	6	7	8	10	13	14	15	17	18	21	22	23	32	33	34	36	38	39	41	47	60	61	62	67	81	87	136	
30	24
2	3	4	6	7	8	10	11	13	14	15	16	18	20	22	27	29	36	38	39	55	69	107	124	
38	28
1	2	4	6	8	9	10	12	13	14	17	18	19	20	22	25	27	31	36	38	47	53	55	59	60	66	124	131	
40	31
0	1	2	3	4	5	6	7	9	10	11	12	13	14	15	16	17	20	21	25	27	32	36	38	39	59	69	75	124	131	136	
30	25
0	2	3	4	6	7	8	9	10	11	16	18	21	22	27	29	32	34	36	37	39	62	75	81	85	
39	29
0	1	2	3	4	7	8	9	12	14	15	17	18	20	22	27	29	34	36	38	39	41	49	61	62	69	81	107	136	
41	31
0	2	3	4	7	9	11	13	14	15	16	17	19	20	22	23	29	31	32	34	36	39	40	41	53	59	61	75	84	85	87	
41	29
3	5	6	7	8	10	11	12	15	16	17	18	21	22	25	26	27	29	32	36	38	39	62	69	81	85	87	136	180	
38	29
2	4	6	7	8	9	10	12	15	16	19	20	21	25	27	29	31	32	34	36	38	39	59	61	62	69	75	85	131	
38	28
2	3	6	7	8	10	11	12	14	15	16	18	19	22	27	29	31	32	33	36	41	55	59	60	62	75	85	136	
39	29
0	2	5	6	9	11	12	13	14	15	16	17	18	20	21	22	23	27	32	34	38	39	53	61	62	69	81	87	180	
41	31
0	6	7	8	9	10	11	12	14	15	16	18	19	21	22	23	25	26	27	32	33	34	36	38	47	59	61	62	85	124	131	
41	28
2	4	5	6	8	11	14	15	16	18	19	21	22	25	26	27	33	36	38	41	59	60	62	66	67	85	136	180	
42	31
0	1	2	3	4	5	6	7	9	12	14	15	17	20	22	23	29	31	32	33	34	38	41	60	61	69	75	81	84	124	136	
40	28
0	2	4	6	7	9	10	11	12	14	16	17	19	20	22	26	27	32	34	36	38	47	62	69	124	131	136	180	
33	23
0	2	3	5	6	7	8	9	12	14	15	22	26	32	36	38	49	59	61	69	81	136	180	
35	26
0	2	4	6	7	8	10	11	13	16	17	18	20	22	27	33	34	37	41	49	59	61	62	66	67	124	
39	29
0	2	4	5	7	8	9	10	11	13	14	19	22	26	27	29	32	33	34	36	39	55	59	60	62	67	69	131	136	
51	38
0	2	4	5	6	8	10	11	12	13	14	15	16	17	18	19	20	22	23	26	27	29	31	33	34	35	37	38	39	41	59	61	62	66	69	85	136	180	
33	24
2	4	6	7	8	13	14	15	16	19	20	22	27	32	34	36	38	59	61	62	69	81	85	87	
36	26
0	1	2	5	6	7	10	11	13	14	16	17	19	20	27	32	37	38	41	49	62	66	67	75	85	124	
31	24
0	2	3	4	8	10	11	13	16	17	19	20	22	27	32	34	36	38	41	61	75	81	84	136	
40	30
0	1	2	3	4	6	7	9	10	11	13	14	15	16	17	19	29	33	34	36	38	39	47	53	55	59	69	84	131	136	
47	35
0	1	2	3	5	6	8	10	11	13	14	15	16	17	18	19	20	22	25	27	29	32	34	35	36	38	41	49	60	62	67	84	124	131	136	
39	27
0	3	4	6	8	12	13	14	15	16	19	22	23	25	27	29	31	34	39	59	60	75	81	84	85	136	180	
34	26
0	2	4	7	8	10	11	15	16	17	18	20	26	27	29	31	32	33	34	36	38	59	62	85	107	136	
35	26
0	4	5	7	9	10	11	12	14	15	16	17	18	27	29	33	34	35	36	53	62	67	75	81	85	136	
40	28
0	2	4	7	11	12	14	15	16	17	20	21	22	23	25	27	32	34	38	53	60	61	67	69	75	107	131	136	
25	24
0	2	4	6	8	11	12	14	15	17	18	19	20	22	23	26	27	29	33	34	35	36	38	61	
32	26
0	3	4	5	11	13	14	15	18	19	21	23	26	27	29	32	33	34	36	38	39	55	59	66	75	136	
31	24
0	2	3	4	7	8	10	11	14	16	17	25	26	27	34	35	36	37	38	41	53	59	62	180	
33	26
0	6	7	8	9	11	12	15	16	17	20	21	26	27	31	32	33	36	38	49	53	59	61	62	67	81	
39	30
0	4	6	7	11	13	14	15	16	17	18	20	21	22	23	26	27	31	32	33	34	36	38	39	59	61	83	107	124	136	
38	29
0	2	3	4	7	8	9	10	11	12	14	15	16	17	19	20	21	22	27	32	33	34	36	53	61	66	69	136	180	
42	32
0	1	2	3	4	5	6	7	9	10	12	15	16	17	20	21	27	29	32	34	36	38	39	41	53	56	59	61	62	75	83	85	
39	28
0	2	3	4	6	7	8	9	12	13	15	22	23	25	27	32	33	36	38	39	41	53	60	62	67	85	87	136	
37	24
2	7	8	11	12	14	15	16	21	22	26	27	32	34	36	39	49	55	66	75	87	124	136	180	
27	23
0	1	2	6	7	10	11	14	16	17	18	21	23	26	27	32	33	34	37	38	66	69	85	
31	25
0	2	3	4	7	10	12	14	15	16	17	18	19	20	22	23	27	33	34	36	38	61	66	131	136	
29	23
0	2	4	6	8	12	14	15	16	20	22	26	27	29	32	34	36	38	39	59	61	66	180	
32	25
0	1	3	4	6	7	8	10	11	12	14	17	18	19	22	33	34	35	38	39	49	53	59	107	136	
37	31
0	2	3	4	6	7	8	9	10	11	13	14	15	17	19	21	22	25	26	27	29	32	33	34	36	39	59	62	66	75	136	
26	24
0	3	4	6	7	8	9	10	11	13	14	16	18	19	20	25	27	29	33	34	36	38	49	75	
36	27
0	1	4	5	7	9	10	11	12	13	15	16	17	20	21	22	25	32	34	36	38	41	49	60	62	87	180	
54	35
4	6	7	9	11	12	13	14	16	17	19	20	21	22	27	29	31	33	34	36	39	40	49	53	59	62	66	67	69	75	107	124	131	136	180	
36	26
0	2	4	5	6	7	8	9	14	22	23	25	27	29	32	33	34	36	37	38	61	62	81	107	124	180	
47	32
0	2	3	4	6	7	9	10	11	14	15	16	17	22	23	26	27	29	34	36	38	39	40	59	60	61	62	85	107	131	136	180	
39	27
0	2	4	7	11	12	13	14	15	16	17	22	27	29	32	34	36	38	39	41	53	62	67	81	124	136	180	
30	24
0	2	3	7	8	9	11	13	14	22	23	25	29	32	33	36	38	39	49	59	61	66	69	81	
37	27
0	3	4	6	8	10	11	12	14	18	19	20	21	25	27	29	33	36	39	53	59	61	67	75	81	107	136	
44	30
4	5	6	7	8	10	11	14	15	16	17	22	25	26	29	32	33	36	38	39	40	56	59	61	81	84	85	124	131	180	
45	31
0	2	3	4	6	7	8	13	15	16	17	18	20	21	22	27	32	34	36	38	39	41	49	59	66	67	69	75	124	136	180	
36	30
0	1	2	4	7	10	11	12	13	14	15	16	17	18	19	20	25	27	29	32	33	36	38	39	59	61	62	67	69	75	
42	31
0	1	3	4	6	7	8	10	11	14	15	16	17	18	19	23	25	26	27	29	32	34	38	59	61	62	66	67	85	131	136	
37	28
0	2	4	5	6	7	8	9	10	11	13	14	15	16	17	18	20	26	32	36	39	49	61	62	75	81	124	136	
35	27
3	4	7	8	10	12	13	14	15	16	17	19	22	25	26	27	29	31	32	36	38	39	53	69	81	131	180	
35	27
2	5	6	7	10	11	12	13	14	15	17	21	22	26	27	29	32	34	36	38	39	49	55	62	66	85	136	
44	31
2	3	4	5	6	7	8	10	12	13	15	20	22	26	27	29	32	33	34	36	38	47	55	60	61	66	81	83	85	87	131	
30	24
0	2	4	7	8	11	12	13	14	15	17	18	22	23	29	31	32	33	38	53	61	66	69	85	
35	28
0	4	6	8	9	10	11	12	14	15	16	17	18	22	25	29	31	33	34	35	36	39	59	61	67	69	81	107	
29	22
0	4	6	7	8	9	10	11	12	17	18	19	22	27	29	34	38	59	61	75	85	136	
35	25
2	4	6	7	10	13	15	17	18	19	20	22	23	26	29	32	36	38	49	62	66	75	87	131	136	
34	29
0	2	3	4	6	7	8	10	11	12	15	16	17	18	19	22	25	27	29	31	32	33	34	36	38	39	62	85	136	
41	27
2	3	6	8	10	11	14	15	16	18	19	26	27	32	36	38	39	41	60	61	67	75	81	85	124	131	136	
30	25
1	2	4	5	6	8	10	12	13	14	15	16	20	23	25	27	29	34	35	36	38	39	49	124	136	
49	36
0	2	3	4	5	6	7	8	10	11	12	13	15	16	17	19	23	25	26	27	29	32	33	34	38	39	41	47	49	55	59	61	67	87	107	136	
41	30
0	3	4	6	7	8	11	12	13	17	19	20	21	22	27	29	32	34	36	38	39	41	47	49	55	66	67	75	107	136	
38	28
2	3	4	6	7	8	10	12	13	15	18	22	25	27	29	33	34	36	38	39	49	59	61	67	75	84	107	124	
35	25
0	4	5	6	7	9	10	12	17	18	19	22	26	34	36	38	39	40	49	59	61	62	67	136	180	
36	29
0	1	2	3	4	6	7	8	10	11	12	14	15	17	19	22	27	32	33	34	36	38	39	49	59	62	69	75	136	
45	30
3	4	6	7	8	9	11	15	18	20	22	23	25	29	32	33	34	36	38	49	53	56	59	60	62	66	75	85	124	180	
33	23
2	3	7	8	13	15	17	18	19	22	27	31	32	34	36	39	49	53	59	61	62	85	180	
46	33
0	2	4	6	7	8	10	11	12	15	17	20	21	22	25	27	29	31	32	33	34	36	38	39	47	59	62	67	69	81	87	136	180	
32	26
0	1	2	4	5	6	7	8	10	12	14	15	17	18	21	23	25	26	34	36	39	49	59	61	62	131	
33	26
0	2	3	6	7	8	11	12	13	14	18	20	22	26	27	29	31	33	36	37	39	55	67	75	85	136	
43	31
0	2	4	5	6	7	8	10	11	13	15	16	17	18	19	22	27	32	33	34	36	38	39	41	53	59	61	62	87	107	180	
35	27
0	2	3	6	10	14	15	16	17	18	19	21	22	29	32	33	34	36	37	38	39	53	61	75	81	87	136	
36	26
0	1	4	6	11	16	17	18	19	20	22	25	27	32	33	36	38	39	49	59	61	62	67	81	124	136	
40	28
3	4	5	6	12	14	16	17	18	21	23	25	27	32	33	34	36	38	39	49	55	59	61	62	66	107	131	136	
32	25
1	2	3	4	6	7	9	10	13	14	15	18	19	20	21	22	32	38	39	41	53	62	69	75	136	
41	28
0	3	4	5	7	10	11	12	13	14	16	20	23	25	27	29	34	36	39	53	59	60	61	69	75	124	136	180	
36	28
0	1	2	4	6	7	9	10	11	12	14	15	17	22	25	26	27	32	33	34	37	49	59	61	69	75	81	136	
42	29
0	2	4	7	8	9	10	11	13	15	16	17	18	19	27	29	32	34	38	41	49	59	61	62	66	67	85	131	136	
37	26
2	3	4	6	7	10	11	12	14	15	18	19	22	25	27	29	34	38	41	49	59	62	66	75	136	180	
32	23
0	2	4	6	7	8	11	13	17	19	20	27	29	32	36	38	39	59	60	62	75	136	180	
34	27
0	2	3	4	6	7	8	10	11	14	16	18	22	25	29	31	33	34	36	38	39	49	59	62	67	75	136	
38	31
0	2	4	7	8	10	12	13	14	15	16	17	18	19	20	21	25	27	29	31	32	34	36	38	39	56	60	62	75	83	85	
33	25
0	2	4	5	8	10	14	16	19	20	21	22	27	31	32	33	34	38	39	41	49	61	84	107	136	
31	26
0	1	2	4	7	8	9	10	13	14	15	16	18	20	22	26	32	33	36	38	39	49	59	61	75	83	
34	29
0	1	2	4	5	6	7	8	9	10	11	16	17	19	20	21	27	29	31	32	33	34	36	38	39	53	60	61	85	
41	31
0	2	4	6	7	8	9	10	11	12	13	14	17	18	20	25	29	31	36	37	38	39	49	59	61	62	67	69	75	81	136	
34	28
0	1	4	6	7	8	9	11	13	14	15	16	17	18	21	27	29	32	33	34	35	36	39	49	62	67	83	136	
35	25
3	4	6	7	8	10	11	12	14	15	17	18	21	25	34	36	38	39	59	61	62	66	69	124	180	
36	25
0	1	2	3	6	8	10	11	12	14	16	17	18	19	22	23	29	31	38	67	75	85	124	136	180	
46	34
2	4	5	6	7	9	10	11	12	14	15	18	19	20	22	23	25	27	29	32	33	34	36	38	49	53	59	61	62	67	69	81	85	124	
40	31
0	2	3	4	5	6	7	9	11	12	16	17	18	19	22	25	27	32	33	34	35	36	38	39	41	61	62	69	84	124	136	
47	33
2	4	5	6	7	8	9	10	11	14	15	16	17	18	23	26	27	32	33	34	36	38	39	49	55	59	61	62	67	85	124	131	136	
38	29
2	3	4	6	7	9	10	11	12	13	14	17	18	21	26	27	29	31	33	34	36	38	41	49	60	61	66	85	136	
33	25
0	2	3	6	7	8	10	11	14	17	18	19	22	25	27	29	33	35	36	38	47	53	67	136	180	
44	34
0	2	3	4	5	6	7	8	9	11	14	15	16	17	18	19	22	27	29	32	33	34	36	37	38	39	47	49	59	61	67	69	81	180	
35	26
0	1	2	3	4	5	6	7	10	11	12	15	16	20	22	27	33	34	36	41	55	59	61	75	124	136	
33	24
2	4	6	8	9	10	13	14	15	16	17	18	19	22	29	32	34	39	53	62	69	87	124	136	
25	21
2	3	4	6	7	8	9	14	17	18	21	22	23	27	29	32	37	38	62	75	136	
31	24
0	1	2	3	4	6	7	8	11	14	16	18	22	27	33	34	36	38	39	47	61	84	124	136	
32	25
0	2	3	4	6	7	9	11	14	15	19	20	22	25	27	29	33	35	36	38	39	69	107	131	136	
46	33
0	6	7	8	9	11	13	14	15	16	17	18	19	21	22	25	26	27	29	34	35	36	38	41	49	53	59	61	75	83	87	124	131	
30	24
0	3	4	7	8	9	13	16	17	18	19	21	22	26	27	34	36	37	38	47	55	59	69	124	
32	24
1	3	5	9	10	11	12	14	18	19	20	21	22	27	29	31	32	33	39	53	75	84	87	180	
42	32
0	2	3	4	7	9	10	11	12	13	14	15	16	17	18	20	25	26	27	29	32	36	38	39	41	49	53	59	61	62	131	136	
40	30
0	2	3	4	5	7	9	10	11	13	17	19	20	22	23	27	29	32	33	34	35	36	40	41	60	61	62	75	136	180	
40	28
2	7	11	12	14	15	16	18	19	21	23	27	29	32	33	35	36	38	39	49	60	61	66	67	69	107	131	136	
32	24
0	2	4	6	7	10	11	14	15	16	17	19	20	22	32	34	36	38	39	60	75	83	136	180	
29	23
2	3	4	6	11	15	16	18	20	22	25	27	31	32	34	36	39	41	49	59	62	81	84	
37	27
0	2	4	7	8	9	10	11	14	15	17	19	20	21	22	27	32	33	36	38	59	61	62	75	124	131	136	
44	31
0	1	2	4	7	8	9	10	11	12	13	14	16	17	19	22	25	27	32	33	34	38	39	55	59	62	75	85	107	136	180	
35	28
2	3	4	5	6	7	10	14	15	16	18	19	20	21	22	23	27	29	33	34	36	38	53	59	62	81	84	136	
52	36
0	3	4	6	7	9	10	11	12	13	14	15	16	17	19	22	23	25	27	31	32	33	35	36	39	41	53	55	61	62	69	81	124	131	136	180	
34	26
4	5	6	7	8	9	10	11	13	14	15	16	17	19	27	29	31	33	34	36	41	53	66	81	84	180	
22	18
2	4	6	7	11	12	14	17	22	27	32	34	36	38	59	66	69	75	
46	33
0	1	2	5	6	7	8	9	10	11	12	14	17	18	19	20	22	23	26	27	29	32	35	53	60	61	62	67	75	81	107	131	136	
33	24
0	4	7	11	12	13	15	16	19	20	25	27	29	32	34	36	39	55	59	61	62	69	87	131	
38	29
0	2	3	4	5	6	7	8	11	12	13	15	17	18	20	22	25	27	29	34	35	37	38	39	61	62	131	136	180	
40	30
0	2	4	5	6	7	10	11	12	13	14	17	18	19	23	26	27	29	31	33	36	38	39	61	62	69	75	85	131	136	
31	24
0	1	2	4	8	10	11	13	14	15	16	17	18	19	22	23	31	33	36	38	62	69	85	180	
34	25
0	2	3	4	6	8	10	11	13	14	16	17	18	19	22	27	32	36	38	49	59	62	124	131	136	
40	28
4	6	7	8	11	12	13	14	15	16	17	18	19	22	27	32	36	38	39	49	61	62	66	75	81	85	131	136	
41	31
1	2	4	5	6	7	9	10	11	14	15	16	17	19	22	25	27	31	33	35	36	38	39	53	60	61	62	69	84	87	136	
28	23
0	2	4	7	8	11	14	15	17	18	20	21	22	26	32	33	34	38	39	60	62	67	136	
42	33
0	2	4	6	7	9	10	11	12	13	14	16	17	18	19	21	22	23	25	26	27	29	32	34	36	38	39	59	62	67	69	136	180	
42	31
0	4	6	7	8	10	11	12	13	14	16	17	20	21	22	25	26	27	29	33	36	38	39	41	53	59	61	62	75	131	180	
36	26
2	3	6	8	10	11	12	14	15	17	18	19	20	25	27	34	38	39	47	49	53	62	69	75	131	136	
41	30
1	3	4	5	6	7	10	11	13	14	17	18	19	22	27	29	32	35	36	38	39	41	49	59	60	61	62	75	131	136	
49	34
0	3	4	5	6	7	8	10	11	12	13	14	15	17	23	27	31	32	33	34	36	38	39	40	49	53	59	61	75	81	124	131	136	180	
37	27
0	2	3	4	6	8	10	11	13	14	15	16	17	19	21	22	25	26	34	38	59	61	62	69	124	131	136	
39	28
0	2	4	6	8	10	11	13	14	15	16	19	20	23	27	29	34	35	38	39	41	49	55	61	75	84	136	180	
30	23
0	2	4	5	7	8	10	11	12	13	17	18	21	22	29	32	34	39	59	62	75	124	136	
29	25
0	2	4	5	6	7	8	10	11	13	14	16	17	18	19	22	27	29	33	34	36	39	59	67	87	
34	26
3	4	6	8	10	11	12	13	14	15	17	22	26	27	29	32	35	36	39	47	49	62	69	75	84	136	
46	33
0	2	3	4	5	6	9	10	13	15	17	18	19	20	22	25	27	29	31	34	36	38	39	41	53	59	61	62	75	81	107	124	136	
44	32
0	2	3	4	5	6	7	11	13	15	16	17	18	19	21	22	23	25	29	32	33	34	38	39	53	60	61	62	75	85	136	180	
41	31
0	2	3	4	7	8	10	11	12	13	15	16	18	19	27	32	33	34	35	36	37	38	39	53	59	61	62	75	81	85	107	
38	29
0	1	3	4	6	11	14	15	16	17	18	19	21	22	25	26	27	29	33	36	38	41	53	55	59	62	67	81	85	
39	31
0	1	2	4	7	9	10	11	12	14	15	16	17	19	20	22	23	29	32	33	35	36	38	39	40	41	53	59	61	87	136	
38	28
0	4	5	6	7	8	10	13	14	16	17	21	22	23	27	29	32	33	34	36	38	49	59	60	75	85	131	136	
35	26
1	2	10	11	12	14	15	16	17	19	20	23	25	27	29	32	34	36	38	39	61	67	81	85	131	136	
41	30
0	3	4	6	7	8	10	12	13	14	16	17	18	19	29	32	33	34	36	38	39	41	62	66	67	69	75	81	87	107	
35	24
2	4	7	8	11	13	14	15	17	19	21	27	31	32	34	36	41	49	53	59	62	75	124	180	
37	26
4	6	7	8	10	11	13	14	17	18	19	20	22	27	32	33	34	36	38	61	62	75	81	124	136	180	
32	23
3	4	5	7	11	14	15	17	18	19	20	21	22	27	32	36	39	49	53	75	85	124	136	
31	23
0	2	4	7	9	10	12	13	15	22	23	32	33	34	38	39	47	49	59	61	62	75	85	
27	21
0	2	4	6	7	11	12	14	18	22	26	27	29	34	36	38	39	53	62	85	136	
27	22
2	4	5	6	7	8	10	11	12	13	14	17	18	20	21	22	27	36	38	62	131	136	
32	25
1	2	3	4	6	8	11	12	15	16	17	20	22	26	27	34	35	36	38	39	55	59	67	75	180	
43	30
1	2	3	4	6	11	12	14	15	16	17	18	19	20	27	29	32	33	34	38	47	59	61	62	66	67	75	85	131	136	
27	24
0	3	4	7	8	10	12	13	14	15	16	17	18	19	22	26	27	33	34	36	38	41	62	83	
41	32
0	1	2	4	8	9	10	11	12	13	14	16	17	18	19	22	23	25	26	27	32	36	37	38	39	61	62	67	75	84	85	131	
36	27
0	2	3	4	5	9	11	14	16	17	19	21	22	25	27	29	32	33	37	38	41	47	49	67	75	85	136	
50	33
0	2	5	6	8	10	11	14	15	17	18	19	22	23	27	29	32	33	34	35	36	49	53	59	61	62	75	83	84	107	131	136	180	
38	26
2	6	7	9	12	14	15	16	17	21	25	26	27	32	34	36	37	38	49	55	59	60	75	85	107	180	
34	26
0	3	4	6	10	11	12	13	14	15	17	18	19	20	21	22	32	36	38	41	47	59	61	62	81	136	
39	26
0	4	7	8	9	10	11	12	14	15	17	19	22	25	32	33	34	49	53	59	61	66	85	87	107	136	
34	26
0	2	4	6	7	9	10	11	12	14	16	19	20	22	27	29	32	33	34	36	38	60	81	85	107	131	
33	27
0	4	7	10	11	13	14	15	16	17	18	20	22	23	25	27	32	33	34	36	39	49	59	61	62	67	75	
43	29
0	1	2	3	4	6	7	10	11	14	17	18	20	22	26	27	29	34	39	41	49	55	61	67	69	85	107	124	136	
40	29
0	2	4	6	7	10	11	12	14	15	16	17	20	22	25	27	32	36	38	39	41	49	53	55	59	60	75	124	136	
45	32
0	1	2	4	6	9	10	11	13	14	16	18	22	23	26	27	32	34	35	36	37	39	40	55	60	62	66	69	75	85	107	180	
50	37
0	2	3	4	5	6	9	11	12	13	14	16	17	18	19	20	25	26	27	29	32	33	34	35	36	38	41	53	55	60	62	66	67	83	84	85	124	
35	29
2	3	4	5	6	7	8	9	10	11	13	14	18	22	23	25	27	29	31	32	34	36	39	53	59	61	66	75	83	
38	26
0	2	7	9	11	13	14	15	16	19	25	27	29	32	34	36	38	39	41	59	61	62	75	85	136	180	
36	29
0	3	7	9	10	11	13	15	16	17	18	21	22	23	25	27	29	31	33	35	36	38	39	59	61	62	66	69	136	
27	23
0	3	4	5	10	13	14	15	17	19	21	22	25	27	29	33	34	36	38	49	62	75	81	
44	33
0	2	4	6	7	10	11	13	14	15	16	17	20	22	23	25	26	27	31	32	33	34	35	37	38	39	53	59	75	81	85	131	180	
33	26
0	4	5	7	8	10	11	12	14	15	16	17	18	19	25	32	33	34	36	38	39	41	49	69	75	180	
30	23
0	2	3	4	6	7	8	10	14	15	18	22	27	29	32	34	38	53	59	61	62	81	131	
40	30
0	3	4	6	7	8	12	13	14	15	16	17	18	21	22	26	27	32	34	36	37	38	49	56	61	62	75	81	85	124	
32	25
2	6	10	11	12	13	14	16	17	27	29	31	32	33	34	36	38	39	49	55	59	60	61	75	84	
32	25
0	3	4	6	7	9	10	11	14	15	18	22	23	26	27	34	36	37	38	41	59	62	66	75	131	
43	27
2	4	9	12	13	14	17	19	20	22	23	27	32	34	36	38	39	59	67	69	75	81	85	87	131	136	180	
47	33
1	2	4	5	6	8	9	11	12	13	14	17	19	20	22	26	27	32	33	34	35	36	39	41	49	53	61	62	67	75	124	131	180	
32	24
0	1	4	6	7	8	10	14	15	16	17	18	19	23	27	31	32	36	38	49	62	85	124	136	
40	31
0	1	3	4	8	9	10	11	13	14	16	19	20	21	22	25	27	29	31	32	34	36	38	39	49	59	60	61	75	124	136	
38	28
0	2	4	7	8	9	10	11	15	17	19	20	21	22	26	27	32	36	39	41	49	59	60	61	62	81	84	136	
34	25
4	6	7	10	12	14	15	16	17	19	23	27	29	32	34	36	38	39	41	60	62	69	75	85	136	
31	23
2	4	6	8	10	11	12	13	16	17	19	22	25	27	32	38	39	49	62	75	84	85	131	
32	25
0	2	4	7	8	11	14	15	16	17	18	19	20	22	25	27	29	32	34	41	49	55	62	69	124	
39	27
2	3	7	8	10	12	14	15	16	22	23	27	29	32	33	34	36	38	39	41	59	75	81	85	124	131	136	
28	21
3	4	6	7	8	9	13	14	15	16	18	20	22	32	33	39	49	59	60	81	180	
32	25
2	4	5	6	10	11	12	14	16	17	18	20	22	25	26	27	29	34	36	39	41	75	84	85	136	
29	23
1	3	6	7	9	10	11	12	13	14	16	18	20	22	25	26	27	36	61	62	69	75	131	
36	29
2	3	4	6	7	8	11	12	13	14	16	17	18	19	20	21	27	29	32	33	34	38	39	41	49	59	62	69	136	
45	31
2	4	6	7	8	10	11	12	14	19	20	22	23	26	27	29	33	34	35	36	38	39	41	55	60	67	69	85	124	136	180	
31	24
3	6	7	9	10	11	13	14	16	20	21	23	27	31	32	33	34	36	41	53	61	75	81	136	
33	27
0	1	2	3	4	6	7	10	11	12	13	14	15	17	22	27	32	34	36	38	39	41	53	59	62	67	75	
37	27
0	5	6	7	8	9	10	11	14	15	21	29	31	32	33	34	36	38	39	41	53	59	62	69	75	87	136	
33	27
0	2	6	7	10	11	13	14	16	17	19	20	21	22	23	25	27	29	32	33	36	38	39	61	62	85	87	
53	36
0	3	4	6	7	10	11	12	13	14	15	17	18	20	21	22	23	25	27	29	31	34	36	38	41	59	61	62	66	67	75	81	87	124	136	180	
33	26
0	2	3	4	6	8	10	11	12	13	17	19	20	25	27	32	33	35	36	38	39	61	62	69	107	131	
39	27
0	2	4	6	8	10	11	12	13	14	17	20	22	27	29	34	36	38	41	49	60	61	62	75	84	136	180	
42	29
0	4	6	7	9	11	12	14	15	16	17	20	22	23	25	27	33	34	36	39	41	53	55	59	62	81	107	136	180	
36	28
0	1	2	4	6	7	8	10	11	13	14	16	17	20	21	25	27	32	33	38	39	41	53	60	62	75	84	107	
41	28
0	4	8	9	14	15	16	17	18	19	20	22	26	27	29	31	32	38	39	59	61	66	69	75	83	85	124	180	
35	25
0	2	4	5	6	7	10	11	12	15	16	20	21	27	32	33	36	39	49	59	60	62	75	85	180	
46	31
0	1	3	6	9	11	14	15	16	17	18	19	20	21	22	25	29	32	34	37	39	49	59	62	66	75	84	85	124	131	180	
37	27
3	4	6	7	8	11	13	14	15	17	18	27	32	34	36	38	39	41	53	55	59	61	66	67	69	81	84	
42	32
1	2	3	4	6	7	8	9	10	13	14	17	18	20	21	22	26	27	29	32	34	35	38	39	41	49	55	61	66	75	131	136	
43	31
0	6	7	9	10	11	12	14	15	16	17	19	20	25	27	29	33	34	35	36	39	49	55	60	61	62	67	69	75	85	124	
34	25
0	1	2	3	6	7	8	9	10	11	13	14	17	19	20	31	34	35	36	53	62	66	81	136	180	
33	27
0	2	4	6	7	8	10	12	13	16	17	19	23	26	27	29	32	33	34	36	37	38	61	67	69	75	136	
35	27
0	4	6	7	9	12	14	15	16	17	18	20	22	23	27	29	31	33	34	38	47	53	61	66	75	81	131	
41	31
0	1	2	4	5	6	7	8	12	13	14	18	19	20	22	26	27	29	32	33	36	38	41	49	59	60	61	62	69	81	85	
32	25
2	4	7	11	12	13	14	17	20	21	22	25	26	27	29	32	34	35	36	41	49	60	62	75	124	
42	30
1	3	4	8	9	11	12	14	15	16	18	19	20	21	22	23	27	31	34	36	39	49	55	61	69	75	84	85	124	136	
30	25
1	2	3	4	6	7	11	12	15	16	19	22	23	25	27	29	32	35	36	38	39	61	62	75	136	
36	29
2	4	5	6	7	9	10	11	14	15	16	17	18	19	20	22	23	26	29	31	32	34	36	38	59	66	75	85	136	
29	25
0	2	4	5	6	7	10	12	13	14	16	17	20	21	22	25	27	32	34	38	39	49	60	61	75	
42	28
0	1	3	4	6	7	10	13	14	15	18	20	23	25	27	29	32	34	38	49	59	61	69	81	107	124	136	180	
31	24
2	3	4	6	10	11	13	14	15	16	17	18	19	21	22	26	27	31	38	61	66	69	85	136	
35	25
0	4	7	9	10	11	14	16	17	20	22	27	33	34	36	38	39	41	49	53	60	61	69	85	136	
36	26
2	4	6	7	10	11	12	13	14	15	16	20	21	22	26	27	32	34	36	39	41	53	85	107	131	136	
41	33
0	3	4	6	7	8	9	10	13	14	15	16	17	18	20	22	23	25	27	32	33	34	35	36	38	39	60	62	66	69	75	84	136	
27	22
0	2	3	6	7	8	11	12	13	14	20	22	27	32	33	34	35	36	38	62	131	136	
37	27
0	3	5	6	8	9	11	12	13	14	15	16	17	18	26	27	29	33	36	38	60	61	62	69	84	136	180	
39	31
0	2	3	4	6	7	8	9	11	13	14	15	18	19	20	22	27	29	32	33	34	38	39	41	47	49	59	62	67	69	75	
32	26
0	2	3	4	6	7	9	10	11	12	13	14	15	18	19	20	25	27	29	34	38	39	41	59	87	107	
31	24
0	2	6	7	8	9	10	11	12	14	15	17	19	20	21	29	32	36	38	41	62	69	107	131	
37	29
1	4	6	7	9	10	11	13	14	15	16	17	19	20	22	23	25	26	27	34	36	37	38	39	41	49	85	124	136	
36	28
0	2	3	4	6	10	11	12	15	16	17	18	19	20	21	22	23	27	33	34	36	38	39	49	61	69	124	180	
40	26
2	4	7	10	11	13	14	16	17	22	25	27	32	34	36	38	41	59	62	69	75	81	85	87	124	136	
35	24
0	3	4	8	11	13	14	15	16	17	20	22	23	27	34	35	36	60	62	81	84	131	136	180	
32	23
2	3	4	5	6	8	11	15	20	22	27	29	32	34	36	38	39	53	62	69	107	131	136	
32	25
3	4	6	9	10	11	13	14	15	17	18	25	27	29	31	32	35	36	38	49	53	61	69	81	136	
44	31
0	1	2	3	4	7	13	14	16	17	18	19	20	21	22	25	26	29	31	32	34	36	38	62	67	75	81	85	124	136	180	
38	28
0	2	3	4	6	7	8	9	11	14	17	19	22	25	27	29	33	36	38	39	49	55	59	69	75	81	124	136	
34	26
2	4	7	8	9	11	12	13	14	16	17	18	19	22	25	27	32	34	36	39	59	66	69	81	131	136	
50	34
0	1	2	3	4	6	7	9	10	11	12	14	17	18	19	22	27	29	32	33	34	36	38	41	53	59	62	66	75	81	124	131	136	180	
40	30
0	1	2	4	5	6	10	11	12	14	15	16	18	19	20	22	25	27	29	32	34	36	39	61	62	69	75	107	131	136	
38	32
0	2	4	6	7	8	11	12	13	14	15	16	17	19	20	22	23	25	26	29	31	32	34	36	38	39	53	56	59	60	62	81	
39	30
0	2	4	5	7	9	11	12	13	16	17	20	23	25	26	27	31	32	33	34	36	38	39	53	62	67	75	81	107	124	
36	25
0	2	6	7	13	15	16	17	18	20	21	22	25	27	29	32	36	38	60	62	67	81	124	136	180	
45	30
0	2	3	4	7	8	9	12	14	16	17	18	19	22	25	26	32	33	34	41	47	61	62	69	75	81	85	87	131	136	
42	31
0	2	4	6	7	9	10	11	12	14	15	16	17	19	22	29	33	34	35	36	38	39	59	60	61	62	67	69	75	107	136	
37	30
0	2	4	6	7	8	10	11	12	13	14	17	19	21	22	26	27	29	31	32	33	34	36	38	41	59	60	62	66	136	
36	25
3	4	5	7	8	13	14	15	16	17	19	23	29	34	36	39	41	49	56	60	62	66	67	85	107	
35	27
0	1	2	3	4	5	6	7	8	9	10	14	16	17	19	20	22	29	34	35	38	39	53	59	69	85	180	
36	25
0	2	3	4	6	8	10	12	15	17	19	21	27	29	36	38	39	53	55	61	69	81	87	124	136	
36	26
3	4	6	7	8	9	10	15	16	17	20	22	27	32	33	34	36	38	39	49	59	61	67	85	124	136	
34	23
2	6	7	13	14	16	17	19	22	27	32	34	36	38	39	47	49	59	60	62	107	131	136	
41	30
0	2	4	6	8	10	11	12	14	15	16	17	18	21	22	25	26	29	33	34	36	38	49	61	62	75	81	85	87	136	
37	25
1	3	4	5	6	7	8	11	14	15	16	17	20	27	36	38	41	49	61	62	69	75	85	131	136	
33	27
0	2	4	6	7	8	9	10	11	13	16	17	20	21	23	26	29	32	34	36	38	39	40	53	62	66	180	
34	26
0	2	3	6	7	8	10	11	12	14	15	16	17	18	26	27	32	33	36	39	49	62	69	81	85	136	
42	27
3	4	5	7	9	13	14	17	19	21	22	25	27	29	34	36	38	39	41	49	59	67	85	124	131	136	180	
36	27
2	4	6	7	8	10	12	13	14	15	16	17	18	21	22	25	27	32	34	36	38	66	69	75	85	131	136	
34	26
2	4	6	7	8	9	11	12	15	16	17	21	23	25	29	33	34	36	38	39	59	61	69	75	85	124	
55	39
0	1	2	3	4	6	7	8	9	10	11	12	13	15	16	17	18	20	21	22	23	29	31	32	35	36	38	47	49	53	55	62	66	69	84	85	87	131	136	
38	29
0	2	3	4	7	8	11	12	13	15	16	17	19	23	25	27	29	33	35	36	38	39	49	61	62	66	75	85	107	
38	27
0	1	2	4	5	10	11	14	15	16	18	19	20	21	22	27	32	36	39	53	55	61	62	66	81	136	180	
54	38
0	1	2	3	7	8	10	11	12	13	14	15	16	18	19	20	21	22	26	27	29	31	32	33	36	38	39	41	55	59	61	62	67	81	85	107	124	180	
39	28
0	2	4	6	7	10	11	14	15	17	19	20	21	22	23	27	32	33	34	39	41	59	62	67	81	124	131	136	
42	32
0	2	3	4	5	7	8	10	12	13	14	15	16	17	19	20	22	26	27	32	33	34	36	38	49	59	61	62	75	81	85	107	
44	31
0	4	6	7	8	11	13	15	16	17	18	19	22	23	31	32	33	34	35	36	38	39	56	60	62	75	84	85	87	124	136	
37	30
0	3	4	5	6	7	8	9	13	15	17	21	22	25	26	27	29	32	33	34	35	36	38	39	40	49	62	75	87	131	
43	31
0	2	3	4	6	7	8	10	11	12	13	14	15	16	17	18	19	21	22	27	34	36	39	55	59	60	62	85	107	124	136	
35	26
0	2	4	5	8	10	11	12	13	14	16	17	18	22	25	26	27	29	36	38	59	61	62	85	87	136	
29	22
1	2	3	4	7	12	13	14	15	16	19	22	26	27	31	36	38	61	67	69	85	131	
43	29
0	1	3	6	9	10	12	13	14	15	16	19	27	33	34	36	38	39	41	47	49	53	61	62	66	75	124	131	136	
45	33
0	2	3	4	5	8	10	11	12	14	15	16	17	18	19	20	21	23	25	27	29	32	34	36	39	61	62	66	69	81	124	136	180	
35	24
0	2	3	7	8	9	10	11	15	16	17	18	23	29	32	34	59	61	62	67	75	84	136	180	
40	29
0	2	3	4	7	8	9	10	12	13	16	17	18	20	21	22	27	31	32	36	38	55	60	61	62	75	85	124	131	
33	25
0	3	4	6	7	10	11	13	14	15	17	18	19	20	21	22	27	29	32	34	39	41	107	131	180	
31	26
0	2	3	4	6	7	11	12	14	15	17	19	22	25	26	27	29	32	35	36	38	39	41	59	62	136	
35	26
0	1	2	4	6	7	8	9	10	11	14	15	16	22	25	26	27	33	34	36	49	59	61	85	131	136	
30	24
0	2	3	4	6	7	8	10	11	12	15	17	22	29	31	32	34	38	39	49	61	69	81	131	
49	37
0	1	4	6	7	8	9	10	11	12	13	14	15	16	17	18	19	20	22	23	29	32	33	34	35	36	39	41	60	61	62	67	75	81	84	124	136	
33	26
0	2	3	4	6	7	10	11	12	13	17	19	20	22	25	29	33	34	36	37	49	59	61	62	81	87	
36	27
0	1	4	6	7	8	9	11	13	14	15	16	18	22	27	29	32	33	34	35	36	37	67	75	85	136	180	
33	24
0	2	3	10	12	13	14	15	16	17	18	21	22	23	34	36	38	39	49	55	75	81	131	180	
32	25
0	3	6	7	8	11	12	13	14	15	16	19	22	25	27	32	34	36	38	39	41	67	81	124	131	
39	28
2	4	6	7	8	9	10	11	12	13	14	15	18	19	22	25	29	31	34	36	41	55	59	62	67	87	131	136	
35	27
0	1	3	4	6	7	8	11	12	13	14	16	18	19	21	22	27	29	34	36	38	39	49	66	67	87	180	
26	21
0	3	4	5	6	7	12	13	15	16	17	18	19	20	32	34	39	49	61	62	131	
33	24
0	1	4	7	8	10	13	16	17	25	26	27	29	32	34	36	38	39	49	59	62	75	87	180	
38	27
0	2	3	4	5	6	7	8	11	12	13	14	15	17	18	19	21	32	34	36	38	49	59	85	124	136	180	
34	25
0	1	2	4	7	11	12	15	16	18	19	20	21	32	34	35	36	38	39	49	66	81	87	124	136	
33	25
0	2	3	4	6	7	9	11	12	13	14	15	16	17	18	26	32	36	38	39	60	75	124	131	136	
30	24
0	2	3	4	9	11	14	15	18	21	22	25	26	27	29	32	34	35	36	38	53	59	87	136	
36	29
0	2	4	6	7	8	14	15	16	17	18	19	20	21	22	26	27	29	32	34	35	36	38	39	55	59	75	107	136	
26	20
2	6	7	8	12	14	15	16	17	22	27	32	33	34	38	59	62	66	67	136	
41	31
0	1	2	4	6	7	8	9	10	11	14	15	16	17	18	19	20	22	26	29	32	33	34	38	39	49	75	85	124	131	136	
35	25
0	2	4	6	8	9	11	13	14	15	16	17	19	21	22	26	27	32	38	62	69	81	131	136	180	
31	24
2	4	8	10	11	12	13	14	15	16	19	22	32	34	36	37	38	39	59	60	61	62	81	124	
32	25
0	1	2	3	6	7	8	10	11	12	16	17	18	22	23	25	26	27	34	38	41	53	62	87	136	
50	38
0	1	2	3	4	5	6	7	8	10	11	12	13	14	15	17	18	19	20	21	25	26	27	32	33	36	38	39	49	53	59	61	62	67	75	81	87	124	
40	28
0	1	2	4	6	7	8	11	15	17	18	21	22	31	32	33	35	36	38	41	60	61	62	69	81	85	87	124	
28	22
0	4	6	7	9	14	15	16	17	19	25	26	27	32	33	35	36	39	41	81	107	136	
38	29
0	2	3	4	6	7	9	11	12	13	14	15	16	18	19	21	22	25	27	29	31	32	34	38	49	62	107	136	180	
32	26
0	2	4	6	7	8	9	11	12	14	16	18	19	22	23	27	32	33	36	38	59	60	62	67	69	84	
37	26
4	7	8	11	13	14	15	16	18	19	20	26	27	29	34	38	39	41	59	60	62	66	67	84	107	124	
41	30
0	1	2	4	6	7	11	14	16	17	18	19	20	26	27	32	34	36	38	39	41	49	55	59	61	62	66	67	81	131	
38	29
0	3	4	6	10	11	14	15	16	17	19	20	21	22	25	26	27	29	32	34	36	39	49	61	66	67	81	107	124	
42	31
0	2	4	6	7	8	9	10	11	14	15	16	17	18	19	20	27	32	33	34	36	38	39	41	49	59	61	75	84	136	180	
34	28
0	2	4	5	6	7	10	11	12	13	14	15	17	18	20	22	26	27	32	36	38	39	49	59	62	66	69	75	
38	27
2	4	6	7	8	9	11	14	16	17	18	21	22	26	27	32	33	34	36	38	47	59	61	85	107	131	136	
35	27
2	3	4	6	9	13	14	15	16	18	20	21	22	23	26	29	32	35	36	37	55	59	61	62	69	75	136	
34	25
0	2	4	5	6	9	11	13	14	15	17	18	22	27	29	33	34	36	39	41	59	62	81	136	180	
34	28
0	2	3	4	7	8	9	10	11	12	14	17	18	22	23	26	29	32	33	36	37	38	39	47	61	75	84	136	
39	33
0	1	2	3	4	6	7	9	10	11	12	13	14	16	20	22	23	26	27	29	31	32	34	35	36	37	38	39	49	55	62	69	85	
42	29
0	2	4	6	7	8	11	12	13	14	16	18	21	22	23	25	26	27	36	38	41	47	53	55	59	61	85	107	180	
34	25
0	2	3	4	6	7	11	13	14	15	18	19	22	25	26	32	33	36	39	62	67	75	84	136	180	
42	31
2	3	4	6	7	8	9	10	12	13	14	15	16	17	19	22	25	27	29	34	36	37	38	47	49	61	62	75	81	85	180	
32	24
0	1	3	4	7	8	11	12	13	14	16	17	21	22	26	31	33	34	38	62	75	85	124	131	
38	28
0	3	4	6	7	8	11	13	14	15	17	18	19	20	21	22	25	27	29	34	38	39	62	67	75	85	136	180	
42	33
0	2	3	6	7	8	9	10	11	13	14	15	16	17	18	19	20	21	26	27	32	34	36	38	39	49	55	59	60	62	66	67	136	
34	27
0	6	10	11	12	15	16	17	18	19	20	23	25	26	29	34	36	37	38	39	53	59	60	62	67	75	84	
35	28
1	2	3	4	6	7	10	12	13	14	15	16	17	20	22	26	27	29	32	33	36	38	39	53	59	60	85	136	
38	27
0	2	3	4	6	7	11	12	13	14	15	16	21	22	27	33	36	37	39	41	49	55	62	67	75	124	180	
35	27
0	2	4	6	9	10	15	16	17	18	20	21	22	23	29	31	32	33	34	38	39	62	66	69	81	124	136	
27	23
0	4	7	8	9	11	12	14	15	17	19	22	23	26	27	31	32	33	36	38	49	62	136	
40	28
0	2	3	6	10	11	12	13	16	17	18	27	32	33	34	36	38	41	49	55	59	61	62	66	69	75	81	124	
37	26
2	4	6	7	14	15	17	18	25	26	27	31	33	34	36	39	49	53	55	59	60	61	62	66	75	85	
37	30
0	1	2	3	4	8	10	11	12	13	14	15	16	17	18	19	20	22	23	25	27	29	35	38	49	59	61	62	75	124	
40	28
2	6	7	8	10	14	15	16	17	19	22	27	29	32	34	36	37	38	39	41	53	59	61	62	75	107	124	131	
28	22
2	3	4	6	7	11	13	14	15	16	17	19	20	22	26	33	38	41	49	61	75	136	
36	25
2	3	4	6	7	11	14	15	18	19	20	22	27	32	33	34	36	37	59	60	75	81	85	136	180	
31	25
0	4	5	7	10	11	15	16	17	18	19	20	22	27	29	32	33	34	36	39	61	62	66	69	131	
33	24
0	2	3	4	7	8	10	11	12	16	19	22	27	32	34	36	38	39	49	61	62	67	136	180	
39	30
1	3	4	6	10	11	12	13	14	16	17	18	20	22	26	27	29	32	34	35	36	39	49	62	66	67	75	81	84	85	
28	22
0	3	4	6	7	11	14	15	18	22	23	27	32	34	36	38	39	41	49	59	69	85	
37	28
0	2	3	4	6	8	9	11	12	13	14	15	17	22	26	27	29	32	33	34	38	49	59	61	62	81	107	131	
34	27
0	1	3	7	8	9	10	12	13	14	15	16	17	22	25	27	32	34	36	38	39	41	59	61	69	75	136	
33	25
2	4	5	6	7	13	14	15	18	19	21	22	25	26	27	29	31	36	38	39	53	59	87	124	136	
31	23
4	5	6	8	12	14	15	17	18	22	27	29	32	33	34	36	38	41	59	75	81	131	136	
39	25
2	5	6	7	10	11	12	14	16	23	25	26	27	33	34	39	61	62	66	69	81	85	87	136	180	
36	27
0	1	2	4	5	7	8	11	15	16	19	20	21	22	26	27	32	34	36	38	41	47	53	59	61	131	136	
47	33
0	2	3	4	6	7	8	11	13	14	15	16	19	22	25	27	29	31	32	33	34	36	38	39	49	59	62	75	81	87	107	131	180	
36	27
2	3	4	6	8	10	11	12	13	14	15	17	18	19	20	22	25	27	34	36	38	39	49	81	131	136	180	
40	28
0	4	5	6	8	9	11	13	14	16	18	20	22	27	32	33	34	38	41	47	49	59	60	69	75	81	124	136	
35	31
0	3	4	6	7	8	9	10	11	13	14	15	16	17	18	19	21	22	25	26	27	29	33	34	36	38	39	41	61	62	84	
30	24
0	2	4	5	6	8	9	11	13	18	19	20	22	23	25	27	32	36	38	59	61	62	81	136	
32	25
0	3	4	6	7	8	10	11	12	17	18	19	20	23	26	27	29	31	38	39	59	60	75	107	136	
38	26
3	4	5	6	8	10	11	13	15	16	17	20	22	23	25	33	34	36	39	41	66	81	85	131	136	180	
43	33
0	2	3	4	5	7	11	12	13	15	16	17	18	19	22	23	26	27	32	33	34	35	36	38	39	49	53	60	61	62	69	131	136	
35	26
0	2	3	4	6	7	9	11	13	14	20	21	22	25	27	29	34	36	38	39	41	59	81	85	87	124	
38	27
0	2	3	4	6	7	10	11	12	15	16	17	19	21	22	25	27	33	38	39	41	49	66	75	131	136	180	
34	25
0	2	3	4	6	7	9	10	11	12	14	16	27	32	34	36	39	40	49	61	62	69	81	131	136	
39	28
0	1	2	3	4	6	8	10	11	12	19	20	22	25	27	29	32	33	34	36	49	55	59	61	66	81	136	180	
40	30
0	2	3	4	6	8	10	11	12	13	14	16	17	18	19	22	25	27	32	33	36	38	39	59	61	67	69	75	136	180	
44	31
0	2	4	5	6	7	8	9	11	13	15	16	17	19	21	22	23	26	27	34	36	38	49	59	61	62	67	81	85	124	180	
40	29
0	2	3	4	6	7	10	11	13	14	16	17	18	22	25	27	29	31	32	33	34	41	61	62	67	75	124	131	136	
35	25
0	2	4	5	6	7	11	12	13	14	16	17	18	26	27	32	36	41	49	53	62	67	75	85	136	
37	30
0	3	4	6	7	11	12	13	14	15	16	17	19	20	22	23	27	29	32	33	36	38	39	41	47	53	59	61	66	67	
28	22
0	3	4	6	7	8	11	14	15	16	20	22	26	27	34	36	39	53	61	62	69	136	
38	28
0	2	3	4	6	7	9	11	15	16	17	20	21	23	25	27	29	32	34	38	39	49	60	62	67	81	136	180	
39	27
0	2	4	6	7	8	11	13	14	15	17	22	25	27	32	34	36	38	41	47	49	59	61	69	85	87	136	
29	22
0	2	4	7	8	9	11	13	18	19	27	29	32	34	36	38	62	67	69	75	81	124	
41	31
0	2	4	5	6	7	8	10	11	12	14	16	18	21	22	26	27	33	34	35	37	41	49	53	59	60	61	67	69	75	81	
32	23
0	2	3	4	7	8	10	11	14	15	17	20	22	27	32	38	39	53	61	75	81	131	180	
47	35
2	3	4	5	7	8	11	12	14	15	16	17	18	19	20	22	23	25	26	27	29	33	34	36	38	49	59	60	62	66	67	75	84	124	131	
32	24
1	2	7	8	9	10	11	13	14	18	20	21	27	29	33	34	36	38	49	53	62	75	85	136	
40	28
0	2	3	4	6	8	10	11	14	16	17	18	19	22	25	29	32	34	36	39	53	61	62	67	85	124	131	136	
33	26
0	4	5	7	8	10	12	15	17	18	19	20	22	25	27	29	32	36	37	38	39	59	75	84	85	136	
53	38
0	1	2	3	4	6	7	8	10	11	12	16	17	18	19	20	21	22	25	26	29	32	33	34	36	38	39	49	53	55	59	62	66	75	81	85	131	180	
38	27
4	5	7	8	10	11	13	15	17	19	20	21	22	23	26	27	34	36	38	41	53	56	61	62	87	107	136	
34	28
2	3	4	7	9	10	11	14	15	16	17	19	20	22	23	26	29	32	33	34	36	38	39	41	49	61	66	136	
34	25
0	2	8	10	11	13	16	17	18	19	20	22	25	32	33	34	36	37	38	59	62	69	75	136	180	
38	29
0	1	4	6	7	10	11	12	14	15	16	17	18	20	25	26	27	31	32	33	36	38	39	59	61	62	85	131	136	
34	25
0	2	3	6	7	11	12	13	14	15	19	22	23	26	27	29	31	32	36	39	60	69	124	136	180	
37	27
0	2	4	5	6	8	10	13	14	15	16	18	19	25	26	27	29	34	36	38	59	60	61	75	84	124	180	
36	29
0	1	2	4	5	8	10	11	12	13	14	15	18	19	22	25	27	29	32	34	36	37	38	59	62	67	69	75	85	
32	25
2	4	6	8	10	11	13	14	17	18	19	20	22	25	26	32	33	34	36	47	49	60	62	75	136	
28	24
0	3	4	5	6	8	9	10	11	13	14	15	16	18	26	29	32	34	36	38	39	55	75	136	
34	25
0	2	4	7	8	10	11	13	14	15	16	18	19	21	27	29	36	38	39	53	61	62	85	131	136	
40	29
0	1	2	3	4	7	8	10	13	16	17	18	21	22	26	27	34	36	37	39	47	56	61	62	67	69	75	85	124	
31	25
0	3	4	7	8	11	12	13	14	15	16	18	23	25	27	29	31	33	36	38	53	67	69	75	85	
35	26
0	2	3	4	7	13	14	16	18	19	20	21	22	26	27	32	33	36	39	49	59	67	69	75	107	124	
30	23
0	3	4	5	6	7	8	12	14	15	17	27	29	31	32	36	38	41	49	60	75	81	85	
34	24
0	9	10	11	14	15	16	18	19	27	32	34	36	38	41	49	53	55	59	60	61	66	67	81	
34	25
0	2	3	4	6	8	10	11	15	16	19	20	22	25	32	33	36	38	41	62	67	69	75	85	136	
31	25
0	4	6	11	12	14	16	17	19	20	22	25	26	27	29	31	32	33	36	38	39	66	69	131	136	
54	38
0	1	2	3	4	6	7	8	11	13	14	15	16	17	18	21	22	25	27	31	32	33	34	36	38	39	59	60	61	66	67	69	75	81	85	107	131	136	
37	28
0	2	4	6	7	8	11	12	13	14	15	16	18	21	22	23	26	27	31	32	33	38	39	61	67	131	136	180	
38	30
0	3	4	6	8	11	12	15	16	17	20	21	22	25	26	27	29	32	33	34	36	38	39	49	55	59	60	66	75	85	
37	30
0	2	3	4	5	8	9	10	13	15	16	17	18	19	20	21	22	25	27	29	33	34	36	39	41	49	59	61	75	136	
40	28
2	3	4	6	7	10	11	12	13	14	16	20	22	25	26	29	32	33	34	36	41	59	61	62	75	85	131	180	
46	33
0	4	5	6	7	8	10	11	12	14	15	16	18	19	20	22	27	31	32	33	34	38	39	41	59	61	62	66	69	75	81	136	180	
36	25
0	2	4	6	7	8	10	14	15	18	20	21	22	29	34	36	38	39	59	81	84	85	124	131	136	
23	20
2	4	7	8	10	11	13	14	15	16	18	19	20	27	32	33	36	38	62	136	
32	23
0	3	4	8	10	11	12	13	14	16	17	19	22	32	34	38	49	59	62	66	75	85	136	
35	27
0	2	4	6	7	8	9	12	13	14	15	16	18	20	22	26	27	29	34	36	39	41	49	66	69	85	136	
34	25
0	2	3	8	10	11	12	13	14	15	16	20	21	22	26	27	32	34	36	38	49	62	85	136	180	
44	32
1	2	4	5	6	7	8	9	11	14	15	16	17	18	22	29	32	33	34	35	36	37	38	41	49	62	66	69	75	85	124	136	
52	38
0	2	3	4	5	6	7	8	10	11	12	15	16	17	18	20	21	22	25	27	29	31	32	33	35	36	37	38	53	61	62	66	69	75	85	107	124	136	
32	24
0	3	4	5	6	11	13	17	18	19	20	21	22	27	29	32	38	39	59	62	66	75	85	136	
46	33
0	2	3	4	5	6	10	11	12	13	14	15	16	19	20	21	22	23	25	27	29	32	38	41	49	53	59	61	67	81	87	107	124	
33	27
0	2	3	4	6	7	8	9	10	11	13	14	15	18	20	21	22	29	32	34	38	39	59	60	61	62	124	
40	33
2	3	4	6	7	8	9	10	11	13	14	15	16	17	19	20	21	22	25	26	27	29	32	33	36	38	39	41	47	53	55	61	85	
35	26
1	2	3	4	6	10	11	12	14	15	17	19	22	23	25	27	29	32	39	41	49	53	62	66	85	136	
36	26
0	1	2	4	8	10	11	13	14	17	18	27	32	33	34	36	38	39	61	66	69	75	81	84	124	131	
39	26
0	3	4	7	11	13	15	16	17	18	19	20	22	27	31	32	38	47	60	61	67	69	75	131	136	180	
48	35
0	1	2	4	6	7	8	11	12	13	14	15	19	20	21	22	23	25	26	27	31	32	34	36	38	39	49	59	60	61	62	75	85	136	180	
45	33
0	1	2	3	4	6	7	8	9	11	13	14	15	18	19	22	25	27	29	34	36	38	39	49	53	59	60	62	66	69	81	85	124	
32	27
0	2	3	4	5	6	7	8	9	10	11	12	13	17	18	20	22	27	29	32	34	36	38	41	69	84	136	
34	28
0	1	2	3	4	5	6	8	11	12	14	15	16	19	20	21	22	29	32	33	36	38	39	55	59	61	62	136	
35	27
0	1	2	3	4	6	10	11	16	18	19	22	26	29	31	33	34	36	38	39	49	55	60	61	62	69	85	
30	24
0	2	6	8	11	12	13	14	16	18	20	22	25	26	27	32	33	36	38	39	61	62	85	136	
40	31
0	1	3	4	6	7	9	10	11	12	14	16	17	18	19	21	22	25	27	32	34	36	38	39	47	55	59	61	69	87	136	
37	27
1	4	6	7	8	10	12	14	17	18	19	21	22	23	27	32	34	35	36	38	39	62	81	85	87	124	131	
41	32
0	2	3	5	6	7	8	10	11	13	14	16	17	18	20	22	27	29	31	32	33	34	36	38	39	53	59	60	66	81	124	136	
46	36
0	2	4	5	6	7	8	9	10	11	12	13	14	15	16	17	18	19	20	21	22	23	27	29	32	34	38	40	41	59	61	62	69	75	107	131	
32	25
0	2	4	5	6	8	11	18	20	22	26	27	32	33	34	36	37	38	39	47	49	59	61	66	136	
36	27
1	2	6	7	8	9	11	12	14	16	17	18	19	22	27	29	34	36	38	39	47	49	53	59	84	85	136	
30	24
0	2	4	5	6	10	12	14	16	17	18	21	26	29	32	33	34	36	38	59	61	75	84	136	
43	28
0	2	4	6	7	9	10	11	13	14	15	16	19	20	22	23	27	38	53	59	62	67	75	81	85	124	136	180	
31	22
0	4	5	7	8	10	11	14	15	17	19	20	27	29	32	33	36	49	60	87	124	180	
45	33
2	4	6	7	8	9	10	11	13	14	15	16	18	19	21	22	23	25	29	31	32	33	34	36	39	56	59	61	62	81	107	136	180	
38	27
0	2	4	6	8	10	11	12	14	17	18	19	20	22	27	29	33	36	39	59	62	69	75	81	107	124	131	
39	28
0	4	6	7	8	9	12	13	14	15	16	17	18	20	22	27	29	34	36	39	49	53	59	67	75	85	131	136	
34	29
0	2	4	7	8	11	12	13	15	16	17	18	19	20	21	22	25	27	29	32	34	35	36	38	39	53	59	69	136	
41	25
2	3	4	6	8	10	11	17	22	25	27	34	38	39	53	59	61	62	75	81	87	107	124	131	136	
46	33
0	2	3	4	5	6	8	10	14	16	17	19	20	21	22	25	27	29	32	34	36	38	39	41	49	59	61	62	66	84	85	124	136	
54	39
0	2	4	5	7	8	10	11	12	13	14	15	16	17	19	20	21	22	25	26	27	32	33	34	36	38	39	49	53	56	61	62	67	69	75	81	85	124	131	
39	27
1	2	3	4	6	7	9	12	13	15	16	17	18	19	22	32	38	39	49	59	61	62	66	81	84	136	180	
41	27
1	2	4	8	11	12	17	18	20	22	23	29	32	33	34	36	39	41	49	60	61	62	75	85	87	131	136	
45	33
3	4	6	7	9	10	11	12	13	14	15	16	18	20	22	23	26	27	32	33	36	38	39	49	53	55	59	61	66	67	75	87	136	
44	31
0	3	4	5	6	7	8	9	10	11	14	15	16	17	18	19	20	29	31	34	36	39	47	53	59	61	62	69	124	136	180	
42	31
0	1	2	3	4	7	11	12	13	14	15	17	19	22	26	27	32	33	34	35	36	38	41	49	59	62	66	75	83	85	136	
43	31
0	2	4	6	7	8	10	11	14	15	16	17	18	20	21	23	29	31	32	33	36	38	39	56	59	62	67	85	87	124	136	
45	32
0	2	5	7	8	10	11	14	15	16	17	18	19	20	21	26	32	33	34	36	38	39	41	49	53	59	61	62	75	87	124	136	
25	20
0	1	2	4	6	7	8	13	15	25	26	34	35	36	38	39	41	59	83	136	
35	29
0	3	4	6	8	9	10	11	13	14	15	17	18	19	20	22	26	27	29	32	35	36	38	39	60	62	75	81	136	
32	24
0	1	4	6	7	9	10	11	13	14	16	19	21	22	27	29	32	36	62	67	69	75	131	136	
37	28
2	3	4	7	8	10	11	14	16	17	18	21	22	25	27	32	33	34	36	38	39	41	56	61	66	67	81	180	
41	29
0	1	2	4	10	11	13	14	15	16	17	20	22	27	29	32	34	36	38	39	59	61	62	69	75	84	85	131	136	
29	24
0	2	3	4	6	10	11	12	13	14	16	18	22	27	29	32	34	36	38	39	61	62	66	136	
30	26
0	2	3	4	6	7	8	9	10	11	13	14	16	18	19	22	27	29	32	34	38	39	53	59	62	84	
37	28
0	2	3	4	6	7	11	13	14	16	17	18	20	22	27	29	32	34	36	38	49	56	61	62	66	69	75	85	
27	21
3	4	7	11	12	13	14	16	17	22	27	29	31	32	34	36	39	49	59	85	136	
44	28
1	4	5	6	7	12	14	16	17	18	23	25	26	27	32	34	38	49	53	59	61	62	69	81	85	131	136	180	
26	21
0	2	3	4	8	11	16	17	18	19	22	27	29	32	33	36	39	59	60	61	85	
44	31
0	2	3	4	6	7	9	11	12	13	15	16	19	20	22	26	27	29	32	33	36	38	39	61	66	69	75	85	131	136	180	
33	27
0	2	3	5	6	7	8	10	12	14	15	17	18	20	22	27	29	33	34	35	38	39	55	69	75	83	124	
41	30
3	7	9	10	11	14	15	16	17	18	19	20	22	25	26	27	32	33	34	36	39	47	49	61	62	66	67	81	124	136	
37	28
2	3	4	6	8	9	15	16	17	19	20	21	22	23	25	31	32	34	35	36	38	39	41	60	61	107	124	136	
34	26
0	1	2	3	4	7	9	10	11	13	14	17	18	20	21	25	27	34	36	38	49	53	62	81	85	136	
47	32
0	1	2	4	7	11	12	13	14	15	16	17	18	22	25	27	32	33	34	35	38	39	49	59	61	62	75	81	85	87	131	180	
30	24
0	1	4	5	6	7	8	10	14	15	16	17	18	19	27	29	32	34	35	36	49	75	87	136	
57	39
1	2	3	4	7	9	11	12	13	14	16	17	18	19	20	21	22	27	29	31	33	34	35	36	38	39	41	53	60	61	62	69	75	81	84	85	124	131	180	
31	21
0	2	3	4	6	8	9	10	13	18	20	22	27	32	36	41	59	62	131	136	180	
39	28
0	3	4	6	10	11	12	13	14	16	17	19	20	21	27	33	34	36	38	39	49	59	61	62	81	85	124	136	
35	28
0	2	4	7	8	10	11	13	14	15	16	19	20	22	23	25	27	33	34	36	38	39	41	60	62	69	75	87	
34	28
0	1	2	3	4	5	6	7	8	10	11	12	16	17	18	20	22	26	29	32	34	36	39	41	61	62	75	136	
37	25
0	2	3	4	6	11	12	13	14	17	20	21	23	27	32	36	59	61	62	67	75	81	87	107	136	
32	26
2	4	9	10	11	12	13	14	15	16	17	19	21	22	23	27	31	32	36	38	39	62	75	81	83	107	
36	27
0	2	4	6	7	8	9	11	12	17	18	20	26	27	29	31	32	34	36	38	41	49	55	59	81	124	136	
38	27
0	4	6	8	10	11	13	17	18	19	20	22	32	33	34	36	38	39	41	59	60	61	62	69	75	87	124	
36	26
0	3	4	6	7	8	11	13	14	17	18	19	22	25	27	29	32	33	36	38	53	62	75	85	136	180	
33	25
0	2	3	4	6	7	8	9	10	11	14	16	18	22	27	29	31	32	34	38	49	55	107	124	136	
30	24
2	4	5	6	7	8	12	14	15	16	20	22	23	25	31	32	34	39	40	49	59	61	81	87	
35	26
1	2	6	7	8	11	12	13	14	15	17	23	27	32	33	34	36	39	41	47	49	60	61	62	67	136	
28	23
2	3	6	8	9	10	11	12	16	17	19	20	21	22	23	27	34	36	38	53	67	75	136	
29	23
0	2	4	6	9	12	13	14	15	16	17	19	20	26	27	29	36	39	59	61	62	75	85	
34	27
1	2	4	6	7	9	11	12	14	15	17	18	19	22	25	26	27	29	33	34	35	37	38	49	66	136	180	
37	30
0	2	4	5	7	8	9	10	13	14	15	16	17	19	21	22	27	29	33	34	36	38	39	41	49	53	55	59	61	62	
41	30
0	2	3	4	7	8	10	11	13	14	15	16	17	20	22	27	32	33	36	38	39	41	49	61	62	69	75	81	87	136	
30	27
0	2	3	4	6	7	8	9	11	12	13	14	16	17	18	19	20	22	25	27	31	32	36	39	41	61	69	
35	25
2	4	7	8	13	14	15	16	17	19	22	23	27	29	31	32	36	38	41	53	62	75	124	131	136	
40	30
0	2	3	4	5	7	8	11	12	13	14	15	16	17	21	22	23	26	31	34	38	39	47	49	61	62	67	75	85	131	
34	24
0	7	11	13	14	18	19	21	22	23	26	27	33	34	36	38	39	53	55	60	62	75	131	180	
26	23
0	2	4	6	7	12	13	14	15	16	17	18	19	20	22	23	27	32	33	34	36	59	87	
28	24
0	2	6	7	8	11	13	15	17	19	20	21	22	25	27	32	33	34	36	38	39	59	62	136	
40	29
0	2	3	5	6	7	8	9	10	11	14	16	17	18	22	27	33	34	36	38	39	41	49	66	67	75	81	136	180	
33	23
0	4	6	7	9	10	11	13	17	20	22	27	29	35	36	41	49	59	60	62	66	67	180	
24	19
1	6	10	11	14	15	16	18	19	22	27	32	36	38	39	60	75	84	85	
42	30
0	2	3	4	5	6	7	8	10	11	12	13	14	15	16	18	19	35	36	38	39	41	49	59	60	61	62	85	87	136	
41	30
0	2	4	6	7	10	11	13	15	16	20	22	25	27	29	31	34	36	37	38	39	49	59	61	66	75	81	83	131	136	
35	28
0	2	3	4	7	8	9	12	13	14	15	16	17	18	19	22	27	29	34	36	38	39	49	61	62	69	75	136	
38	27
0	1	4	7	10	12	13	15	17	18	20	21	22	25	27	29	32	36	39	49	59	60	62	75	81	136	180	
36	25
7	8	9	10	11	13	14	15	16	17	18	19	26	27	34	36	38	39	41	67	75	85	107	131	136	
29	22
0	1	7	10	12	14	15	16	22	23	26	27	29	34	36	38	39	61	67	84	85	136	
43	29
0	3	4	5	6	7	10	11	12	14	17	20	22	25	27	29	33	36	38	39	47	59	61	62	66	85	107	136	180	
34	28
0	3	4	7	8	9	10	11	12	13	14	16	17	18	19	22	27	29	32	33	34	36	39	59	62	75	81	124	
42	30
0	2	3	4	5	6	7	8	10	11	13	14	15	17	19	22	26	27	32	34	38	39	41	61	62	66	75	131	136	180	
37	28
0	4	6	7	8	11	13	14	15	16	17	19	21	25	27	29	31	33	34	36	38	39	60	62	69	85	107	136	
36	28
2	3	4	6	7	10	11	12	14	17	18	19	20	22	27	29	32	34	36	38	39	55	59	61	75	81	84	85	
33	24
2	4	9	10	11	12	15	16	19	22	26	27	29	32	33	34	36	39	59	61	62	124	131	136	
35	25
3	4	6	7	8	11	14	15	17	18	19	20	23	26	29	32	33	34	36	41	49	62	85	136	180	
40	29
0	2	3	4	6	8	10	14	15	16	17	19	21	22	23	25	31	32	36	39	49	53	59	60	62	75	83	124	136	
41	30
0	2	4	6	7	9	10	11	12	13	14	16	17	18	19	20	22	32	34	37	38	49	53	59	62	66	67	69	75	180	
30	23
1	4	6	8	10	11	14	17	19	20	22	27	32	33	34	36	38	53	59	61	75	81	124	
42	30
0	2	3	4	5	7	8	9	11	12	14	15	16	17	20	22	26	27	34	35	36	38	39	41	59	75	107	124	136	180	
34	26
2	4	6	7	8	9	10	11	12	13	14	17	20	25	27	29	32	34	36	38	59	61	66	75	124	136	
42	30
0	2	3	4	6	10	11	12	14	15	18	19	20	22	27	29	33	36	38	39	53	60	61	67	69	75	81	84	131	136	
34	26
2	4	5	6	7	8	10	11	14	15	16	17	18	23	27	32	33	34	36	38	61	62	69	84	85	136	
37	27
0	2	4	6	10	11	12	14	15	17	19	21	22	25	27	29	32	36	38	41	55	60	61	69	75	131	136	
27	23
0	2	4	7	10	11	12	13	14	16	17	18	21	23	25	26	27	32	36	66	67	69	75	
40	31
0	2	3	4	6	7	8	10	11	13	14	15	18	19	20	22	26	27	32	33	36	39	47	55	60	61	62	66	69	81	84	
38	30
0	1	2	3	4	6	7	11	12	13	15	16	17	22	26	27	29	31	32	33	35	36	38	39	49	55	75	84	124	131	
34	26
0	4	6	7	8	10	11	12	13	14	15	17	19	20	25	29	33	36	38	47	60	61	69	75	81	136	
32	24
0	4	6	9	11	12	13	14	15	17	19	20	23	27	29	33	36	49	60	61	62	67	81	136	
32	27
2	4	7	9	10	11	12	13	14	15	18	19	20	21	22	23	26	27	29	31	32	34	36	38	81	124	136	
29	24
0	2	3	4	5	7	9	10	11	12	14	17	20	22	25	27	31	34	36	38	41	59	62	136	
34	26
0	3	4	6	7	8	10	11	12	13	15	16	17	18	22	27	32	36	39	41	55	59	62	67	75	136	
32	23
2	3	4	6	7	11	13	16	19	20	22	26	27	34	36	39	59	61	62	67	75	107	136	
31	22
0	3	4	7	8	10	12	13	16	17	18	22	32	34	36	38	61	62	75	107	124	136	
49	36
0	1	3	4	5	6	8	9	11	12	13	14	15	16	17	18	19	21	25	26	29	32	33	34	36	38	39	41	53	61	66	69	75	124	131	180	
36	26
1	2	4	7	8	9	10	12	13	14	16	17	18	22	23	25	27	29	34	38	49	61	85	124	131	136	
48	33
0	2	4	5	6	7	8	9	11	12	13	14	20	22	27	31	32	33	34	36	37	39	41	49	59	60	75	81	84	85	124	131	136	
40	33
0	1	3	4	5	6	7	9	10	13	14	15	16	17	18	20	22	25	27	29	32	33	34	36	38	39	41	49	53	62	67	75	81	
33	27
0	2	4	6	7	8	11	12	13	14	15	16	17	19	21	22	27	32	34	36	38	39	41	59	62	75	131	
40	29
0	2	4	6	7	8	9	10	11	17	19	20	21	22	27	32	36	38	39	41	49	53	55	60	62	66	67	81	124	
37	28
1	3	4	7	9	12	13	14	15	16	17	18	20	22	25	26	27	32	36	38	60	61	62	67	69	75	84	136	
44	32
2	3	4	6	7	9	10	11	12	14	15	18	19	21	22	25	29	32	33	34	36	37	40	49	53	60	62	67	81	85	131	136	
32	24
0	1	3	4	6	7	11	13	14	17	18	21	22	25	26	27	38	39	41	53	59	81	87	131	
35	30
0	2	3	4	6	7	8	11	12	13	14	15	17	18	21	22	26	27	31	33	34	36	38	39	40	49	60	61	62	67	
36	27
1	2	3	4	6	10	11	14	15	16	19	22	23	25	27	31	32	36	38	39	41	55	66	75	84	124	131	
38	28
2	4	5	6	7	8	10	11	12	13	14	16	17	19	22	27	29	34	36	38	39	47	61	62	69	124	131	136	
35	31
0	2	4	5	6	7	8	9	10	11	13	14	16	17	18	19	20	21	22	23	25	27	29	32	34	36	38	39	67	75	107	
43	29
0	5	6	7	8	11	12	13	15	17	19	25	26	27	29	31	32	36	39	41	47	49	62	67	81	87	124	131	136	
33	24
0	4	7	9	10	11	13	14	16	17	18	20	21	25	27	36	38	39	53	61	62	81	136	180	
32	24
0	4	6	7	9	11	15	16	17	19	21	23	26	27	29	32	35	38	53	59	62	69	85	136	
36	27
0	2	3	4	5	10	11	12	14	16	17	19	20	27	29	32	36	38	39	41	47	55	61	62	67	75	131	
35	26
0	1	2	4	5	6	8	9	13	15	16	18	21	22	26	27	36	38	39	41	59	62	67	75	85	107	
40	32
0	1	2	3	4	6	7	8	9	10	11	12	13	15	16	17	18	19	29	31	33	34	36	38	39	41	49	61	62	75	81	131	
36	25
0	1	2	4	8	11	12	17	20	22	23	27	29	32	34	36	59	60	62	67	69	75	81	85	124	
40	30
1	2	3	4	6	7	8	10	12	13	15	16	17	18	22	26	27	29	32	33	36	39	49	53	59	61	67	75	131	136	
44	30
0	2	3	4	5	7	9	10	11	12	14	15	16	22	27	29	32	36	38	39	41	49	59	61	62	66	69	85	136	180	
37	29
0	2	3	5	6	8	9	10	13	14	18	19	20	21	22	26	27	31	32	36	38	39	49	53	62	66	75	84	124	
31	24
0	1	2	3	4	7	8	10	11	13	16	21	22	27	34	36	38	39	49	61	62	67	75	131	
34	27
0	1	2	4	6	7	9	10	13	14	16	17	19	20	22	27	32	33	34	36	39	41	61	62	69	75	131	
33	28
0	2	3	6	7	10	11	12	13	14	15	16	18	19	20	22	26	27	29	31	34	35	36	38	59	62	66	136	
37	26
0	3	4	6	7	8	9	11	12	14	15	16	17	18	19	27	33	34	36	47	49	62	69	124	131	180	
33	25
2	4	7	8	11	12	13	15	16	17	18	19	22	26	27	31	34	36	39	47	49	75	81	107	136	
43	31
0	2	3	4	6	7	8	10	11	13	15	16	17	18	19	22	23	26	27	29	32	36	38	41	59	69	81	84	107	124	180	
44	30
0	1	2	6	8	9	10	11	14	16	17	18	19	22	26	27	29	34	36	37	38	39	47	49	75	107	124	131	136	180	
37	28
1	2	4	5	6	7	8	9	11	16	19	20	21	22	25	26	27	29	34	35	39	41	49	59	61	67	85	131	
31	23
0	3	4	6	10	11	12	14	18	19	25	26	31	34	36	38	49	59	61	66	75	81	131	
38	27
2	4	7	10	13	14	16	17	20	22	26	27	29	31	32	34	36	38	39	47	49	59	61	69	107	131	136	
41	30
0	1	2	4	6	8	10	11	12	13	14	15	16	19	22	27	29	31	34	36	38	39	40	49	55	66	81	85	136	180	
33	27
0	2	3	4	5	6	7	10	11	13	15	16	22	27	31	32	33	36	38	39	40	47	53	61	62	69	84	
35	29
0	2	3	4	6	9	10	12	13	14	15	16	18	19	22	23	25	26	27	29	32	34	39	49	61	67	75	81	83	
38	31
0	1	3	4	6	7	8	9	10	11	12	13	14	15	17	18	19	21	27	29	32	36	38	39	49	53	55	59	61	66	83	
26	23
2	4	6	7	8	9	12	13	14	16	17	19	22	26	27	29	34	35	36	39	41	53	56	
45	33
1	2	3	4	5	6	7	8	9	11	13	14	17	22	23	26	27	31	32	33	34	35	36	38	39	41	49	66	69	81	85	136	180	
30	23
0	2	4	5	8	10	11	13	15	19	21	22	27	32	36	38	39	60	61	62	69	75	136	
42	31
2	3	4	6	7	8	12	13	14	16	19	21	22	26	27	29	31	32	33	34	36	38	39	53	62	67	75	83	124	131	136	
38	29
0	1	2	4	7	8	11	14	17	20	21	22	25	27	29	32	33	34	36	38	39	49	61	62	66	67	75	81	107	
30	24
0	1	2	3	4	6	7	8	9	14	15	16	17	19	20	21	23	27	36	38	66	75	124	136	
44	33
0	1	2	3	4	5	6	7	8	10	11	12	13	14	15	16	17	18	19	20	22	27	29	32	34	38	41	53	60	62	85	136	180	
46	36
0	1	3	6	7	8	10	11	12	13	14	16	17	18	19	20	22	26	27	29	31	32	33	34	36	38	39	41	49	53	59	61	62	69	75	136	
38	28
1	2	3	4	7	11	12	14	15	16	17	18	20	22	25	27	29	33	36	39	49	53	59	60	61	62	85	136	
31	24
2	4	7	8	9	13	14	15	16	18	20	22	23	25	27	31	34	36	39	41	66	75	85	136	
36	30
0	2	3	4	6	7	8	9	10	12	13	14	15	16	17	20	21	22	27	29	32	34	36	39	41	49	59	69	75	81	
39	28
0	2	4	6	7	9	10	11	12	13	15	16	17	20	22	27	33	36	38	39	41	49	53	61	62	85	124	136	
40	30
2	3	4	6	7	8	9	11	12	13	14	15	16	17	18	19	22	26	27	29	31	32	38	53	61	62	75	81	136	180	
28	23
0	1	2	4	6	7	10	11	12	13	14	20	25	27	31	33	34	36	38	49	61	75	136	
47	30
0	2	4	7	8	11	12	13	16	17	20	22	23	27	29	32	36	38	39	41	59	62	67	69	75	85	107	131	136	180	
35	28
1	3	4	7	8	9	10	11	14	15	17	18	19	20	21	22	25	26	27	34	36	38	39	49	59	75	85	136	
38	28
0	1	3	6	7	8	9	13	14	15	16	17	18	19	22	26	27	32	34	36	39	59	61	62	69	75	124	180	
33	27
3	4	5	6	7	8	10	12	13	14	15	16	20	22	23	25	27	29	32	34	38	39	41	59	62	75	85	
37	29
0	2	4	5	6	7	8	10	11	12	13	14	17	18	27	29	33	34	36	38	39	47	49	53	59	62	66	67	75	
37	26
0	2	3	4	5	6	8	10	11	14	15	19	20	22	27	32	34	38	39	56	61	67	87	107	124	136	
39	30
0	1	4	6	7	9	10	11	12	13	14	15	16	17	23	26	27	29	31	32	33	34	36	38	41	62	75	85	131	136	
35	28
1	3	4	7	8	9	10	11	13	14	15	16	19	22	25	26	27	29	32	34	36	39	41	49	62	69	81	136	
46	33
0	1	3	4	6	7	10	11	12	13	15	17	18	19	21	22	26	29	32	33	35	36	38	39	41	53	55	62	75	84	87	136	180	
32	26
0	1	3	4	6	7	10	11	12	13	14	15	16	18	19	22	29	32	33	36	38	59	61	62	75	136	
28	22
0	3	4	7	12	13	14	15	16	19	20	22	27	33	34	36	38	41	62	75	84	85	
39	31
0	2	3	4	6	8	10	11	13	14	16	17	18	20	25	27	29	32	33	34	35	36	38	39	41	49	55	60	62	75	131	
48	37
0	1	2	3	4	5	6	7	8	9	10	11	13	14	15	16	17	18	19	20	22	25	29	31	32	33	34	36	38	39	53	69	81	85	107	131	136	
58	39
0	2	3	4	6	7	8	9	10	13	14	15	17	18	20	22	23	26	27	29	34	36	38	39	41	47	49	53	55	60	61	62	66	75	81	85	107	124	136	
42	33
0	2	3	4	6	8	10	11	13	14	15	16	17	18	19	22	25	26	27	29	32	34	35	36	38	49	53	59	60	61	62	69	87	
38	30
0	2	3	4	5	6	7	8	9	10	11	12	13	14	15	16	18	19	20	29	32	33	34	36	53	55	61	75	131	136	
34	26
0	3	4	6	7	10	11	13	14	16	17	18	22	26	27	32	33	34	36	38	59	61	62	69	85	124	
45	35
0	1	2	3	4	6	7	9	10	11	13	14	15	16	18	19	20	21	22	23	26	27	29	33	34	36	38	39	49	59	62	69	75	136	180	
39	27
0	2	3	6	8	11	14	15	17	18	19	20	22	26	27	32	34	36	38	61	62	69	75	81	85	136	180	
47	33
0	2	4	5	6	7	8	10	11	12	14	15	16	17	18	22	27	29	31	32	33	34	36	38	59	60	61	62	75	85	87	136	180	
36	28
0	1	2	3	4	5	6	10	12	14	15	16	17	18	23	27	29	32	35	36	38	39	41	49	59	75	131	136	
40	27
0	5	7	8	10	11	12	14	15	18	19	20	21	22	27	32	34	39	47	61	62	67	84	107	124	131	136	
29	22
0	3	4	5	7	13	14	15	16	18	19	21	22	23	32	39	53	59	62	83	84	85	
34	26
0	2	4	6	7	11	14	15	16	17	22	23	26	27	32	33	34	36	38	39	49	59	62	67	107	124	
31	24
0	2	5	6	7	8	10	12	14	15	16	17	19	27	33	34	36	39	41	62	67	69	75	124	
32	28
0	2	3	4	5	6	7	9	10	11	13	15	16	17	18	19	22	25	27	29	32	36	38	39	55	59	69	83	
29	24
2	3	4	5	6	7	8	11	14	15	16	17	18	26	27	32	34	36	38	39	61	62	69	136	
33	26
2	4	8	10	11	13	15	16	17	18	19	21	22	25	26	27	29	31	32	34	41	59	61	66	67	136	
39	31
0	2	4	5	6	8	10	11	12	13	14	15	17	18	19	22	25	29	32	33	34	36	38	39	47	49	53	59	61	81	85	
29	25
0	2	3	5	7	8	10	11	13	14	15	16	17	22	23	27	33	34	35	36	38	59	61	62	81	
35	27
0	1	2	4	6	7	10	11	13	14	15	16	19	22	25	27	32	34	36	38	39	49	53	62	67	85	136	
40	29
0	3	4	6	7	9	10	11	13	14	15	17	18	22	23	26	27	32	33	38	39	49	61	62	66	67	85	107	136	
34	26
2	5	6	7	8	10	11	12	13	15	19	22	27	29	32	34	36	38	40	47	49	59	61	62	75	124	
30	24
0	2	4	7	8	9	10	11	12	14	16	18	21	22	25	26	27	36	38	49	59	61	67	136	
35	26
0	2	3	4	5	6	7	11	14	16	17	18	20	22	27	29	32	36	38	49	61	62	67	83	85	136	
34	24
1	2	3	6	10	11	13	17	25	27	29	33	34	36	38	39	56	60	62	66	69	75	131	136	
35	27
0	2	3	4	5	6	8	10	11	14	15	17	18	19	20	27	29	32	33	35	36	38	39	62	85	124	180	
42	30
0	2	3	4	5	6	10	11	14	15	17	18	22	26	29	31	32	33	34	36	38	39	49	55	75	81	107	124	131	136	
39	31
0	1	2	3	4	5	7	9	10	11	12	13	14	15	17	21	22	25	26	27	29	34	36	37	38	39	55	61	75	124	180	
34	27
0	3	4	5	7	8	10	11	12	14	15	16	17	18	20	21	26	33	36	37	38	53	61	62	66	81	136	
35	25
0	1	2	3	6	7	11	13	15	17	18	20	22	25	27	33	36	38	41	62	67	81	84	136	180	
30	23
3	4	5	6	11	12	13	15	16	19	20	21	22	25	32	33	34	38	49	60	61	62	180	
32	24
0	3	4	6	10	11	12	13	14	15	16	17	20	22	32	33	34	39	49	60	61	62	85	136	
34	26
0	2	3	4	6	7	9	11	14	16	17	20	22	26	29	32	35	36	38	39	49	53	59	62	124	136	
35	30
0	2	4	5	6	7	8	9	10	12	13	14	15	16	17	18	19	20	21	23	32	33	34	36	38	39	62	75	84	136	
29	25
0	2	4	6	7	8	9	11	12	15	16	17	18	19	20	22	32	34	36	38	39	53	59	61	62	
39	31
0	2	4	5	6	7	8	9	11	14	15	16	17	18	19	20	26	27	33	34	35	36	37	38	39	55	66	67	69	107	136	
35	24
2	3	6	8	11	12	13	15	17	20	21	25	26	29	34	36	38	59	62	81	84	107	131	180	
39	28
0	4	6	7	8	10	14	15	16	17	18	19	20	21	22	25	27	29	32	34	35	49	55	59	69	85	131	180	
39	28
3	5	7	8	10	11	13	14	17	18	21	23	25	27	29	34	35	36	39	41	49	53	59	62	69	81	107	136	
32	28
0	2	3	4	5	6	7	10	12	13	15	16	17	19	20	22	27	33	34	35	36	37	38	39	49	61	67	75	
39	29
0	1	2	4	5	6	11	12	13	14	15	16	17	20	21	22	26	31	32	36	39	41	49	60	61	66	81	124	136	
29	22
0	2	4	5	6	7	10	11	14	15	17	19	22	27	33	36	55	59	62	67	75	136	
29	21
2	4	6	9	10	11	15	16	18	22	27	29	32	34	36	53	55	62	69	131	136	
44	31
2	3	4	5	6	12	13	14	15	16	19	20	21	22	25	27	29	32	33	34	36	38	39	49	66	69	75	87	124	136	180	
31	25
2	4	5	6	8	9	10	11	13	14	15	16	17	19	27	29	32	33	34	38	39	55	69	131	136	
43	33
1	2	3	4	5	6	7	8	10	11	13	14	15	16	18	20	21	22	25	27	29	33	34	36	38	39	49	59	62	75	87	131	136	
37	26
0	2	4	8	9	10	14	16	18	19	20	22	25	29	33	36	37	38	39	41	59	62	75	131	136	180	
38	29
0	2	4	5	8	10	13	14	16	17	19	21	22	25	27	29	33	34	36	38	39	40	49	53	61	62	75	131	136	
37	28
0	3	4	5	6	8	10	11	12	14	15	16	19	20	22	27	29	31	33	36	38	41	53	59	61	62	75	180	
30	25
0	2	3	4	5	6	7	8	10	12	15	16	17	18	25	27	31	32	34	36	39	59	62	69	124	
46	32
0	2	3	4	6	9	11	12	13	15	16	18	20	22	23	26	27	32	33	34	36	38	41	49	59	69	75	81	85	107	131	136	
49	36
0	1	2	4	6	7	11	13	14	15	16	17	18	19	20	22	25	26	27	29	31	32	33	34	36	39	40	41	53	59	66	75	85	107	124	136	
48	33
2	3	6	7	8	10	12	14	16	17	18	22	23	25	26	27	29	32	34	36	38	39	55	61	62	67	75	81	84	85	107	124	136	
47	32
2	4	6	7	8	9	10	11	14	15	17	18	19	21	23	25	27	31	34	36	37	38	53	61	62	67	75	81	107	124	136	180	
48	30
2	4	8	10	11	14	15	16	18	19	21	25	26	27	32	36	38	39	41	47	49	59	61	62	75	85	124	131	136	180	
48	35
0	1	2	4	5	6	7	8	10	11	13	14	18	19	21	22	25	26	27	29	32	34	36	38	39	41	47	49	62	67	75	81	85	87	107	
37	27
0	2	4	6	7	8	10	11	15	17	19	20	22	25	27	29	33	36	38	39	59	61	62	67	124	131	136	
38	30
0	1	2	3	4	5	7	8	10	11	15	16	17	18	19	20	21	26	27	32	34	36	38	39	59	67	69	75	124	136	
35	27
2	3	4	6	8	11	13	14	16	17	20	21	22	25	27	29	31	32	34	36	38	41	61	62	66	75	180	
39	30
0	2	3	4	5	6	7	9	10	13	16	17	18	19	21	22	25	27	29	32	33	34	36	47	61	62	66	75	85	131	
47	31
0	2	4	6	7	8	9	10	12	13	14	15	16	19	22	27	29	32	39	41	53	56	61	67	69	75	81	87	107	131	136	
35	27
2	3	4	5	6	7	8	10	11	13	14	15	19	22	25	29	32	33	36	38	39	49	53	61	69	124	131	
31	24
3	4	6	8	10	12	13	14	15	16	18	19	26	27	29	32	36	38	39	41	61	67	107	124	
38	27
2	4	6	9	10	11	13	17	18	20	21	22	27	32	33	34	35	36	41	49	53	61	66	69	75	85	87	
41	29
1	2	3	4	5	7	9	10	11	14	15	16	18	20	21	22	27	33	34	36	38	59	62	75	81	85	87	124	136	
49	36
0	1	3	4	7	9	10	11	12	13	14	15	17	18	19	20	21	22	23	25	26	27	29	31	36	38	39	49	59	60	61	67	69	85	131	180	
32	24
0	2	4	6	9	11	13	14	15	16	17	18	19	20	32	34	38	41	55	60	75	81	83	136	
34	28
0	2	3	4	8	9	10	13	15	16	18	19	21	22	23	25	27	32	33	34	36	38	39	49	53	59	75	136	
32	23
0	2	3	4	7	11	13	14	15	22	26	27	29	32	34	37	39	41	49	59	85	124	136	
38	29
1	2	3	8	9	10	11	12	13	14	16	19	20	23	26	27	29	32	33	34	36	38	39	62	66	75	85	87	136	
27	21
0	4	6	8	11	13	14	15	17	19	20	27	29	32	34	36	39	53	62	131	136	
36	28
2	3	4	6	7	8	9	11	13	16	17	19	20	22	25	26	27	33	34	36	38	55	59	61	66	81	84	136	
28	23
0	1	3	4	7	10	11	12	15	17	18	20	25	27	29	32	33	36	39	53	75	81	136	
45	36
0	1	2	3	4	5	7	8	9	10	12	13	14	15	17	18	20	21	22	25	26	27	32	33	34	36	38	39	49	59	61	62	66	69	75	136	
35	27
0	2	3	4	6	8	10	12	13	15	16	19	20	21	22	27	31	32	33	34	35	38	39	62	85	136	180	
36	29
1	2	3	4	5	6	8	10	11	12	13	14	15	19	20	21	22	26	27	29	33	36	38	41	55	59	61	69	136	
37	27
0	1	3	4	5	6	8	10	12	14	17	18	22	25	27	32	36	37	38	49	59	60	61	62	69	131	136	
32	26
2	3	6	7	8	10	11	12	15	16	17	19	22	23	25	27	29	32	34	35	39	41	47	49	59	136	
34	26
0	4	6	8	10	11	12	14	15	16	18	19	20	22	27	29	32	36	38	41	59	61	62	67	84	136	
37	26
2	3	5	11	13	14	17	19	20	22	25	27	31	32	34	36	38	39	41	60	61	69	81	85	131	136	
35	27
0	1	4	5	7	10	11	13	14	15	17	19	20	21	25	26	27	31	32	36	38	41	49	59	62	75	180	
35	25
0	2	3	4	6	10	12	13	14	16	17	18	20	22	29	32	33	37	49	53	56	62	124	131	136	
26	23
0	2	4	7	8	10	13	14	15	16	17	20	22	27	29	32	34	36	38	39	47	49	60	
38	29
0	2	3	4	6	7	10	12	13	14	15	16	17	20	22	23	27	29	34	36	38	39	41	61	62	66	81	107	136	
48	32
0	3	5	7	8	10	11	14	17	18	19	21	22	23	25	29	32	34	37	39	41	49	59	61	62	67	69	75	85	107	124	136	
35	27
0	2	4	6	7	10	12	13	14	16	17	19	20	21	25	27	32	34	36	38	39	41	59	67	75	85	124	
35	25
0	2	6	8	10	11	12	13	15	16	17	26	27	32	33	34	36	39	59	62	69	75	85	131	136	
45	35
0	1	2	3	4	6	7	8	10	11	12	13	14	15	16	18	20	21	22	25	29	33	34	36	37	38	39	49	56	61	67	69	81	85	107	
35	28
1	2	3	4	6	8	10	14	15	16	17	18	19	25	27	29	32	33	34	36	38	39	41	59	60	75	81	136	
35	25
0	2	4	5	6	13	14	17	18	19	22	27	31	32	36	38	39	53	62	67	69	75	84	87	136	
36	28
0	2	4	6	7	8	10	11	12	13	14	15	16	20	25	32	33	34	35	36	38	39	49	62	66	67	131	136	
44	33
0	1	2	3	4	5	6	7	9	10	11	12	13	14	15	16	17	22	26	27	29	32	34	38	39	47	59	61	62	69	87	131	136	
34	27
2	4	6	8	9	10	11	12	13	15	16	17	18	20	21	22	25	26	27	32	38	47	59	60	66	81	124	
35	26
0	3	6	7	11	15	16	17	18	19	26	27	29	31	33	34	36	37	38	39	49	61	62	75	136	180	
31	23
2	4	7	8	13	14	15	16	17	19	22	27	31	32	33	34	41	49	53	62	75	81	131	
41	32
0	2	3	6	7	8	9	10	11	14	15	16	22	25	26	27	29	31	32	35	36	38	39	49	53	59	61	62	67	81	83	84	
32	29
0	1	2	3	4	5	7	8	10	11	12	13	14	15	16	17	19	20	25	27	32	33	34	36	38	39	61	62	69	
35	29
0	3	4	5	6	7	9	10	11	14	18	20	21	22	23	26	27	29	31	32	34	36	38	39	62	67	75	81	131	
34	28
0	2	3	4	6	7	8	9	10	12	13	14	15	16	17	22	25	29	32	36	38	39	49	60	67	69	81	84	
37	27
3	4	6	7	10	11	12	13	14	15	17	20	22	25	27	32	34	38	39	49	59	66	69	75	81	85	124	
31	25
0	1	2	4	5	7	8	11	14	15	17	18	19	20	27	29	32	33	36	39	56	61	69	84	85	
44	29
0	4	6	7	8	11	14	16	18	19	21	22	23	32	36	39	41	49	53	55	59	61	62	66	69	75	81	85	136	
34	25
0	5	6	7	10	11	12	14	15	16	18	19	20	21	22	25	27	32	36	53	60	75	84	85	180	
29	25
0	2	4	6	8	10	11	12	14	15	16	17	19	20	22	23	25	27	32	36	38	41	47	55	59	
32	22
2	3	4	5	6	7	10	14	18	19	22	27	32	33	38	39	67	81	84	131	136	180	
43	31
0	2	3	4	6	9	11	13	14	15	16	17	19	21	22	23	25	29	32	34	36	38	39	41	62	69	75	85	87	107	136	
37	29
0	2	4	5	6	8	10	11	14	15	16	17	18	19	20	21	22	23	31	32	34	36	38	55	60	62	67	131	136	
26	23
0	2	3	4	5	6	7	8	11	12	14	16	17	22	25	27	33	34	38	39	49	62	67	
38	28
0	2	3	4	6	7	8	9	11	13	14	15	17	18	19	22	25	29	31	32	36	60	61	62	67	69	131	180	
50	36
0	1	2	3	4	5	6	7	8	9	10	11	12	14	19	22	23	25	26	27	29	32	34	36	37	38	39	41	49	66	69	75	85	131	136	180	
31	25
0	1	2	3	6	7	8	10	11	12	15	18	19	22	25	26	27	31	34	36	38	49	55	85	124	
48	33
0	3	4	5	8	10	11	13	14	15	16	17	18	19	22	25	26	27	31	33	34	36	38	47	59	62	66	69	75	85	131	136	180	
42	30
1	4	6	10	11	12	13	14	15	16	18	21	22	25	26	27	29	32	34	36	38	39	41	62	69	84	85	107	124	136	
41	32
0	2	3	4	5	6	7	8	9	10	11	13	14	17	20	21	22	25	27	29	31	32	33	36	38	39	41	59	67	81	136	180	
45	35
0	2	3	4	6	7	8	9	11	12	13	14	15	16	17	18	20	22	23	27	29	32	33	34	36	38	39	40	49	60	62	81	87	131	136	
36	27
0	2	3	4	6	7	10	11	12	14	15	16	17	19	26	27	29	32	34	36	38	41	61	69	75	131	180	
38	27
1	2	4	5	8	11	12	13	14	15	18	19	20	22	27	29	34	36	38	39	41	67	69	85	87	124	131	
32	26
0	1	2	4	6	7	8	10	11	12	13	14	15	16	17	22	27	31	36	38	59	61	62	66	67	75	
44	30
0	2	4	5	7	8	10	11	15	16	19	22	23	26	27	32	33	34	38	39	41	49	61	62	69	75	85	87	124	136	
40	31
2	3	4	5	6	7	8	9	11	14	15	16	17	18	20	22	25	27	29	32	33	34	36	38	39	41	55	61	85	87	136	
39	29
0	4	5	7	10	11	12	13	14	15	16	17	19	20	22	26	27	29	32	36	38	39	49	61	62	67	69	136	180	
34	29
0	2	3	4	7	10	11	14	15	16	17	18	19	21	22	25	26	27	29	32	34	36	38	39	41	59	62	81	84	
33	27
0	2	4	7	9	10	11	12	13	15	16	17	18	19	20	23	25	27	29	32	33	34	38	47	60	131	136	
35	23
2	4	7	11	14	19	20	22	27	32	33	34	36	47	59	61	62	66	67	69	75	85	131	
50	31
0	4	6	9	13	14	15	16	17	18	19	22	27	29	33	34	36	38	47	49	53	59	61	67	69	83	87	107	131	136	180	
37	26
1	3	4	5	6	8	9	10	11	14	18	19	27	32	33	36	39	41	49	53	61	66	75	81	87	107	
28	22
0	2	4	6	7	11	14	16	18	19	20	22	25	27	31	32	33	39	53	69	87	136	
31	25
0	3	4	5	6	7	8	12	14	15	16	18	19	22	25	27	29	31	32	33	38	59	62	66	180	
34	24
0	2	4	6	7	8	14	16	17	19	22	25	27	33	36	38	39	41	61	62	75	87	131	136	
44	31
0	2	3	4	5	10	11	12	14	15	16	18	19	20	21	22	23	27	29	36	39	59	61	62	66	67	75	84	107	131	136	
39	30
0	2	3	4	5	6	7	8	9	10	11	12	13	15	16	18	19	20	21	27	29	34	38	39	59	61	62	87	107	136	
43	31
0	2	4	7	8	10	11	14	15	17	18	19	22	25	26	29	32	34	36	38	39	41	49	59	60	61	62	69	75	85	124	
29	23
0	4	8	10	11	13	14	15	16	17	18	20	22	27	32	34	35	36	40	41	60	85	136	
38	25
0	2	4	5	6	7	10	11	12	14	15	19	20	21	33	36	38	41	61	62	84	107	124	131	180	
36	28
0	1	2	3	4	6	10	11	12	14	15	16	19	21	22	25	31	32	33	36	37	38	39	62	75	85	124	136	
29	23
0	2	4	6	7	8	11	13	16	17	18	20	22	26	27	32	34	35	36	38	75	136	180	
32	24
0	2	3	4	6	8	10	11	14	15	17	19	27	29	34	36	38	47	49	60	62	67	84	136	
31	25
1	2	4	5	6	7	8	11	14	15	16	18	19	22	26	27	29	32	36	38	53	61	62	81	107	
30	25
0	5	6	7	8	9	11	12	13	14	15	16	19	23	25	27	31	34	36	38	39	59	62	81	136	
32	26
2	4	5	6	7	8	10	12	14	15	17	19	20	22	27	32	33	34	36	39	41	47	49	59	75	81	
36	28
0	2	5	7	8	9	11	13	14	16	17	18	21	25	29	32	33	34	36	38	39	59	61	62	66	69	81	136	
25	22
4	5	6	7	10	12	14	15	17	18	19	22	26	29	32	33	34	36	38	39	62	85	
30	24
0	2	3	4	7	8	9	13	14	16	17	19	20	22	27	32	36	38	39	49	61	69	75	124	
34	26
0	2	4	6	7	8	10	11	14	15	17	20	22	26	32	33	34	36	38	39	60	61	75	81	85	136	
35	25
0	2	4	6	10	14	15	18	19	20	21	25	27	32	34	35	36	39	41	47	59	62	75	85	180	
45	32
0	2	3	4	6	7	8	9	10	11	13	14	15	16	19	20	21	22	25	32	34	36	39	60	61	62	69	81	85	87	124	136	
33	23
3	4	6	7	10	11	12	15	17	18	19	20	22	27	32	39	41	49	62	75	124	131	136	
40	30
0	2	3	4	5	7	9	11	12	14	15	16	17	19	20	22	26	27	29	34	36	38	49	53	61	62	69	75	124	136	
40	30
0	2	4	7	8	10	11	12	13	14	15	16	17	19	22	25	26	27	29	34	36	38	39	49	59	75	81	87	124	136	
32	24
0	2	3	4	6	8	10	13	14	15	16	18	23	26	32	36	38	39	49	61	62	75	85	136	
38	26
0	2	3	4	7	11	12	13	14	15	18	20	21	22	23	36	38	39	49	55	66	67	81	124	131	180	
44	29
1	2	3	4	6	7	10	13	14	15	17	18	26	32	34	36	38	41	53	59	61	62	67	75	81	84	107	131	136	
42	33
3	4	5	6	7	8	9	10	11	12	14	15	16	17	18	21	22	25	26	27	29	32	33	34	36	39	60	62	69	75	81	131	136	
33	24
1	2	3	4	5	6	7	10	12	13	16	17	18	19	20	21	22	34	62	67	75	85	131	136	
34	25
0	2	4	7	10	11	13	14	15	18	21	27	29	32	34	36	38	59	60	61	62	66	67	75	136	
41	30
0	2	3	4	5	6	7	8	9	10	11	12	14	15	16	17	19	20	22	29	36	38	41	55	59	60	67	107	131	136	
26	22
4	6	7	10	11	12	14	15	17	18	19	20	21	23	26	27	33	35	36	38	124	136	
35	27
0	3	6	7	8	9	10	11	13	14	15	16	17	18	21	22	27	33	34	36	38	62	75	81	83	107	136	
42	33
2	4	7	8	9	12	14	15	16	17	18	19	21	22	25	26	27	29	31	32	33	34	36	37	38	39	49	55	59	62	75	124	136	
29	24
0	2	3	4	5	6	7	8	11	12	13	14	16	18	20	21	22	26	38	39	53	55	62	136	
37	28
0	3	7	8	11	12	13	14	15	17	18	19	23	27	31	32	33	34	35	36	38	39	47	59	62	69	85	180	
33	28
3	4	7	8	9	10	11	12	14	15	16	17	18	19	22	25	27	29	32	33	34	36	39	41	61	62	75	81	
42	29
0	3	4	6	7	8	9	10	11	12	14	15	16	18	21	22	25	27	39	40	41	49	53	59	81	84	124	136	180	
38	29
0	2	3	4	5	6	7	9	10	14	15	16	22	25	26	29	32	34	36	38	39	47	49	55	59	62	66	75	136	
45	31
0	2	3	4	5	7	8	11	12	13	14	15	18	20	22	23	27	34	35	36	38	39	41	49	61	62	85	107	124	131	136	
33	24
0	2	3	4	7	11	13	14	15	16	17	19	25	26	27	29	38	39	59	62	66	85	87	136	
37	29
0	1	2	3	4	7	10	11	13	14	18	20	21	22	23	26	32	33	34	36	38	39	47	59	60	62	66	69	124	
32	29
0	1	2	3	4	5	6	7	10	11	13	15	16	17	18	20	22	25	26	27	29	32	33	34	38	39	49	62	75	
38	28
0	1	2	3	4	7	11	12	13	14	17	22	26	27	29	32	33	36	38	39	49	53	59	62	69	75	124	136	
29	23
2	4	7	8	9	10	11	14	15	17	20	22	23	27	32	34	36	38	39	59	61	67	180	
31	25
2	4	7	8	11	12	14	15	16	17	20	21	22	26	27	32	34	35	38	39	60	61	62	66	136	
36	26
0	2	3	4	6	11	12	13	14	16	17	18	22	27	32	33	34	36	39	49	60	61	62	69	136	180	
35	29
2	3	5	6	7	8	11	12	13	14	15	16	19	20	21	22	23	26	27	29	31	36	38	39	53	60	66	69	124	
25	22
0	2	5	6	7	8	10	11	13	16	17	18	19	20	22	26	27	32	34	36	62	124	
37	26
0	2	4	6	10	11	12	13	15	16	20	21	22	26	27	32	39	49	55	59	61	67	69	75	107	136	
41	33
0	3	4	5	6	7	8	9	11	12	13	14	15	16	18	19	20	21	27	29	31	33	34	36	38	39	41	53	55	61	62	75	136	
31	26
1	2	4	5	6	8	13	14	15	17	20	22	25	26	27	29	32	33	34	38	39	41	59	62	75	81	
31	26
0	2	3	4	6	10	13	14	15	16	19	20	21	22	27	29	32	34	35	36	38	39	59	62	69	85	
42	30
0	2	3	4	11	13	14	15	17	18	19	20	22	27	29	32	33	34	37	39	41	49	53	59	61	62	67	81	87	136	
36	28
0	2	4	5	6	7	8	10	11	12	13	14	17	18	19	21	22	27	32	36	38	53	60	61	62	69	75	136	
36	27
0	3	4	5	7	8	9	10	11	13	17	18	19	23	26	27	29	32	38	39	41	49	59	69	81	131	136	
39	31
0	1	2	3	4	6	7	8	12	14	15	17	18	19	20	22	25	27	32	33	34	36	38	39	41	49	59	62	75	81	136	
26	22
2	3	4	5	7	9	10	11	12	15	16	17	18	20	21	29	32	33	39	49	81	124	
31	25
0	2	5	6	8	10	11	12	16	17	18	19	20	21	22	26	32	35	39	47	53	59	61	66	81	
35	28
0	2	4	6	7	9	10	11	12	13	14	17	19	22	27	29	32	33	34	36	38	39	41	60	61	62	66	85	
40	32
0	1	3	5	6	7	8	9	10	11	12	13	14	15	16	19	21	22	26	27	29	31	33	34	38	39	55	62	67	75	87	131	
41	29
0	1	2	6	7	8	9	10	11	12	14	15	18	22	29	32	33	34	36	38	41	55	60	61	62	69	75	85	180	
