1000 
35	33
0	1	2	3	5	6	7	9	11	13	14	17	18	19	20	22	23	25	26	28	31	32	34	35	36	37	40	41	44	47	48	49	113	
32	30
0	3	5	6	7	9	10	12	14	17	18	19	20	28	29	31	32	40	41	42	44	46	47	48	49	55	58	61	79	95	
32	29
0	1	3	4	5	6	7	8	12	13	14	17	18	22	24	28	32	34	35	36	38	41	42	44	46	48	49	95	113	
27	26
0	2	5	6	9	14	18	19	22	28	29	31	32	36	37	39	40	41	44	45	46	48	49	55	60	95	
28	27
2	3	5	6	9	10	12	13	14	18	20	22	27	28	31	32	40	41	42	46	47	49	50	51	58	61	79	
26	26
2	4	6	7	8	10	12	14	17	18	20	22	25	27	28	29	31	35	40	41	42	48	51	58	59	61	
33	31
1	2	3	5	6	9	10	12	13	14	17	18	22	23	26	28	29	31	32	36	37	46	47	50	53	55	58	60	61	86	95	
25	24
3	4	5	6	7	9	12	13	14	17	18	19	22	28	29	32	34	36	46	48	49	57	61	83	
31	31
1	3	6	7	8	9	10	11	12	13	17	18	20	21	22	24	28	29	32	36	39	40	41	42	44	46	47	49	52	55	61	
25	25
0	5	6	8	9	12	13	14	18	22	26	27	28	29	31	32	35	36	38	39	41	48	49	59	60	
24	23
0	2	3	5	6	7	12	13	14	17	18	29	31	32	34	38	39	41	46	55	58	61	79	
31	28
0	1	3	4	5	7	9	11	12	14	18	20	24	26	28	29	30	31	32	35	36	40	41	45	46	61	70	113	
30	27
1	2	4	6	7	9	10	12	19	21	22	27	28	29	31	32	37	39	40	41	42	44	46	49	58	83	113	
37	34
0	3	4	5	6	7	9	10	11	14	18	19	22	28	29	31	36	41	42	44	45	46	47	48	49	50	53	55	59	60	61	70	79	81	
30	29
0	3	5	6	8	9	10	12	13	14	18	19	20	21	22	24	27	28	31	32	36	42	46	50	52	53	58	61	83	
32	29
0	1	2	7	9	10	12	13	19	22	24	26	28	29	32	35	37	41	42	44	49	53	55	58	60	61	70	79	95	
27	24
0	3	5	7	8	9	12	13	14	18	21	28	31	32	36	42	44	46	49	53	60	61	81	113	
30	30
0	1	4	6	7	8	9	10	12	13	14	18	21	22	28	29	31	32	34	35	36	41	42	46	48	49	53	55	58	61	
28	26
0	1	2	4	6	7	12	13	18	19	22	25	28	29	31	32	35	36	41	46	47	49	53	59	61	113	
23	22
0	5	6	7	9	10	12	14	19	20	21	22	25	28	29	30	32	36	45	49	59	83	
24	22
4	6	8	10	11	14	18	20	22	23	25	27	28	31	32	36	49	50	53	61	81	95	
30	29
2	4	6	7	8	9	14	16	19	20	21	25	26	28	31	32	36	42	44	45	46	47	49	52	53	57	58	60	79	
37	34
0	1	2	3	4	7	8	9	10	12	13	14	17	18	19	20	22	25	28	29	31	32	38	41	42	45	46	47	49	53	61	79	83	95	
27	26
0	2	3	5	7	8	10	12	14	16	19	22	25	28	29	31	34	42	48	49	50	55	58	60	61	79	
32	28
2	3	5	8	9	14	18	22	24	28	29	31	32	34	35	36	37	40	42	49	50	52	59	60	61	83	95	113	
32	31
2	3	6	8	9	10	11	12	18	24	25	28	29	31	32	35	36	37	39	40	41	44	46	47	48	49	50	58	60	61	83	
42	39
1	2	3	4	6	7	8	9	10	11	12	17	18	19	22	23	25	28	29	31	32	35	36	38	39	41	42	44	46	48	49	55	57	58	59	61	79	81	95	
30	30
1	3	4	5	6	8	9	10	13	14	16	17	19	20	21	22	24	26	28	31	32	36	41	42	46	47	48	49	50	52	
28	25
0	3	6	7	8	9	14	18	19	20	21	22	28	29	31	36	38	45	46	47	53	60	79	83	95	
35	33
0	1	2	3	4	9	10	12	14	17	18	20	22	24	27	28	29	31	32	34	36	39	41	42	44	45	46	49	55	59	61	79	86	
30	29
1	3	5	7	8	9	10	12	13	17	18	22	26	28	29	31	32	34	37	39	40	44	45	47	48	49	51	61	79	
26	26
2	5	6	8	9	12	13	16	18	20	22	27	29	31	32	35	42	46	47	48	49	50	52	55	57	58	
37	34
0	2	4	5	8	9	10	12	13	16	17	18	20	22	24	26	28	32	34	36	39	40	44	46	47	48	49	50	57	59	60	61	79	113	
29	26
5	6	8	10	12	14	17	19	20	21	22	28	31	32	34	35	36	46	47	49	53	58	60	61	79	113	
35	32
1	3	4	6	7	8	9	10	11	12	14	18	20	21	22	25	26	28	29	31	32	36	41	44	47	48	49	57	58	60	79	113	
30	30
3	4	5	6	7	9	10	11	12	13	14	16	18	21	22	24	25	28	31	32	35	37	41	46	48	49	50	55	58	59	
37	35
0	1	2	3	4	5	6	7	11	12	17	18	19	20	22	23	25	26	29	31	32	40	41	42	45	46	47	49	50	55	58	59	60	79	81	
36	32
0	2	3	4	5	6	9	12	13	14	19	24	26	27	28	29	31	32	35	41	42	46	47	49	51	53	55	58	60	70	79	113	
25	23
1	2	3	7	8	10	12	14	17	18	24	25	28	31	32	39	40	48	55	59	61	81	83	
32	30
1	3	4	6	7	8	10	12	18	19	21	23	25	28	31	32	34	35	37	39	40	42	44	46	47	49	58	61	79	95	
28	27
0	3	6	7	10	12	14	18	20	21	24	25	28	29	31	32	36	38	39	42	44	46	47	49	55	59	79	
27	25
0	2	6	7	8	14	19	20	22	23	31	32	35	38	42	44	46	47	48	49	53	55	60	79	83	
28	27
0	3	4	6	7	8	11	12	13	14	18	20	22	23	25	28	31	32	36	42	44	48	49	55	57	61	83	
35	31
0	1	2	3	6	7	8	10	12	13	17	18	19	22	25	28	29	32	34	40	41	44	47	48	49	50	53	60	79	83	113	
26	23
2	4	6	13	14	17	22	24	26	28	29	32	40	41	46	49	53	57	58	60	61	79	113	
31	30
0	1	2	3	5	6	8	10	11	12	13	14	17	18	22	24	25	28	29	32	41	42	44	47	48	53	55	59	61	95	
32	31
0	1	2	3	4	5	6	7	8	10	11	12	14	17	18	19	21	22	25	27	28	29	32	42	44	45	46	48	53	58	79	
29	27
0	1	3	6	7	8	11	12	19	20	22	27	28	31	32	35	36	41	42	44	46	47	48	49	61	81	83	
30	26
1	2	4	5	6	7	12	14	18	20	22	25	28	32	36	40	42	45	46	57	59	60	61	79	95	113	
24	22
7	10	12	19	20	21	26	28	31	32	34	38	39	41	42	44	47	49	53	61	79	81	
24	24
0	1	2	4	5	10	11	12	14	19	20	28	29	36	39	40	42	44	45	46	47	49	50	58	
30	29
1	2	6	8	10	11	12	14	17	18	20	21	22	24	25	28	29	32	34	35	41	42	43	46	48	49	55	59	83	
28	25
1	2	3	4	9	12	14	19	20	21	22	24	27	28	29	32	39	44	48	49	50	57	79	83	95	
32	29
0	1	2	3	7	8	11	12	13	17	18	19	22	24	26	28	31	32	36	41	42	44	47	49	51	60	61	79	113	
32	29
3	4	5	7	8	9	10	12	14	18	19	25	26	28	29	31	32	37	41	43	44	47	48	50	55	57	61	83	113	
28	25
0	1	2	3	6	7	9	10	12	13	18	20	24	25	28	31	32	40	46	49	50	55	79	83	95	
24	23
0	2	4	6	13	14	24	28	29	31	32	35	40	41	42	44	45	46	47	49	53	58	79	
25	23
3	7	9	11	12	13	14	17	18	20	21	25	31	32	40	41	45	49	52	53	55	61	113	
28	27
0	1	2	6	7	9	14	17	18	20	22	28	29	31	32	36	41	46	47	48	49	50	53	59	60	61	83	
36	31
0	4	5	7	8	9	10	12	14	18	19	20	22	24	25	28	31	32	38	40	44	46	47	48	49	59	61	83	86	95	113	
28	26
2	8	9	10	12	13	14	20	22	24	28	29	31	32	34	36	40	42	46	47	49	58	59	61	70	83	
31	29
0	1	5	6	7	8	9	10	13	14	17	18	22	25	28	29	31	32	35	36	39	44	46	49	50	51	53	79	81	
32	30
2	3	4	6	7	8	9	10	12	16	17	19	20	26	28	30	31	32	34	37	40	41	44	46	48	49	53	58	81	83	
27	26
3	6	7	9	10	13	17	19	20	27	28	29	31	32	40	41	42	44	46	47	48	52	53	60	61	79	
22	21
0	2	5	6	7	9	10	12	29	31	32	36	40	41	44	45	47	48	55	59	83	
31	30
0	2	3	6	7	8	9	11	12	17	20	21	22	26	28	31	32	36	38	42	44	45	46	47	49	55	58	59	60	79	
25	25
0	2	4	6	8	9	10	11	12	13	14	17	18	19	22	25	28	29	30	31	32	36	46	53	58	
26	25
0	1	6	8	9	11	12	18	20	21	25	26	27	28	29	31	32	36	41	42	45	46	49	55	79	
34	31
1	2	3	5	6	10	11	12	14	17	20	22	24	25	29	31	32	34	44	46	47	48	49	50	55	58	60	61	79	83	100	
22	21
6	7	9	10	14	19	21	24	28	29	31	32	41	44	46	47	58	59	60	61	79	
32	28
0	1	2	7	10	11	12	14	17	18	22	24	28	31	32	35	36	38	39	40	41	46	53	58	59	79	95	113	
23	23
3	4	5	6	8	9	10	12	14	17	18	22	25	29	32	41	44	45	49	55	58	59	61	
28	28
0	2	3	5	6	7	8	9	10	12	17	20	28	31	32	37	39	41	42	44	45	46	47	49	52	58	60	61	
27	25
0	1	3	6	7	10	12	21	22	24	28	29	31	32	41	42	44	45	46	49	58	60	61	81	83	
31	29
2	3	4	5	6	8	9	10	11	12	14	16	17	18	22	28	31	36	40	44	45	46	49	55	58	60	61	79	83	
23	22
1	2	3	4	5	7	9	10	11	13	14	22	24	28	29	31	32	35	41	44	55	79	
28	26
1	4	6	7	9	10	11	12	13	14	18	19	21	22	25	28	32	36	38	41	44	46	55	58	61	113	
24	24
1	4	5	6	8	9	10	13	18	19	22	23	25	26	28	29	31	32	42	47	53	57	60	61	
25	24
3	6	8	9	10	12	14	16	18	22	24	25	32	34	38	40	42	44	46	47	55	58	60	79	
23	23
2	4	5	7	9	12	13	14	19	20	22	29	31	32	34	36	41	42	45	46	48	55	61	
25	25
2	5	6	9	10	11	12	13	14	18	20	22	26	28	32	35	36	37	42	46	47	49	58	60	61	
24	24
0	1	4	6	9	10	11	12	14	20	22	27	28	31	32	35	40	44	46	48	52	55	58	61	
27	26
0	1	2	4	6	9	13	17	19	20	22	25	27	28	31	32	36	39	41	42	44	45	47	50	61	95	
25	24
3	4	5	8	10	11	12	13	14	17	18	19	21	22	25	28	29	32	36	42	46	55	61	81	
25	24
3	5	6	7	8	9	10	12	13	17	18	22	25	28	29	32	38	41	44	47	51	59	61	81	
30	27
1	5	6	7	10	11	12	17	20	22	24	25	26	27	28	29	31	32	39	41	45	46	47	49	55	81	113	
28	27
2	6	7	9	11	13	14	19	20	22	27	28	29	31	32	36	41	42	48	49	51	55	58	59	60	61	83	
33	31
0	1	2	6	7	9	11	12	16	18	19	21	22	23	24	25	26	28	29	31	36	39	40	46	47	50	51	58	61	79	100	
28	27
0	1	4	6	7	10	13	16	18	20	22	28	29	31	36	40	41	42	46	47	49	50	51	57	58	61	83	
35	32
1	3	6	7	8	10	11	13	17	18	19	20	21	22	24	25	28	29	31	32	40	41	44	45	47	49	51	55	58	59	81	113	
31	27
0	4	6	7	11	12	16	17	18	19	20	22	28	29	32	39	40	45	46	48	50	53	59	61	79	83	113	
28	27
1	3	4	5	7	8	12	13	18	22	28	31	32	34	36	38	40	44	45	46	49	52	55	59	60	61	79	
26	24
3	4	6	8	9	11	14	17	18	22	27	28	31	32	42	43	44	46	47	48	58	61	79	83	
29	28
1	3	4	5	6	7	8	9	12	14	17	18	19	22	28	29	31	32	41	45	46	47	51	55	57	58	61	79	
30	29
0	1	3	5	6	7	8	10	12	13	14	16	22	24	25	28	31	32	35	36	41	42	45	49	50	57	58	60	83	
31	29
4	6	7	8	10	12	13	14	19	21	22	23	25	28	29	31	35	36	39	41	42	44	45	46	48	49	53	70	79	
37	35
3	4	6	7	8	9	10	12	14	16	17	18	19	20	22	24	25	28	29	31	32	36	38	42	46	47	48	51	53	57	59	60	61	79	81	
33	33
0	1	6	7	8	9	10	12	14	18	19	20	25	26	27	31	32	35	36	38	40	41	42	44	46	48	49	50	55	57	58	59	61	
20	19
1	6	8	9	10	12	14	18	19	20	22	28	31	32	44	49	50	61	83	
23	22
0	2	6	9	12	14	18	21	22	31	32	35	38	41	42	44	46	47	49	50	60	95	
35	33
0	2	6	7	8	9	10	12	13	18	21	23	24	25	26	28	29	31	32	34	39	41	42	44	45	46	47	49	50	51	61	79	86	
26	24
0	1	4	5	6	10	12	14	16	18	21	28	29	32	35	41	42	44	47	49	57	58	61	113	
27	26
1	4	5	6	8	9	10	12	14	18	24	27	28	29	31	32	34	41	42	46	47	50	55	57	60	81	
28	25
1	2	6	7	8	10	12	14	22	28	29	31	35	39	40	41	42	46	48	49	55	60	61	79	113	
36	32
2	3	5	6	7	9	10	12	13	14	17	18	22	23	24	25	28	31	32	40	41	42	46	47	49	55	58	60	61	83	95	113	
26	26
1	2	4	9	10	12	13	14	18	19	22	24	26	28	31	32	39	41	42	44	46	49	51	55	60	61	
28	24
1	5	6	7	8	12	13	27	31	32	36	41	42	47	49	50	53	55	58	60	61	79	81	113	
26	25
1	2	4	5	10	12	14	18	21	24	28	29	31	32	36	38	40	46	47	52	53	58	60	61	70	
32	30
2	4	5	6	7	9	11	12	14	17	18	19	22	24	25	26	28	29	32	34	36	39	42	44	49	55	58	61	79	95	
31	31
0	2	3	6	8	9	10	11	12	14	17	20	22	28	31	32	36	38	39	42	43	46	47	48	49	51	52	53	55	58	60	
39	37
0	1	2	4	5	6	7	8	9	10	11	12	13	14	18	19	20	24	26	28	29	31	32	34	35	36	39	41	44	46	49	50	51	55	61	79	83	
31	30
0	2	4	5	7	10	12	14	17	18	22	24	25	28	31	32	34	36	37	39	40	41	44	47	49	53	55	59	61	79	
28	28
0	2	3	5	6	7	8	10	12	17	18	21	24	30	31	32	34	35	36	39	40	41	45	46	47	49	57	59	
29	26
1	4	7	8	9	12	14	20	21	24	25	28	29	31	32	36	41	42	46	47	48	55	61	70	79	83	
24	22
0	1	10	12	13	19	20	22	24	27	28	31	32	35	41	44	46	49	59	60	81	100	
32	29
0	1	3	6	7	8	10	13	20	22	23	26	28	29	31	32	34	36	41	42	44	46	47	48	49	55	61	81	113	
27	26
3	6	8	9	10	11	12	18	20	25	27	28	29	31	40	42	44	46	48	49	55	57	58	59	60	95	
24	23
2	5	6	10	11	12	13	14	19	20	29	31	32	35	37	38	44	46	49	55	58	60	79	
27	26
1	3	4	6	8	9	10	12	13	18	19	21	28	31	32	36	41	42	44	46	47	49	50	57	61	81	
26	26
0	1	3	4	5	7	8	9	10	13	18	21	28	29	31	32	34	36	37	41	42	45	46	48	49	60	
25	23
0	1	6	7	8	9	13	14	18	22	24	28	29	32	38	41	44	46	49	55	61	79	95	
28	25
4	6	7	10	11	12	14	18	19	22	24	25	28	29	31	32	36	38	44	47	48	50	55	81	113	
26	22
0	1	3	5	7	14	18	20	21	25	27	28	31	32	35	44	49	51	61	79	83	113	
28	26
4	7	10	14	19	22	24	25	28	29	31	32	34	35	36	40	41	42	43	46	52	55	60	61	79	95	
28	27
0	1	4	5	6	8	10	12	14	18	19	21	22	27	28	29	32	36	40	46	48	49	53	55	59	61	79	
32	30
0	1	2	3	4	9	10	14	17	18	20	21	22	28	29	31	32	36	39	40	41	42	45	46	49	50	51	55	60	113	
27	26
2	6	7	10	12	13	16	24	26	28	31	32	35	36	39	41	42	49	50	52	55	57	59	60	61	79	
34	31
1	3	4	6	9	10	12	14	17	18	26	27	28	29	31	32	35	39	41	42	46	47	49	52	53	55	57	60	61	79	113	
33	30
0	2	3	7	8	9	10	11	12	13	14	16	17	19	20	21	22	28	31	32	35	36	40	41	44	49	58	61	81	113	
32	32
0	1	2	4	5	6	7	8	9	10	11	12	14	18	19	21	24	26	28	29	31	32	35	44	45	46	47	51	57	58	59	60	
30	29
0	1	2	3	6	7	8	10	12	14	17	18	20	24	25	27	28	32	36	40	41	44	46	47	49	50	59	61	70	
29	26
0	2	3	7	10	12	13	14	20	24	25	28	29	31	32	40	42	46	49	50	52	55	60	61	79	113	
24	23
0	6	7	10	11	12	13	14	21	22	23	26	28	31	32	36	41	42	46	48	55	59	79	
22	22
8	9	10	11	12	20	24	28	29	31	32	35	36	37	42	44	46	48	49	51	53	61	
26	25
0	1	3	5	8	11	12	22	28	29	31	32	35	36	37	39	41	42	44	47	48	55	60	61	83	
35	32
2	4	5	6	7	8	13	14	20	21	22	25	26	28	31	36	40	41	42	44	45	46	47	48	49	50	53	58	60	61	81	113	
22	21
0	2	6	11	12	14	16	17	18	19	25	26	31	32	37	46	47	49	60	61	79	
26	25
0	3	4	5	9	10	11	20	22	28	29	31	32	36	41	45	46	48	49	55	57	58	59	61	81	
30	29
1	2	4	9	10	12	13	14	17	18	20	22	24	25	26	27	29	31	32	36	42	45	46	47	48	50	55	57	79	
24	22
2	3	4	5	6	8	9	10	14	22	29	31	32	44	48	49	50	55	57	61	79	83	
29	27
0	1	2	6	7	9	10	12	13	17	18	19	22	28	31	32	35	36	38	41	45	46	48	49	61	70	79	
31	29
0	1	2	4	7	8	9	10	11	12	14	18	20	21	24	28	31	32	34	36	40	42	44	45	46	50	60	70	83	
21	20
1	5	6	7	8	11	12	14	20	22	28	31	32	36	45	46	48	49	61	70	
23	23
2	5	6	8	12	13	14	19	25	26	28	29	31	32	35	36	40	46	49	55	58	60	61	
23	23
3	4	5	7	8	9	12	14	17	20	21	22	25	26	27	28	29	31	34	40	49	55	60	
28	26
0	1	2	6	7	9	10	14	17	20	25	28	31	32	34	35	41	45	46	49	50	55	57	61	83	100	
21	21
0	5	6	10	12	14	17	18	20	22	28	29	31	32	37	41	45	46	49	55	58	
26	26
1	6	8	11	12	13	14	21	22	25	26	28	29	31	32	34	36	38	39	40	41	46	47	48	49	53	
23	22
1	3	4	7	9	12	14	17	18	19	20	22	26	28	29	31	32	36	46	48	60	83	
30	28
1	2	4	5	6	7	8	10	12	18	19	22	26	28	29	31	32	34	36	39	40	42	46	47	49	51	70	79	
33	33
1	2	4	7	8	9	10	12	13	14	17	18	19	22	28	30	31	32	35	36	39	40	41	42	45	46	47	49	50	55	59	60	61	
36	34
0	2	3	4	5	6	7	8	10	12	18	20	21	22	23	24	28	29	31	32	34	35	37	39	40	41	42	44	46	49	50	61	81	83	
24	24
1	2	3	5	6	7	8	9	11	12	13	17	18	24	26	28	31	32	40	45	46	49	50	51	
34	32
0	3	4	6	7	10	13	14	19	21	24	25	26	27	28	29	31	32	34	36	39	40	41	42	45	46	47	55	59	61	79	83	
33	30
0	3	4	6	7	9	10	12	16	18	19	22	25	26	28	29	31	32	35	36	41	42	44	45	47	49	50	61	79	113	
32	29
2	5	6	7	8	9	11	12	13	19	22	23	24	26	27	28	31	35	36	39	40	41	44	48	49	55	61	79	113	
24	24
0	1	3	4	5	6	9	10	11	12	13	14	17	19	27	28	29	30	31	32	48	49	59	61	
25	23
3	4	6	9	12	13	14	18	20	21	25	28	29	31	32	35	41	46	48	49	61	79	83	
27	26
2	3	4	5	6	7	9	10	12	21	23	24	25	26	28	29	31	32	35	40	44	49	50	52	61	83	
26	25
0	1	6	9	10	12	16	18	22	24	27	28	29	31	32	36	40	41	46	48	49	55	58	60	79	
33	32
0	2	3	4	6	7	9	10	12	13	14	18	20	22	24	25	28	31	32	36	38	40	41	42	44	49	53	58	59	60	61	79	
32	31
1	2	4	6	8	9	10	11	12	13	14	18	19	22	28	29	31	32	34	36	37	39	44	46	48	49	50	52	57	58	79	
23	22
1	3	7	8	9	12	18	22	25	28	31	35	36	41	42	44	45	46	47	48	60	83	
33	31
0	3	5	6	7	8	9	10	12	13	14	16	18	20	21	22	24	25	26	28	29	31	36	46	48	49	50	52	61	79	83	
27	25
5	8	10	13	14	18	22	23	26	27	28	29	32	34	36	37	41	45	46	47	53	55	60	70	79	
30	27
0	1	2	6	8	9	10	14	17	18	22	26	28	29	31	32	35	36	44	47	49	50	58	59	61	95	113	
29	28
2	5	6	9	10	11	12	16	17	18	19	21	28	29	31	32	36	41	42	46	47	49	50	55	58	59	61	95	
26	24
1	3	4	5	7	9	13	14	18	19	24	25	28	29	31	32	36	45	47	49	55	57	61	113	
24	23
0	2	6	8	12	16	20	22	25	28	31	32	34	38	39	41	42	44	45	47	49	55	79	
22	22
1	2	3	6	8	9	10	14	18	19	26	28	29	31	32	40	42	44	45	46	51	57	
32	31
0	1	2	3	4	6	7	8	9	12	13	14	17	18	19	20	22	24	28	31	32	36	39	41	42	46	48	51	59	61	81	
25	23
2	4	7	8	9	11	12	14	18	21	22	31	32	36	41	42	44	46	50	51	57	61	113	
28	26
0	1	2	3	4	6	7	8	10	12	17	18	19	20	22	26	31	34	35	36	46	48	60	61	79	83	
28	27
1	3	6	7	8	9	14	17	20	21	22	24	26	28	29	31	32	35	36	40	42	44	45	46	47	49	79	
35	32
3	4	7	8	12	13	14	16	18	19	21	22	23	26	28	31	32	36	38	42	45	46	49	50	51	53	58	59	60	61	83	113	
31	27
0	1	4	6	8	10	11	12	14	17	22	29	31	32	35	36	39	40	41	42	46	47	48	79	81	83	95	
33	31
0	1	4	6	8	9	11	12	14	17	22	25	26	28	29	31	32	34	35	36	37	38	40	41	44	46	48	60	61	70	83	
25	24
2	3	4	9	10	12	13	17	18	19	24	25	26	28	31	32	36	39	40	44	55	58	61	95	
25	25
3	5	6	7	8	9	10	12	13	14	20	24	25	28	29	31	32	34	36	38	39	41	46	47	49	
27	25
2	3	4	6	7	9	10	11	13	26	28	29	32	40	42	45	46	48	49	55	57	59	61	79	83	
31	31
0	2	3	6	9	10	11	12	14	17	18	19	21	22	24	25	28	29	31	32	36	40	42	46	47	48	49	50	52	55	61	
32	30
1	3	5	6	8	9	11	12	13	14	16	18	26	28	31	32	35	37	39	42	44	46	47	49	50	52	55	58	83	95	
36	34
0	1	3	4	6	9	10	12	14	17	21	22	24	27	28	29	32	36	38	39	41	42	45	46	47	48	50	51	53	55	58	61	79	95	
30	26
0	1	2	3	4	5	7	10	11	12	13	14	17	18	22	31	32	36	42	46	49	55	58	79	95	113	
28	27
6	10	12	14	18	20	22	24	26	28	29	31	32	35	36	40	42	44	46	48	49	55	58	59	60	61	79	
39	36
1	4	5	6	7	8	10	11	12	13	14	17	18	19	20	24	26	27	29	31	32	36	37	40	45	47	48	49	50	52	55	58	61	79	95	100	
33	29
1	3	9	10	11	12	14	17	18	20	25	26	28	29	31	32	34	35	36	42	44	46	47	58	60	61	79	83	113	
29	25
0	3	6	7	8	10	12	13	22	27	28	29	32	34	36	40	41	44	47	48	49	61	79	83	113	
36	34
1	2	3	4	5	6	7	8	9	10	11	12	14	18	22	24	27	28	31	32	35	36	41	42	44	45	46	47	49	51	60	61	70	79	
36	34
2	3	5	6	8	9	10	11	14	18	21	22	24	26	28	31	32	35	36	39	40	41	42	46	47	48	49	51	53	59	60	61	79	81	
29	25
1	2	3	6	7	8	9	10	12	17	18	19	25	28	31	36	39	46	50	59	60	61	79	83	113	
25	25
0	1	2	3	4	5	6	10	12	13	14	22	25	28	29	30	31	32	36	40	41	45	46	49	55	
30	28
0	2	5	6	8	9	14	18	19	21	22	29	32	34	36	37	38	39	40	45	46	47	50	51	58	60	79	83	
29	27
2	5	7	8	10	11	12	13	14	19	20	21	22	24	31	35	37	42	44	46	47	48	49	53	61	79	83	
25	23
4	5	6	8	9	13	19	22	26	28	29	32	36	38	42	46	47	50	55	60	61	79	83	
28	27
2	6	7	9	11	13	14	17	18	24	28	29	32	36	39	42	46	47	48	51	53	55	57	58	59	60	95	
34	32
3	6	7	9	11	14	16	18	22	24	25	26	27	28	31	32	34	35	36	41	42	44	46	47	49	50	55	59	60	61	79	83	
33	32
1	4	5	8	9	11	13	14	18	19	20	21	22	23	24	26	28	29	31	32	37	39	41	44	45	46	48	49	51	60	61	100	
28	24
2	3	5	6	9	13	14	19	20	22	24	26	28	29	31	32	36	44	45	46	49	79	81	113	
36	33
2	3	5	6	7	10	12	14	18	22	24	25	26	28	29	31	32	36	39	41	42	44	45	46	47	48	49	50	53	60	61	70	113	
37	34
0	1	2	3	4	6	7	8	9	12	14	17	18	20	21	23	24	27	28	29	31	32	40	41	45	46	47	48	49	50	61	79	81	83	
27	27
4	5	6	7	8	9	10	13	14	16	18	19	20	21	25	28	29	31	36	39	40	41	49	50	52	55	59	
24	24
0	1	5	6	7	8	9	14	17	24	28	29	31	32	36	44	45	46	48	49	50	51	60	61	
29	27
2	3	4	5	6	7	11	16	18	20	22	25	28	31	32	36	39	42	46	47	48	49	57	58	61	70	79	
26	24
0	2	3	5	7	8	9	11	12	13	18	20	24	25	28	31	32	36	45	49	50	60	79	95	
27	26
0	5	6	7	9	10	13	17	18	21	22	25	28	29	32	34	35	36	42	44	46	47	49	55	61	83	
31	30
0	1	2	4	5	7	10	12	13	14	17	18	19	20	28	31	32	35	36	41	42	45	48	50	55	57	59	60	61	79	
24	23
2	5	6	9	11	13	14	17	19	20	25	26	28	31	32	35	36	40	45	46	47	50	81	
26	24
0	2	4	5	6	7	10	13	18	20	22	28	31	32	36	38	41	46	47	50	58	61	79	81	
35	32
2	3	4	5	6	8	10	11	12	14	17	18	19	20	22	28	29	31	32	34	36	39	41	42	45	46	48	49	51	61	79	113	
25	25
0	1	2	4	5	6	7	11	18	22	25	27	28	29	31	35	36	38	42	44	46	47	50	55	60	
29	29
0	1	5	6	10	12	13	14	17	18	21	22	24	25	27	28	29	31	32	36	38	39	42	45	46	47	49	60	61	
28	26
0	6	9	12	13	14	18	20	28	31	32	34	36	37	40	41	42	44	46	47	48	55	58	59	61	113	
30	29
0	1	2	7	8	10	11	12	13	16	17	18	21	22	24	28	29	31	32	35	36	40	41	44	46	47	49	51	100	
33	30
0	3	6	7	8	9	10	11	12	14	18	19	21	24	25	26	28	31	32	36	38	41	48	49	50	58	60	61	83	113	
28	26
1	2	3	4	8	9	10	14	20	25	26	28	31	32	36	40	41	42	46	47	49	50	58	61	70	79	
35	33
1	2	3	6	7	8	9	10	12	14	18	22	25	26	28	32	34	35	36	40	42	44	45	46	47	48	49	50	55	58	59	60	113	
29	28
0	4	5	7	8	10	12	13	17	19	20	21	22	24	25	27	28	29	31	32	46	47	48	49	50	58	60	83	
22	22
2	5	6	8	9	10	12	14	22	24	25	28	31	32	34	36	45	46	47	49	59	61	
29	28
0	1	2	3	6	8	11	12	13	14	17	19	20	21	22	28	29	31	32	35	37	46	47	49	58	60	61	81	
26	24
1	3	4	6	7	8	10	14	18	19	20	22	24	28	30	32	35	36	40	44	46	48	79	83	
28	27
0	1	2	6	9	11	12	14	17	18	22	23	24	25	28	29	31	32	36	44	46	47	49	50	55	60	81	
28	27
0	1	2	4	5	8	9	10	11	12	13	18	22	23	26	28	29	35	36	41	42	45	46	50	58	61	95	
22	21
0	1	2	6	9	10	13	14	18	24	28	29	31	32	36	42	44	46	47	59	79	
26	25
0	1	2	3	5	6	8	9	10	19	20	22	24	26	29	31	32	36	41	42	46	47	49	59	79	
32	30
0	1	3	4	6	7	8	9	13	18	19	20	22	25	31	32	34	36	40	42	45	46	47	49	52	53	57	58	79	81	
24	23
1	2	6	7	8	10	12	16	18	19	20	21	28	31	36	42	45	46	49	57	58	60	81	
27	27
3	4	5	7	8	10	12	13	17	18	19	20	26	28	32	34	36	39	40	41	44	46	48	49	50	59	60	
26	24
1	2	5	6	8	10	14	19	20	22	23	25	28	31	36	37	40	44	46	50	60	61	79	83	
31	30
1	2	3	4	5	8	9	10	11	12	13	14	16	18	22	24	26	32	35	36	42	44	45	46	49	50	53	60	61	79	
36	33
0	1	2	3	4	6	8	14	17	18	21	22	28	31	32	35	36	38	39	40	41	42	46	47	49	55	58	59	60	61	70	79	83	
31	28
0	1	3	4	6	8	10	14	18	19	22	24	25	26	28	29	31	32	36	40	42	44	46	47	57	59	79	113	
28	27
3	5	6	7	8	10	11	14	16	17	18	21	22	26	28	29	31	32	34	35	45	46	47	49	53	57	86	
26	23
2	3	5	7	9	10	12	13	25	28	29	32	44	45	46	48	51	55	58	60	61	83	113	
25	24
0	2	6	7	10	13	14	16	17	18	22	24	28	29	31	32	34	35	36	40	42	48	49	79	
37	33
0	2	6	7	8	9	12	13	14	16	17	18	19	20	22	25	28	29	31	32	41	44	45	46	48	49	50	60	61	79	83	95	100	
29	26
2	3	4	6	9	11	14	17	22	28	29	31	32	34	35	41	42	44	46	47	50	55	58	79	81	95	
30	27
5	7	8	10	13	19	22	23	24	25	26	31	32	34	36	39	40	41	44	47	48	49	50	59	79	81	95	
24	23
1	4	5	7	8	10	11	12	13	14	18	19	20	22	28	34	36	41	45	48	58	61	83	
34	32
1	3	5	7	8	9	12	14	17	18	19	21	22	24	26	28	29	31	32	34	35	39	41	45	46	48	49	52	55	60	61	113	
33	31
2	3	4	5	6	7	8	9	10	19	20	22	24	26	28	31	35	38	41	42	44	46	47	48	50	55	59	60	61	79	83	
30	27
2	3	4	5	8	10	12	20	23	25	28	29	31	32	34	35	36	38	41	47	49	50	55	60	61	79	113	
29	26
3	4	5	6	10	12	14	16	18	19	22	25	26	28	31	36	42	44	46	47	49	50	58	60	79	113	
30	28
1	3	5	9	10	13	14	18	19	21	22	28	29	31	34	36	39	40	41	42	44	46	48	49	50	57	79	83	
28	25
3	4	5	7	8	18	20	21	22	25	28	29	31	32	34	36	39	44	46	50	51	52	53	79	113	
25	24
5	6	9	14	16	17	18	19	23	25	28	29	31	35	36	40	41	42	46	49	57	59	61	79	
28	27
0	3	4	5	7	9	10	14	16	17	19	23	25	26	28	29	32	35	36	41	44	46	48	52	55	61	79	
27	26
0	4	6	8	9	10	11	12	16	21	24	28	29	31	35	36	37	44	46	47	49	55	57	59	61	83	
28	26
0	3	4	7	12	16	18	22	25	26	28	29	31	32	35	36	39	41	46	47	49	50	57	60	79	83	
25	23
3	7	9	10	12	13	14	20	21	22	26	28	29	32	36	41	45	46	48	52	60	79	83	
28	25
2	4	6	7	8	10	12	13	14	18	21	22	24	28	29	31	32	35	42	55	59	60	61	83	113	
21	19
2	3	5	6	9	12	18	27	28	32	36	42	46	47	53	60	61	79	83	
33	31
0	3	5	6	7	9	10	11	13	14	18	19	21	22	25	28	29	31	32	38	41	42	45	46	48	50	51	60	61	79	95	
34	33
0	1	2	6	7	8	9	11	12	13	16	17	18	21	22	26	27	28	29	32	34	35	36	37	39	40	41	42	44	46	48	49	79	
29	28
0	4	6	9	12	14	17	19	20	21	22	23	24	25	26	31	32	34	35	42	46	47	49	51	55	60	61	79	
28	26
2	3	5	6	7	8	9	18	22	28	29	31	32	35	37	41	46	48	49	50	51	57	60	61	79	95	
33	31
0	1	2	3	4	5	6	7	8	10	12	13	17	18	25	26	28	29	31	32	35	38	41	42	46	47	49	50	60	95	100	
25	25
0	2	3	5	7	9	11	14	17	19	20	22	25	26	28	31	32	34	40	44	46	48	49	57	61	
25	24
1	3	5	6	8	10	12	14	18	22	28	29	31	32	35	39	41	42	46	50	59	60	61	79	
39	36
0	1	3	4	6	7	8	9	10	12	18	19	20	21	22	23	25	27	28	29	30	31	32	36	38	39	40	41	42	44	46	47	60	61	95	113	
30	29
1	3	6	8	10	12	14	16	17	19	20	24	31	32	34	35	36	38	41	42	44	45	46	49	52	53	55	60	79	
28	27
2	3	5	6	13	16	18	20	22	25	27	28	31	32	36	39	42	44	46	47	49	50	55	58	60	61	79	
26	23
3	6	7	8	9	12	14	17	18	20	26	28	29	31	35	36	40	44	46	49	59	79	113	
26	23
3	5	6	7	9	10	12	14	17	26	28	31	32	36	39	41	47	49	51	60	79	83	86	
33	31
1	2	4	5	8	10	12	14	17	18	20	22	24	29	31	32	40	41	44	45	46	47	48	49	50	51	59	60	61	81	95	
33	31
0	1	5	6	7	8	9	10	14	17	18	20	22	24	28	29	31	32	35	37	44	46	48	49	51	55	58	60	61	79	83	
29	28
1	2	3	8	9	10	11	12	13	17	22	26	31	32	34	35	36	42	46	47	48	49	51	53	59	60	61	79	
26	26
0	2	3	4	10	11	12	13	14	17	18	22	25	28	29	32	34	35	40	41	45	46	49	58	59	61	
25	24
1	5	6	7	9	13	14	16	20	22	23	28	29	31	32	41	42	44	47	55	57	58	61	70	
32	31
0	1	2	3	4	6	7	8	9	10	12	14	18	19	28	29	31	32	35	39	40	41	42	46	49	50	51	53	59	61	79	
32	31
1	2	5	6	7	8	10	11	12	16	17	18	19	20	25	28	29	31	32	34	35	37	39	40	42	46	47	55	57	60	100	
30	29
1	2	3	4	5	6	12	17	19	20	21	22	28	29	31	32	38	41	42	44	47	48	49	50	55	57	58	61	79	
26	24
1	2	3	8	9	12	13	17	18	25	26	28	31	32	34	36	38	41	47	48	49	55	70	79	
30	29
0	1	7	9	10	12	14	18	20	21	22	24	25	26	28	29	31	32	36	37	40	41	42	44	46	50	58	59	79	
30	26
0	2	6	9	10	11	18	20	28	29	31	32	34	36	37	39	42	44	45	46	47	55	61	95	100	113	
31	31
0	2	3	4	5	7	8	9	13	16	19	21	22	28	31	32	36	39	41	44	45	46	47	48	49	50	53	57	58	59	60	
29	26
0	4	6	9	11	14	18	21	25	28	29	31	32	35	36	41	42	44	46	47	48	52	57	61	79	113	
27	25
0	2	4	7	10	11	12	14	18	20	26	28	31	32	38	40	41	44	48	55	58	59	61	79	95	
35	31
2	3	4	6	8	9	12	18	20	21	22	25	26	28	31	32	34	36	39	40	41	46	47	48	49	55	58	61	83	95	113	
25	24
3	10	11	12	13	18	19	22	25	28	29	31	32	39	41	42	44	45	46	49	50	58	61	100	
33	29
2	3	6	7	8	9	10	11	12	13	18	24	25	26	28	31	32	36	37	42	44	46	51	55	60	61	79	95	113	
36	34
0	1	3	5	6	7	8	11	12	13	14	18	22	23	24	28	29	31	32	36	38	40	42	44	47	48	49	51	53	58	60	61	79	83	
22	21
1	3	6	7	9	14	17	18	19	20	26	28	29	31	32	36	42	46	48	49	79	
23	23
2	5	8	10	11	12	14	19	20	22	23	24	29	32	36	40	41	42	49	53	58	60	61	
35	33
0	3	9	10	12	13	14	16	17	18	19	20	22	23	25	26	28	29	31	32	35	39	41	44	46	48	49	58	59	60	61	79	81	
25	23
2	3	4	6	8	9	10	12	13	14	18	20	25	28	29	31	32	35	49	52	59	60	113	
32	30
0	2	4	6	7	10	12	13	17	18	19	22	24	28	29	31	32	34	35	36	41	47	49	50	51	53	55	61	79	83	
30	26
0	7	8	9	11	12	17	18	19	21	22	24	29	32	34	36	38	44	49	51	58	59	60	79	83	113	
28	25
0	1	3	7	10	12	20	21	22	24	28	29	31	32	35	46	47	48	49	50	52	58	61	79	113	
29	27
0	1	3	6	7	9	10	12	13	14	17	19	20	25	26	28	29	32	41	44	46	48	50	52	58	61	113	
26	25
1	3	6	7	10	11	12	19	21	22	26	28	31	32	36	42	44	46	48	49	50	57	60	61	83	
40	38
0	1	2	3	4	5	6	7	8	10	14	18	19	20	22	23	25	26	27	28	29	31	32	35	36	42	44	46	47	48	49	51	53	55	58	61	79	83	
23	22
1	3	6	7	8	10	14	16	18	22	26	28	29	31	32	34	36	38	49	60	61	79	
26	24
3	4	6	9	10	12	14	17	18	22	24	28	31	32	35	36	41	44	47	48	50	61	79	95	
31	28
2	4	7	8	9	12	13	14	16	17	18	19	20	23	25	28	29	31	32	44	46	53	55	58	61	81	95	100	
34	34
0	1	2	3	5	6	7	8	9	10	13	14	18	19	22	24	25	26	27	28	31	34	36	37	39	42	44	46	47	49	53	58	59	61	
31	30
0	1	2	3	6	8	12	13	14	20	21	24	26	28	29	31	32	35	36	41	45	46	47	48	49	53	59	60	61	83	
29	28
0	4	5	6	8	9	10	12	13	16	18	20	22	23	24	25	26	28	29	32	40	41	47	48	49	55	57	95	
31	30
1	2	3	4	6	7	10	11	13	14	17	18	20	21	25	28	29	31	32	36	38	39	40	41	42	44	47	58	61	79	
29	28
0	1	5	7	8	10	11	12	14	17	20	21	22	25	28	29	31	32	36	41	42	45	46	53	55	60	61	70	
25	24
2	4	6	7	8	9	10	12	13	18	19	22	23	29	31	32	38	40	45	46	49	50	58	83	
31	28
2	5	6	7	8	10	12	17	18	20	24	26	28	29	31	36	41	42	46	49	50	52	58	59	60	61	79	113	
39	37
0	2	5	6	8	9	10	12	13	14	18	19	21	22	24	28	29	31	32	35	36	40	41	42	44	45	46	47	48	49	51	55	58	60	61	79	95	
26	26
0	1	3	4	5	6	8	22	24	25	26	27	28	29	32	36	41	42	44	45	46	48	49	58	59	60	
30	29
0	1	2	4	5	6	8	11	12	13	14	17	18	19	20	22	25	28	29	31	32	46	47	51	52	53	55	58	79	
28	27
1	3	4	8	9	10	12	14	20	21	22	25	28	31	32	37	39	41	42	46	47	49	51	59	60	61	100	
31	30
1	3	6	7	8	9	10	12	14	16	18	19	20	22	28	29	31	32	36	37	42	44	46	47	49	51	55	58	61	81	
28	27
0	3	4	9	12	13	14	17	18	22	23	26	28	29	31	32	36	39	40	41	44	45	47	49	55	57	79	
24	24
3	7	8	9	10	12	13	17	18	19	22	26	28	29	31	32	35	42	45	46	47	48	49	53	
32	30
0	1	6	7	9	10	12	14	20	25	28	29	31	32	34	35	36	37	40	41	42	45	46	47	48	55	58	60	70	83	
28	26
0	2	3	5	6	7	9	12	14	18	22	24	25	28	29	31	32	36	41	45	46	49	50	51	53	113	
26	25
5	6	7	8	10	12	13	16	18	22	23	28	29	31	32	36	39	44	45	48	49	50	52	55	79	
29	28
0	1	2	3	4	5	6	7	9	12	14	17	18	19	21	22	26	28	31	32	34	37	40	42	49	55	60	81	
26	25
1	2	6	8	9	10	12	13	17	20	21	22	26	28	29	31	32	41	47	49	50	58	60	61	81	
32	30
0	1	2	3	5	6	7	10	14	17	19	22	24	25	27	28	29	31	32	36	39	41	46	48	49	50	53	61	79	100	
31	29
1	2	3	4	8	11	12	13	14	16	19	21	22	25	26	28	29	31	32	35	42	44	46	47	48	49	55	60	113	
25	25
1	2	3	5	6	9	12	13	14	18	19	22	24	25	26	28	29	31	32	36	44	47	48	59	61	
29	28
0	5	6	9	12	13	18	19	20	24	26	28	29	31	32	34	35	39	41	44	45	47	49	50	52	55	61	95	
28	28
2	4	6	7	8	9	10	12	13	14	18	19	22	26	28	29	31	32	36	37	38	41	45	46	48	55	57	61	
29	28
1	2	3	4	6	8	9	10	11	12	17	19	21	28	31	32	35	36	40	41	45	46	48	49	57	60	61	79	
23	22
2	3	6	8	9	10	12	13	14	17	19	22	29	31	32	36	42	47	48	50	59	79	
27	26
1	2	4	5	6	8	9	10	14	18	21	22	28	29	31	42	45	46	47	49	50	53	58	60	61	79	
30	28
0	1	2	3	5	6	8	11	12	13	20	25	26	27	28	29	31	32	35	36	40	41	44	46	48	61	79	95	
27	26
2	5	6	7	8	10	12	14	16	17	19	20	25	28	29	31	32	35	41	44	46	48	49	59	61	79	
31	30
0	3	5	6	9	10	11	12	14	18	20	23	24	28	29	31	32	36	38	41	44	46	47	48	49	50	57	60	61	79	
33	30
0	1	2	3	4	5	6	7	8	9	10	12	19	22	26	28	31	32	34	35	40	41	44	46	50	53	55	58	83	113	
26	26
1	2	5	6	7	8	9	11	12	13	21	24	28	31	32	34	38	40	41	44	46	47	49	55	60	61	
35	34
0	1	2	3	5	6	7	8	9	10	11	13	14	18	20	21	28	31	32	34	36	40	41	44	45	46	47	48	49	55	59	60	61	79	
30	30
0	1	2	4	6	7	8	9	12	13	18	19	20	22	24	28	29	32	34	35	36	42	45	46	48	49	50	58	60	61	
34	29
0	2	3	5	7	9	11	13	14	17	18	19	22	28	29	31	32	39	42	46	48	49	50	55	61	79	83	95	113	
25	24
3	4	6	8	14	19	22	28	29	31	32	34	35	40	41	44	46	48	49	50	52	58	59	79	
25	24
4	5	7	8	9	11	13	16	18	24	27	29	31	35	36	41	44	46	49	50	55	60	61	83	
27	26
1	2	3	4	6	9	10	12	13	14	18	19	22	25	27	28	29	35	39	40	44	46	47	49	53	83	
33	32
1	2	3	4	6	8	10	11	12	13	14	18	22	25	26	28	29	31	32	36	37	39	41	42	44	45	47	50	55	58	59	79	
28	27
1	4	6	9	10	12	14	18	20	22	24	25	26	28	29	31	32	35	36	46	47	48	49	50	57	61	83	
30	28
0	1	2	4	6	7	9	11	12	14	17	19	21	31	32	35	37	41	45	46	47	49	55	58	59	61	79	100	
31	30
2	4	7	8	10	11	12	14	16	17	18	20	22	25	26	28	29	32	34	41	44	45	46	47	48	49	50	51	61	83	
30	29
0	1	3	4	6	8	12	13	14	18	20	22	26	29	30	31	32	36	38	41	44	46	48	49	50	58	59	61	100	
29	26
0	1	2	4	6	8	9	10	12	13	17	28	29	31	32	35	36	42	44	45	46	47	49	60	79	113	
22	21
1	2	3	6	10	13	14	20	22	25	28	29	32	41	44	47	55	58	59	61	79	
34	34
0	2	3	4	5	6	8	9	10	12	13	14	17	18	20	22	24	25	26	28	29	32	35	42	44	46	47	48	49	55	58	59	60	61	
26	25
0	3	10	11	12	13	14	17	20	25	26	28	29	34	36	38	42	44	45	46	48	49	60	61	79	
37	32
1	3	4	5	8	9	11	12	18	19	22	25	27	28	29	31	32	34	36	40	44	46	48	51	52	55	59	60	79	95	100	113	
43	42
0	1	3	5	6	7	8	9	10	11	12	14	18	19	22	24	25	26	28	29	31	32	35	36	37	39	40	41	45	46	47	48	49	50	52	53	55	57	59	60	61	79	
25	24
1	8	9	10	11	12	14	18	19	22	28	31	32	38	41	42	46	47	49	50	51	57	60	79	
29	28
1	3	4	8	10	17	19	20	22	28	31	32	34	36	40	41	42	44	45	47	48	49	52	55	58	59	61	81	
34	32
0	1	3	6	7	8	13	16	17	19	21	22	25	28	31	32	36	37	38	41	42	44	45	46	47	49	53	58	59	60	79	83	
31	30
0	3	5	6	7	8	9	10	12	14	18	19	21	22	24	25	28	31	32	35	41	44	45	47	49	50	51	60	61	83	
31	28
1	6	8	10	11	12	14	17	18	22	25	28	29	31	34	35	41	42	44	46	47	48	49	60	61	79	83	95	
37	36
3	4	5	6	10	12	13	14	17	18	20	21	23	25	28	31	32	34	35	36	38	40	41	44	46	47	48	49	50	51	57	58	59	60	61	95	
39	34
0	1	2	3	5	7	9	10	12	13	14	17	18	22	23	25	26	28	29	31	32	35	36	42	46	47	48	49	50	58	70	79	95	113	
33	31
0	2	3	4	6	11	12	14	16	17	18	20	21	22	23	24	26	27	28	31	32	36	41	42	45	55	57	58	61	79	100	
29	26
3	5	8	9	10	11	12	14	17	18	25	28	29	31	36	40	42	45	46	50	57	60	61	79	81	83	
28	27
0	2	7	8	10	12	13	14	19	22	27	28	29	31	32	34	35	36	40	41	42	45	46	49	50	61	79	
26	26
1	4	5	7	8	9	10	13	14	18	23	25	28	31	32	36	45	46	47	48	49	50	51	58	59	61	
34	32
0	1	2	3	5	6	7	8	9	10	11	12	14	17	22	28	31	32	34	37	38	39	40	45	46	47	48	49	50	58	61	113	
28	26
0	1	2	3	4	5	8	9	10	12	13	17	19	28	29	35	36	39	41	44	45	49	58	59	61	113	
29	28
0	1	7	9	10	11	14	18	19	20	21	26	28	32	34	35	36	38	40	41	44	46	47	48	49	53	60	83	
33	30
0	2	3	6	7	8	10	12	14	17	18	19	20	22	23	28	29	31	32	37	41	42	44	46	49	50	58	60	81	113	
29	28
0	1	3	5	6	8	9	10	12	13	14	16	18	20	22	24	25	28	29	31	32	34	35	41	46	49	60	79	
35	34
1	2	4	5	6	9	10	11	14	17	18	19	20	22	25	26	27	28	31	32	34	36	37	40	41	42	46	47	53	55	57	58	61	79	
23	22
1	3	4	6	7	8	12	14	17	18	22	24	28	31	32	42	44	45	48	50	60	79	
30	29
2	3	4	5	6	7	9	11	12	13	14	17	18	20	22	28	31	32	35	36	39	41	42	44	46	50	55	59	79	
28	27
0	2	5	7	8	10	14	18	20	21	22	28	29	31	37	40	41	42	44	46	47	50	52	57	59	61	79	
37	35
1	2	3	4	5	6	7	8	10	12	13	14	17	18	19	20	21	22	27	28	29	32	36	39	44	45	47	50	53	55	58	59	61	81	95	
26	26
0	1	2	3	5	6	8	9	10	11	14	20	21	22	28	29	31	32	36	37	41	44	48	49	50	58	
23	23
3	4	5	6	8	12	13	14	19	20	22	28	31	32	37	41	42	45	47	50	55	58	61	
29	27
0	1	7	11	12	13	17	18	21	22	26	28	29	31	32	36	39	40	41	42	44	46	47	50	60	79	83	
30	28
1	2	3	6	7	10	11	12	14	17	19	21	22	25	27	28	29	31	32	38	41	42	46	47	50	58	61	113	
28	28
0	1	2	4	6	7	9	10	11	17	19	20	22	24	25	26	28	32	36	39	41	42	45	46	55	58	60	61	
32	30
0	2	3	6	7	8	9	10	11	13	14	17	18	19	25	29	32	37	42	44	46	49	50	51	55	58	59	61	79	95	
36	33
0	1	2	3	6	8	10	11	13	16	17	18	19	20	25	26	28	29	31	32	35	38	41	42	44	45	46	49	55	58	79	83	100	
25	24
0	4	7	8	9	12	14	17	18	22	26	29	31	32	34	36	41	46	51	52	58	59	61	81	
28	28
2	4	5	6	7	8	10	12	14	17	19	22	23	25	26	28	29	31	32	40	42	44	46	47	49	55	59	61	
29	29
1	2	4	5	6	7	8	9	10	12	13	17	20	22	26	28	29	31	32	35	36	38	39	44	46	49	50	58	61	
30	30
0	2	3	4	5	6	7	8	9	10	14	18	20	24	25	28	29	30	31	41	42	44	45	46	47	50	52	53	58	61	
34	32
0	1	2	3	5	6	7	9	14	17	18	20	22	24	28	29	31	36	38	40	41	44	46	47	48	49	51	52	57	58	61	113	
28	26
0	2	5	7	8	9	10	12	14	16	18	22	26	28	31	32	38	40	41	46	47	49	58	59	79	95	
31	30
0	1	2	3	4	6	8	11	12	13	14	18	19	22	26	28	29	31	32	40	41	42	45	46	47	49	50	55	60	79	
26	26
3	5	6	7	8	10	13	14	18	20	21	23	24	28	31	32	34	38	44	45	46	49	52	55	59	60	
36	35
0	2	3	4	5	6	7	8	9	11	13	14	17	18	19	20	21	24	25	26	28	31	32	36	37	42	44	45	47	48	51	53	55	61	70	
26	25
2	3	4	6	7	9	10	13	14	16	18	22	28	29	31	32	34	46	48	49	50	59	60	61	79	
31	28
0	2	4	7	8	9	10	14	18	20	22	26	28	29	31	32	36	40	41	42	47	48	49	50	59	61	83	113	
28	27
0	1	2	5	6	8	14	20	22	23	24	25	28	29	31	32	36	39	40	41	42	47	49	50	55	61	79	
30	28
3	6	7	8	10	12	13	14	17	19	20	21	25	26	28	29	30	31	32	36	40	41	44	46	48	58	79	81	
34	30
0	3	6	7	8	9	10	14	16	18	19	21	22	24	26	28	31	34	36	41	42	45	46	47	55	58	59	79	95	113	
25	24
0	1	5	6	7	8	10	12	13	14	16	18	19	22	28	29	32	34	35	42	47	58	60	79	
27	26
2	5	6	8	12	13	14	19	20	22	24	27	28	31	32	36	39	41	44	45	46	47	49	55	60	79	
29	28
0	3	4	6	7	9	10	12	13	18	19	20	24	25	28	29	30	31	32	36	42	46	47	48	49	50	60	83	
27	25
1	2	4	6	7	9	10	11	12	18	22	23	28	29	31	32	36	41	49	55	57	58	61	70	79	
29	27
0	4	5	6	7	10	14	19	20	25	28	29	31	36	40	41	42	44	45	46	49	55	57	58	61	79	83	
39	35
0	2	3	6	7	8	9	12	13	14	17	20	22	23	24	28	29	31	32	35	39	40	41	44	45	46	48	49	53	55	61	79	81	83	95	
31	30
2	5	7	9	10	12	14	17	19	22	23	25	26	28	29	31	32	38	39	41	42	44	46	48	49	57	59	60	61	79	
28	27
0	1	4	5	7	8	9	10	11	14	17	18	21	25	26	29	36	41	42	45	46	47	48	49	50	55	79	
30	29
0	1	3	4	6	7	12	19	21	22	26	28	29	31	32	34	36	37	39	42	45	46	48	49	50	57	58	59	100	
26	25
1	2	3	5	6	7	9	10	12	14	18	20	22	28	29	32	34	41	46	48	49	55	58	61	83	
22	22
0	5	6	7	9	14	18	20	22	25	28	29	31	32	36	39	41	45	47	49	58	61	
23	22
0	2	6	7	10	11	13	14	18	19	22	26	28	31	32	40	48	49	50	53	60	79	
25	24
1	5	8	9	11	13	17	18	20	22	25	28	31	32	39	40	46	47	49	50	58	59	61	83	
22	21
0	6	8	9	12	13	14	18	22	23	28	29	32	40	42	46	50	57	59	60	81	
28	25
1	2	4	9	11	12	13	14	17	20	24	25	28	29	31	36	40	47	49	51	55	58	61	83	113	
30	29
2	3	5	6	7	8	9	12	17	19	22	23	27	28	31	32	34	35	36	37	40	47	48	49	53	58	59	61	79	
28	25
1	2	6	7	9	12	13	14	18	25	27	28	29	31	32	36	40	44	45	46	47	48	61	79	113	
26	26
0	1	3	4	6	9	10	13	14	16	18	19	20	22	26	28	35	38	44	45	46	49	55	57	58	59	
29	27
0	1	2	3	5	6	8	10	11	12	17	18	22	29	32	36	41	42	44	46	47	48	50	51	61	79	95	
35	31
1	2	3	4	5	7	8	11	13	14	17	18	20	21	22	23	24	25	27	29	32	35	36	41	44	46	59	61	79	95	113	
29	28
0	2	3	5	6	7	8	10	14	17	19	22	28	29	31	32	35	36	39	41	44	46	53	55	58	59	60	83	
25	23
2	3	5	6	8	9	12	14	28	29	32	35	38	41	45	46	47	49	50	55	57	58	113	
31	30
0	2	4	5	7	8	10	12	13	14	18	19	20	25	26	28	29	31	32	35	36	42	46	49	50	51	55	57	59	79	
33	29
1	2	4	5	6	8	14	16	17	18	19	22	24	26	28	29	31	32	34	39	40	44	45	46	49	60	79	83	113	
29	28
0	1	2	5	7	8	9	12	14	17	18	22	28	29	31	32	35	36	38	40	41	42	46	50	51	55	58	79	
30	28
1	2	4	5	6	8	9	12	17	18	19	23	24	28	29	32	35	36	40	41	44	46	47	53	55	60	79	83	
25	25
1	2	4	6	7	10	12	13	17	19	24	25	28	29	31	32	34	36	41	42	45	46	47	49	53	
25	23
0	2	3	7	10	12	13	14	17	18	20	22	25	26	29	36	39	41	42	48	60	83	95	
35	33
0	1	2	3	5	6	7	8	10	12	14	17	18	19	22	28	29	32	35	36	40	41	45	47	48	49	50	53	55	58	60	79	83	
25	23
2	3	6	7	8	9	10	13	19	21	22	26	28	31	34	38	42	45	47	48	58	79	81	
30	28
0	1	2	3	4	5	7	10	11	12	14	16	18	19	22	28	31	32	36	41	44	45	46	47	49	55	58	113	
24	23
1	4	8	9	12	17	18	19	20	25	26	28	29	31	32	36	41	42	44	53	58	61	83	
29	25
0	2	6	7	9	12	14	16	17	19	28	31	32	34	36	37	39	42	45	47	48	50	83	95	113	
31	28
0	1	2	8	10	12	13	14	16	18	21	22	25	28	31	32	34	35	36	37	38	39	41	46	58	79	81	83	
28	27
3	4	8	9	11	12	13	16	20	22	24	25	28	29	31	32	40	42	44	45	46	48	49	58	60	61	81	
35	34
0	1	5	7	8	10	12	14	18	19	20	22	24	25	26	28	29	32	35	36	38	41	44	45	46	48	49	50	51	52	55	58	61	79	
29	28
0	3	6	11	12	13	16	17	18	20	22	26	28	31	36	41	44	45	46	47	49	50	51	55	58	59	61	79	
30	28
0	2	7	9	10	14	18	19	22	28	31	32	35	36	39	40	41	44	46	48	51	52	53	55	57	58	61	113	
26	26
0	1	2	3	6	7	8	9	12	14	18	19	22	23	28	29	31	32	38	44	45	47	49	58	60	61	
27	24
3	4	5	8	10	14	18	19	22	23	25	29	36	41	44	47	49	50	52	53	55	59	83	113	
26	24
0	6	7	10	14	18	22	23	28	31	32	36	38	39	40	42	47	52	55	57	60	61	83	95	
25	25
0	3	4	12	13	14	18	26	28	31	32	34	35	36	38	40	41	42	44	46	48	50	55	58	61	
31	29
0	3	6	8	9	10	12	18	19	21	22	24	26	28	29	31	32	35	36	39	44	46	47	50	55	60	61	81	95	
32	30
0	1	2	5	6	8	9	10	12	18	19	23	24	28	31	32	35	36	37	39	42	44	48	49	53	57	58	61	70	79	
34	32
1	5	6	7	9	10	13	14	18	22	28	29	31	32	35	36	39	40	42	43	46	47	48	49	50	55	58	59	60	61	83	95	
28	26
1	4	6	8	12	14	16	18	19	20	22	24	25	26	32	34	35	36	46	47	49	51	53	59	79	95	
33	31
0	2	3	4	6	7	9	10	14	17	18	20	21	28	29	30	31	32	34	42	44	45	46	48	49	50	58	59	61	79	83	
28	27
3	4	6	7	9	12	14	16	17	18	19	21	22	25	28	31	32	36	41	42	44	45	46	50	51	58	79	
28	26
0	5	7	8	9	11	12	13	18	20	27	28	29	31	32	36	38	39	42	44	49	53	60	61	83	86	
24	24
0	1	3	4	6	7	8	10	14	17	18	20	24	26	28	31	32	34	39	41	44	46	48	49	
34	31
0	2	3	5	7	8	9	14	17	21	22	23	24	26	27	28	29	31	32	34	36	39	42	45	51	55	58	60	61	79	113	
32	28
0	2	3	4	5	12	13	18	20	21	24	25	26	29	31	32	34	41	45	46	47	49	55	58	61	83	100	113	
34	31
0	2	4	6	7	8	12	14	19	20	25	28	31	32	35	36	37	38	39	40	45	46	49	52	55	57	60	61	79	81	83	
31	30
0	2	4	5	6	7	8	9	10	12	14	16	17	18	22	25	28	31	32	37	41	44	46	47	48	49	55	57	61	79	
28	27
0	1	3	6	7	8	14	17	18	19	22	25	27	28	29	31	32	35	36	39	46	49	52	57	58	61	79	
28	27
0	6	7	8	9	10	12	14	19	20	21	22	26	28	29	31	32	36	41	44	46	48	50	57	58	59	79	
32	30
0	1	4	7	9	10	11	13	14	17	19	22	24	25	28	29	31	32	36	39	44	46	47	49	50	55	57	59	61	113	
29	26
0	1	2	5	9	11	12	14	17	18	22	24	28	29	31	32	35	42	46	48	49	50	58	59	79	113	
37	32
1	2	3	6	7	8	9	12	17	18	19	20	25	26	28	29	31	32	36	40	41	42	45	48	49	55	59	61	70	79	83	113	
31	27
3	6	8	10	11	13	14	17	18	20	26	27	28	31	32	36	37	41	42	44	46	47	49	61	70	79	113	
32	32
2	6	7	8	9	10	12	13	14	18	20	21	22	23	28	29	30	31	32	36	38	39	40	42	45	48	49	50	55	58	59	60	
24	22
0	2	4	6	7	10	14	22	25	29	31	32	35	36	40	46	48	51	53	55	57	113	
30	30
1	4	5	7	8	9	10	11	12	14	18	20	21	22	26	28	31	32	35	36	42	45	46	49	50	51	55	58	60	61	
31	30
0	3	4	6	14	16	20	22	25	28	29	31	32	35	36	39	40	41	42	44	47	49	51	53	55	57	59	60	61	79	
27	26
4	5	6	9	12	14	20	22	25	28	31	32	36	39	40	41	42	44	46	49	53	55	58	59	61	81	
27	26
5	6	8	9	10	12	13	19	21	22	23	28	29	31	36	38	41	42	44	46	47	49	50	55	61	79	
34	30
0	5	6	7	9	10	14	16	18	19	20	22	24	25	28	29	31	32	36	37	39	41	45	46	49	50	58	79	81	113	
28	27
0	1	2	3	4	5	6	7	8	9	10	13	14	19	21	22	24	31	32	40	41	46	47	48	49	59	83	
21	21
7	8	9	11	12	17	18	19	22	29	31	32	37	39	40	41	44	46	47	48	50	
28	27
0	2	3	4	6	8	9	12	13	14	20	25	28	29	32	35	36	41	42	46	47	49	50	52	57	61	79	
36	33
0	2	3	4	5	6	8	9	13	17	18	20	22	26	28	31	32	35	36	40	42	44	46	48	49	51	55	58	59	60	79	83	95	
38	36
0	3	4	6	7	8	9	10	11	12	17	19	21	22	24	28	31	32	34	36	40	41	42	45	46	48	49	50	51	53	55	58	60	61	79	83	
21	21
6	8	10	12	14	17	18	20	21	22	28	31	32	35	40	41	42	49	50	57	59	
27	26
2	5	7	9	12	14	17	18	20	23	25	26	28	31	32	35	36	37	39	46	47	58	59	60	61	83	
30	28
0	4	6	7	8	10	12	18	19	20	22	28	29	32	35	36	37	40	42	46	47	49	53	55	57	58	79	83	
26	24
2	6	7	8	9	14	17	18	19	22	25	28	31	32	36	41	42	44	49	50	57	60	79	83	
28	28
0	1	2	3	6	7	8	9	10	12	17	18	24	25	26	28	29	32	36	42	44	45	46	47	48	50	58	60	
28	27
1	5	6	8	10	14	17	18	19	20	21	25	28	29	31	32	37	41	42	46	47	48	55	57	60	61	79	
29	28
0	1	2	3	4	5	6	7	8	10	12	14	17	24	25	26	28	29	31	32	40	41	46	50	59	60	61	95	
24	24
2	3	5	6	8	9	12	17	19	22	24	25	28	29	31	32	35	40	44	46	50	59	60	61	
34	33
0	1	2	7	9	10	11	12	13	14	17	18	19	21	22	24	25	28	29	31	32	36	40	42	44	46	47	48	53	55	57	61	79	
28	25
5	6	7	8	9	11	12	14	18	19	24	28	31	36	40	44	45	46	49	51	58	61	70	79	83	
28	26
3	8	9	11	12	14	17	18	20	27	28	29	31	32	35	36	40	41	42	44	47	49	50	61	79	81	
27	26
3	4	6	8	10	12	19	21	22	26	29	31	32	35	36	37	41	42	46	47	48	49	55	59	61	79	
22	22
0	1	2	6	8	9	12	13	14	18	19	22	25	28	29	31	32	35	41	42	47	57	
26	26
2	4	5	6	7	9	12	16	18	19	20	22	25	29	31	32	36	37	45	46	47	49	50	55	60	61	
28	27
1	2	3	6	8	11	13	14	16	17	21	22	24	29	31	32	35	36	41	44	46	48	49	53	55	58	79	
26	25
0	1	3	4	10	12	13	18	20	22	25	29	31	32	36	41	42	44	46	47	48	49	51	61	79	
30	29
0	2	4	6	9	10	13	14	18	20	22	24	26	28	29	31	32	36	41	42	44	45	49	51	57	58	59	60	79	
30	29
1	2	3	9	10	12	13	14	16	18	19	22	28	29	31	32	35	36	37	41	46	49	55	57	58	59	60	61	95	
28	27
0	1	2	3	4	6	8	9	10	12	14	18	19	20	21	22	25	32	35	40	41	42	45	49	50	55	79	
34	31
0	2	5	6	7	8	10	12	18	20	21	22	25	28	29	31	32	34	35	36	38	42	44	45	47	49	55	58	59	81	113	
31	29
2	3	5	7	8	10	12	13	18	19	20	22	24	25	28	29	31	32	41	45	48	49	50	52	58	59	60	61	113	
24	23
1	2	4	6	7	8	11	12	14	18	19	26	28	29	31	32	40	42	46	51	59	61	83	
27	26
4	6	7	9	10	12	13	14	17	18	19	24	28	29	31	32	36	38	39	41	42	44	45	49	61	83	
36	33
0	2	3	4	5	6	7	8	9	12	17	20	22	25	29	31	32	36	39	40	41	42	46	47	48	49	50	52	55	57	58	79	113	
26	26
0	6	7	9	10	11	12	13	14	16	18	28	29	31	32	34	36	39	42	44	46	47	49	50	55	57	
26	25
2	3	4	5	6	7	8	9	10	17	18	19	21	28	29	31	32	37	38	40	46	49	55	59	83	
35	32
0	3	4	6	7	8	9	10	13	14	17	18	22	25	27	28	31	32	36	37	39	42	44	46	47	55	58	60	61	79	81	83	
29	27
4	5	6	7	8	10	12	13	14	16	18	19	20	28	34	36	39	40	41	42	44	48	49	60	61	79	95	
28	27
0	4	5	6	8	10	16	19	22	24	25	27	28	29	30	31	32	37	40	41	42	46	49	55	60	61	79	
36	33
0	3	4	5	6	7	8	11	12	13	14	17	18	20	23	24	28	29	31	32	36	37	38	41	42	46	50	53	55	57	61	83	113	
29	28
1	2	6	7	9	12	13	19	20	22	25	28	29	31	32	36	38	40	41	42	44	46	47	48	49	60	61	83	
34	32
0	1	3	4	5	6	7	8	9	10	12	20	22	27	28	29	31	32	34	35	36	40	42	44	47	48	49	51	55	58	70	100	
30	28
0	2	9	10	12	14	17	18	19	21	28	29	32	35	36	40	41	44	47	48	49	51	53	55	58	59	70	95	
32	31
2	3	6	10	12	13	17	18	19	22	25	26	27	28	29	31	32	34	36	42	44	46	47	48	50	53	57	59	60	61	70	
28	25
6	7	9	10	12	13	21	22	24	29	31	32	36	45	46	48	49	55	58	59	60	61	79	83	95	
29	29
0	2	3	6	7	8	9	11	12	13	14	17	19	20	24	25	28	29	31	32	41	44	46	47	49	51	53	55	61	
30	26
1	3	5	6	7	8	13	14	18	22	24	25	30	31	32	35	36	38	44	45	47	49	61	81	83	113	
25	25
4	6	8	9	10	11	12	14	18	19	22	24	28	31	38	40	41	45	46	47	49	50	53	58	61	
23	23
3	4	5	6	8	9	10	12	17	19	21	23	28	29	32	36	40	41	44	46	55	59	61	
22	21
0	2	5	6	7	8	9	12	14	25	28	32	36	40	41	47	49	55	58	59	79	
27	26
0	2	3	4	5	6	8	9	10	17	18	20	25	28	29	31	32	36	40	44	45	47	49	50	58	100	
32	29
1	3	4	6	9	10	14	17	19	22	24	28	31	32	36	39	40	41	42	44	46	47	48	58	60	61	70	79	83	
26	25
1	2	6	9	12	13	14	20	22	24	25	26	27	28	29	31	34	36	45	46	50	55	60	61	79	
33	29
1	2	4	5	6	7	9	10	11	18	20	22	28	32	35	36	38	40	41	44	46	47	55	58	61	79	81	83	100	
32	30
1	3	5	6	8	9	10	11	12	13	18	20	23	24	25	28	29	31	32	36	37	40	46	48	49	57	60	61	79	81	
25	24
0	1	2	3	5	6	9	17	18	19	22	26	28	29	32	41	45	47	48	58	59	60	61	81	
28	25
0	2	3	4	5	7	8	9	10	16	17	18	19	28	29	31	34	35	40	42	44	46	48	79	113	
32	27
0	1	4	7	8	9	11	14	18	19	22	28	29	32	35	37	40	41	44	46	47	55	58	79	81	83	113	
27	25
1	2	3	5	6	7	8	10	11	12	18	22	28	32	35	38	40	41	46	47	49	53	55	79	83	
35	32
0	4	6	7	8	9	10	18	19	20	22	24	26	28	29	31	38	41	42	44	45	48	49	51	53	55	58	60	61	79	81	83	
23	22
2	3	5	12	13	14	17	22	24	28	29	32	36	42	47	48	49	50	51	55	58	79	
26	26
0	2	3	6	9	11	12	18	20	22	25	28	31	32	35	36	39	42	44	46	47	48	49	50	51	55	
29	28
1	2	5	6	8	9	12	14	18	20	25	26	27	28	29	30	31	32	36	46	50	55	57	58	59	60	61	79	
31	30
0	2	4	5	6	7	8	9	13	14	18	19	20	21	22	26	28	31	32	36	41	44	47	49	51	55	57	58	60	79	
31	28
1	6	7	8	9	10	12	19	20	21	26	28	29	31	32	36	42	44	46	47	49	50	55	58	59	60	70	113	
28	27
0	1	2	6	7	10	11	12	13	18	19	22	25	28	29	31	41	44	45	46	48	49	53	55	58	61	79	
36	33
2	3	5	6	7	9	10	11	12	13	16	17	18	19	20	22	25	26	28	29	31	32	35	36	39	40	42	44	46	47	55	83	113	
26	25
0	2	4	6	9	10	14	18	24	28	29	32	36	38	39	41	44	46	47	48	50	58	59	60	79	
29	28
2	3	4	5	6	8	12	13	14	17	18	19	21	24	28	29	31	32	36	42	44	46	48	50	55	60	61	79	
31	30
1	4	6	7	8	9	10	11	12	14	18	20	25	26	27	28	29	31	32	34	36	38	41	42	44	47	55	60	61	95	
31	31
0	3	5	7	8	10	11	12	13	16	18	19	20	21	22	28	31	34	35	41	42	44	45	46	47	48	55	58	59	60	61	
35	31
1	2	7	10	12	14	17	18	19	21	23	25	26	28	29	31	32	36	41	42	44	45	46	48	49	50	53	55	79	100	113	
25	24
1	2	3	6	10	12	14	19	22	26	28	29	31	32	34	39	40	41	46	48	49	55	61	79	
28	23
1	4	7	9	11	13	14	18	28	29	31	32	35	36	46	47	49	55	60	79	81	83	113	
28	27
3	5	8	9	10	13	14	17	20	21	22	24	26	27	29	32	35	36	37	39	40	41	44	46	50	60	83	
27	25
1	3	5	6	7	8	9	10	13	14	20	22	24	26	28	32	42	44	45	47	48	51	57	79	95	
38	36
0	1	2	3	5	6	7	9	10	12	14	16	17	18	20	22	24	26	28	31	32	35	37	39	41	42	46	47	49	50	55	57	59	60	79	83	
26	25
2	3	4	8	9	12	14	18	19	21	22	25	28	31	35	36	41	42	45	46	49	50	60	61	79	
39	35
0	1	3	6	8	9	12	16	18	19	20	24	28	29	31	32	34	36	39	40	41	42	44	46	47	49	50	51	55	59	60	61	79	83	113	
26	24
2	6	11	12	14	18	19	20	22	25	29	31	32	35	36	42	46	47	48	49	59	61	79	95	
24	23
0	1	3	5	6	8	12	14	16	18	19	22	28	29	31	32	45	47	53	55	58	61	95	
35	35
2	4	6	7	9	10	11	12	13	14	16	17	18	21	22	26	28	31	32	35	36	39	41	42	44	46	47	48	49	50	57	58	59	60	61	
25	24
2	3	4	6	8	9	12	17	19	20	24	31	32	36	40	41	44	46	47	49	55	58	61	79	
30	29
0	1	3	5	7	8	9	10	14	19	21	22	25	26	27	28	29	31	32	40	44	46	48	49	50	57	58	61	95	
28	26
0	2	3	5	9	10	12	14	19	24	25	28	29	31	35	37	40	42	46	48	49	52	58	61	79	95	
31	30
0	3	7	8	9	10	11	12	14	17	21	22	28	29	31	32	37	39	40	41	42	47	48	49	50	52	58	59	61	83	
28	27
0	2	6	9	12	18	19	20	21	22	26	28	29	31	32	35	36	41	44	46	47	48	49	50	51	58	79	
27	26
2	3	4	5	6	11	12	14	18	19	25	28	29	31	32	34	35	38	39	41	44	47	49	55	58	79	
25	23
0	1	3	5	6	7	8	9	10	13	18	22	24	26	29	31	36	39	44	50	51	60	113	
35	33
0	3	5	6	7	9	10	12	14	17	18	22	23	24	28	31	32	36	38	40	41	44	45	46	49	50	51	53	55	57	58	70	95	
27	27
0	2	3	4	5	7	11	12	13	14	19	20	21	25	26	28	31	32	35	36	44	46	47	48	49	60	61	
35	31
1	2	3	4	5	7	8	9	10	11	12	13	18	19	22	24	26	28	31	32	36	45	46	47	49	52	55	61	81	95	113	
24	23
3	4	7	9	10	12	14	17	22	24	26	27	28	32	34	37	45	48	49	50	55	57	79	
30	27
1	5	6	9	10	11	16	18	20	22	25	28	29	31	32	36	39	44	46	48	49	55	58	59	61	79	113	
29	26
3	4	5	6	7	8	9	12	13	17	18	19	22	28	32	36	39	41	42	44	46	48	53	79	83	95	
32	31
0	1	2	4	5	6	9	10	13	14	17	20	22	24	25	28	29	31	32	36	39	42	44	45	46	49	50	53	58	61	83	
26	25
0	6	7	8	10	12	14	16	17	19	20	21	25	26	28	29	31	32	39	44	47	50	58	60	79	
36	34
0	1	2	3	4	5	8	9	10	11	12	13	16	17	18	19	21	25	28	31	32	35	36	37	38	41	46	48	49	51	53	61	79	100	
30	30
1	3	6	7	8	10	12	13	16	18	22	28	29	31	32	35	36	38	39	41	42	44	45	46	47	49	57	58	59	61	
21	20
1	6	7	8	9	10	12	14	18	25	29	31	32	35	38	39	46	48	61	95	
27	26
4	7	9	10	11	12	18	22	23	28	29	31	32	36	37	38	40	41	42	45	46	49	55	59	61	79	
25	23
0	1	2	7	8	9	14	17	20	22	24	28	29	31	44	45	48	50	55	60	61	79	83	
31	28
0	2	4	6	7	8	10	11	14	16	18	28	31	32	36	40	41	44	45	46	47	48	53	55	58	61	79	113	
27	25
0	5	7	9	10	11	12	14	19	27	28	29	31	32	36	40	41	44	46	47	49	55	58	61	113	
29	28
0	1	3	5	6	8	9	10	11	14	18	20	22	25	26	28	29	31	32	36	41	42	46	47	51	57	61	83	
23	21
1	3	4	5	6	8	9	20	21	23	28	29	30	32	36	41	47	49	57	79	81	
29	27
1	4	6	12	13	14	17	20	22	24	25	28	29	31	35	36	41	42	44	46	50	52	58	60	61	79	83	
32	27
1	2	3	5	9	10	12	14	17	19	20	22	24	28	29	31	32	36	44	45	46	47	50	79	83	95	113	
26	26
0	3	4	5	6	7	8	11	12	13	18	19	22	25	28	32	41	42	44	45	46	47	48	49	55	60	
28	28
0	1	3	4	8	9	10	12	14	17	19	22	25	31	32	39	41	42	44	46	47	48	49	57	58	59	60	61	
41	40
0	1	3	5	6	8	9	12	14	17	20	21	22	23	25	26	28	29	31	32	34	36	37	38	41	42	44	45	46	47	48	49	51	53	55	57	59	60	61	100	
34	33
1	4	5	6	7	8	9	10	12	14	18	19	20	21	22	25	26	28	29	31	32	36	37	39	40	42	44	46	50	51	58	61	79	
31	30
1	5	6	7	8	9	12	14	18	19	21	22	25	28	29	32	37	38	41	42	46	47	48	49	50	55	58	60	61	83	
39	36
0	1	2	3	4	5	7	8	9	10	12	16	18	19	22	23	25	28	29	30	31	32	35	36	39	40	44	45	46	49	59	60	61	79	83	95	
33	31
0	1	2	3	4	6	7	9	14	18	19	20	21	22	23	24	25	28	29	31	32	34	36	38	39	47	50	60	61	79	83	
33	32
0	1	2	5	6	7	9	12	14	18	19	20	21	22	26	27	28	29	31	32	34	37	38	41	46	47	48	49	53	59	60	79	
28	26
0	1	6	10	11	12	16	17	18	20	24	28	31	32	35	42	45	46	51	55	58	59	60	61	83	95	
24	22
2	3	5	7	8	9	11	12	14	18	19	22	25	32	45	47	50	51	55	61	79	86	
23	23
0	1	2	3	7	8	9	10	14	17	18	22	28	31	32	36	41	42	47	49	50	55	60	
31	28
0	1	2	3	7	9	10	12	14	17	18	19	20	22	31	32	37	41	44	45	46	49	55	58	59	60	79	113	
28	27
0	2	4	5	6	7	9	10	12	18	22	25	28	29	31	32	34	41	42	44	46	47	49	55	57	60	83	
32	28
1	2	9	11	12	13	14	19	20	22	24	25	27	28	29	31	35	36	41	46	49	50	55	58	60	79	95	113	
24	23
2	7	8	9	10	12	13	19	26	28	29	31	32	35	36	42	46	47	48	49	50	59	79	
33	32
1	2	3	4	5	6	7	9	10	13	14	17	18	19	21	22	24	25	27	28	29	31	32	35	36	42	45	46	49	51	61	79	
22	21
1	5	6	8	9	10	11	12	14	17	21	25	29	32	36	38	47	49	59	60	79	
28	27
1	2	5	7	8	11	12	19	22	23	28	29	31	32	36	41	42	44	45	46	47	48	51	55	58	60	79	
24	24
0	1	5	6	7	8	10	12	18	25	26	27	29	31	32	34	36	37	41	44	45	46	59	60	
27	25
2	5	7	9	10	12	13	14	18	19	22	32	35	36	40	41	44	47	48	49	50	58	61	79	83	
26	25
0	2	3	4	5	6	10	12	14	18	22	26	28	29	31	32	39	40	41	42	46	49	58	60	81	
29	27
2	3	4	8	10	12	13	14	17	19	22	24	25	28	29	31	32	39	45	46	47	49	50	59	61	81	95	
30	27
4	8	9	12	13	14	17	18	20	22	24	25	29	31	35	37	40	41	42	44	46	47	49	59	60	79	113	
31	30
1	2	3	8	9	11	12	13	14	18	19	22	23	25	26	28	31	32	36	37	38	39	41	42	44	46	47	49	58	95	
34	32
1	2	3	4	6	8	9	10	12	13	14	18	20	22	23	25	26	27	28	29	32	35	37	41	42	50	57	59	60	61	79	81	
28	26
2	5	8	9	10	13	14	18	19	22	24	28	31	32	35	36	38	42	45	47	48	49	50	57	70	79	
25	24
4	5	6	9	12	18	19	22	25	28	29	31	32	35	36	42	46	47	48	49	57	58	59	95	
29	26
0	1	5	9	11	12	13	17	19	21	26	28	31	32	34	35	41	42	45	48	49	51	55	58	70	113	
31	31
1	2	3	4	5	8	10	12	14	17	18	19	20	22	24	25	26	28	29	31	32	36	40	41	42	44	46	49	50	59	61	
29	29
0	1	2	3	6	7	8	10	11	13	14	18	19	24	25	28	29	32	36	39	41	42	45	46	47	49	50	55	58	
28	28
1	2	4	6	7	8	12	14	16	17	18	19	21	22	24	25	27	28	29	35	36	41	44	46	47	55	58	61	
30	26
0	1	2	3	4	6	7	10	12	13	19	20	22	24	28	32	41	42	47	55	58	59	61	79	95	113	
36	32
0	2	3	4	5	7	10	12	13	18	19	21	22	23	24	28	31	32	36	39	40	41	44	45	48	50	51	55	61	79	81	113	
32	30
1	2	3	4	5	6	7	9	10	11	12	14	18	19	22	26	28	29	32	36	44	45	47	48	49	53	60	61	79	95	
28	27
0	1	2	3	4	5	7	11	13	14	18	19	20	22	28	29	31	32	35	36	37	40	41	46	49	55	79	
31	29
1	3	4	5	6	7	8	9	12	14	17	18	20	22	23	25	29	35	36	41	42	44	46	49	55	58	61	81	95	
31	30
0	1	4	7	10	12	17	18	19	20	22	24	26	27	28	29	31	32	34	35	37	38	41	42	48	49	55	58	60	95	
24	24
0	2	4	6	7	8	11	12	13	17	21	25	28	31	32	34	36	38	46	48	49	58	59	60	
28	26
2	3	6	7	9	10	12	14	28	31	32	34	35	36	40	42	44	46	47	48	49	50	58	61	79	83	
33	32
2	3	4	5	6	7	9	10	12	13	14	17	18	21	22	24	25	26	28	29	31	32	35	36	41	44	45	46	50	53	61	83	
31	30
0	1	2	5	6	7	8	9	10	12	13	14	16	17	21	22	24	25	26	29	31	32	36	39	41	42	44	55	61	83	
27	26
1	5	7	8	9	10	11	13	14	20	25	26	31	32	39	40	41	42	49	50	55	57	58	60	61	79	
26	22
6	7	9	11	12	14	18	19	20	22	25	31	34	36	40	44	46	49	53	79	83	113	
28	27
2	4	6	7	8	11	12	18	20	22	23	24	25	26	28	31	34	36	42	43	47	48	49	51	58	61	79	
26	25
3	4	6	9	11	13	18	19	20	22	25	28	29	31	32	42	46	47	48	49	52	53	55	61	79	
31	30
0	1	2	3	7	10	11	12	13	14	19	21	22	25	28	29	31	32	34	35	36	46	47	49	55	57	58	60	61	79	
23	23
0	1	2	7	8	9	12	14	18	19	22	26	28	29	31	32	36	42	46	47	49	55	57	
32	31
0	4	5	6	8	9	10	11	12	14	17	18	20	21	22	25	26	28	29	30	31	32	35	36	46	47	49	50	58	59	95	
33	30
1	2	5	7	8	10	12	16	17	22	24	28	29	31	32	34	36	39	41	45	46	47	48	49	50	58	61	79	83	100	
32	31
1	2	3	5	7	8	9	10	12	14	18	20	22	24	28	29	31	32	34	35	36	39	41	42	48	52	55	58	59	61	83	
37	35
2	3	4	6	7	8	9	10	13	14	17	18	19	20	21	22	24	26	28	29	31	32	40	41	42	44	46	47	48	50	55	60	61	79	83	
34	33
4	5	6	7	8	12	13	14	16	17	19	20	22	26	28	29	31	32	35	36	41	42	44	46	48	49	50	51	55	58	60	61	95	
26	25
1	4	7	10	11	12	13	17	18	20	22	25	27	28	29	31	32	36	40	41	42	46	47	59	79	
28	25
8	9	10	12	17	18	19	20	25	28	29	31	32	35	36	39	44	47	49	50	51	58	60	79	113	
35	31
2	4	7	8	9	12	13	18	20	22	24	25	26	28	29	32	36	37	42	44	45	46	48	49	50	52	55	58	79	83	113	
34	33
0	1	2	3	4	6	7	8	9	12	13	18	20	22	26	28	29	31	32	35	39	40	41	42	44	45	46	48	49	50	58	60	83	
32	30
0	1	3	4	6	8	9	10	12	13	14	18	19	20	24	28	29	31	32	35	42	44	46	48	49	53	55	60	79	81	
31	29
1	2	3	4	6	7	8	12	13	14	17	19	20	22	28	31	32	34	36	38	39	41	42	44	46	58	61	79	100	
26	25
0	1	3	5	7	10	12	14	18	20	22	25	28	29	31	32	35	40	42	44	46	49	50	57	79	
27	26
0	6	8	9	10	11	13	14	16	17	24	25	26	28	29	31	34	35	41	44	46	47	48	55	61	81	
26	25
0	2	5	7	8	10	12	13	14	18	20	21	25	28	34	35	38	39	40	47	49	58	59	60	79	
28	27
0	2	8	9	11	12	13	14	18	20	22	25	26	28	32	35	41	44	45	46	48	49	51	55	59	61	83	
27	26
0	2	6	7	8	9	10	12	13	14	17	19	22	23	26	28	29	31	32	39	42	48	49	60	61	79	
25	22
0	1	2	3	6	7	9	10	18	19	22	27	28	32	42	44	46	48	60	61	79	113	
31	28
0	1	3	6	7	8	10	11	12	14	18	20	27	28	29	30	32	36	37	44	46	49	50	55	58	60	95	113	
33	31
1	2	4	5	6	7	8	10	11	12	14	17	18	20	22	24	28	31	32	34	36	39	40	41	45	46	48	49	60	70	79	
27	26
1	4	6	8	10	19	22	25	28	29	31	32	35	36	39	40	42	44	46	47	48	49	50	55	57	79	
31	29
1	2	5	6	7	8	9	12	17	18	20	22	25	28	29	31	32	35	36	42	44	45	46	47	49	55	58	79	95	
31	27
0	5	6	11	14	19	21	25	26	27	28	29	31	32	36	40	42	46	47	49	55	57	60	79	83	95	100	
27	27
0	1	3	6	7	8	10	12	13	17	18	20	22	28	29	31	32	35	36	41	42	44	47	48	49	52	61	
34	32
0	2	4	6	7	10	12	13	14	18	20	24	29	31	32	34	35	39	42	43	44	46	47	48	49	50	53	55	57	59	79	83	
23	22
0	1	2	3	6	7	9	10	17	18	19	20	21	22	25	32	34	41	45	46	49	83	
24	24
1	2	3	7	10	11	12	13	14	21	22	23	25	28	31	34	36	37	44	46	49	51	58	59	
32	30
0	3	7	9	10	11	12	13	14	16	18	20	22	24	29	32	34	35	36	41	47	48	49	50	51	58	60	61	81	95	
38	37
0	1	2	4	5	9	10	12	13	14	16	18	19	20	21	22	25	28	29	31	32	39	40	41	42	44	45	46	47	48	50	55	57	58	60	61	79	
24	23
1	2	6	7	8	9	10	11	19	22	28	31	35	36	41	44	46	47	49	50	57	61	83	
27	26
0	1	2	5	6	12	20	21	22	24	26	27	29	31	34	35	36	39	42	44	46	50	59	60	61	79	
30	29
2	3	5	6	10	12	13	14	17	18	20	21	26	27	28	31	32	35	36	39	46	48	49	50	51	53	55	61	79	
28	27
0	2	4	6	7	8	12	14	16	17	18	21	22	23	25	28	31	32	34	36	41	42	44	46	49	58	79	
24	21
2	4	7	8	9	14	19	20	22	27	28	29	31	32	44	46	47	50	79	95	100	
31	31
0	3	4	5	7	8	9	11	12	13	14	17	18	22	25	27	28	32	35	36	40	42	45	47	48	49	50	51	57	59	61	
30	26
4	6	7	8	10	12	19	20	21	22	25	29	31	32	35	39	42	49	51	53	55	58	61	79	95	113	
25	23
1	2	6	9	10	11	14	17	18	26	28	31	32	36	38	41	44	46	48	49	61	81	83	
29	27
2	3	4	5	6	8	10	12	13	17	18	20	21	26	28	31	32	36	45	46	49	53	59	60	61	79	81	
26	23
4	7	8	12	18	20	22	27	28	31	32	36	40	41	42	44	46	47	49	51	55	79	113	
38	37
0	1	2	4	5	6	7	8	10	12	13	14	17	18	19	20	22	24	26	27	28	29	31	32	36	37	41	42	44	45	46	47	48	49	51	55	79	
24	23
1	2	3	6	10	12	14	16	17	19	20	25	28	29	31	41	42	44	45	47	58	61	70	
27	25
0	1	2	7	8	12	14	17	18	22	28	29	31	32	36	38	42	46	49	50	52	55	58	60	113	
38	37
1	2	3	4	5	6	7	8	10	11	12	14	17	19	20	22	26	27	29	31	32	35	36	38	40	41	42	45	47	48	49	50	53	55	58	61	83	
33	31
3	4	5	7	8	9	10	11	13	16	18	20	22	23	24	26	28	29	31	32	34	35	36	39	41	42	46	49	55	81	95	
27	25
0	1	3	5	6	8	9	12	17	20	21	24	28	31	42	44	46	48	49	52	55	60	61	79	83	
33	30
2	4	9	10	12	13	16	18	20	21	22	26	28	29	31	32	41	42	44	45	46	47	48	49	50	55	60	79	81	83	
24	24
1	4	6	7	8	10	12	16	17	19	20	22	24	26	27	28	29	32	35	46	47	55	58	60	
33	30
4	5	6	7	8	9	10	11	12	17	18	21	22	25	28	29	32	35	36	39	40	41	46	47	49	51	55	60	79	113	
26	25
1	6	8	10	12	14	17	18	19	20	22	25	26	27	29	32	36	37	38	39	40	46	49	58	79	
38	35
0	2	6	8	12	13	14	18	20	21	22	25	28	29	31	32	35	36	39	42	44	45	46	47	48	49	51	52	53	55	58	60	61	83	113	
26	25
0	2	5	6	7	10	12	13	14	17	20	21	22	25	26	28	29	31	32	34	36	46	49	60	79	
34	29
0	2	6	7	9	10	11	13	20	22	24	28	31	32	36	42	44	46	47	48	49	50	55	58	61	79	86	95	113	
23	23
2	6	7	8	12	13	14	17	18	21	28	29	31	32	34	35	36	40	44	46	49	55	58	
32	29
2	3	4	6	7	9	10	12	13	14	17	24	26	28	31	32	36	38	41	45	47	49	52	53	55	59	61	79	113	
25	23
0	2	5	6	7	10	12	20	22	27	29	30	31	32	38	39	41	42	46	49	50	70	100	
29	28
0	4	7	8	9	10	12	13	14	17	18	19	24	27	28	31	32	35	39	41	42	45	46	47	53	55	61	79	
34	32
1	2	4	5	6	7	8	12	14	16	18	20	21	25	29	31	32	36	37	42	44	46	47	48	49	53	55	57	59	61	79	81	
31	28
1	2	6	8	12	14	17	18	22	23	24	25	26	28	31	32	34	36	40	42	45	47	49	58	61	79	83	95	
28	26
3	7	9	10	12	13	14	18	19	20	22	27	28	32	39	40	41	42	45	49	51	55	59	61	79	100	
33	30
1	2	3	4	6	7	10	11	12	13	14	16	17	18	19	21	22	26	29	31	32	40	41	42	44	47	60	61	79	113	
31	30
2	5	6	7	9	10	11	12	18	21	24	25	27	28	29	31	32	34	35	42	43	44	46	48	49	55	57	58	61	79	
26	24
3	6	9	10	11	12	18	22	24	26	28	29	31	32	34	36	39	47	49	50	51	58	79	100	
30	28
2	4	5	10	12	13	14	18	19	20	22	25	28	29	31	34	38	39	40	44	45	46	48	49	52	55	58	113	
28	26
0	3	4	5	6	9	10	16	17	18	24	25	28	31	32	36	41	42	44	46	49	50	51	61	81	95	
27	26
3	4	9	10	11	12	13	14	17	18	19	24	28	29	31	32	34	35	36	41	42	44	46	49	50	79	
30	29
1	2	3	5	8	9	10	12	13	14	19	20	21	22	28	29	31	32	36	39	42	44	46	47	48	55	58	61	83	
26	26
0	4	6	8	9	12	13	22	25	28	29	31	32	35	36	42	44	45	46	47	48	49	50	52	60	61	
31	30
1	3	4	5	6	7	8	9	10	11	12	18	19	20	22	24	26	28	29	32	34	36	37	44	45	46	47	49	60	79	
34	33
1	2	4	5	6	7	8	11	12	13	14	17	19	21	24	28	29	31	32	35	36	38	41	45	46	47	48	49	50	51	55	61	95	
24	24
3	8	9	10	11	12	13	17	18	22	25	26	28	31	32	36	40	42	46	48	50	58	59	61	
22	22
3	7	10	12	14	16	18	19	20	22	28	29	31	32	36	40	45	46	53	55	57	58	
29	27
3	5	7	8	10	12	14	17	18	20	21	24	27	28	31	32	40	41	44	47	49	51	57	58	59	79	83	
24	24
0	3	4	7	8	9	10	12	14	18	19	21	22	25	27	28	29	34	35	36	38	44	47	51	
34	30
1	4	5	6	7	8	10	12	17	21	25	26	28	31	32	35	36	37	41	44	46	47	49	55	57	58	59	81	83	113	
27	25
3	4	6	7	10	14	17	18	22	24	25	26	28	29	31	36	41	42	44	46	49	55	59	79	95	
31	30
2	5	6	8	10	12	14	17	22	28	29	31	32	35	36	37	40	41	42	45	46	47	48	49	50	53	55	59	61	79	
26	26
2	4	6	7	9	12	14	17	18	22	24	25	28	29	32	36	38	46	48	49	50	51	55	58	59	61	
32	32
0	2	3	4	5	6	7	8	10	14	18	20	22	23	24	26	28	29	32	34	36	44	45	46	47	49	50	52	55	58	59	60	
26	26
2	4	7	8	10	11	12	13	14	18	20	24	28	32	35	36	40	41	44	45	46	47	49	53	55	59	
36	31
2	7	9	10	17	18	19	20	22	24	26	28	32	35	36	41	44	45	46	47	49	50	51	57	58	60	61	79	81	83	113	
28	27
4	7	9	10	13	14	16	17	20	22	25	28	29	31	32	36	39	40	41	44	45	46	47	49	55	61	95	
36	34
1	2	3	7	9	12	13	17	18	19	20	21	22	23	24	28	29	31	32	35	36	39	40	42	44	46	47	53	55	58	59	60	61	113	
22	22
1	3	4	6	10	12	13	18	22	26	28	29	31	32	34	36	41	46	49	50	55	58	
25	22
1	2	6	7	10	13	14	18	20	22	24	28	29	31	40	44	46	50	59	70	79	83	
38	34
0	1	3	4	5	6	7	8	10	11	12	14	17	18	22	25	26	28	29	31	32	36	37	38	39	46	51	55	59	61	79	81	83	95	
32	28
3	7	8	12	14	17	19	20	24	25	31	32	37	40	42	44	45	46	47	48	49	50	51	60	61	79	83	113	
23	23
0	1	3	4	5	6	8	9	10	12	13	17	20	25	26	28	31	32	36	42	46	49	61	
29	28
0	2	5	6	7	8	9	12	17	18	19	20	22	25	28	29	31	32	35	36	41	42	46	49	50	53	59	79	
26	25
1	6	9	10	11	12	14	17	18	21	22	23	24	28	32	34	38	41	42	44	46	48	55	58	79	
29	28
1	2	3	5	7	8	9	10	11	12	14	17	19	20	28	29	32	35	36	38	42	46	48	50	55	58	59	79	
31	30
0	3	4	5	6	9	11	12	13	14	18	25	28	29	31	32	36	37	39	40	42	44	46	47	49	51	57	59	61	83	
36	31
0	1	2	4	6	7	8	9	12	13	21	24	29	31	32	34	38	42	44	45	46	48	49	51	58	60	61	70	81	83	113	
23	22
0	1	3	6	7	8	9	10	12	14	20	21	28	29	32	38	39	40	46	47	49	81	
24	23
2	3	4	6	7	8	9	12	18	24	25	26	28	31	32	36	40	44	47	48	52	57	83	
25	23
3	5	6	7	8	9	10	11	14	22	28	29	31	36	39	42	46	48	49	50	61	79	83	
29	26
1	2	8	11	12	13	14	17	18	19	22	24	28	31	32	35	36	44	46	47	49	53	55	61	83	113	
27	26
4	5	6	8	9	10	12	17	20	22	25	26	28	29	31	32	36	38	41	42	46	48	49	52	61	100	
32	31
0	1	3	6	8	9	10	14	18	20	21	22	23	24	25	28	29	31	35	36	42	45	46	47	49	50	52	53	60	61	95	
27	25
2	3	5	7	9	10	12	14	19	22	25	28	31	32	35	39	41	42	45	48	49	55	60	79	83	
30	26
1	3	6	12	16	18	19	20	22	25	28	31	32	34	41	42	44	46	49	50	58	60	61	79	81	113	
29	25
1	2	3	6	11	13	17	18	20	26	28	29	31	32	36	41	42	46	47	49	60	61	79	95	113	
37	35
0	3	5	6	7	8	9	10	11	13	14	18	20	21	22	23	24	26	28	29	31	32	36	39	40	46	48	49	50	57	58	60	61	79	81	
29	27
0	1	6	8	9	10	12	17	18	25	28	29	31	32	34	36	39	41	42	44	46	49	51	55	58	79	83	
20	19
0	6	10	11	13	20	24	27	28	31	32	36	38	44	45	46	49	53	79	
33	32
3	7	8	10	12	14	16	21	22	24	25	26	27	28	29	31	32	36	38	40	42	44	45	46	47	48	49	50	55	60	61	79	
33	31
0	1	3	6	7	8	9	12	13	14	18	21	22	24	28	29	31	32	35	36	44	46	48	49	50	53	57	58	61	79	95	
30	28
0	2	4	5	7	13	14	17	20	26	28	31	32	35	36	38	39	41	44	46	47	48	49	51	57	58	61	113	
27	26
0	2	3	5	6	10	12	14	17	20	24	28	31	32	35	39	42	46	47	48	49	51	58	60	61	79	
29	28
5	6	7	9	10	12	14	18	19	21	22	28	29	30	31	32	34	36	40	41	42	46	47	48	49	58	60	79	
32	30
1	2	3	4	5	6	8	9	10	12	13	17	19	20	22	24	28	31	36	41	42	45	46	48	49	50	55	58	79	83	
28	26
0	2	3	6	7	8	9	10	11	12	14	17	19	28	29	31	32	37	38	42	44	46	48	61	79	83	
29	28
0	5	6	8	9	10	13	17	18	19	20	22	26	28	29	31	32	36	37	42	44	47	48	49	50	55	58	81	
23	22
0	1	2	3	4	6	9	12	13	16	25	26	28	32	34	36	39	46	48	60	61	79	
30	28
0	1	4	8	9	12	13	14	23	25	28	29	31	32	35	36	38	39	41	42	44	47	53	55	58	61	70	83	
33	31
1	4	5	6	8	9	10	12	13	17	22	27	28	29	30	31	32	36	40	46	47	48	49	50	52	53	58	60	61	70	83	
28	27
1	2	3	5	6	8	9	10	18	19	22	26	28	31	32	34	36	37	38	40	41	44	47	48	51	60	79	
32	32
2	3	5	8	9	12	13	14	18	21	22	24	25	26	29	31	32	34	40	41	42	44	46	47	48	49	53	55	58	59	60	61	
31	29
2	3	5	6	7	8	9	10	12	13	18	19	20	21	22	24	25	26	28	32	36	41	42	45	49	55	59	79	81	
40	35
1	5	7	9	10	11	12	13	14	16	17	18	20	21	22	24	28	29	31	32	36	40	41	46	47	49	50	51	58	59	60	79	81	100	113	
27	26
1	2	3	6	7	8	13	14	17	19	20	21	24	28	29	31	32	35	42	43	44	45	49	58	60	83	
29	28
0	2	3	6	7	8	9	11	12	14	18	22	24	25	28	29	31	32	36	39	40	41	42	46	49	55	57	79	
25	24
1	2	3	4	5	6	10	11	13	16	28	31	32	36	37	44	45	46	50	51	58	60	61	79	
30	29
0	1	2	4	8	10	12	17	19	20	24	25	26	28	29	31	32	35	36	38	44	46	47	48	49	50	58	59	83	
30	30
1	2	3	4	6	7	8	10	11	14	16	17	18	19	20	22	26	28	31	32	34	35	36	40	44	45	49	50	58	61	
35	32
0	1	2	3	4	5	7	9	10	11	12	13	14	18	21	22	25	28	29	31	32	38	40	41	42	46	48	49	59	79	83	95	
30	29
0	1	2	3	4	6	7	8	9	12	17	18	20	22	27	28	31	32	35	36	39	41	44	47	49	53	55	58	83	
37	32
0	1	3	4	5	6	7	9	11	14	21	25	26	28	29	30	31	32	34	35	40	42	44	46	49	55	58	61	70	79	100	113	
29	27
1	2	3	4	5	6	7	8	13	14	17	18	19	20	22	25	28	29	31	32	41	42	44	46	60	70	83	
24	23
0	2	4	6	9	10	16	17	21	22	25	28	29	31	32	40	41	42	46	49	53	61	79	
26	25
0	1	2	4	10	12	17	18	21	22	26	28	29	31	32	36	41	42	46	48	49	58	60	61	79	
32	29
0	2	3	5	7	8	10	14	18	25	27	28	31	32	34	35	39	40	41	44	45	46	47	50	51	57	58	83	113	
27	25
1	3	5	8	10	12	14	16	18	19	22	25	26	28	31	32	35	36	37	46	51	55	59	70	95	
25	25
0	2	4	5	7	8	10	12	13	18	19	24	25	28	29	31	36	37	39	41	48	49	50	57	61	
27	27
1	2	3	4	5	6	8	9	10	14	16	18	19	20	25	28	29	31	32	36	39	44	46	47	49	58	61	
26	25
0	3	4	5	6	9	10	11	12	13	14	17	19	22	24	26	31	34	36	40	42	47	48	61	79	
22	22
1	5	6	8	9	10	11	14	19	24	25	28	29	32	37	38	40	41	42	47	60	61	
27	27
0	2	3	4	6	9	10	12	14	18	21	22	23	24	25	31	32	40	42	44	46	47	48	49	50	58	61	
26	24
3	5	7	9	11	16	18	22	24	25	27	28	30	32	40	46	47	49	50	51	55	58	61	113	
23	22
3	6	7	8	9	10	12	13	14	17	20	24	25	29	31	32	34	42	44	47	61	83	
26	25
0	1	2	3	4	5	6	9	10	12	19	20	23	28	29	31	32	42	45	46	47	49	50	61	79	
23	23
1	2	3	5	7	8	9	10	18	19	20	22	24	28	29	31	32	36	41	44	46	48	58	
30	28
2	6	7	9	11	12	13	16	20	22	23	28	29	31	32	35	36	38	39	40	41	48	49	50	51	53	81	95	
24	23
5	7	8	9	12	14	17	18	23	28	29	31	32	36	40	42	50	51	53	55	57	61	95	
29	26
0	4	6	7	12	17	18	19	21	22	24	25	28	29	31	34	36	41	42	44	49	55	57	61	79	113	
29	27
2	6	7	8	9	10	14	17	20	21	22	25	29	31	32	34	36	41	42	44	46	48	49	60	61	70	81	
37	33
1	2	4	7	10	11	12	13	14	17	18	19	20	22	28	29	31	32	36	37	40	41	42	44	47	49	51	52	60	61	79	83	113	
23	22
3	4	6	8	9	12	14	18	22	24	25	28	32	36	46	47	48	49	50	55	58	95	
31	28
2	3	4	7	10	11	14	18	19	22	25	28	32	34	35	36	39	41	44	48	49	50	52	53	58	79	81	95	
24	24
1	5	6	7	10	11	12	13	17	18	19	22	28	29	31	32	34	39	42	46	47	48	49	58	
31	30
0	2	5	7	8	9	10	11	16	17	18	20	22	25	26	28	29	31	32	34	35	41	42	46	47	52	53	60	61	81	
30	28
1	2	3	5	7	9	10	12	13	17	18	21	25	28	29	32	36	38	40	47	48	49	55	57	58	60	61	113	
35	33
0	3	4	5	6	8	10	12	14	17	18	19	21	26	28	29	31	32	34	35	40	41	44	46	47	49	51	55	59	60	61	79	83	
23	22
0	1	3	6	7	8	10	20	22	26	28	29	31	35	40	42	45	52	55	58	59	95	
27	26
1	2	3	5	7	8	9	12	17	20	24	25	28	31	34	41	44	47	48	49	50	51	53	55	60	79	
27	26
0	6	7	8	10	11	14	18	19	22	24	25	28	29	31	32	36	38	46	47	49	50	55	58	59	79	
37	34
3	4	5	6	7	8	10	12	14	17	22	23	25	28	29	30	31	32	34	36	38	40	42	44	47	48	49	50	55	58	61	70	79	81	
36	33
0	4	5	6	7	9	12	18	21	22	25	28	29	31	32	34	36	41	42	46	47	48	49	50	51	53	58	59	60	61	79	81	95	
27	25
2	3	6	7	8	10	11	12	19	22	27	28	31	32	40	42	44	45	47	49	51	55	59	79	95	
25	24
2	6	9	10	12	13	21	22	28	31	32	35	36	40	41	42	46	47	48	49	50	53	61	83	
26	25
0	3	4	7	8	12	13	14	18	19	22	28	31	32	34	35	40	41	42	46	49	50	55	60	81	
35	31
2	3	4	8	9	10	12	13	14	18	21	22	26	28	29	32	36	38	39	40	42	44	46	47	49	55	57	61	83	86	113	
33	32
0	1	4	7	8	9	10	12	13	14	17	18	19	20	23	25	26	28	31	32	36	39	40	41	44	45	46	47	49	55	59	83	
24	23
0	1	3	5	6	7	8	12	14	18	22	28	29	32	35	36	40	42	44	47	55	58	79	
20	19
4	6	8	12	14	18	20	22	28	29	31	32	36	44	46	49	50	55	95	
34	34
0	1	2	3	6	7	9	10	12	13	14	16	18	21	22	24	25	28	29	31	32	34	35	36	39	40	41	46	47	49	50	55	59	61	
25	25
0	1	2	3	6	10	12	14	17	18	20	26	28	29	32	36	40	41	42	46	49	50	58	60	61	
26	24
2	3	6	8	9	11	14	19	22	25	28	31	32	35	36	43	46	49	50	51	55	60	79	83	
29	28
1	2	3	6	7	8	10	13	14	18	22	26	28	31	32	36	39	40	41	44	45	47	49	55	58	60	61	79	
34	31
0	2	3	4	6	7	8	9	11	12	14	19	20	21	22	23	26	28	31	32	40	44	45	46	49	53	57	59	70	79	100	
35	31
0	2	3	5	6	7	10	12	14	18	20	22	26	27	28	29	31	32	36	41	42	44	47	48	49	50	53	55	79	95	113	
31	26
3	5	6	7	10	11	12	14	18	21	28	29	31	32	36	39	41	44	46	48	49	61	70	79	83	113	
22	21
0	6	7	9	10	12	16	20	22	25	28	29	31	32	36	40	41	42	59	60	79	
27	27
2	3	5	6	7	8	9	14	22	25	26	27	28	29	31	32	40	41	42	45	46	47	49	51	53	58	60	
25	23
0	1	6	7	9	10	12	14	19	20	28	31	36	37	40	41	44	46	47	49	60	79	83	
23	23
0	2	3	4	6	7	8	9	10	12	13	14	20	24	25	28	29	31	32	35	39	41	47	
26	24
0	3	6	8	10	12	13	17	18	20	25	26	28	32	36	45	46	48	50	53	59	61	79	83	
30	29
0	1	2	3	5	6	7	8	9	10	12	14	18	19	20	21	22	28	31	32	34	36	41	45	48	55	58	61	81	
25	25
0	1	3	4	5	6	14	18	22	23	24	28	29	31	32	35	36	40	41	44	46	47	49	55	58	
24	23
0	2	3	4	6	7	10	12	14	18	21	22	28	31	32	36	41	42	45	46	55	61	79	
29	26
0	1	2	6	7	8	12	17	19	20	22	23	26	28	29	31	32	39	41	42	46	48	49	58	79	113	
25	23
7	10	12	13	14	18	19	20	28	29	31	32	37	39	48	49	50	55	57	58	59	61	113	
22	22
2	6	8	9	17	18	19	20	22	24	25	28	29	32	36	42	44	47	49	57	58	61	
31	29
0	2	6	7	8	9	14	18	19	20	22	24	26	28	31	32	35	36	38	41	42	44	47	49	50	58	59	61	113	
25	24
0	1	6	8	12	14	17	19	22	24	25	26	28	31	32	38	46	47	48	49	58	60	61	79	
20	19
1	4	6	8	9	12	14	18	22	26	31	32	36	42	44	45	47	61	79	
33	32
0	1	2	4	5	6	7	11	12	14	18	19	21	22	24	25	28	31	32	36	39	40	41	44	45	46	49	50	55	59	61	81	
29	27
0	3	6	8	9	10	11	12	13	14	16	22	28	29	31	34	35	36	47	50	53	55	58	60	61	79	81	
34	33
0	1	4	6	7	8	9	10	12	13	14	16	19	20	21	22	25	28	29	31	32	35	36	38	42	44	46	47	49	50	59	61	83	
34	30
0	1	3	7	8	10	12	13	14	17	20	22	24	28	29	31	32	36	39	40	41	44	45	46	50	60	61	83	95	113	
20	19
1	2	7	8	14	16	18	19	20	22	24	31	36	44	46	47	49	55	81	
25	25
0	6	7	8	11	12	13	14	16	17	18	19	28	29	31	32	36	37	41	42	44	46	49	55	61	
31	29
0	1	3	6	7	9	11	12	13	14	18	20	22	25	28	29	31	32	34	35	36	42	44	46	48	49	61	79	83	
27	26
0	2	3	9	10	13	14	18	20	21	22	25	28	29	31	32	36	40	42	46	48	49	50	57	59	70	
25	23
2	5	6	10	11	12	13	14	17	27	28	32	35	36	39	41	44	46	47	49	50	58	113	
24	22
2	8	10	12	13	24	26	28	29	32	34	36	38	41	44	46	49	52	60	61	83	95	
33	31
1	2	3	4	7	8	12	16	17	18	19	20	22	24	28	29	32	34	35	41	42	44	45	46	48	49	55	58	61	79	83	
25	25
0	1	2	5	6	8	10	12	14	17	20	26	28	29	31	32	35	36	43	44	46	48	51	57	58	
30	29
0	5	6	7	8	12	13	14	17	18	19	21	22	25	28	29	31	32	35	36	41	45	46	47	49	50	55	60	83	
24	23
1	2	3	5	6	7	9	11	12	22	23	28	31	32	35	39	44	46	47	55	58	61	79	
28	28
2	3	5	7	8	9	12	13	14	17	18	19	22	25	26	28	29	32	36	38	41	45	46	48	49	50	60	61	
23	22
3	4	5	6	9	12	13	21	24	25	28	29	31	32	35	36	44	45	47	48	50	79	
22	22
2	3	6	7	8	9	10	12	14	17	19	22	28	31	32	34	36	40	47	49	50	60	
26	25
2	4	5	6	7	10	12	14	18	19	20	22	25	29	31	35	36	37	38	42	44	45	48	60	79	
28	27
0	1	2	5	10	14	16	17	18	21	22	25	26	28	29	31	32	34	36	44	45	47	48	57	58	61	79	
35	34
1	2	3	4	6	7	9	10	12	13	14	19	20	22	25	26	28	29	31	32	35	36	39	41	44	45	47	49	50	53	57	58	59	83	
31	29
0	3	6	7	9	10	11	12	14	18	19	20	22	26	27	28	29	31	32	35	36	40	41	44	46	48	49	79	95	
34	33
1	2	3	5	6	8	9	10	12	13	18	20	24	25	26	28	29	31	32	34	37	40	41	42	44	45	46	47	48	49	55	57	79	
36	35
4	7	8	9	10	11	12	14	16	18	19	20	22	24	25	28	31	32	34	35	36	39	40	41	42	44	46	48	50	51	55	58	60	61	79	
34	31
3	4	5	6	7	9	10	12	13	17	18	19	22	24	25	26	28	31	32	34	36	44	46	49	51	55	60	61	79	83	95	
27	24
0	6	7	8	9	10	11	12	13	14	17	21	28	31	34	36	40	44	46	50	55	70	79	83	
34	32
0	2	3	4	6	7	8	9	10	12	13	17	18	19	22	24	25	26	28	31	32	35	36	41	44	48	49	55	60	61	79	83	
26	25
1	2	3	5	8	9	11	14	17	18	22	24	28	29	31	32	36	42	44	49	58	59	60	61	79	
25	24
3	5	8	12	14	17	19	22	28	29	31	32	34	35	36	38	39	42	44	46	47	48	61	83	
26	26
1	4	5	6	8	12	17	18	25	26	27	28	31	32	35	36	41	42	44	46	47	49	55	58	60	61	
30	29
2	6	7	8	9	10	11	12	18	20	21	22	25	28	29	31	36	40	41	42	45	46	47	48	49	53	55	60	79	
26	26
1	2	4	5	6	8	10	12	13	14	18	22	23	25	28	29	31	32	36	42	44	45	47	51	55	60	
25	25
2	3	6	7	10	12	13	17	20	22	24	25	28	29	31	32	35	36	46	47	48	49	50	58	61	
22	22
0	3	4	5	7	9	11	12	13	14	17	18	22	24	27	28	31	32	35	48	53	61	
25	24
2	3	6	8	9	11	12	13	14	20	22	24	26	32	36	37	41	42	45	48	49	57	61	79	
33	31
0	3	5	6	7	9	11	12	13	14	16	18	19	28	29	31	32	35	38	40	41	42	46	47	48	49	50	55	58	70	81	
28	26
1	3	4	5	7	8	9	11	12	14	21	22	26	28	29	31	35	36	37	44	45	47	49	50	79	100	
33	29
1	2	4	6	7	8	9	12	16	17	18	19	20	22	25	28	29	31	32	36	45	47	49	58	60	61	79	95	113	
29	26
0	1	2	3	4	7	8	10	12	16	17	18	22	28	29	31	32	35	36	42	44	46	53	61	83	113	
33	33
0	2	3	4	5	6	7	8	10	12	14	18	20	21	22	23	25	26	28	29	31	32	36	40	41	42	44	46	47	48	55	60	61	
31	29
0	1	3	5	6	8	9	11	12	13	14	18	25	26	28	29	32	35	36	42	44	46	47	48	55	59	60	79	81	
28	28
0	2	3	4	5	6	7	10	11	12	18	19	21	22	24	28	29	31	32	37	44	45	46	48	49	50	58	61	
30	28
2	3	5	6	7	8	9	11	12	16	17	20	22	26	28	32	35	36	40	44	46	47	48	49	50	61	79	95	
25	23
0	1	4	7	8	10	12	13	18	23	31	32	37	40	42	46	47	49	55	58	61	81	95	
36	31
1	4	6	8	9	10	14	18	20	22	25	28	29	30	31	32	39	41	42	43	45	46	47	49	52	58	59	70	81	95	113	
28	27
0	1	2	8	9	10	13	14	21	22	24	25	26	28	31	32	35	36	37	38	42	44	45	46	50	57	79	
31	28
1	4	8	9	10	12	14	16	18	21	22	25	28	31	32	36	40	42	44	46	48	52	55	57	61	79	81	83	
25	25
1	3	5	6	7	9	12	14	18	20	21	25	27	28	29	31	32	34	40	41	42	44	47	60	61	
35	31
0	1	4	6	7	9	10	12	13	14	18	19	20	22	26	27	28	29	31	32	36	37	42	44	49	51	55	61	79	81	113	
32	29
0	2	3	5	7	8	9	11	13	14	18	22	25	26	28	31	32	37	41	42	44	46	47	49	58	61	79	83	95	
29	28
0	1	2	4	5	7	8	9	11	12	13	14	20	22	25	28	29	31	32	36	38	41	42	44	46	55	58	83	
27	26
0	5	7	8	9	11	12	17	18	19	20	21	22	25	26	29	32	35	36	39	44	47	49	57	61	79	
28	25
2	3	4	5	6	7	10	12	14	19	20	21	22	26	28	29	31	36	46	49	50	53	58	79	113	
25	24
3	5	6	9	10	12	13	14	27	28	31	32	34	35	40	41	42	46	47	48	49	59	61	79	
32	29
0	1	2	6	7	10	11	14	16	18	19	22	27	28	29	32	34	36	38	41	42	44	46	48	49	59	61	79	113	
29	26
0	4	5	8	10	12	14	17	18	19	22	24	28	31	32	42	44	45	47	48	49	52	60	61	79	113	
37	33
1	4	5	7	8	10	12	13	14	17	18	19	20	22	23	24	26	27	28	29	32	34	40	42	47	48	52	55	58	60	79	81	113	
21	21
3	6	7	8	11	12	14	20	22	24	28	29	31	34	41	46	48	49	51	58	61	
26	24
1	6	7	8	9	10	11	12	13	14	18	20	22	29	32	36	38	44	45	46	47	61	83	95	
25	25
0	1	2	3	4	5	6	7	8	10	12	17	18	22	28	31	32	35	36	46	50	55	59	60	61	
21	20
0	2	3	7	12	18	19	25	28	31	32	36	41	42	46	48	49	50	61	95	
24	24
0	1	2	3	4	5	6	7	8	9	11	13	14	19	20	25	28	32	46	47	50	53	55	59	
27	25
0	2	9	10	12	14	17	21	22	24	25	28	31	32	36	37	44	47	53	55	59	60	61	79	83	
39	38
2	3	4	5	6	7	8	10	11	12	16	18	19	24	25	26	27	28	31	32	34	35	36	38	39	41	42	44	46	47	49	50	55	57	59	60	61	70	
25	24
1	4	6	8	12	14	17	18	19	21	22	26	29	31	32	40	44	48	49	55	59	60	61	83	
27	26
0	1	3	6	7	8	9	14	17	19	20	22	24	31	32	36	38	40	42	44	46	49	55	57	61	79	
34	32
1	3	4	7	8	9	10	12	17	18	20	21	22	24	26	28	29	32	37	40	41	44	46	47	49	50	53	57	58	61	79	83	
37	35
0	2	3	5	6	7	8	9	11	12	13	14	17	18	20	25	28	29	31	32	34	35	36	39	42	44	46	48	50	52	58	60	61	79	83	
28	27
1	4	6	7	8	12	14	17	18	19	22	24	25	28	29	34	36	38	41	42	44	46	48	49	57	58	79	
27	26
1	5	6	7	12	13	14	20	22	26	28	29	31	32	35	37	39	41	44	46	49	51	53	58	61	95	
32	29
0	1	2	5	6	8	10	11	14	16	17	19	20	22	24	26	32	35	36	41	44	46	47	49	50	60	61	79	113	
24	24
1	2	5	8	10	11	13	14	18	24	25	28	29	31	32	34	36	38	41	42	49	50	57	61	
27	25
1	2	3	4	5	6	12	17	19	20	22	28	29	32	34	35	36	47	48	49	50	55	58	79	81	
31	30
1	3	4	5	6	7	9	10	17	18	19	22	24	26	28	29	31	32	35	36	37	40	41	42	44	49	51	60	61	81	
29	29
0	4	5	6	7	8	9	10	11	12	13	14	18	26	28	29	39	40	41	42	43	45	46	47	48	49	55	60	61	
30	29
0	3	5	6	8	10	12	13	18	20	23	26	27	29	31	32	34	37	41	44	46	47	48	49	53	55	59	60	79	
21	21
1	3	5	8	9	10	12	17	20	28	31	32	36	38	39	46	47	51	57	59	61	
29	25
0	3	5	9	10	12	13	14	21	25	28	29	32	35	36	45	46	47	48	50	55	61	79	83	113	
30	28
2	4	6	7	8	9	10	11	12	13	14	17	18	20	24	25	26	28	29	31	32	35	41	42	49	61	83	100	
30	27
0	1	5	6	7	8	9	10	17	18	22	24	28	31	32	34	39	44	45	47	48	53	55	61	79	81	83	
25	23
1	2	3	4	5	6	7	14	17	22	25	28	29	31	32	41	45	46	47	49	60	79	83	
30	29
3	5	8	10	12	14	18	19	22	25	26	28	29	31	35	36	37	39	41	42	44	45	47	48	50	55	59	61	79	
30	28
1	2	4	5	6	9	11	13	18	19	21	22	28	31	32	36	42	44	46	47	49	50	51	57	58	60	83	95	
28	27
1	3	4	6	7	8	10	12	14	17	19	21	22	26	32	36	37	41	42	44	46	48	50	55	57	61	79	
24	23
0	2	3	4	6	7	18	20	26	28	29	31	32	34	36	38	41	44	45	48	53	61	95	
27	25
0	4	5	7	9	11	12	14	18	19	22	25	28	29	32	35	36	42	44	47	49	50	58	79	95	
29	28
3	5	6	9	10	11	13	14	17	18	22	24	28	29	31	32	35	36	42	44	46	48	49	50	53	55	61	70	
26	25
0	3	7	9	10	12	17	18	22	23	24	25	26	28	29	31	32	40	44	45	46	47	58	61	79	
27	25
0	3	5	6	8	12	13	17	18	20	22	26	29	30	31	36	42	44	46	48	49	51	61	79	83	
35	33
0	2	3	6	7	8	9	10	13	17	19	20	22	26	28	29	31	32	36	37	38	39	41	42	44	46	47	49	50	55	58	60	113	
26	26
0	1	3	4	6	7	8	9	12	14	17	24	28	29	31	32	36	39	40	41	42	45	46	48	52	61	
29	27
0	2	3	6	8	12	17	20	22	24	28	29	31	32	34	39	40	44	45	46	47	49	55	58	61	79	81	
23	22
3	5	9	10	12	13	14	16	17	18	22	28	29	31	32	36	42	48	49	59	60	95	
23	21
3	6	10	13	14	16	18	20	24	25	28	29	31	32	44	47	50	53	55	61	113	
26	24
2	3	4	6	7	9	12	14	17	18	22	24	28	31	36	39	44	49	50	55	58	61	79	95	
24	22
3	4	6	7	10	12	14	19	21	22	24	25	29	31	32	45	46	53	59	61	79	81	
30	29
1	2	3	6	7	9	10	18	22	24	25	28	29	31	32	35	36	40	41	42	46	47	49	55	57	59	60	61	83	
28	26
0	1	2	4	6	7	13	14	17	22	25	28	29	31	32	36	39	41	42	45	47	49	55	57	83	95	
23	23
4	6	10	12	13	14	18	19	22	26	28	29	31	32	41	42	45	46	47	49	51	60	61	
33	32
0	1	2	5	6	7	8	11	12	14	16	17	18	21	22	24	28	29	31	32	34	35	36	41	42	46	49	50	57	58	59	83	
22	21
0	5	6	9	10	11	12	14	28	29	31	36	41	42	44	46	49	53	58	59	70	
28	27
1	2	6	7	8	9	10	12	13	17	20	22	24	25	28	31	32	36	41	42	44	45	50	52	59	61	83	
34	30
0	1	2	6	7	8	9	10	12	14	20	22	24	26	28	29	31	32	35	41	42	47	48	49	50	58	60	81	83	113	
26	23
3	5	6	7	9	12	14	17	18	20	22	26	28	31	32	40	41	42	46	49	58	95	113	
28	27
1	2	9	12	13	14	17	19	20	21	22	25	27	28	29	31	32	34	35	37	40	41	42	46	55	60	81	
27	27
2	3	7	8	9	12	14	17	19	20	22	26	28	29	30	31	32	42	44	46	49	50	51	57	59	60	61	
28	26
2	3	6	8	9	10	14	18	19	22	24	28	29	31	32	36	37	40	41	47	48	49	51	61	79	83	
28	27
1	2	4	6	8	9	10	17	18	19	22	26	28	32	35	38	41	44	46	47	48	49	50	55	59	61	83	
35	33
0	2	3	4	5	6	7	9	10	12	14	17	18	19	20	21	22	27	28	31	32	35	36	39	40	44	46	50	55	60	61	79	95	
31	29
0	3	4	5	6	10	11	12	18	20	22	26	28	29	31	32	35	36	41	42	44	45	46	48	55	58	60	83	95	
28	27
2	4	7	12	13	14	20	21	22	24	25	26	28	29	31	32	36	41	44	48	49	50	51	52	53	55	95	
33	31
2	3	4	6	7	8	9	10	14	18	20	22	25	26	28	29	31	32	35	36	40	42	44	46	47	48	49	53	59	61	113	
36	34
2	3	4	5	6	8	9	10	11	12	18	19	20	22	24	26	28	29	31	32	34	36	38	41	42	46	47	48	49	55	59	60	79	81	
29	28
4	5	6	8	9	10	11	12	13	17	18	19	20	22	25	28	31	34	36	38	40	42	46	47	48	49	61	79	
28	27
1	4	5	6	9	10	11	14	17	20	21	22	25	29	31	32	35	36	39	41	42	44	49	50	53	60	70	
31	30
0	2	3	6	7	8	9	10	11	17	18	19	25	27	28	29	31	32	36	38	40	41	42	44	49	55	57	59	60	83	
36	32
0	1	2	3	5	6	7	8	9	10	11	12	13	14	17	18	20	22	25	28	31	32	42	45	46	49	50	53	59	79	83	113	
31	28
0	2	3	5	6	7	9	10	12	16	21	28	32	34	35	36	38	39	40	41	42	44	46	48	57	70	83	95	
22	22
1	3	4	6	8	12	13	14	16	19	20	22	24	28	29	31	32	35	40	46	47	49	
23	23
5	6	8	10	12	14	18	19	22	25	26	28	31	32	34	36	38	40	46	47	49	60	61	
25	24
0	2	5	8	9	10	11	16	17	18	25	27	28	29	31	32	36	39	42	44	55	57	58	83	
29	28
3	6	7	12	13	14	17	18	20	21	22	23	28	29	31	32	36	39	40	44	46	48	49	51	55	60	61	83	
33	30
0	2	3	4	6	7	9	11	13	20	21	22	24	26	28	29	31	32	36	39	40	42	47	49	52	55	59	61	83	113	
28	28
1	2	3	4	6	7	9	10	12	14	17	18	20	21	25	27	28	29	31	32	36	38	39	44	48	55	58	60	
35	31
0	2	3	4	5	6	7	9	12	13	18	21	22	24	26	28	29	31	32	34	42	44	45	46	49	51	55	61	79	81	113	
19	19
0	1	2	3	6	12	18	19	22	25	28	31	35	42	44	47	48	49	53	
27	27
6	7	8	9	11	12	13	14	18	19	20	22	23	25	26	28	31	32	36	44	47	48	49	50	55	60	61	
34	29
1	3	5	6	9	12	13	19	22	24	25	28	34	39	41	42	44	46	47	49	50	52	53	55	79	81	83	95	100	
33	31
0	1	6	7	8	12	13	14	17	18	22	24	25	26	28	31	32	36	40	41	42	44	46	49	50	53	55	58	60	61	113	
24	23
3	7	8	9	12	13	14	16	18	19	22	25	28	29	31	32	41	42	46	49	57	58	83	
25	24
0	2	4	10	11	13	18	19	21	28	29	31	32	38	39	40	41	44	46	49	58	59	60	95	
33	31
2	5	6	7	8	10	11	12	13	14	18	20	22	25	26	28	29	31	32	34	35	36	39	42	44	46	55	60	61	81	83	
30	30
0	2	3	6	8	9	10	12	14	16	18	19	24	27	28	29	32	35	40	42	44	46	47	48	49	50	53	58	60	61	
29	25
4	6	7	8	10	12	13	16	18	19	31	34	38	40	44	46	47	48	51	55	57	61	79	100	113	
30	30
0	1	3	4	5	6	8	10	12	13	18	19	26	27	28	29	31	32	34	41	42	44	46	47	48	49	50	55	58	60	
33	32
0	1	2	3	6	8	9	10	11	12	13	17	18	19	21	22	24	28	29	31	36	39	40	41	44	46	48	49	50	58	61	79	
30	27
4	6	8	10	12	14	17	18	20	22	24	25	28	31	32	36	41	42	46	48	50	52	55	60	81	83	95	
23	22
1	2	6	7	8	9	13	17	18	22	25	28	29	31	36	39	42	44	46	55	61	79	
38	35
0	1	2	3	4	5	6	7	8	9	10	12	17	18	19	20	24	25	28	29	32	36	37	40	42	44	46	47	48	49	50	61	79	83	95	
30	30
0	1	2	3	4	5	6	7	8	9	10	12	13	14	16	21	27	28	29	31	39	41	44	46	47	48	50	55	58	61	
30	29
0	1	2	4	6	8	9	10	11	12	16	18	20	22	24	26	27	28	36	39	40	41	42	44	50	55	58	59	79	
25	25
2	3	5	6	8	12	13	17	18	19	22	23	24	28	29	31	37	41	46	47	48	49	50	53	61	
31	29
5	6	7	9	12	14	16	17	18	19	22	25	26	28	29	34	36	39	41	42	44	46	50	53	55	57	61	70	79	
26	24
0	1	2	3	5	6	10	12	13	18	22	24	27	28	34	35	36	37	49	51	52	58	61	113	
27	26
1	2	4	5	6	7	8	12	14	16	18	19	22	28	29	31	32	36	39	40	42	44	45	48	49	95	
26	24
2	5	6	7	12	13	22	26	28	29	31	35	36	40	42	44	46	47	48	57	58	61	79	86	
30	29
0	3	4	7	8	12	13	14	18	22	24	26	28	29	31	32	36	37	39	40	41	44	45	48	50	53	58	61	79	
26	26
1	2	3	6	10	12	14	18	22	25	26	28	29	31	36	39	41	42	44	46	47	49	50	55	58	60	
27	27
0	2	4	7	8	9	12	14	17	20	24	25	27	28	29	31	32	40	42	44	45	47	49	50	55	60	61	
30	28
0	2	5	7	10	11	12	14	20	22	25	28	29	31	32	36	37	41	44	46	47	49	55	57	58	60	81	100	
31	28
2	6	9	10	13	14	17	18	20	21	24	29	31	32	34	35	39	41	42	46	47	48	49	52	55	58	95	113	
35	30
0	1	2	3	4	6	8	10	12	18	19	20	21	22	28	29	31	35	36	37	39	41	44	46	48	58	81	83	100	113	
30	27
0	1	4	6	7	8	12	14	18	23	24	28	32	35	38	42	45	47	48	49	50	51	53	57	61	79	113	
28	27
2	3	4	8	10	13	14	18	19	24	26	27	28	29	31	32	34	36	40	45	47	49	55	57	58	60	79	
27	26
0	3	4	6	7	9	10	11	14	17	18	19	22	24	26	28	29	31	36	41	42	46	55	60	61	79	
33	31
2	3	6	7	8	9	10	11	12	20	21	24	25	27	28	29	31	32	34	35	36	38	41	42	45	46	49	53	61	70	83	
29	29
0	1	4	6	7	9	10	12	14	18	19	20	21	22	28	29	31	32	34	38	39	40	41	44	46	48	49	58	61	
21	19
1	2	3	6	7	8	10	12	18	24	25	28	31	32	36	40	42	49	113	
28	27
2	3	4	5	6	8	10	14	16	17	18	19	21	22	24	28	29	32	36	38	40	41	42	46	60	61	83	
35	32
0	3	4	5	6	7	8	9	10	12	14	18	20	25	28	32	35	36	39	42	44	46	48	49	50	53	55	58	60	70	79	83	
27	27
0	4	5	7	10	11	12	18	20	21	24	25	26	28	29	32	36	37	40	41	42	46	47	49	55	58	61	
25	24
1	2	4	5	8	10	13	14	18	19	20	24	25	26	27	28	29	31	32	36	42	44	61	79	
32	32
1	2	3	5	6	9	10	12	14	17	19	20	21	25	26	28	29	31	32	34	35	36	37	40	41	46	47	48	51	55	57	60	
27	23
0	3	6	7	10	11	12	18	19	24	25	28	31	32	38	46	48	51	53	55	79	83	113	
29	27
1	2	3	4	5	7	12	14	16	19	25	28	31	32	34	39	41	46	49	50	55	58	59	60	61	79	81	
30	28
1	2	3	6	8	9	12	16	17	18	19	21	22	26	28	29	31	35	36	40	42	45	46	47	48	49	61	113	
29	27
0	1	2	9	10	12	13	17	20	21	22	24	26	28	31	32	39	40	44	46	47	48	49	55	61	79	83	
28	27
2	7	8	9	10	11	13	18	19	20	22	25	27	28	29	32	36	39	41	44	46	47	48	49	58	59	79	
31	29
1	2	3	6	7	8	9	10	11	20	21	22	24	25	26	28	30	32	36	37	39	47	50	53	55	57	59	61	113	
26	25
0	2	3	5	7	8	12	14	18	19	22	24	28	29	31	32	36	41	46	48	49	55	58	60	79	
28	27
0	1	3	4	6	7	8	10	18	20	28	29	31	32	36	40	41	44	45	46	47	51	53	55	60	61	70	
40	37
0	1	8	9	10	11	14	17	18	22	24	26	28	29	31	32	34	36	37	38	39	40	42	44	45	46	47	49	50	51	52	53	55	61	79	83	100	
33	32
2	8	9	10	12	13	14	17	20	22	23	24	25	26	27	28	29	31	32	35	36	39	41	42	44	46	47	48	51	60	61	79	
34	32
1	3	5	6	7	8	9	10	12	19	20	25	28	29	31	32	36	37	40	41	42	44	45	46	49	52	58	59	60	61	79	95	
29	29
0	2	5	6	7	9	10	11	12	13	14	18	21	25	26	28	31	32	34	35	36	40	41	46	47	48	50	53	57	
21	21
2	5	8	9	10	12	13	14	21	22	25	31	32	39	40	42	43	45	47	48	52	
23	21
3	5	6	7	8	10	12	14	22	28	29	31	32	41	46	48	50	55	59	81	83	
31	28
0	2	3	6	7	12	13	14	18	21	22	23	24	25	28	31	32	41	44	46	47	48	49	55	58	61	95	113	
27	26
0	1	2	5	6	7	8	9	10	12	14	18	20	21	22	31	34	36	40	44	45	46	49	50	61	81	
35	34
0	1	2	4	6	7	8	9	10	12	13	14	21	22	24	29	31	32	34	35	37	40	41	42	44	46	47	49	50	53	55	58	61	79	
27	26
2	3	7	9	11	13	14	20	21	22	26	28	31	32	36	41	45	46	47	48	49	55	58	59	60	79	
34	31
2	3	4	6	8	9	10	12	17	18	19	20	22	25	28	31	32	35	36	37	41	48	49	52	55	58	60	61	79	83	95	
30	25
2	7	9	12	13	14	19	20	22	24	28	31	35	40	41	42	44	46	55	58	61	79	83	95	113	
27	23
4	5	6	7	8	10	12	18	24	28	29	31	35	38	41	42	44	46	47	50	79	83	113	
26	26
3	4	6	7	9	10	13	14	17	18	21	22	25	28	31	32	34	36	40	41	44	46	48	49	51	55	
24	24
0	1	6	8	12	14	20	22	26	28	29	31	32	35	36	38	41	42	46	47	49	50	60	61	
33	31
0	1	3	4	5	7	10	12	13	14	19	24	28	29	31	32	34	36	39	40	41	44	46	49	50	57	58	60	61	83	100	
20	20
1	5	7	9	12	14	16	18	20	22	28	29	32	36	41	45	46	47	53	61	
25	23
3	6	7	9	10	11	12	13	14	18	20	24	26	28	29	31	36	41	46	49	50	53	113	
26	24
1	2	3	7	11	13	16	19	20	24	29	31	32	36	38	39	46	48	49	51	55	61	79	95	
27	26
0	1	2	3	7	10	11	12	14	21	22	28	29	31	32	35	36	40	41	42	45	46	49	58	61	95	
26	25
0	1	2	4	5	6	10	12	13	14	22	26	31	32	35	39	40	42	45	47	49	52	57	61	81	
39	36
1	2	4	6	7	8	9	10	12	13	14	18	19	20	24	25	29	31	32	36	37	38	41	42	44	46	49	50	51	55	57	58	61	79	83	95	
32	30
1	3	5	6	7	8	9	11	14	18	19	20	21	22	24	25	28	31	34	36	39	41	42	48	49	50	59	61	79	95	
28	27
1	2	4	5	6	7	10	11	12	14	17	19	20	21	24	26	28	29	31	32	34	42	44	49	58	61	81	
37	32
0	2	3	5	6	7	8	10	11	12	13	14	18	20	24	28	29	31	32	36	42	44	45	47	48	58	60	61	70	79	83	113	
25	23
0	1	5	6	9	14	17	18	22	28	29	31	32	40	41	44	45	47	49	58	61	79	83	
22	22
3	4	5	8	9	10	12	14	17	21	22	25	28	31	32	36	42	44	53	59	60	61	
26	24
5	6	7	9	10	18	21	22	25	28	31	36	40	41	42	43	45	46	47	49	55	61	79	83	
25	23
0	3	4	7	9	10	18	19	20	22	24	25	28	29	31	35	41	44	48	58	61	79	81	
26	26
0	1	2	3	4	7	9	10	12	13	14	20	25	26	28	29	32	34	35	36	40	44	49	50	55	60	
39	34
2	3	4	5	6	7	8	12	13	16	18	19	20	24	25	28	29	31	32	35	39	40	44	46	47	50	51	55	60	61	70	79	83	113	
28	27
0	1	2	4	5	6	8	9	10	19	20	21	22	24	26	28	29	31	32	41	44	46	51	55	60	61	79	
23	22
9	10	11	13	18	20	21	22	23	28	31	32	34	37	41	42	44	46	49	50	53	83	
23	23
0	3	4	6	7	8	10	12	14	18	19	21	22	25	28	29	31	40	41	42	46	49	55	
26	26
2	4	5	6	7	9	10	12	14	18	19	23	26	29	30	31	32	34	41	44	46	49	52	57	60	61	
26	26
0	4	5	6	7	10	13	14	18	19	20	22	25	26	28	29	32	34	36	40	41	42	46	47	49	55	
32	31
0	1	3	6	10	12	13	14	17	18	20	23	28	31	32	36	42	44	45	46	48	49	50	52	55	57	58	59	60	61	79	
26	26
2	3	4	6	8	9	10	12	13	18	22	26	28	32	35	36	38	39	41	42	44	48	49	50	58	61	
33	30
3	5	6	7	8	10	11	14	17	18	19	20	22	24	28	29	31	32	38	40	41	46	49	50	55	58	60	61	79	113	
31	28
1	2	5	7	8	10	12	14	17	18	20	21	25	26	28	29	31	32	36	40	42	45	46	49	53	55	86	113	
27	26
1	5	6	7	8	13	14	16	18	19	20	21	22	26	28	31	35	36	42	44	45	46	58	59	61	95	
24	24
1	2	3	4	5	6	7	12	13	19	20	22	26	28	29	31	32	36	40	42	44	48	49	61	
30	29
4	6	7	8	9	12	14	16	17	18	20	22	24	28	31	32	41	42	44	46	47	48	49	55	58	59	60	61	83	
