1000 
39	32
0	3	4	5	6	8	10	11	12	15	18	19	21	22	26	27	28	30	31	33	34	36	38	39	40	41	48	59	61	82	89	124	
25	23
0	4	5	6	9	11	13	15	16	19	21	22	26	27	28	29	30	35	38	39	40	48	52	
29	24
0	3	4	5	6	7	8	11	12	19	20	21	22	28	30	35	38	39	40	49	53	59	73	82	
34	27
0	3	4	5	9	11	19	22	23	26	30	32	34	35	36	38	39	40	41	42	48	49	61	70	77	82	89	
34	27
0	3	4	5	7	9	10	11	12	15	19	22	28	29	30	34	35	36	38	39	42	48	61	69	82	89	124	
33	26
0	3	4	5	11	12	16	18	19	20	21	22	24	26	28	30	36	38	40	46	48	49	61	69	73	78	
33	30
0	3	5	6	7	8	9	10	11	12	13	15	18	19	21	22	27	28	29	30	31	32	34	35	36	38	41	61	73	82	
34	30
0	3	5	6	9	11	12	13	18	19	21	22	25	27	28	29	30	31	32	34	35	36	38	40	41	42	48	49	61	77	
31	24
0	3	4	5	6	15	19	20	21	28	30	31	34	36	38	39	40	48	49	59	61	69	77	82	
23	22
0	3	5	6	11	15	19	21	22	26	28	29	30	32	33	34	36	38	39	40	42	49	
31	28
0	3	4	5	6	9	12	15	19	21	22	24	25	26	28	29	32	34	35	36	38	39	40	41	42	66	73	82	
40	31
3	4	5	6	7	8	10	11	12	15	22	23	28	29	30	32	34	35	38	39	40	41	42	48	49	50	66	70	77	82	124	
30	25
0	3	5	6	7	11	12	15	16	19	20	21	25	27	32	34	35	38	39	40	48	49	52	66	73	
26	24
3	4	6	8	11	12	15	19	21	22	26	28	29	30	31	34	35	36	38	39	40	41	49	82	
31	25
0	3	5	11	13	15	16	19	21	22	26	27	28	29	30	35	38	40	41	49	52	61	70	82	89	
32	25
3	4	5	11	14	19	21	22	23	24	27	30	31	35	36	38	39	40	41	61	66	69	77	82	124	
27	24
0	4	5	7	8	11	12	15	19	21	22	25	27	28	29	30	32	34	35	38	41	48	50	61	
32	28
0	3	4	5	6	7	9	10	11	18	19	21	22	23	26	28	29	30	31	32	34	38	39	40	42	50	82	124	
28	25
0	3	5	6	9	11	13	15	18	20	21	22	26	28	29	30	31	36	38	39	40	41	49	61	73	
32	28
0	3	4	5	6	10	12	15	18	19	21	22	23	24	26	28	30	31	32	34	35	36	38	39	40	50	77	124	
35	29
0	3	4	5	6	8	11	12	18	19	21	22	27	28	29	30	31	32	34	35	36	38	40	42	61	69	73	89	124	
29	25
0	3	5	6	7	11	15	19	21	22	24	25	26	28	29	30	31	34	35	38	41	59	73	77	82	
36	30
0	3	5	7	11	12	13	18	19	20	21	22	24	25	26	28	29	30	31	32	34	35	36	38	39	48	70	77	89	124	
33	26
0	3	4	5	11	12	18	19	20	21	22	23	28	29	31	36	38	40	42	48	49	53	61	73	82	89	
36	30
0	3	4	5	6	7	8	9	10	11	12	19	22	25	26	27	28	30	33	34	35	38	40	42	49	59	61	69	73	82	
33	27
0	3	4	5	6	11	12	13	14	19	20	21	22	25	28	29	30	34	36	38	42	49	52	66	73	78	82	
31	26
4	5	6	8	11	12	13	19	21	22	23	25	28	29	31	33	34	35	36	38	42	48	49	73	77	82	
32	26
0	3	5	6	8	11	18	19	21	24	25	26	28	29	30	31	32	33	36	38	48	49	61	69	73	77	
35	28
0	3	4	5	6	8	10	12	21	22	24	28	29	30	34	35	36	38	39	40	42	53	66	69	73	77	82	89	
30	25
0	3	4	6	8	11	12	19	21	22	24	27	28	31	34	36	38	40	41	42	48	53	66	77	82	
39	30
0	3	4	5	6	11	12	15	18	19	21	22	24	28	29	30	31	34	38	40	41	42	48	61	66	69	77	78	89	124	
34	27
3	4	5	6	8	10	11	12	13	21	22	23	26	28	30	31	32	34	38	40	42	48	49	73	77	79	124	
39	29
3	4	6	10	11	15	16	19	21	22	26	27	28	29	30	32	35	36	38	40	46	48	49	59	66	73	77	82	124	
29	24
0	3	4	5	6	7	8	11	12	18	19	21	22	28	29	33	36	38	39	40	49	61	89	124	
29	23
0	3	5	15	19	21	22	25	28	29	30	31	34	36	38	39	41	48	49	73	77	82	89	
30	24
0	3	4	6	8	11	19	21	22	24	26	28	30	31	34	38	39	40	48	49	53	61	73	89	
26	22
0	3	4	5	6	8	10	15	18	19	21	22	28	30	31	32	38	40	48	59	66	77	
28	24
0	3	5	6	7	9	11	18	19	21	26	28	30	31	34	36	38	39	40	41	48	49	77	89	
27	24
0	3	4	5	6	11	12	13	16	19	21	22	23	24	26	28	30	34	35	39	42	49	50	69	
42	33
0	3	6	8	10	11	12	18	19	20	21	22	26	28	29	30	31	34	35	36	38	39	40	42	48	49	50	52	59	73	77	82	89	
33	27
0	3	5	6	8	11	13	15	19	20	21	22	28	29	30	31	32	34	36	38	40	42	50	59	77	89	124	
26	23
3	4	6	8	12	13	18	19	20	21	22	28	29	30	31	34	36	38	40	41	66	77	89	
33	24
0	3	6	8	13	14	19	21	22	27	29	30	35	38	40	41	49	53	61	66	73	77	82	124	
33	24
0	5	6	9	11	12	13	19	22	28	29	30	31	38	40	41	49	52	53	66	69	77	82	124	
36	29
0	3	4	5	6	7	8	11	19	21	22	25	26	28	29	30	31	32	33	35	38	40	48	49	50	52	59	61	66	
37	30
0	3	4	5	6	7	8	11	19	20	21	22	25	27	28	29	30	31	32	33	35	38	42	49	52	66	70	77	78	82	
25	21
0	3	5	11	18	19	21	22	26	27	28	31	35	36	38	40	41	49	59	73	82	
40	32
0	3	4	5	6	9	10	13	15	18	19	21	22	25	26	28	30	33	34	35	36	39	40	42	46	48	53	61	66	73	82	89	
35	27
0	3	4	5	6	11	19	21	22	25	26	28	29	30	31	34	35	36	38	40	48	49	52	61	82	89	124	
33	29
3	4	5	6	7	8	9	10	11	12	16	19	21	22	25	26	28	29	30	31	34	35	38	40	41	49	61	66	73	
28	24
0	3	4	5	7	8	11	13	15	19	21	22	24	27	28	31	32	35	38	39	61	77	82	89	
30	27
3	4	5	7	10	11	12	15	19	21	22	25	26	28	30	31	32	33	35	36	38	39	40	41	48	73	82	
38	29
0	3	5	6	7	9	10	11	14	19	22	24	28	29	32	33	35	36	38	40	41	49	61	69	73	77	82	89	124	
25	22
0	3	4	5	6	11	13	15	19	21	22	23	25	27	30	35	36	38	39	49	61	77	
36	29
0	3	5	6	8	9	10	11	12	19	21	22	23	24	25	28	31	32	35	36	38	40	48	53	59	61	66	73	82	
35	29
0	3	5	10	11	12	13	18	19	21	22	25	26	28	29	30	31	33	34	38	39	40	41	49	66	69	73	78	89	
27	23
3	5	6	11	12	15	19	21	22	23	24	26	28	29	30	31	34	36	40	52	61	66	89	
31	27
0	3	4	5	6	7	11	13	15	19	20	21	22	28	30	31	33	34	35	36	38	39	40	66	77	82	89	
36	28
4	5	6	8	11	12	13	16	18	19	21	22	25	27	29	30	32	34	36	38	40	48	49	53	66	69	82	124	
31	26
0	3	4	5	6	9	12	15	19	21	23	24	25	26	28	29	32	35	38	40	41	46	49	50	77	82	
33	27
0	3	4	5	6	8	11	12	15	16	18	22	24	28	30	31	35	36	38	39	40	48	49	50	66	77	89	
39	30
0	4	5	7	15	18	19	20	21	22	23	26	27	28	30	31	35	36	38	39	40	42	48	52	66	69	77	82	89	124	
36	31
0	3	4	5	6	7	10	11	13	14	19	21	23	25	26	28	29	30	31	32	34	36	38	39	40	41	48	49	61	73	77	
27	24
0	3	4	5	6	10	11	15	21	22	23	25	26	28	29	31	34	38	39	41	42	66	73	82	
30	26
0	3	4	5	6	7	10	11	12	14	15	20	21	22	28	30	32	35	36	38	39	40	48	66	70	82	
29	23
0	3	4	5	6	11	13	19	20	21	22	28	30	36	38	40	41	48	61	66	73	77	82	
26	22
3	4	5	6	7	11	12	16	18	20	22	25	28	31	32	36	40	42	49	61	70	89	
28	23
0	3	5	6	7	10	19	20	25	26	28	30	31	34	36	38	40	42	48	49	50	59	82	
36	30
0	3	4	6	7	8	10	11	12	13	15	19	21	22	23	25	26	28	30	31	32	38	39	40	41	59	69	82	89	124	
35	26
3	4	5	6	11	15	19	22	23	27	28	30	31	35	36	38	40	42	46	48	49	61	73	77	82	124	
31	26
0	4	5	6	15	19	21	22	24	26	28	29	30	31	32	34	35	36	38	40	41	46	49	50	61	89	
32	27
0	3	4	5	6	8	11	13	18	19	22	25	28	29	30	31	32	34	35	38	39	40	41	50	53	73	124	
37	31
0	3	4	5	6	9	10	13	15	18	19	20	21	22	23	28	29	32	34	35	36	38	39	40	41	50	61	66	73	77	78	
32	26
0	3	5	6	12	13	15	19	21	22	25	28	30	32	34	35	36	38	39	40	41	49	73	77	89	124	
27	22
0	3	5	7	11	12	19	22	26	28	31	34	35	38	39	40	41	48	49	53	73	82	
30	28
0	3	4	5	6	8	11	15	16	18	19	21	22	23	26	28	29	30	31	32	34	35	36	38	39	40	48	82	
36	30
0	3	4	5	6	11	12	13	15	18	19	21	22	24	26	28	29	30	31	32	34	35	38	39	48	49	61	66	69	89	
30	23
5	6	7	9	10	11	19	22	27	28	29	30	31	32	34	35	36	49	73	77	78	82	124	
35	30
0	3	4	5	6	10	11	12	18	19	21	22	25	26	27	28	30	31	34	35	36	38	40	41	42	48	59	61	66	89	
26	22
0	5	12	15	19	22	24	27	28	29	30	35	36	38	39	40	41	42	49	61	66	69	
31	26
3	4	5	6	8	10	11	12	19	21	22	26	27	28	29	30	31	32	38	41	42	49	59	73	77	82	
31	27
0	3	5	6	8	10	11	12	13	19	22	25	28	29	30	31	33	34	36	38	40	41	42	46	61	66	77	
30	26
0	3	4	5	6	7	8	12	15	19	20	21	22	25	27	28	29	31	34	35	38	40	41	59	82	124	
30	27
3	5	6	8	9	11	12	13	18	19	21	22	25	27	28	29	30	31	33	35	36	38	41	42	46	66	89	
39	33
0	3	5	6	8	10	11	12	13	15	19	20	21	22	23	25	26	27	28	29	30	31	35	36	38	40	42	48	52	59	61	66	73	
35	26
0	3	4	5	6	11	12	19	21	22	28	29	30	32	34	36	38	48	52	53	66	73	78	79	82	89	
29	25
0	3	4	6	8	12	16	19	21	22	25	28	31	32	34	35	36	38	39	40	41	59	70	73	77	
32	25
0	4	5	6	8	10	13	19	20	21	22	24	27	28	34	35	38	40	49	50	59	77	78	82	89	
38	29
3	5	6	8	10	15	19	20	21	22	24	27	28	30	31	34	36	38	40	41	42	46	48	59	61	66	82	89	124	
26	21
4	5	6	8	11	12	19	21	28	30	31	32	35	36	38	40	41	49	70	82	124	
33	27
0	3	4	5	6	7	8	15	21	25	26	27	28	29	30	32	34	35	38	40	42	49	53	59	61	69	82	
36	30
0	3	5	6	8	11	13	15	19	21	22	25	27	28	29	30	32	33	34	35	38	40	41	42	48	49	52	70	73	89	
36	31
0	3	4	5	6	7	11	12	13	14	16	19	21	22	23	26	27	29	30	34	35	36	38	39	40	41	42	49	61	77	124	
28	24
0	3	4	5	6	15	18	19	21	22	23	26	28	29	32	34	36	38	39	42	46	52	77	82	
27	22
3	4	5	7	10	12	13	19	23	28	29	30	31	34	35	38	40	50	52	61	82	89	
31	27
0	3	4	5	6	8	11	12	13	19	20	21	22	23	28	29	31	32	34	35	36	41	42	50	66	73	82	
30	27
3	4	5	6	7	11	13	14	16	18	19	21	22	24	25	26	28	29	31	32	33	34	35	36	40	89	124	
38	31
0	3	5	6	11	12	13	19	22	24	25	26	28	29	30	32	34	35	36	38	39	40	41	42	48	49	52	66	73	82	89	
33	26
0	3	4	8	9	12	14	19	21	22	24	28	29	30	31	35	36	38	40	41	46	52	66	73	77	124	
30	23
3	4	5	10	11	13	15	19	22	24	27	28	29	36	38	39	42	48	59	69	73	77	124	
33	27
3	4	5	6	10	11	12	15	16	18	19	21	25	28	29	31	34	35	36	38	39	42	48	49	73	82	124	
33	28
0	3	4	5	6	7	10	15	19	21	22	26	28	29	30	31	32	35	36	38	39	41	42	48	52	66	73	82	
32	24
0	5	6	7	13	15	18	19	21	22	26	28	29	36	38	41	42	48	49	61	70	77	82	124	
40	32
0	3	5	6	8	11	13	14	18	19	20	21	22	23	27	28	29	30	32	34	35	36	38	40	48	50	52	61	66	77	79	82	
32	25
0	3	4	5	6	8	9	11	12	15	20	21	28	29	30	31	38	39	41	48	49	59	61	89	124	
40	33
3	4	5	6	7	12	15	18	19	21	22	23	25	26	27	28	29	30	32	35	36	38	39	40	41	42	46	49	50	52	61	66	78	
33	25
0	3	4	5	8	11	13	14	15	19	25	27	28	29	30	34	38	40	48	50	53	61	78	82	124	
40	32
0	3	4	5	6	7	8	11	12	13	15	19	21	22	23	27	28	29	30	31	34	36	38	40	41	48	61	73	79	82	89	124	
31	26
0	3	4	5	6	8	9	11	13	15	18	19	22	23	25	29	30	34	35	38	39	46	49	61	82	89	
28	22
3	4	5	6	12	19	21	22	25	28	30	34	35	36	38	40	41	49	50	73	82	124	
32	27
0	3	5	6	8	11	15	19	21	22	25	27	29	31	32	33	34	35	36	40	41	42	48	61	66	77	82	
30	23
3	4	5	6	7	11	19	20	22	26	27	28	30	32	34	38	41	42	49	52	73	79	183	
32	26
0	3	5	7	11	12	15	19	21	22	28	29	31	33	34	35	36	38	40	41	52	61	73	77	82	89	
33	27
0	3	4	10	11	12	15	19	21	22	25	29	30	31	34	35	36	38	39	40	41	48	49	61	79	82	89	
33	27
0	3	4	5	6	8	10	11	14	15	18	19	21	24	26	28	29	30	31	35	38	52	53	66	77	82	89	
32	28
0	3	4	5	6	8	10	11	12	14	19	21	22	23	26	28	29	30	31	34	35	38	39	40	42	48	89	124	
33	28
0	3	4	5	6	10	11	13	15	19	22	28	29	30	31	32	34	35	36	38	39	41	42	50	61	73	82	89	
42	33
0	3	5	6	8	10	11	12	13	15	18	19	22	24	26	28	31	32	35	36	38	39	40	41	42	48	50	61	66	70	78	82	124	
26	23
0	3	4	5	7	11	13	15	18	19	22	24	25	26	27	28	29	34	35	38	49	61	82	
31	25
3	4	5	6	9	11	15	18	19	21	22	28	29	30	33	34	35	38	41	48	61	70	73	82	89	
28	26
0	3	4	5	6	11	13	15	18	19	21	22	25	26	28	29	31	34	35	36	38	40	41	42	77	82	
38	30
3	4	5	11	12	13	15	18	21	22	23	25	26	27	28	29	30	31	32	38	40	42	49	50	59	66	70	73	77	89	
29	22
0	5	11	12	13	15	19	22	28	29	30	34	35	38	40	46	49	50	59	73	77	82	
31	24
3	5	6	10	11	12	15	18	19	22	26	27	28	30	34	38	41	42	48	49	52	61	78	124	
31	26
0	3	4	5	7	8	10	11	19	21	22	26	28	30	31	33	34	35	36	38	40	48	49	50	70	73	
32	26
4	5	6	7	11	12	13	19	21	22	25	28	30	31	35	36	38	39	40	42	49	50	52	61	77	89	
36	28
0	3	4	5	8	10	11	18	19	21	22	24	26	28	29	30	31	34	38	39	41	46	48	50	61	78	82	124	
28	24
0	3	4	5	6	8	12	13	15	16	18	19	21	22	26	27	34	38	39	40	49	61	82	89	
26	23
3	4	5	9	10	12	16	19	20	22	25	26	28	29	30	32	34	35	36	38	40	66	124	
36	29
0	3	5	7	9	18	19	21	22	26	28	29	30	31	32	34	35	36	38	39	40	42	48	49	53	61	70	77	89	
28	22
3	4	5	6	8	11	13	14	19	22	26	28	29	36	38	41	48	49	50	70	77	82	
32	27
3	4	6	8	10	11	12	16	19	21	22	25	26	27	28	29	32	35	36	38	39	40	46	49	59	69	73	
27	23
0	4	5	6	8	11	18	19	21	22	26	28	29	30	31	32	38	39	40	49	59	73	82	
33	26
0	4	5	6	8	9	10	11	19	22	26	28	29	30	34	36	38	40	41	42	59	61	66	82	89	124	
30	25
0	4	5	6	10	11	12	13	19	21	22	26	27	28	30	34	36	38	40	42	49	59	61	66	82	
35	29
0	3	5	6	11	16	18	19	21	22	23	25	26	28	29	30	31	33	34	35	36	38	40	42	48	49	52	73	124	
43	33
0	3	4	5	9	10	11	13	15	19	22	25	26	28	30	32	34	35	36	38	39	40	41	49	59	61	69	73	77	78	79	82	89	
29	25
0	3	7	12	15	18	19	21	22	23	27	28	29	31	32	34	35	36	38	39	40	49	53	69	70	
28	23
0	3	4	5	11	12	13	19	22	25	27	28	34	35	36	38	40	42	48	49	52	73	89	
30	26
4	5	6	12	15	18	19	20	21	22	24	28	29	30	32	34	35	36	38	39	41	42	48	49	50	61	
24	21
3	4	5	11	12	15	18	19	22	23	25	28	30	33	34	35	38	40	49	77	82	
30	25
0	3	4	5	11	12	13	19	21	23	24	25	28	29	31	34	35	36	38	40	49	61	70	77	82	
35	30
0	3	4	5	6	8	9	11	15	16	19	20	21	22	25	28	29	30	32	34	35	38	40	41	42	48	49	50	59	82	
42	33
0	3	4	5	6	7	11	12	16	18	19	22	23	26	27	28	30	31	32	35	36	38	39	40	42	48	49	53	59	61	69	82	124	
42	33
0	3	4	5	6	7	10	11	13	14	19	21	22	23	26	27	28	29	30	31	35	38	39	40	42	46	59	66	78	79	82	89	124	
25	22
3	4	5	7	8	11	12	15	19	21	22	28	30	31	34	35	36	38	40	49	73	89	
32	26
3	5	6	11	15	19	21	22	25	26	28	29	30	31	32	34	35	36	38	41	48	49	59	61	66	77	
30	26
0	3	4	6	10	11	13	18	19	20	22	26	28	30	31	32	34	35	36	38	40	42	61	70	77	82	
36	31
0	3	4	5	7	11	12	15	19	21	22	23	24	25	26	27	28	29	30	31	32	34	36	38	40	42	49	52	59	61	73	
29	25
0	3	5	6	9	11	14	15	19	21	22	23	25	26	29	30	34	35	36	38	39	48	53	69	77	
30	25
0	3	5	8	10	11	18	19	21	24	27	28	29	31	32	34	35	36	38	40	46	49	61	69	73	
38	29
3	4	5	11	12	13	19	21	22	23	27	28	30	31	32	34	35	36	38	40	41	48	49	66	69	73	77	82	124	
34	29
3	4	5	6	10	11	12	15	19	20	21	22	23	26	28	29	30	32	34	35	36	38	40	41	50	52	61	73	82	
30	25
0	3	4	6	8	11	12	15	19	21	22	25	26	28	29	30	31	32	34	40	48	50	70	77	82	
39	31
0	3	4	5	6	8	11	12	13	15	18	19	20	21	22	27	28	29	30	33	34	35	38	41	48	50	61	66	73	82	124	
38	30
0	3	5	6	8	9	11	12	18	19	20	21	22	27	28	29	31	32	34	35	36	38	40	48	49	50	59	66	89	124	
27	22
0	3	5	11	15	16	19	21	22	25	28	30	32	35	36	38	42	49	50	66	73	77	
32	24
0	3	5	6	11	19	21	22	23	30	34	35	36	38	39	40	41	48	53	61	77	82	89	124	
30	25
3	4	5	6	9	11	12	19	22	24	26	28	29	30	32	34	35	36	38	39	40	59	66	78	124	
36	29
0	3	5	6	7	8	11	12	13	19	20	21	22	26	28	30	34	35	38	39	40	42	48	49	66	73	77	82	89	
31	28
0	3	4	5	6	8	9	10	12	15	16	19	21	22	26	28	29	30	31	36	38	39	40	41	42	49	59	82	
36	28
0	3	11	18	19	20	22	23	26	29	30	31	33	35	36	38	39	40	41	42	49	52	53	61	73	77	82	89	
34	28
0	3	6	9	11	13	15	18	19	20	21	22	26	28	29	30	32	35	36	38	39	40	42	48	50	59	89	124	
31	26
0	4	5	6	8	11	13	19	20	21	22	23	25	27	28	29	30	34	35	36	38	40	66	73	82	124	
35	28
0	3	4	5	6	11	12	19	21	22	24	25	26	30	31	34	35	36	38	39	40	50	52	61	66	73	77	89	
34	25
0	3	4	5	6	7	13	15	18	21	22	26	28	29	30	31	38	48	59	61	73	77	82	89	124	
25	22
0	3	5	6	7	12	15	19	21	22	26	28	29	30	31	32	34	35	38	73	82	89	
28	24
0	3	7	9	12	15	16	19	21	22	24	26	28	29	30	31	32	38	40	41	49	77	78	82	
38	32
0	3	4	5	6	7	11	12	15	18	19	22	23	25	27	28	29	30	31	34	35	36	38	39	40	41	48	49	66	70	77	89	
31	25
0	3	4	5	6	7	10	11	13	19	21	22	23	24	26	28	29	36	38	48	50	61	66	77	89	
41	31
3	4	5	6	12	15	16	19	21	22	23	24	25	28	30	31	33	34	35	36	38	39	46	48	49	50	52	61	78	82	124	
35	28
0	3	4	5	7	11	12	13	14	18	21	22	27	28	29	31	34	35	36	38	39	41	61	66	69	77	82	124	
24	21
0	3	5	6	7	12	19	21	24	25	26	28	29	30	35	38	39	41	61	70	73	
36	30
0	3	4	5	6	7	8	10	11	15	19	22	24	28	29	30	31	34	35	38	39	40	41	42	46	49	53	70	77	89	
34	27
0	4	5	6	11	12	14	15	19	21	23	26	28	29	31	34	36	38	39	40	42	61	73	78	82	89	124	
24	21
0	3	4	5	8	10	11	12	15	19	22	26	28	29	30	36	38	39	50	77	89	
30	26
0	3	4	5	6	8	11	12	15	18	19	21	22	25	28	29	30	31	32	35	38	40	46	48	59	89	
27	22
0	3	5	6	11	19	21	22	26	28	29	34	35	36	38	40	42	48	52	59	82	89	
29	22
0	3	5	6	9	14	21	22	26	28	29	30	32	36	41	46	48	49	66	73	77	82	
38	31
0	4	5	6	7	8	9	10	13	14	15	19	21	22	27	28	29	30	31	34	35	36	38	40	42	49	61	69	77	82	124	
28	23
3	5	6	9	11	13	19	21	22	27	28	29	30	35	36	38	40	41	49	59	77	79	82	
34	29
0	3	5	6	8	11	12	14	18	19	20	21	22	25	27	28	31	32	34	35	36	38	39	40	48	53	61	77	82	
27	22
0	5	7	8	11	15	18	19	21	22	23	24	29	30	31	34	38	40	48	73	82	124	
29	24
0	3	4	5	11	12	15	16	19	21	22	28	29	30	32	34	35	38	40	48	52	61	70	73	
34	26
0	3	6	8	11	12	13	15	16	19	21	22	26	28	29	31	36	38	40	48	61	66	77	82	89	124	
32	26
0	3	11	13	15	19	21	22	23	25	26	27	28	29	31	32	36	40	41	42	46	48	49	69	73	89	
27	23
0	3	4	5	8	12	13	19	21	29	30	31	35	36	38	39	40	41	42	48	61	70	79	
24	21
0	3	4	5	6	8	9	19	21	22	25	26	28	29	38	39	40	42	49	61	89	
23	20
0	3	5	6	11	15	16	19	22	23	24	27	28	34	35	36	38	53	82	89	
33	26
0	3	6	7	8	11	19	21	22	23	28	30	31	34	35	36	38	39	41	48	49	50	59	61	66	82	
27	24
0	3	5	10	11	19	22	23	24	25	29	30	31	32	33	34	35	36	38	41	42	61	66	78	
33	26
0	3	4	5	6	9	11	13	15	16	19	21	22	27	28	31	32	35	36	38	48	59	69	70	89	124	
36	30
0	3	4	5	6	11	12	13	15	19	20	21	22	24	26	27	28	29	31	32	34	35	38	39	40	46	66	73	82	124	
38	31
0	3	4	5	6	7	12	13	15	19	21	23	25	27	28	29	30	31	35	36	39	40	41	42	48	52	59	61	73	78	82	
30	26
0	3	4	5	6	7	13	19	22	24	25	26	28	31	32	34	36	38	39	40	41	42	69	73	77	82	
35	29
0	3	4	5	6	8	9	11	13	18	19	21	22	24	26	27	30	31	34	35	38	39	40	46	50	53	69	77	78	
35	28
0	3	6	10	11	12	19	21	22	23	25	27	28	33	34	35	36	38	39	40	41	42	49	61	66	70	82	124	
29	25
0	3	4	6	7	10	11	12	15	19	21	22	26	27	28	29	30	32	35	38	40	41	48	53	124	
27	23
0	3	4	5	6	10	11	15	19	21	22	25	26	28	31	34	35	38	40	66	73	78	82	
27	24
0	4	5	6	7	8	10	18	19	21	22	25	26	28	29	30	31	34	35	38	40	48	59	82	
25	24
3	4	5	6	8	11	12	13	19	22	24	28	29	30	31	32	33	34	36	38	40	41	42	73	
25	21
0	3	5	6	8	9	11	19	21	22	26	28	30	32	38	39	41	48	61	73	77	
28	26
0	3	4	5	6	11	13	19	21	22	25	27	28	29	30	33	34	35	36	38	39	40	41	42	77	82	
36	25
3	4	5	13	15	19	21	22	28	30	34	36	38	40	42	48	49	50	59	61	73	77	82	89	124	
25	20
0	3	4	10	11	18	19	21	22	28	29	30	32	38	41	46	52	59	66	77	
34	28
0	3	5	6	8	11	13	15	18	20	21	22	26	28	30	32	34	35	36	39	40	42	49	59	61	66	73	82	
33	27
0	3	4	5	6	12	15	19	21	22	25	26	28	29	30	34	35	36	38	39	40	48	61	66	73	77	82	
40	29
0	3	4	5	6	9	11	15	19	21	25	26	28	30	31	36	38	39	40	49	50	59	61	66	70	77	82	89	124	
26	22
0	3	5	6	11	12	15	18	19	21	22	26	28	31	32	36	38	40	42	49	77	124	
36	31
0	3	4	5	6	8	9	12	15	19	21	22	24	28	29	30	31	32	33	34	35	36	38	39	40	42	48	49	50	66	69	
27	24
3	4	5	8	11	16	18	19	20	21	22	26	27	28	30	31	32	35	38	40	42	49	61	82	
30	23
4	5	6	11	15	19	21	22	23	25	28	30	34	35	38	39	42	48	66	73	77	78	124	
29	23
0	4	5	6	11	15	19	20	21	22	25	27	28	29	30	34	36	38	59	61	66	82	124	
26	23
0	3	4	6	8	15	18	19	21	22	24	25	26	28	30	31	33	38	40	41	48	59	89	
31	23
4	5	6	11	12	19	22	23	25	26	30	32	36	38	40	41	48	53	66	70	73	77	124	
36	29
0	3	4	5	6	7	9	16	18	19	22	26	27	28	29	30	31	35	36	38	40	41	49	66	70	73	77	82	89	
34	27
0	3	4	5	6	11	21	22	27	28	29	31	32	34	35	36	38	39	40	42	46	48	52	59	61	73	77	
29	26
0	3	4	5	6	11	12	15	19	21	22	26	27	28	30	31	32	34	35	36	38	40	41	42	66	124	
29	24
3	4	5	6	8	11	13	18	19	20	21	22	26	28	30	31	36	38	42	49	61	66	77	82	
34	27
0	3	5	6	9	10	11	14	15	18	19	21	22	25	26	28	30	34	35	39	40	48	49	69	70	82	124	
30	28
0	3	4	5	6	8	11	12	15	18	19	21	22	25	26	27	28	29	30	31	34	35	36	38	40	41	61	82	
26	22
0	3	5	11	12	14	15	18	19	20	21	22	28	29	30	32	35	38	46	49	73	79	
36	30
0	3	4	5	7	11	12	15	19	21	22	25	26	27	28	29	30	31	32	35	36	38	39	40	50	53	61	66	77	89	
24	22
0	3	4	5	7	11	19	21	25	26	27	28	29	30	31	35	36	38	39	41	61	77	
29	23
0	3	5	6	11	12	18	19	21	24	28	29	31	33	34	36	39	49	52	53	59	82	89	
30	24
0	4	5	6	8	10	11	12	13	21	22	24	29	31	36	38	39	40	50	61	66	77	82	89	
22	20
0	3	5	6	9	11	12	14	19	22	28	29	30	34	35	36	38	40	78	82	
38	30
0	3	5	12	13	15	16	18	19	21	22	24	27	29	32	34	35	36	38	40	41	42	46	49	69	73	77	78	82	89	
31	27
0	3	4	5	6	7	10	11	12	19	22	23	26	28	29	30	31	32	35	36	38	40	42	49	59	61	78	
38	30
0	3	4	5	6	8	13	18	19	21	22	23	24	28	29	31	32	35	36	38	39	40	46	49	50	61	73	77	78	82	
41	34
0	3	4	5	6	8	10	11	12	13	15	16	19	21	22	25	26	27	28	30	31	33	34	35	38	40	41	42	48	50	52	66	89	124	
24	22
0	3	4	6	10	14	19	21	22	23	25	28	29	30	31	34	35	36	38	40	73	82	
33	28
0	3	4	5	6	12	15	16	19	21	22	23	26	28	29	34	35	36	38	39	40	41	42	48	49	70	78	82	
25	22
0	3	5	11	16	19	21	22	23	28	29	30	31	35	36	38	39	40	42	50	53	77	
36	29
0	3	4	5	7	8	11	12	15	19	21	26	28	29	30	31	32	34	35	38	40	41	49	53	59	69	73	77	89	
30	25
0	5	11	12	15	16	18	19	21	22	25	26	28	30	33	34	35	36	38	40	42	61	66	82	124	
29	24
0	3	5	6	7	11	12	18	19	21	23	28	30	32	34	36	38	40	41	50	61	70	77	82	
29	24
0	3	5	6	8	9	11	15	19	21	22	25	28	29	30	32	35	38	40	48	49	53	61	69	
33	30
0	3	4	5	6	8	9	11	12	13	14	18	19	21	22	26	28	29	30	32	33	34	35	36	38	40	41	46	48	49	
30	24
0	3	4	5	6	15	18	21	22	23	28	30	31	32	35	36	38	40	41	49	61	73	79	124	
38	32
0	4	6	7	8	10	11	12	16	19	22	24	25	26	27	28	29	30	32	34	35	36	38	39	40	41	48	70	73	77	78	82	
28	24
0	3	5	6	7	9	10	11	15	16	18	19	21	24	28	30	35	36	39	40	42	48	82	124	
34	27
4	5	7	10	12	14	15	18	19	21	22	24	28	30	31	32	35	36	38	39	40	48	49	66	77	82	124	
30	24
3	5	8	11	19	22	25	26	27	28	29	30	31	32	34	35	36	38	39	52	61	66	73	124	
28	24
0	3	4	5	6	8	11	12	15	19	20	21	22	24	27	29	35	38	39	40	73	77	82	89	
32	27
0	3	5	6	7	12	14	15	16	19	21	22	25	28	30	31	32	35	36	38	40	41	42	77	82	89	124	
29	24
0	4	5	10	12	13	15	19	21	22	26	28	29	31	34	35	36	38	39	40	61	66	89	124	
33	26
0	4	5	6	9	11	19	21	22	23	26	28	30	34	35	36	38	39	40	53	61	66	73	77	82	89	
28	22
0	3	4	5	8	10	11	19	21	22	28	30	31	34	35	38	39	48	49	70	82	124	
35	28
4	5	8	10	11	12	13	15	19	20	21	22	23	24	26	28	30	31	33	35	38	41	48	50	66	82	89	124	
29	22
0	3	4	5	6	7	10	12	14	22	23	28	29	38	41	49	52	61	70	73	82	89	
33	28
0	3	4	5	6	8	10	11	13	14	20	22	25	26	28	30	31	34	35	36	38	39	42	48	49	66	82	89	
33	27
0	3	5	6	9	10	11	14	19	21	23	25	26	28	29	30	31	32	35	36	38	39	49	69	82	89	124	
27	22
0	3	4	6	11	18	19	21	22	25	28	35	36	38	39	41	42	48	61	69	73	77	
25	20
3	8	10	11	12	21	22	25	27	28	29	34	35	36	41	49	59	79	82	89	
28	25
0	3	6	10	11	15	19	21	22	24	25	28	30	31	32	34	35	36	38	39	40	42	49	61	66	
30	26
0	3	4	5	7	9	11	13	15	19	21	22	23	24	28	29	31	35	38	39	40	42	61	73	78	82	
30	24
0	6	7	8	15	19	21	22	28	29	30	35	36	38	39	40	41	42	48	49	53	66	77	82	
27	23
5	6	11	15	18	19	21	22	24	25	28	30	34	35	36	38	39	40	42	49	59	70	82	
37	29
0	3	5	8	11	16	19	20	21	22	24	25	26	27	28	29	30	31	35	38	39	40	50	52	66	77	82	89	124	
37	28
0	3	6	10	12	15	18	19	20	22	24	25	27	28	29	30	31	36	38	40	46	48	49	61	70	77	82	124	
31	26
0	3	4	5	8	9	10	12	15	18	19	22	28	29	30	31	34	36	38	39	40	41	59	61	82	124	
34	27
0	3	5	6	7	11	12	14	18	19	21	22	26	28	31	33	34	35	36	38	48	49	50	52	73	77	82	
31	26
0	3	5	6	10	11	13	15	16	19	20	22	23	27	28	29	30	31	35	38	39	40	48	61	82	124	
28	23
0	3	4	5	6	11	14	15	19	22	23	24	27	28	29	35	38	40	41	48	49	82	124	
45	35
0	3	4	5	9	10	11	15	18	19	21	25	26	27	28	29	30	31	32	34	35	36	39	40	41	42	48	49	53	59	61	77	82	89	124	
30	22
3	5	6	8	10	11	15	16	19	22	28	34	35	38	40	48	49	61	66	73	82	124	
35	29
0	3	4	5	6	10	12	19	21	22	25	26	27	28	29	30	31	32	34	35	36	40	41	46	49	61	69	77	89	
27	23
0	3	4	5	8	9	11	12	18	19	21	22	26	28	30	31	35	36	38	48	53	70	82	
32	28
0	3	4	5	6	7	10	11	12	13	15	18	19	21	22	29	30	31	32	33	34	35	38	41	50	61	70	82	
33	30
0	3	4	5	8	11	12	13	15	19	21	22	23	25	26	27	28	29	31	32	34	35	36	38	39	40	41	42	77	124	
26	22
0	3	4	5	8	10	11	12	18	19	21	23	28	30	32	36	38	40	48	61	77	89	
33	29
0	3	4	5	6	11	12	15	19	21	22	24	25	26	28	29	30	31	32	34	35	38	39	40	42	49	53	59	77	
27	23
0	3	5	6	10	11	12	13	18	19	21	22	30	31	32	35	38	39	40	48	61	66	77	
30	23
0	3	5	7	11	12	13	14	15	22	28	29	30	31	35	38	40	49	61	66	70	77	124	
39	32
0	3	4	5	6	11	18	19	21	22	26	27	28	29	30	31	32	33	34	35	36	38	39	41	42	50	61	66	69	73	78	82	
21	19
3	6	11	15	21	22	26	27	28	29	30	31	34	35	38	39	40	61	82	
33	28
0	3	5	9	10	11	14	16	18	19	22	25	26	28	29	30	34	35	38	39	40	41	42	46	48	49	61	66	
26	22
3	6	8	12	21	22	23	27	28	29	30	31	34	36	38	40	41	42	59	70	77	82	
26	22
0	3	4	15	19	21	22	23	26	28	29	30	32	34	35	36	38	39	40	46	70	124	
25	21
3	5	6	11	12	15	19	21	22	28	29	30	33	34	36	38	39	48	66	73	82	
37	32
0	3	4	5	6	10	11	12	13	15	21	22	24	26	27	28	29	30	31	32	35	36	38	39	40	41	42	49	69	73	77	82	
35	31
0	3	4	5	6	7	10	11	13	14	15	19	22	24	26	28	29	30	31	32	33	34	35	36	38	40	41	61	70	73	89	
37	31
0	3	4	5	6	8	9	10	11	12	15	19	22	23	26	28	29	30	31	32	34	35	36	38	41	48	49	61	69	73	77	
30	27
3	4	5	6	8	10	11	14	15	19	21	22	28	29	30	31	32	34	35	36	38	39	40	41	77	82	89	
34	27
3	5	8	10	11	13	18	19	21	22	25	27	28	29	30	32	34	35	38	41	48	49	66	69	77	78	89	
29	25
3	5	6	8	10	11	12	13	15	21	28	29	30	31	34	35	36	38	39	41	42	48	49	61	82	
33	27
0	3	4	5	6	10	13	19	22	25	26	28	29	30	31	35	36	38	39	40	42	48	59	61	66	73	77	
31	27
0	3	4	5	6	10	11	13	18	19	21	22	26	28	29	30	32	34	35	38	39	40	41	49	61	78	82	
27	23
3	4	5	6	8	11	19	21	22	28	31	34	35	36	38	39	40	41	42	49	53	61	82	
36	29
0	3	4	5	6	7	8	10	11	19	21	22	25	27	28	30	31	32	34	35	36	38	40	49	61	73	77	82	124	
33	25
0	5	8	11	13	19	21	22	24	28	30	31	32	33	36	38	39	46	49	61	66	77	78	82	89	
35	29
3	5	6	7	8	10	11	12	19	21	22	24	25	26	28	29	30	31	34	35	36	38	39	40	59	61	66	82	124	
39	30
0	3	4	5	8	11	13	18	19	22	24	26	28	30	32	34	35	36	38	39	40	42	49	59	66	73	77	82	89	124	
37	30
0	3	5	6	10	12	14	15	16	19	20	22	26	28	29	31	32	33	34	35	38	41	42	48	49	66	73	77	79	89	
42	31
0	5	6	7	8	9	11	12	13	15	18	20	21	22	26	28	30	35	36	38	40	46	48	49	50	53	59	66	70	82	124	
33	26
3	4	5	6	11	12	13	15	19	22	23	28	29	30	32	34	36	38	39	40	59	61	77	79	89	124	
28	23
0	3	4	5	7	16	19	21	22	23	25	28	30	35	38	39	40	41	48	52	59	70	73	
38	30
0	3	5	6	7	8	11	12	15	19	21	22	25	26	27	28	32	33	34	38	39	40	46	48	49	52	66	73	82	89	
31	24
6	8	12	15	19	21	22	23	25	26	27	30	32	34	36	38	39	40	46	48	66	82	89	124	
29	25
0	3	4	5	6	10	11	15	19	22	23	24	26	27	28	29	30	34	35	38	39	49	61	70	82	
29	25
3	4	5	6	10	11	12	13	14	15	19	22	24	28	29	31	32	34	36	38	40	48	59	66	89	
27	25
0	3	4	5	6	9	10	11	15	19	22	26	28	29	30	33	34	35	38	39	40	41	42	48	89	
39	32
0	3	5	6	7	8	11	13	18	19	21	22	23	25	26	28	31	32	34	35	36	38	39	40	41	42	48	73	77	78	82	124	
32	26
0	4	5	6	10	11	15	16	19	21	22	27	28	29	30	32	35	36	38	40	42	49	59	73	77	124	
30	26
0	3	5	6	11	15	19	22	24	26	28	29	30	31	32	35	36	38	39	40	41	42	48	49	61	82	
36	28
0	4	5	6	8	10	18	19	21	22	24	26	27	28	29	30	34	35	38	39	40	46	48	49	61	66	77	124	
31	27
0	3	5	6	11	13	15	18	19	21	24	25	28	30	31	32	34	35	36	38	39	40	41	49	61	77	78	
33	26
0	3	4	5	6	8	11	12	15	19	21	23	28	30	31	32	34	38	40	48	50	66	70	73	77	82	
27	22
0	3	5	6	9	10	11	15	16	19	22	24	27	28	30	31	34	35	59	61	77	124	
31	26
0	3	5	6	8	10	11	13	18	19	20	21	22	23	24	26	28	29	31	34	35	36	66	73	82	124	
26	24
0	3	4	5	6	11	15	18	19	22	25	28	29	30	31	32	34	35	38	39	40	41	49	66	
32	27
0	3	4	5	6	7	9	10	19	21	22	27	28	31	32	33	34	35	36	38	39	40	49	66	77	78	79	
32	27
0	3	4	5	6	7	11	12	15	18	19	20	22	24	25	26	28	30	32	38	39	41	48	61	66	82	89	
28	26
0	3	5	6	7	11	12	15	18	19	21	22	26	27	28	29	30	31	32	34	35	36	38	42	66	73	
33	27
0	3	4	5	8	10	11	16	19	22	24	25	28	29	31	32	36	38	39	40	41	46	49	52	61	78	82	
24	22
0	3	4	5	7	8	10	15	16	19	22	24	28	30	31	33	35	36	38	40	48	49	
37	30
0	3	5	6	8	11	12	15	19	20	21	22	25	26	28	29	32	33	35	36	38	39	42	49	59	70	77	79	82	89	
27	24
0	4	5	8	11	15	16	19	20	21	22	23	25	28	29	31	35	36	38	40	42	46	49	77	
30	23
3	4	5	11	12	13	18	19	21	22	26	27	28	29	35	39	41	49	53	66	78	82	124	
30	27
0	3	4	5	6	8	9	10	12	13	19	21	22	23	28	29	30	31	34	35	36	38	40	42	48	49	70	
24	22
0	3	6	8	9	10	19	21	22	23	25	28	29	31	34	35	36	38	39	40	49	82	
32	25
0	4	11	12	13	15	19	21	22	26	27	28	29	35	36	38	39	41	49	50	61	69	77	79	89	
34	28
0	3	5	7	8	12	15	18	19	21	22	24	26	27	28	29	30	31	33	35	36	38	39	48	69	70	73	124	
34	30
0	4	5	6	7	9	10	11	12	13	16	18	19	23	25	26	28	30	31	33	34	35	36	39	40	41	49	61	77	82	
40	32
0	3	4	5	6	8	10	13	15	19	21	22	23	26	27	29	31	32	35	36	38	39	40	41	48	49	52	61	66	77	82	89	
26	22
4	5	11	15	18	19	21	22	24	28	29	30	32	36	38	39	41	42	61	77	82	89	
32	24
0	4	5	6	8	9	14	15	19	21	22	24	26	30	36	38	40	59	66	73	77	78	82	124	
29	25
0	5	7	8	9	11	13	19	21	22	24	25	26	28	29	30	31	32	36	38	40	50	53	73	77	
29	24
4	5	6	10	11	14	18	19	20	24	28	29	30	31	32	34	36	38	42	49	50	66	73	77	
29	23
0	3	4	5	8	11	12	18	19	23	28	29	33	35	36	38	40	48	49	66	70	73	77	
36	28
0	3	4	5	6	8	11	15	19	22	26	28	29	30	34	35	36	38	40	41	48	50	53	66	73	78	79	82	
32	25
0	3	5	6	7	11	19	22	24	26	28	29	30	31	32	36	38	40	42	49	50	61	70	82	124	
27	24
0	3	5	6	8	11	13	15	16	19	22	23	26	28	29	30	33	34	35	38	40	41	49	124	
27	22
0	5	6	10	11	15	19	21	22	25	28	30	34	36	38	39	40	41	48	49	78	124	
29	24
0	3	4	5	8	11	12	13	15	19	21	22	26	27	28	34	36	38	40	48	50	61	70	77	
31	27
0	4	6	8	11	12	14	15	18	19	20	21	22	23	28	29	30	31	34	35	36	38	40	48	66	73	82	
31	25
4	5	6	8	11	13	15	19	21	22	25	27	28	29	30	31	35	38	39	49	61	66	73	78	89	
34	30
0	3	4	5	7	10	11	12	16	18	19	20	21	22	27	28	29	30	31	33	34	35	36	38	39	41	48	52	61	69	
38	32
0	3	4	5	6	10	11	12	13	15	19	20	21	22	24	26	28	29	30	34	35	36	38	39	40	41	48	49	66	70	77	78	
25	25
0	3	4	5	10	11	13	14	15	18	19	21	22	23	24	28	29	30	32	33	34	38	40	41	42	
22	21
0	3	4	5	8	10	11	12	13	18	19	20	22	24	27	28	29	35	36	38	77	
26	23
0	3	5	6	8	10	11	13	15	16	19	21	22	26	28	31	35	36	38	40	49	50	77	
30	25
3	5	6	11	12	18	19	22	27	28	29	31	32	34	35	36	38	39	40	41	48	49	66	77	82	
33	29
0	3	4	5	9	11	12	13	15	16	18	19	20	22	25	28	29	30	31	32	35	36	38	40	42	49	77	82	89	
32	26
0	3	4	5	6	11	13	19	21	22	26	27	28	29	31	33	34	35	36	40	49	50	61	66	70	77	
24	23
0	3	4	5	6	11	14	15	18	19	21	22	25	27	28	29	31	34	35	40	41	42	78	
32	27
3	5	6	9	11	13	14	15	16	19	21	23	25	27	28	30	32	34	35	36	38	40	49	53	66	69	82	
41	33
3	5	6	8	11	12	13	15	19	20	21	22	23	27	28	29	30	31	32	34	35	36	38	39	40	42	48	61	69	77	79	82	124	
38	29
0	3	4	6	7	11	15	16	19	22	23	24	26	28	29	31	34	36	38	42	46	48	49	50	61	66	77	78	82	
40	33
0	3	4	5	6	11	12	18	19	20	21	22	23	25	26	28	30	31	32	33	34	35	36	38	40	42	48	49	52	61	70	79	89	
29	25
3	4	6	8	11	15	19	20	22	26	28	29	30	31	32	33	34	36	38	40	42	49	50	61	77	
32	26
3	4	5	6	8	13	15	19	20	22	26	28	30	31	34	35	36	38	40	41	46	50	52	61	66	82	
37	29
0	3	5	6	8	11	18	19	22	24	28	29	30	32	34	35	36	38	39	40	41	42	52	53	61	73	77	79	124	
25	22
0	3	4	5	10	11	13	15	19	22	25	26	30	31	35	36	38	39	40	49	77	82	
32	28
0	3	5	6	11	15	18	19	22	23	24	25	26	27	28	30	31	32	34	35	36	38	40	42	53	61	77	82	
28	24
0	3	5	6	8	11	12	15	16	19	21	22	24	28	30	34	35	36	40	41	69	77	82	89	
30	26
0	3	5	6	7	15	18	19	22	23	26	28	29	30	31	32	34	35	36	38	40	42	48	49	82	89	
34	27
0	3	5	6	7	8	9	10	11	19	21	22	24	28	31	32	35	36	38	41	42	48	50	66	77	89	124	
31	26
0	3	4	5	6	8	11	12	13	15	19	21	22	27	28	31	34	35	36	38	40	48	49	66	77	78	
26	23
0	3	4	5	6	8	11	12	15	18	19	21	22	24	30	31	34	36	38	39	48	49	73	
39	32
0	5	6	7	11	12	13	15	16	19	21	22	24	25	28	29	31	32	33	34	35	36	38	39	40	42	48	49	77	82	89	124	
32	28
0	4	5	6	7	9	10	11	18	19	22	23	25	28	29	30	31	34	35	36	38	39	40	42	61	66	82	89	
32	26
0	3	4	5	6	7	9	10	12	15	19	21	28	29	31	32	34	35	36	38	40	48	66	77	78	124	
31	25
0	5	9	11	12	15	16	19	20	22	28	30	31	34	35	36	38	39	40	41	59	61	66	82	124	
36	29
0	3	5	9	10	11	12	13	15	19	20	21	22	23	24	26	28	31	35	36	38	40	41	48	49	50	70	77	124	
28	24
0	3	4	6	12	15	19	20	21	24	27	28	29	30	31	34	35	36	38	40	48	49	61	89	
31	26
3	5	6	8	12	16	19	20	22	24	26	28	29	30	31	32	34	35	36	38	41	48	49	52	59	82	
35	29
0	3	4	5	7	11	13	18	19	21	22	25	27	28	29	31	34	35	36	38	39	40	41	48	61	66	70	73	89	
36	29
4	5	6	11	14	15	16	19	20	21	22	25	26	27	28	29	35	36	38	40	41	42	48	49	59	61	66	73	77	
32	26
0	3	5	6	7	10	12	14	15	19	20	21	22	25	28	35	36	38	39	40	41	49	66	78	82	124	
36	29
3	4	6	8	10	11	19	21	22	23	25	26	28	29	30	31	34	35	36	38	40	41	49	52	59	61	77	78	82	
38	31
0	3	4	5	6	8	10	11	12	13	19	21	22	25	26	28	29	30	31	32	35	38	39	40	41	42	50	77	78	82	183	
28	25
3	5	6	8	10	11	12	13	15	19	24	25	26	28	31	32	34	35	36	38	39	41	49	53	59	
38	31
0	3	4	5	6	7	11	12	13	19	22	23	26	27	28	29	30	31	34	35	36	38	39	40	41	48	50	66	69	70	124	
36	27
0	3	4	6	11	19	20	21	22	24	26	28	29	30	35	36	39	40	42	48	49	70	77	79	82	89	124	
28	23
0	3	8	10	11	13	18	19	21	22	28	31	32	34	35	36	38	40	42	66	77	82	124	
35	28
0	3	4	5	6	11	15	19	21	25	26	28	29	30	31	32	35	36	38	39	41	42	49	69	73	82	89	124	
24	22
0	3	6	12	15	18	19	20	21	22	25	28	29	30	31	34	38	39	40	42	59	61	
29	23
3	4	5	6	11	12	19	22	23	24	26	29	30	31	35	36	38	39	48	49	69	82	124	
47	37
0	3	4	5	6	7	8	9	11	12	13	14	18	21	22	23	24	25	27	28	29	30	31	32	35	36	38	42	48	61	66	70	77	78	79	82	124	
29	26
0	3	4	5	6	9	13	18	19	21	22	25	26	27	28	29	30	31	32	34	35	38	42	73	82	89	
33	29
0	3	4	5	6	7	8	9	11	13	14	15	19	21	22	24	25	26	28	30	35	36	38	39	40	48	52	73	78	
27	24
0	4	5	6	7	10	11	16	19	21	22	23	25	29	34	35	36	38	40	41	42	49	77	82	
29	25
0	3	4	5	6	11	12	15	19	21	22	24	25	28	29	30	34	35	36	38	41	42	49	53	124	
30	25
0	3	4	6	7	10	11	15	18	19	21	23	26	28	29	30	31	32	40	42	52	53	61	78	82	
39	31
0	3	5	6	8	9	10	12	13	19	20	22	26	28	29	30	31	32	34	35	38	39	40	41	49	52	70	73	77	82	124	
30	25
0	3	4	5	12	13	18	19	21	22	24	27	28	29	30	31	35	38	40	41	49	59	69	78	82	
39	33
3	4	5	6	7	8	10	14	15	19	21	22	23	25	26	28	29	30	32	34	35	36	38	39	40	41	42	48	61	73	77	78	82	
30	25
0	3	4	5	6	7	8	10	11	12	22	28	29	32	34	35	36	38	39	42	48	49	53	77	82	
26	23
3	4	6	8	15	19	21	22	23	25	26	28	29	30	32	34	36	38	40	42	49	52	89	
36	29
0	4	5	6	8	9	11	13	15	19	21	22	24	25	26	28	29	30	34	35	36	38	41	48	49	50	61	66	124	
32	24
0	3	8	11	19	20	21	23	27	28	29	31	35	36	38	39	46	48	59	61	66	77	78	82	
32	27
0	3	4	5	6	7	11	12	19	20	21	22	28	29	30	32	34	35	36	38	40	42	48	66	73	78	82	
35	27
0	3	4	5	6	11	12	22	25	27	28	30	31	32	34	36	38	39	42	48	49	53	61	73	77	82	89	
27	24
0	3	4	5	8	11	13	15	19	21	22	25	26	28	29	30	31	32	34	35	42	49	77	82	
25	21
0	3	5	8	9	11	15	20	21	22	25	28	31	32	35	38	39	41	73	82	124	
34	27
0	3	4	5	8	11	16	18	19	21	22	24	25	26	28	30	35	36	39	41	48	61	66	69	77	82	89	
27	22
0	4	5	9	10	15	21	22	26	28	30	31	34	35	36	38	39	48	49	69	77	82	
34	28
0	3	4	5	6	8	11	12	15	19	21	22	24	25	28	29	30	34	36	38	39	40	46	48	49	53	61	82	
35	29
0	3	5	8	9	10	11	15	18	19	21	22	24	25	26	28	29	34	35	36	38	40	41	49	50	59	73	77	82	
32	28
0	3	4	5	6	7	8	11	15	19	21	22	23	24	28	29	30	31	32	35	36	38	39	40	66	77	82	89	
33	27
0	3	4	10	11	12	15	18	19	21	22	24	26	28	31	32	34	36	38	39	40	42	49	66	78	82	124	
36	30
3	5	10	11	12	18	19	21	22	24	25	26	27	28	29	31	32	33	34	35	36	38	39	40	42	48	61	66	77	124	
33	26
0	3	4	5	6	8	9	11	12	18	19	22	26	28	29	30	31	36	38	40	49	52	70	77	89	124	
33	27
0	3	5	9	11	12	14	15	18	20	21	22	25	28	29	31	35	36	38	40	41	42	59	61	73	77	124	
39	32
0	3	4	5	6	7	8	15	16	19	20	21	22	25	26	29	30	32	34	35	36	38	39	40	41	42	49	50	73	78	82	124	
34	30
0	3	4	7	8	11	12	19	21	22	25	26	28	29	30	31	32	33	34	35	36	38	39	40	41	42	48	61	77	89	
32	26
0	3	5	6	7	8	9	10	15	19	22	25	28	29	30	31	32	34	36	38	46	61	66	70	77	82	
32	29
0	3	4	5	8	9	11	13	19	21	22	23	25	26	27	28	29	31	32	33	34	35	36	38	39	40	61	66	82	
32	28
0	3	4	5	6	9	11	12	14	15	21	22	24	26	27	28	29	30	35	38	39	40	41	42	48	49	52	61	
25	22
0	3	4	5	6	7	11	12	13	15	19	21	22	28	29	34	36	38	40	46	49	70	
22	20
0	5	6	8	10	11	13	19	21	26	28	29	30	35	36	38	39	40	49	59	
31	26
0	3	5	6	7	8	11	12	19	21	22	25	26	28	30	31	34	36	38	40	41	50	61	69	77	82	
30	26
0	3	4	5	6	7	11	12	15	18	19	20	21	22	23	25	28	29	31	34	38	39	48	49	61	82	
31	25
0	6	7	10	11	12	14	15	19	21	22	28	31	32	35	36	38	39	40	49	61	66	77	78	82	
29	26
3	5	6	11	15	19	22	25	26	27	28	29	30	31	32	34	35	36	38	39	40	41	42	61	77	89	
33	24
0	3	5	6	11	19	22	28	29	30	31	36	38	40	41	42	48	52	53	73	78	82	89	124	
27	24
4	5	6	7	8	9	10	11	15	21	22	28	29	30	31	32	35	36	38	39	40	48	66	82	
28	22
0	3	5	11	15	18	19	22	24	26	28	29	32	35	36	38	46	48	53	61	66	82	
27	24
0	3	4	6	8	12	16	21	22	25	26	27	28	29	30	32	33	35	36	38	40	48	70	82	
31	26
0	3	5	6	11	13	15	19	21	22	25	27	28	29	30	31	32	34	36	38	40	41	61	78	89	124	
29	24
0	3	5	6	8	10	11	12	13	19	21	24	28	29	30	34	35	38	40	52	53	61	66	69	
30	25
3	4	5	8	11	15	19	20	21	22	28	29	30	31	32	34	35	38	40	42	59	61	66	73	82	
29	24
0	3	5	8	11	13	15	19	21	22	24	25	26	28	29	30	31	36	38	49	52	69	73	82	
27	24
0	3	4	6	11	15	18	19	20	21	22	26	28	30	32	34	36	38	40	41	42	49	61	82	
38	32
0	3	4	5	6	7	8	11	18	19	21	22	23	24	25	26	28	29	31	32	34	35	36	38	40	41	49	50	61	73	82	89	
29	23
0	3	5	6	10	12	13	18	19	22	25	28	29	30	38	39	40	42	61	69	70	89	124	
27	24
0	3	5	6	10	11	15	19	20	21	22	25	26	27	28	30	33	35	36	38	40	46	61	66	
34	29
3	5	8	9	11	12	13	15	16	19	21	22	24	26	28	29	30	32	34	35	36	38	40	41	46	48	61	79	89	
23	21
0	3	4	5	11	12	13	15	19	20	21	22	28	29	31	35	38	40	42	61	82	
28	23
0	4	5	6	10	11	12	15	19	22	23	28	29	30	32	38	39	40	48	49	53	78	89	
33	29
0	3	4	5	6	13	15	18	19	20	21	22	24	25	26	27	28	30	31	34	36	38	39	40	42	59	61	82	89	
32	26
0	3	4	5	10	11	13	15	22	23	28	29	30	31	34	35	36	38	40	41	42	49	61	73	89	124	
35	27
0	3	4	5	6	8	11	13	16	19	25	28	29	30	32	34	35	36	38	41	49	50	53	70	73	82	124	
34	27
0	3	5	6	8	10	11	15	19	21	22	24	25	27	28	29	33	38	40	41	46	48	49	61	73	77	82	
42	33
0	3	4	5	6	11	12	15	18	19	20	21	24	27	28	29	30	31	34	35	36	38	39	40	41	49	50	61	66	73	77	78	124	
37	31
0	3	4	5	6	7	8	11	15	19	20	21	22	23	27	28	30	31	32	34	35	38	40	41	42	48	49	61	73	82	89	
36	28
0	3	5	8	11	15	18	19	21	22	25	28	29	30	31	32	35	38	39	41	42	49	50	73	78	82	89	124	
30	27
0	3	4	5	6	8	11	12	13	14	19	21	25	28	29	30	31	34	35	38	39	40	41	42	49	77	89	
32	27
3	4	6	10	11	12	13	15	18	19	22	23	25	26	28	30	31	34	35	38	39	40	48	61	66	82	89	
29	24
3	4	5	10	11	15	19	21	22	24	28	31	34	35	36	38	39	40	41	42	49	59	73	124	
30	25
0	3	4	6	8	11	12	13	15	21	22	25	28	31	34	36	38	40	41	42	48	49	73	82	89	
34	29
0	3	5	7	8	9	11	12	15	18	19	21	22	24	25	28	29	30	31	35	36	38	40	42	49	52	77	79	82	
34	27
3	5	6	7	10	11	13	15	19	20	22	23	26	27	28	30	31	32	35	38	40	48	49	61	70	82	124	
30	27
3	4	5	6	7	10	11	12	15	19	20	22	25	26	28	30	32	34	35	38	39	40	41	42	53	73	82	
32	27
0	3	4	5	6	7	8	15	18	19	21	22	24	25	28	30	32	34	36	38	39	40	50	52	59	73	77	
27	24
0	4	5	6	7	13	15	19	22	25	26	27	28	29	31	32	35	36	38	39	40	48	59	69	
30	26
0	4	5	6	7	8	11	12	13	18	19	22	25	26	28	29	31	34	38	39	41	42	49	53	66	77	
32	27
0	3	5	6	8	11	12	16	19	20	22	23	25	26	28	29	30	31	34	35	38	40	59	61	66	77	82	
45	36
0	3	4	5	6	8	9	10	11	12	13	19	22	23	24	25	26	28	29	30	31	32	34	36	38	40	41	42	46	48	52	53	73	77	82	124	
27	21
0	3	4	5	7	11	19	22	26	28	30	31	32	35	38	39	46	49	78	82	124	
35	27
0	3	4	5	6	8	11	12	15	20	21	22	29	30	32	34	35	36	38	39	48	49	50	52	66	82	124	
21	19
3	5	10	11	12	15	19	21	22	25	28	29	30	34	35	38	40	49	73	
35	29
3	4	5	6	8	11	15	19	21	22	26	27	28	29	30	31	32	34	36	38	39	40	42	49	52	73	77	82	89	
33	24
0	4	5	7	9	11	15	16	19	20	22	29	30	34	38	40	48	59	61	66	69	73	82	124	
34	25
3	4	5	7	8	11	19	21	26	27	28	30	31	34	35	38	40	49	52	53	70	73	77	78	124	
25	22
0	3	5	6	11	15	19	22	23	26	28	29	30	31	34	35	36	38	40	46	77	82	
20	20
0	3	5	6	11	15	19	21	22	24	28	30	32	34	35	36	38	39	40	42	
33	27
0	3	4	5	6	8	11	12	13	19	22	26	28	29	30	31	32	34	35	39	40	49	53	73	77	82	89	
32	28
0	3	4	5	6	10	11	12	18	19	21	22	24	25	27	28	29	30	31	35	36	38	40	42	48	49	59	82	
32	27
3	5	6	7	8	11	12	13	15	19	20	21	22	23	26	28	30	32	35	36	38	42	46	52	66	70	77	
30	26
3	5	6	7	10	11	13	15	19	21	22	26	27	28	29	31	32	34	36	38	40	42	49	59	61	89	
31	28
0	3	4	5	9	10	11	13	15	18	19	20	21	22	27	28	29	30	35	36	38	39	40	41	42	48	73	89	
34	30
0	3	4	5	6	7	10	11	12	13	15	18	19	21	22	25	28	29	31	32	34	35	36	38	41	42	59	61	70	82	
36	31
0	3	4	5	6	8	10	11	12	14	15	18	19	20	21	22	26	27	28	30	34	35	36	38	40	42	48	50	66	77	82	
33	29
0	3	4	5	8	10	11	13	16	18	20	21	22	24	26	28	29	30	31	34	35	36	38	39	42	48	61	73	77	
28	24
0	3	5	6	7	8	11	12	19	20	21	22	25	26	28	29	31	32	38	39	53	59	70	73	
35	28
0	3	4	5	11	13	15	16	19	22	23	28	29	30	31	34	38	39	40	41	42	49	50	52	53	59	82	89	
28	24
0	3	5	6	7	11	12	13	15	16	19	21	22	26	27	28	29	30	34	40	59	61	73	82	
30	23
0	3	4	5	11	15	18	19	21	22	25	28	29	30	36	38	40	48	49	53	61	82	124	
31	27
0	3	5	7	8	10	11	13	15	18	20	21	22	23	28	34	35	36	38	39	40	41	42	50	61	77	82	
35	27
0	5	11	12	18	19	20	21	22	23	26	28	29	30	34	35	38	40	41	42	48	49	73	77	78	82	124	
38	31
0	3	4	5	11	16	19	20	21	22	24	26	27	28	30	31	32	34	35	36	38	39	40	41	46	48	49	66	73	77	78	
29	23
0	3	4	5	6	11	14	19	21	22	24	25	26	28	30	31	38	41	49	61	73	82	124	
29	26
3	4	5	6	9	11	19	21	22	23	25	26	27	28	29	30	31	34	36	38	39	40	42	61	66	89	
34	28
0	3	4	6	10	11	12	15	19	21	22	23	28	29	31	34	35	36	38	39	40	41	49	61	66	70	73	77	
37	31
3	4	5	6	7	8	11	14	15	18	20	21	26	27	28	29	30	31	32	34	35	36	38	39	41	49	59	77	78	82	89	
36	30
4	5	6	7	8	11	12	13	14	15	19	21	22	24	28	29	30	31	35	36	38	39	40	41	48	49	66	78	82	89	
30	25
0	3	5	7	9	10	11	12	13	19	21	22	28	29	30	34	35	36	38	40	52	70	77	82	89	
27	23
0	3	5	6	8	11	15	19	21	22	27	28	29	31	35	36	38	40	42	49	61	66	82	
33	25
0	3	4	5	10	11	19	21	22	25	26	28	30	33	34	36	38	40	49	61	70	77	82	89	124	
24	22
0	3	4	5	11	15	16	19	21	22	24	28	29	31	34	35	36	38	39	41	49	77	
36	27
0	3	4	5	6	11	13	19	22	26	28	29	30	31	34	35	38	40	42	48	49	52	66	77	78	89	124	
33	27
0	5	6	7	8	11	12	15	18	21	22	29	31	32	34	35	38	39	40	41	42	48	49	59	61	69	89	
32	24
3	4	5	15	18	19	22	28	29	30	31	34	35	36	38	40	49	52	59	61	69	73	77	89	
23	21
0	3	4	5	7	12	15	18	19	24	25	28	31	34	35	36	38	40	42	59	73	
38	31
3	4	5	6	7	11	12	13	15	19	21	22	23	26	27	28	30	32	34	35	36	38	39	40	42	49	53	61	77	82	124	
32	27
3	4	5	7	8	9	10	11	12	15	18	19	21	23	26	28	29	30	31	34	40	41	49	50	66	82	89	
37	28
0	3	4	5	6	9	11	13	15	19	21	22	24	28	29	30	34	35	38	40	49	61	66	73	77	78	82	124	
28	24
0	3	4	5	6	8	10	19	20	21	22	28	29	30	31	32	35	38	41	42	48	70	77	82	
34	26
0	3	4	5	6	11	12	13	18	19	21	22	26	28	31	34	38	40	42	48	49	61	73	77	89	124	
38	30
0	3	4	5	7	8	10	11	19	21	22	25	27	28	29	32	33	34	35	36	38	40	42	48	49	50	61	70	77	124	
24	22
0	3	5	6	10	11	12	15	20	21	22	28	30	32	34	35	36	38	39	40	48	73	
30	24
0	3	4	5	11	13	15	19	21	22	23	28	29	31	34	35	38	41	66	70	77	78	82	89	
32	27
0	3	4	6	7	11	15	18	19	22	25	26	27	28	29	30	31	35	36	38	39	40	48	61	66	73	89	
32	27
3	5	6	10	11	14	15	18	19	22	25	26	28	29	31	33	34	35	38	40	41	42	49	50	52	53	70	
28	25
0	3	4	6	8	11	12	15	19	20	21	22	28	29	30	32	34	35	36	38	39	40	48	49	77	
37	29
0	4	5	8	11	12	13	15	19	26	27	28	29	30	32	34	35	36	38	39	40	49	59	66	70	73	77	82	89	
27	23
0	3	5	8	11	13	15	18	19	20	21	22	25	27	28	29	34	36	42	52	61	66	73	
25	23
3	4	5	6	11	12	15	16	19	21	22	23	24	25	28	32	36	38	40	41	42	50	82	
32	26
0	3	4	5	6	8	11	19	21	22	26	28	29	31	34	35	36	38	39	40	49	50	53	66	77	82	
30	26
0	3	4	6	9	11	12	13	19	22	23	24	26	27	28	30	34	35	36	38	40	41	49	61	66	82	
27	24
0	3	4	5	6	11	12	19	21	22	26	28	30	31	32	34	38	39	40	41	42	48	73	82	
27	25
3	4	5	8	11	12	14	15	19	21	22	23	24	26	27	28	29	30	31	34	35	36	38	77	89	
29	26
0	3	4	5	6	11	15	16	18	19	22	23	26	27	28	30	31	34	35	36	38	40	42	61	77	89	
37	28
0	3	4	6	8	9	10	11	19	21	22	26	27	28	29	31	35	36	38	40	52	61	69	73	77	82	89	124	
32	28
0	3	4	6	11	12	13	15	16	18	19	21	22	23	26	28	29	30	31	35	38	39	40	42	61	73	77	82	
30	23
0	4	5	6	11	15	20	21	22	28	30	31	35	36	38	39	40	48	49	61	66	73	124	
39	34
0	3	4	5	6	7	10	11	13	16	18	19	20	22	24	26	27	28	29	30	31	33	34	35	36	38	40	41	42	49	59	61	73	82	
32	27
0	3	4	5	8	9	14	19	21	22	24	26	28	29	30	31	32	35	36	38	40	42	48	53	61	79	82	
38	29
3	4	5	6	7	8	10	11	12	15	19	21	28	29	31	34	35	36	38	39	40	46	49	50	59	69	77	82	124	
32	27
0	3	5	8	11	12	13	16	19	22	24	26	28	29	30	32	33	34	36	38	39	40	48	49	66	77	82	
32	26
0	4	5	6	10	11	14	15	19	21	22	24	28	29	30	34	35	36	38	41	49	61	77	78	82	89	
31	27
0	3	5	8	11	13	16	19	21	22	23	24	25	27	28	30	31	32	34	36	38	39	40	41	77	82	124	
32	27
0	4	5	6	8	11	16	18	19	21	22	26	28	29	30	31	34	36	38	39	40	41	46	49	61	70	77	
43	33
0	3	4	5	6	7	11	13	19	21	22	24	26	27	28	29	30	31	34	35	38	40	41	42	49	59	66	73	77	79	82	89	124	
31	27
0	3	5	11	12	16	18	19	22	23	24	25	28	29	30	31	33	34	36	38	39	40	42	49	61	66	69	
28	24
0	3	6	12	14	19	22	25	26	27	28	29	34	35	36	38	39	40	41	42	49	66	70	82	
30	25
0	3	4	5	6	11	15	19	22	23	25	26	27	28	30	31	36	38	39	42	49	66	73	77	89	
34	29
0	5	6	9	11	14	15	18	20	21	22	23	26	27	28	29	32	35	36	38	39	40	41	42	49	50	61	78	82	
38	31
0	3	4	5	8	12	14	18	19	21	22	24	25	27	28	29	30	32	33	34	35	38	40	41	48	49	53	59	66	73	82	
35	28
0	3	4	5	6	8	10	11	15	18	19	21	22	24	26	28	29	30	34	38	40	41	46	49	70	82	89	124	
39	29
0	3	6	8	10	11	12	21	22	25	28	30	32	33	36	38	39	40	41	42	46	48	49	59	61	73	78	82	124	
32	25
0	8	10	11	12	18	19	21	22	24	26	28	29	30	36	38	40	42	48	49	52	66	69	73	89	
29	25
0	4	5	6	7	10	11	15	19	21	22	25	26	28	29	30	34	35	36	38	39	59	70	73	82	
27	23
0	3	4	5	6	8	11	15	18	19	22	25	28	30	31	34	38	40	41	49	53	66	82	
29	24
0	3	5	10	11	13	15	18	19	20	21	22	28	29	32	34	36	38	41	49	59	61	70	82	
35	30
0	3	4	5	6	11	13	15	19	20	21	22	24	25	26	28	29	30	32	35	36	38	39	40	42	49	66	70	82	89	
38	30
0	6	7	14	15	19	20	21	22	23	26	27	28	29	30	32	33	35	36	38	40	42	48	53	59	61	69	70	79	89	
32	25
0	3	5	6	11	13	15	19	20	21	22	28	30	31	32	35	36	38	40	48	49	52	61	89	124	
24	22
0	3	5	6	7	10	11	19	21	22	23	25	26	30	31	34	35	36	38	40	49	61	
29	25
0	3	4	5	6	8	11	12	15	19	22	25	28	30	31	32	35	38	39	40	42	61	66	69	73	
28	23
0	3	4	6	7	8	11	15	18	19	22	23	25	28	31	34	36	38	48	52	61	66	69	
32	26
3	4	7	8	11	12	13	16	19	20	21	22	28	29	32	34	35	36	38	39	40	46	49	77	89	124	
28	22
0	3	6	11	15	19	20	21	26	28	30	31	32	35	38	39	40	61	73	77	78	124	
37	28
3	4	5	6	8	19	20	21	22	26	27	28	29	30	32	34	36	38	39	40	48	49	52	70	73	79	89	124	
38	30
0	3	5	10	12	15	18	19	20	21	23	24	25	27	28	30	31	34	35	38	39	40	42	48	53	73	77	79	82	124	
38	31
0	3	4	5	6	8	10	11	12	13	15	19	21	22	23	25	27	28	29	30	31	38	39	40	42	59	61	66	73	77	124	
28	25
0	3	5	6	8	11	15	18	19	21	22	23	25	28	29	31	32	34	35	38	39	42	48	49	77	
25	22
0	4	5	6	8	11	12	19	22	26	27	28	34	35	36	38	39	40	42	50	70	82	
30	25
3	4	5	6	11	12	14	19	21	22	28	29	30	34	36	38	39	40	41	42	49	53	77	82	89	
35	29
0	3	5	6	10	11	12	13	15	18	19	21	22	25	26	28	29	33	35	36	38	40	41	42	50	59	66	77	124	
37	30
0	3	5	6	11	19	22	24	25	27	28	29	30	31	32	33	34	35	36	38	40	41	42	49	50	52	66	70	77	82	
41	32
0	3	4	6	7	8	9	13	15	19	22	24	28	29	30	31	32	34	35	36	38	39	40	42	48	49	61	69	73	77	82	124	
24	22
0	3	4	5	6	11	12	19	21	22	26	28	29	30	31	35	36	38	39	40	53	82	
38	33
0	5	6	7	9	10	11	12	13	15	19	20	21	22	24	25	26	27	28	30	31	32	34	35	36	38	40	42	46	48	73	79	82	
29	25
3	5	9	10	11	12	13	19	21	22	23	25	26	28	29	30	31	34	35	39	40	49	52	73	82	
32	27
4	5	6	8	9	12	15	18	19	21	22	25	28	29	31	34	35	36	38	39	40	41	48	49	52	69	77	
32	27
0	3	5	6	7	8	11	12	19	21	22	27	28	29	30	31	34	35	38	39	40	42	49	61	73	82	89	
32	27
0	3	4	5	6	7	9	10	11	19	22	26	27	28	29	30	31	32	33	34	35	38	61	66	77	78	82	
30	26
0	3	5	8	11	12	15	19	20	21	22	24	26	28	29	31	32	34	35	38	39	42	48	52	61	77	
39	30
0	3	5	6	11	13	15	18	19	22	26	27	28	30	32	34	35	38	39	40	41	42	46	49	70	78	79	82	89	124	
37	29
0	3	4	5	7	8	9	10	15	18	22	25	28	29	30	34	35	36	38	39	40	41	48	59	69	77	78	82	124	
33	27
0	3	4	5	7	8	11	12	13	15	19	21	22	28	32	34	35	36	38	40	41	42	48	61	66	73	124	
31	27
3	4	5	6	7	8	10	12	13	15	19	20	21	22	26	28	29	30	33	35	38	39	40	49	61	66	89	
30	25
0	3	4	5	12	18	21	22	23	26	27	28	30	31	32	34	35	38	40	42	48	50	59	70	77	
39	33
0	4	5	6	8	10	11	12	14	15	19	20	21	22	23	24	25	26	27	28	29	32	34	35	36	38	40	41	52	73	79	82	124	
38	31
0	4	5	6	7	8	10	11	13	15	19	20	21	22	26	29	30	31	34	35	36	38	39	40	41	48	49	66	77	89	124	
32	28
0	3	5	6	11	12	13	14	15	16	18	19	22	23	27	28	30	31	34	36	38	40	41	42	48	49	52	69	
30	25
0	4	5	6	11	12	15	19	22	25	28	30	32	34	35	36	38	39	40	42	46	49	61	69	78	
29	25
0	3	4	5	6	10	15	19	21	22	27	28	29	30	32	34	35	36	38	39	40	50	61	66	78	
31	24
0	3	4	5	9	11	12	13	15	21	22	25	26	28	34	38	40	48	49	53	61	73	78	82	
36	29
0	3	4	5	6	10	11	15	19	21	22	25	27	28	29	30	35	36	38	39	40	42	46	48	49	59	66	73	89	
28	26
0	3	5	10	11	12	14	15	19	20	21	22	23	25	26	27	28	29	31	34	35	38	39	40	77	82	
31	25
4	5	6	7	11	13	19	21	22	25	26	28	29	34	35	38	39	41	42	48	49	52	61	82	89	
28	24
0	3	4	5	11	12	15	21	22	24	27	28	31	32	36	38	39	40	41	42	48	66	82	89	
29	25
0	3	5	7	19	20	21	22	25	28	29	30	31	32	34	35	36	38	39	40	41	48	49	66	73	
37	29
0	3	4	6	9	11	12	13	16	18	19	22	25	28	29	30	32	34	35	36	38	49	61	66	70	73	77	82	89	
21	21
0	3	6	7	8	9	11	15	16	19	22	27	28	30	32	34	35	36	38	39	42	
35	27
0	3	4	5	6	11	12	13	19	20	21	22	25	27	28	31	35	36	38	40	48	49	53	59	73	89	124	
29	25
3	4	5	6	7	8	12	18	19	21	22	28	29	30	31	34	36	38	39	41	42	48	66	73	77	
33	26
0	5	6	11	12	13	15	19	22	23	25	28	29	30	31	34	35	36	38	40	46	49	70	77	89	124	
41	32
3	5	6	11	12	13	14	15	19	20	21	22	23	25	27	28	29	30	34	35	38	39	40	48	49	50	52	53	61	69	77	82	
36	28
0	3	4	5	9	11	12	14	18	19	22	23	24	25	27	29	31	35	36	38	42	48	49	50	66	77	82	124	
33	29
0	3	5	6	8	9	10	11	13	15	18	19	20	21	23	27	28	29	30	31	36	38	39	40	41	42	61	89	124	
37	29
0	3	5	6	7	10	11	12	13	15	21	22	26	28	29	30	31	32	34	35	36	38	40	48	69	77	78	82	183	
29	23
3	5	11	12	15	16	19	22	23	28	30	31	32	35	36	38	39	40	48	61	78	89	124	
45	34
0	3	5	6	8	9	10	11	12	19	20	22	25	28	29	31	34	35	36	38	39	40	41	42	48	49	59	61	66	73	77	82	89	124	
26	23
3	4	5	6	7	8	13	18	19	20	22	24	26	28	31	33	35	36	38	40	41	82	124	
34	28
0	3	5	7	8	10	11	12	19	21	26	28	29	30	32	34	35	36	38	40	41	42	48	66	69	73	82	89	
30	27
0	3	5	8	9	10	11	14	15	19	21	22	24	25	26	28	29	30	31	34	35	38	39	42	52	73	77	
29	24
0	3	5	6	7	11	14	19	20	22	23	28	29	30	36	38	40	41	42	50	66	73	77	89	
32	26
0	3	4	5	6	8	10	11	12	18	19	21	22	27	28	34	36	38	39	40	41	48	49	73	82	124	
31	24
0	3	4	5	11	19	21	22	25	28	29	30	31	34	35	36	39	42	49	61	66	77	82	124	
31	26
0	3	6	7	15	19	21	22	23	24	25	28	29	30	31	33	34	38	39	40	41	48	61	73	77	82	
30	26
0	3	4	6	7	10	11	15	19	21	22	26	28	29	30	31	32	35	36	38	41	42	61	66	73	89	
36	27
0	3	4	5	6	11	12	19	22	28	30	31	34	35	36	38	39	41	42	49	50	52	53	61	69	82	124	
35	29
0	4	5	6	8	11	13	15	18	19	21	22	25	27	28	29	30	32	34	35	38	39	41	48	49	61	73	77	82	
33	28
0	3	4	6	7	12	15	16	18	19	20	21	22	26	27	28	31	35	38	39	40	41	42	46	48	59	66	78	
30	25
3	5	8	11	12	18	19	21	22	23	27	28	30	34	35	36	38	39	40	42	48	61	66	77	82	
31	27
0	3	5	6	8	9	11	13	14	18	19	21	22	25	28	29	30	33	34	36	38	40	41	49	61	77	82	
26	22
0	3	4	5	11	15	19	21	22	26	28	30	32	34	35	38	39	40	42	49	82	124	
27	23
0	3	5	6	11	18	19	21	22	28	29	30	31	35	36	38	39	40	42	49	61	73	82	
27	24
0	3	4	5	6	10	11	12	13	19	21	22	28	29	31	32	34	35	36	38	41	61	78	82	
31	26
0	4	5	6	9	11	12	15	18	19	20	22	25	30	31	34	35	36	38	39	40	49	53	70	79	82	
26	23
3	4	5	6	8	11	13	19	21	22	26	28	29	33	34	35	36	38	39	40	49	50	82	
32	25
0	3	4	5	10	12	19	20	21	22	25	28	29	30	31	34	35	36	38	48	59	66	70	82	124	
27	23
0	5	8	13	19	21	22	23	25	26	28	29	30	32	33	34	38	39	41	48	66	82	89	
35	29
0	3	4	5	6	7	8	11	12	13	15	19	22	26	28	30	31	33	36	38	39	40	41	49	50	70	73	79	82	
37	31
0	3	4	5	6	7	9	11	12	13	14	21	22	23	24	26	28	29	30	34	35	36	38	39	40	49	61	66	77	82	89	
36	28
0	5	6	7	10	13	14	15	18	19	21	22	23	25	26	28	30	31	36	38	41	49	69	70	73	77	82	124	
33	26
3	4	5	6	7	8	11	13	22	25	26	27	28	31	36	38	39	40	42	48	49	50	73	77	82	89	
30	24
0	3	5	6	10	11	15	19	21	22	23	25	26	28	29	30	31	36	40	49	52	61	82	124	
26	22
0	3	4	5	11	12	13	19	21	22	26	28	29	30	31	35	38	42	69	73	77	89	
33	29
0	3	4	5	6	11	12	15	16	19	20	21	22	25	26	27	28	29	30	31	34	38	40	41	42	48	59	61	77	
30	26
0	3	4	5	6	8	10	11	18	19	21	22	25	26	28	29	30	31	32	35	38	39	48	50	59	77	
29	24
3	5	6	9	11	12	13	19	20	21	22	28	31	34	36	38	39	40	42	49	52	77	82	89	
33	27
0	4	5	6	7	11	12	15	19	20	21	22	28	29	30	31	32	35	36	38	40	41	46	48	73	77	124	
36	29
0	3	5	10	11	12	15	16	19	21	22	23	26	28	29	31	32	34	38	40	41	42	48	49	52	53	66	77	82	
40	31
3	4	5	6	7	11	16	19	20	21	22	25	26	28	30	31	32	35	36	38	40	41	42	46	48	49	66	73	77	82	124	
30	26
0	3	4	5	6	7	8	10	11	16	18	19	21	22	23	26	27	28	29	31	34	35	49	73	77	82	
32	26
3	4	5	6	8	11	12	15	19	21	22	23	26	28	29	30	34	38	39	41	49	52	53	66	77	89	
37	31
0	3	5	6	7	9	10	11	15	19	21	22	26	28	29	30	31	32	34	35	38	39	40	41	42	48	49	50	77	82	89	
31	25
0	3	4	5	11	15	21	22	27	28	29	30	34	35	36	38	40	41	42	48	66	69	78	79	82	
35	29
0	3	5	6	11	12	15	18	20	21	22	23	24	26	28	29	30	32	34	35	38	40	41	42	50	66	77	78	124	
32	25
3	4	5	11	13	15	16	19	22	25	28	30	31	34	35	38	40	42	50	53	61	69	70	73	77	
30	26
0	3	4	5	6	8	9	11	12	13	19	21	22	25	28	29	31	32	35	36	38	40	49	66	82	89	
29	24
0	3	5	6	7	8	9	15	18	19	22	23	25	31	32	35	36	38	40	46	48	49	77	89	
28	25
0	3	5	6	8	10	11	13	15	19	20	21	22	23	25	27	28	34	35	36	38	40	49	50	73	
40	31
0	3	5	7	11	12	15	16	19	21	22	26	28	30	31	32	34	35	36	38	39	40	41	48	49	69	73	77	79	82	124	
22	20
3	4	5	10	11	14	15	19	21	27	28	29	30	32	35	36	38	40	49	70	
40	31
0	3	5	6	8	9	10	11	13	18	19	23	24	28	30	31	33	34	36	38	40	41	48	49	50	59	61	66	69	70	82	
34	28
0	3	5	6	7	11	12	19	20	21	22	25	26	28	29	30	32	34	35	36	38	39	42	48	61	73	82	124	
26	22
0	3	6	8	11	12	19	21	22	24	28	29	32	33	35	36	38	39	40	48	89	124	
30	27
0	3	4	5	6	8	11	12	15	19	21	23	24	25	26	29	30	31	32	33	34	35	38	40	66	70	77	
31	27
0	3	5	6	11	15	16	18	19	22	23	25	26	28	29	30	32	34	35	38	39	40	41	48	52	69	73	
31	26
0	3	4	5	6	8	11	18	19	21	24	25	28	29	30	31	33	35	36	39	40	46	49	77	79	82	
31	24
3	4	5	6	10	11	18	19	22	25	26	28	30	34	36	38	40	41	48	49	52	69	70	124	
30	27
0	3	5	6	12	13	15	18	19	21	22	26	27	28	29	30	31	32	34	35	38	39	40	41	48	70	89	
33	25
3	7	10	11	12	19	21	22	23	24	25	28	29	34	35	36	38	42	49	50	59	66	82	89	124	
34	30
0	3	5	6	8	10	11	12	14	15	19	21	22	23	24	25	26	28	29	30	31	32	34	36	38	39	48	49	61	73	
33	27
0	5	6	11	12	15	19	21	22	23	24	28	29	30	33	34	35	36	39	40	41	48	52	73	77	82	89	
32	25
3	4	5	6	9	11	19	20	22	25	26	27	28	30	31	34	36	39	40	49	61	69	82	89	124	
26	21
0	3	5	11	12	14	15	19	22	28	29	30	35	36	38	41	46	49	66	73	82	
31	28
0	3	4	5	6	8	11	12	15	19	20	21	22	23	25	26	27	28	29	31	32	35	36	38	42	46	48	82	
33	28
0	5	6	9	10	11	15	19	20	21	22	25	26	28	29	30	32	35	36	38	40	41	42	53	61	73	78	89	
43	35
0	3	4	5	6	8	10	11	12	15	19	20	21	22	23	24	25	26	27	30	31	34	35	36	40	41	42	48	50	61	66	73	77	78	82	
31	27
0	3	5	6	7	10	11	12	16	18	19	21	22	25	26	28	29	35	38	39	40	41	42	46	49	66	73	
31	27
3	4	5	6	8	13	14	15	16	19	21	22	26	28	29	30	31	35	36	38	39	40	42	61	69	77	82	
37	31
0	3	4	5	6	7	8	11	13	16	19	20	21	22	26	28	29	31	32	35	36	38	39	40	42	48	52	53	69	73	82	
25	25
0	3	4	5	6	11	15	19	20	21	22	23	25	26	28	29	30	31	34	35	36	38	40	41	42	
33	30
0	3	4	5	6	8	9	10	11	12	13	15	19	21	28	29	30	31	32	34	35	36	38	39	40	41	42	48	52	82	
30	25
0	3	5	6	8	11	12	19	20	21	22	26	28	29	31	32	35	38	39	41	66	73	77	78	82	
38	29
0	3	6	8	10	11	13	15	19	21	22	27	28	30	31	34	35	38	39	40	42	48	49	52	69	70	77	82	124	
32	27
0	3	4	6	11	12	15	19	21	22	23	24	26	28	29	30	36	38	39	40	41	42	49	61	73	78	82	
34	27
0	3	4	5	6	11	12	13	19	21	22	26	27	28	30	31	35	36	38	40	41	48	61	69	70	89	124	
31	25
0	3	5	7	12	18	19	20	21	22	26	28	30	32	34	35	36	38	39	40	59	77	82	89	124	
29	24
0	3	4	5	6	7	8	11	14	19	21	22	23	26	28	30	31	36	38	40	48	49	73	124	
25	21
3	5	10	11	16	19	20	21	22	24	26	29	34	35	38	39	40	49	50	61	82	
33	25
0	3	5	18	19	21	22	26	27	28	30	31	32	34	35	36	38	39	52	66	77	79	82	89	124	
24	21
0	3	4	5	6	8	11	12	19	21	22	26	32	33	34	35	38	39	66	73	82	
33	29
0	3	4	5	7	8	10	11	12	19	20	21	22	24	25	26	27	28	29	30	32	35	36	38	42	46	66	70	73	
34	28
0	3	4	5	6	10	12	14	15	19	21	22	24	25	28	30	31	35	36	38	39	41	42	59	73	78	82	124	
29	25
0	3	4	5	8	10	11	19	22	25	28	29	30	31	32	35	36	38	39	40	41	48	77	82	89	
34	25
0	3	6	13	16	19	22	23	28	30	34	35	36	38	39	40	41	48	49	61	66	73	77	82	124	
30	25
0	4	5	6	14	15	19	21	23	24	29	30	31	34	35	36	38	39	40	41	46	48	52	66	77	
30	23
0	4	6	7	19	21	22	23	28	31	32	34	38	40	41	42	48	49	52	61	66	82	89	
30	25
0	3	4	5	7	11	13	19	21	26	27	28	30	31	33	35	36	38	39	40	48	69	70	77	82	
29	24
0	3	5	11	12	13	19	20	21	22	25	28	29	30	34	35	38	39	40	49	52	59	73	77	
33	29
0	3	5	6	8	9	11	13	15	16	19	21	22	24	26	28	29	31	32	34	35	36	38	40	42	59	70	82	89	
28	24
0	3	4	5	6	8	10	12	19	21	22	25	29	30	31	32	34	38	40	41	48	59	61	89	
36	29
0	3	5	6	8	10	13	19	21	22	26	28	29	30	31	32	34	36	38	39	40	41	48	49	50	59	66	82	89	
44	34
0	3	5	8	10	11	12	13	15	19	20	21	22	23	25	26	28	29	30	31	34	35	38	39	42	48	52	53	61	70	77	79	82	124	
25	22
0	3	4	6	8	10	11	13	18	19	22	28	31	32	34	35	36	38	39	66	77	78	
30	24
0	3	5	11	13	18	19	22	25	26	28	30	32	34	35	38	39	40	48	53	61	69	73	89	
28	24
0	4	5	6	12	13	15	19	21	22	25	27	28	29	31	32	34	35	38	40	48	49	78	82	
33	25
3	5	6	11	16	19	20	21	22	28	29	30	31	34	36	38	40	41	53	59	61	77	82	89	124	
30	25
0	3	4	5	6	8	19	20	21	22	23	25	28	29	30	32	34	35	38	40	42	59	61	89	124	
35	28
0	3	4	5	10	11	13	14	16	19	21	22	24	25	28	30	31	32	34	35	40	42	53	61	70	73	77	124	
30	26
3	4	5	6	11	13	15	19	21	24	25	28	30	31	32	33	35	36	38	40	41	42	46	49	66	73	
34	28
0	3	4	5	6	10	12	13	15	19	20	21	22	25	26	28	31	33	35	36	38	40	46	49	66	77	82	89	
32	26
3	4	5	6	10	11	19	21	26	28	29	31	32	35	36	38	39	40	41	42	46	49	59	61	77	82	
42	33
0	3	4	5	6	11	15	19	21	22	25	26	27	28	29	30	32	33	34	35	36	38	39	41	48	49	50	53	61	66	70	77	82	
28	24
3	5	6	8	10	12	14	15	19	21	22	24	28	29	32	34	36	39	40	41	48	61	66	70	
27	23
0	3	4	6	7	8	15	19	21	22	23	26	28	31	32	34	35	39	40	49	50	52	82	
30	24
0	3	5	6	12	19	20	21	22	26	27	28	31	32	34	35	38	39	50	52	61	73	82	89	
31	26
0	3	4	5	10	11	19	21	22	24	26	27	28	31	32	34	35	36	38	40	41	42	52	61	77	124	
26	23
0	3	4	5	6	8	11	12	16	19	21	22	26	28	29	30	31	32	33	36	66	82	89	
28	25
0	3	4	5	8	11	13	14	19	21	22	24	25	27	28	29	31	32	38	39	40	42	70	73	82	
23	22
0	3	4	5	7	9	10	11	13	19	21	22	26	28	29	31	34	35	36	38	40	78	
31	25
0	3	4	6	11	13	14	15	21	22	24	25	27	28	29	35	38	40	42	48	50	53	59	66	73	
31	28
0	5	6	8	11	12	13	15	19	20	22	24	25	26	28	29	30	31	34	35	36	38	39	40	41	46	82	89	
30	27
0	3	5	6	11	12	15	18	19	21	22	25	26	28	29	31	32	35	36	38	39	40	41	42	73	77	82	
30	26
0	3	5	6	11	12	13	19	22	24	26	27	28	29	30	31	32	34	38	39	40	42	49	50	66	77	
33	29
0	3	5	6	7	9	10	11	14	15	19	21	23	25	26	27	28	29	30	31	35	36	40	41	42	48	49	77	82	
30	25
0	3	4	6	7	9	12	16	19	20	22	27	28	29	30	32	36	38	39	42	49	69	73	82	89	
30	26
0	3	5	6	8	10	11	12	15	16	19	21	22	26	28	30	31	32	34	36	38	40	48	50	59	66	
26	23
0	4	5	8	11	15	18	19	21	22	24	27	28	31	32	35	36	38	39	42	61	69	73	
29	27
0	4	5	6	7	8	9	11	19	21	22	25	26	28	29	30	32	33	35	36	38	39	40	41	42	48	89	
29	23
0	3	4	5	6	10	11	19	21	22	24	26	28	31	32	34	38	40	49	53	61	70	124	
45	34
4	5	6	8	9	11	12	13	15	19	20	21	22	26	28	30	31	33	34	36	38	39	40	42	46	48	49	50	53	61	70	77	82	124	
38	30
0	3	4	5	6	11	15	18	19	20	21	22	23	28	29	31	35	36	38	39	40	41	42	46	48	49	66	77	82	124	
27	22
0	3	4	5	9	11	19	22	23	26	28	29	30	31	35	38	41	42	48	73	82	124	
28	24
0	3	4	5	6	11	12	19	20	21	22	26	28	31	34	35	36	38	39	40	42	73	89	124	
26	22
0	4	5	8	10	11	12	19	21	22	25	28	29	30	32	36	38	42	48	49	78	79	
35	28
0	3	5	8	12	13	19	21	22	23	25	26	27	28	29	31	32	35	36	38	40	49	66	69	70	79	82	89	
31	27
0	4	5	6	8	11	14	16	19	20	21	22	23	25	28	30	32	34	35	38	40	41	42	48	50	77	82	
40	32
0	3	4	5	6	11	15	19	21	22	24	25	27	28	29	30	31	32	34	35	36	38	40	41	50	52	53	59	61	66	82	89	
26	24
0	3	5	6	7	8	10	11	13	16	18	19	20	21	22	24	26	28	31	36	38	39	50	59	
38	31
0	3	4	5	6	8	9	10	12	15	16	18	19	21	22	24	26	28	31	32	34	36	38	39	41	49	53	59	61	77	124	
41	30
0	4	5	6	10	11	15	19	21	22	23	27	29	30	31	32	34	35	38	39	41	48	59	66	73	77	78	82	89	183	
27	23
0	3	5	6	9	11	12	19	21	22	25	26	28	30	31	35	38	39	42	49	50	78	82	
32	28
0	3	5	6	8	10	11	12	14	15	16	19	21	22	24	28	29	30	31	35	38	39	40	42	48	49	73	82	
26	21
3	5	8	10	11	16	19	20	22	23	28	30	31	36	38	40	50	61	78	82	89	
31	27
0	3	4	5	10	11	12	13	14	19	20	21	22	23	25	29	30	31	32	35	36	38	39	49	77	82	89	
33	29
0	5	6	10	11	13	15	18	19	21	22	23	24	25	26	27	28	30	31	32	34	38	39	40	42	48	61	82	89	
36	29
0	3	4	6	8	10	11	12	18	19	21	22	26	27	28	30	31	34	35	36	38	40	41	52	53	61	77	82	124	
30	25
0	3	4	5	6	9	11	15	19	21	22	26	28	29	30	32	35	38	39	41	48	53	61	77	82	
29	25
0	3	4	5	6	8	11	13	14	19	21	22	26	28	29	31	32	33	34	38	40	49	77	82	89	
34	26
0	3	5	6	8	11	16	19	21	22	25	28	29	31	35	36	38	40	41	46	48	52	61	66	82	124	
27	24
0	3	5	10	11	13	15	19	20	22	25	28	31	34	35	36	38	39	40	41	42	49	70	82	
25	23
0	3	4	5	6	10	11	12	15	18	19	21	26	28	30	31	32	38	39	40	41	48	70	
34	27
0	3	5	6	11	12	19	22	26	28	29	30	31	32	34	35	36	38	40	42	48	49	59	61	66	77	78	
42	32
0	4	5	6	7	8	13	15	18	19	21	22	26	28	29	30	31	36	38	40	41	42	48	49	52	53	59	61	69	70	79	82	
31	24
0	3	4	13	15	19	21	22	28	30	32	34	35	36	38	40	41	42	48	49	61	66	82	124	
39	31
0	3	4	5	6	8	10	11	12	13	15	16	19	21	28	31	32	35	36	38	39	40	42	46	48	49	50	52	61	66	77	
28	27
3	5	6	7	8	9	10	11	12	13	15	19	21	22	23	28	29	30	31	32	35	36	39	40	41	42	49	
44	33
0	3	4	5	6	9	10	12	13	15	19	20	21	22	26	28	29	31	34	35	36	41	48	49	52	66	69	73	77	78	79	82	89	
32	26
0	3	5	6	11	12	13	19	21	22	23	25	28	29	30	34	35	36	38	40	53	59	77	78	82	89	
30	23
0	3	4	5	8	12	15	19	21	28	29	31	32	35	36	38	39	48	50	61	70	82	124	
39	33
0	4	5	6	7	8	9	11	12	15	16	19	22	23	26	27	28	29	30	31	32	34	35	36	38	39	40	48	49	66	77	78	89	
36	28
0	3	4	5	12	15	19	20	21	22	25	28	30	31	32	34	35	38	39	40	48	49	61	66	69	77	82	89	
38	28
0	3	4	6	8	11	12	19	21	22	24	26	27	28	29	31	32	38	40	46	49	50	66	73	77	82	89	124	
33	29
0	3	4	6	8	11	12	13	15	19	20	21	22	25	27	28	29	31	35	36	38	39	40	41	42	48	49	52	69	
34	26
0	3	4	9	11	14	15	20	22	28	29	30	31	34	35	36	38	40	42	48	49	61	66	69	82	124	
27	22
0	4	5	6	8	13	19	21	22	27	28	30	31	35	36	38	40	50	61	70	73	82	
34	28
0	3	5	6	10	11	15	19	20	21	22	24	26	28	29	30	31	34	35	38	39	41	49	50	52	53	73	82	
28	27
0	4	5	6	10	11	12	13	15	16	21	22	23	24	26	28	30	31	32	34	35	36	38	40	41	42	48	
40	32
0	3	4	5	6	8	11	12	15	18	19	20	21	22	24	27	28	29	31	32	35	36	38	39	40	48	49	50	61	82	89	124	
29	24
0	3	4	5	6	11	19	21	22	25	27	28	29	30	34	36	38	39	40	48	50	59	61	77	
29	23
0	3	4	5	7	15	19	22	24	26	28	29	30	35	36	38	42	48	49	59	66	73	82	
34	28
0	3	5	8	10	11	12	15	20	21	22	24	26	27	28	29	31	32	34	38	39	40	42	48	59	77	89	124	
28	24
0	3	5	6	11	12	19	21	22	27	28	29	30	31	36	38	39	40	41	42	48	59	61	82	
32	25
0	3	4	6	8	11	12	15	19	21	22	26	27	28	31	34	36	39	42	49	50	69	73	82	124	
33	28
0	3	5	6	11	12	15	16	19	22	24	26	27	28	30	31	32	35	36	38	39	40	41	42	49	61	82	124	
27	22
3	4	5	6	11	12	19	22	27	28	29	31	35	36	38	40	41	50	52	59	73	78	
38	29
0	3	4	5	6	8	11	12	19	21	22	25	26	28	29	30	32	36	39	40	42	49	61	66	69	70	77	82	124	
25	21
0	3	4	5	6	11	12	15	19	22	25	28	29	35	36	38	39	40	50	61	124	
31	25
0	3	5	6	8	12	15	16	18	20	21	22	23	24	28	29	34	38	39	42	49	50	66	73	124	
30	25
0	3	4	5	6	9	14	19	22	23	24	28	29	31	36	38	39	40	41	42	49	52	73	77	82	
37	29
0	3	5	6	8	10	11	16	18	19	20	22	24	28	30	31	34	35	36	38	39	40	49	61	66	77	78	89	124	
42	32
0	3	4	5	11	12	15	16	18	19	21	22	25	28	29	30	31	36	38	39	40	41	42	49	52	59	61	66	69	77	89	124	
36	29
0	3	5	6	8	10	11	13	19	21	22	28	29	30	31	32	33	34	35	36	38	39	40	46	49	53	59	61	124	
38	28
0	3	5	6	7	10	11	14	15	19	20	22	27	28	30	34	35	38	40	41	49	59	61	69	77	82	89	183	
35	26
3	5	6	11	15	16	19	22	25	26	28	30	31	32	36	38	39	40	48	61	70	78	79	82	89	124	
41	33
3	4	5	6	8	9	10	12	16	19	21	25	26	27	28	29	30	31	33	35	36	38	39	40	42	48	49	52	59	69	77	82	89	
28	24
4	5	6	7	8	12	13	15	18	19	21	22	28	30	31	32	35	36	38	40	49	70	77	82	
39	32
0	3	4	5	6	7	8	11	12	15	16	18	19	20	21	25	28	29	30	31	35	36	38	40	41	48	53	59	61	66	69	89	
31	25
4	5	6	10	11	13	15	18	19	21	25	28	29	31	34	35	36	38	40	41	48	49	50	73	124	
29	24
0	5	6	8	11	12	15	19	22	26	28	30	34	35	36	38	39	41	42	48	61	69	77	82	
33	28
0	3	4	5	7	11	14	19	21	22	26	27	28	29	30	32	34	35	36	38	39	40	42	48	49	61	77	78	
31	26
3	5	6	8	11	12	13	19	21	22	25	28	29	30	31	34	35	38	40	41	42	48	73	77	82	89	
35	29
0	3	4	5	6	7	11	15	16	20	21	22	25	27	28	29	30	31	33	34	35	38	42	49	50	59	66	73	78	
36	30
0	3	4	5	6	8	9	12	19	20	21	22	23	25	26	27	28	29	30	34	35	36	38	39	42	52	61	82	89	124	
29	23
0	3	4	5	6	11	12	14	19	21	26	28	29	35	36	38	40	41	50	59	77	89	124	
27	25
3	4	5	10	11	12	13	15	16	20	21	22	26	28	29	30	31	34	35	36	39	41	42	77	82	
34	28
0	3	4	5	6	9	10	12	15	18	19	20	22	26	28	29	30	31	34	35	36	40	50	52	59	66	69	89	
30	25
0	3	4	5	6	8	11	13	19	22	26	28	29	30	31	35	36	38	39	40	48	49	52	79	89	
29	25
3	4	5	6	8	9	11	13	15	16	19	21	22	23	25	28	29	30	36	38	40	59	73	78	82	
35	29
0	3	5	6	7	8	11	13	15	19	21	23	24	26	28	29	30	31	32	34	36	38	39	40	48	53	61	66	124	
27	23
0	3	4	6	11	12	15	21	22	23	26	28	29	30	32	35	39	40	42	52	61	77	82	
30	23
3	5	8	9	11	19	22	25	26	28	29	30	34	35	36	38	40	53	70	73	78	82	124	
30	25
0	3	4	5	6	7	9	10	11	12	13	19	22	27	28	29	30	31	40	42	48	50	52	73	77	
31	26
0	3	4	5	6	15	19	20	21	23	24	25	28	29	31	32	36	38	40	41	42	49	50	52	61	82	
29	24
3	4	5	6	11	12	13	19	21	22	28	29	30	34	35	36	38	40	42	48	69	70	77	82	
26	24
3	4	5	6	10	11	12	15	19	21	22	23	25	26	28	31	32	35	36	38	39	40	48	61	
32	29
0	3	4	5	6	9	11	13	15	16	18	19	22	26	27	28	29	30	31	34	35	36	38	39	40	42	46	52	69	
32	26
0	3	4	5	10	11	12	15	16	19	21	22	24	25	27	28	33	35	36	38	39	46	49	53	69	124	
29	24
0	3	4	5	6	7	10	11	15	19	22	23	27	28	30	31	34	35	38	40	48	61	78	124	
32	27
0	3	4	5	6	8	11	12	15	19	21	22	28	30	31	32	34	35	38	39	40	42	52	61	70	73	89	
33	25
0	3	4	5	6	11	15	21	22	26	28	29	30	31	33	35	38	41	48	49	61	66	77	89	124	
33	25
4	5	6	7	11	15	19	21	22	24	28	29	30	31	32	36	38	39	48	49	50	77	82	89	124	
20	19
3	5	6	11	16	18	19	21	22	26	27	28	30	35	36	38	39	40	49	
36	30
0	3	4	5	6	8	9	14	15	19	20	21	22	24	25	28	30	31	32	34	35	36	38	39	40	48	49	66	82	124	
29	25
0	3	4	5	6	9	11	12	21	22	25	26	27	30	31	35	36	38	40	41	42	50	59	66	77	
36	28
0	3	5	6	8	11	15	16	19	21	26	28	29	30	31	32	35	36	39	41	42	46	49	53	59	78	82	124	
25	21
0	3	4	5	6	8	9	12	18	19	22	28	34	36	38	40	41	49	50	66	77	
28	24
0	3	5	8	11	15	19	20	22	24	25	26	28	30	31	34	35	36	38	40	48	49	61	89	
28	24
3	4	5	6	10	11	12	13	19	21	22	25	26	28	29	30	34	35	38	40	48	59	66	77	
35	25
0	3	5	6	18	19	21	22	28	30	32	35	36	38	40	42	49	52	61	66	69	73	77	89	124	
26	21
3	5	6	11	18	19	21	22	24	28	30	31	34	35	38	40	49	66	73	77	82	
25	22
3	4	5	6	8	10	12	13	18	19	21	22	27	28	29	30	36	38	40	61	82	89	
27	24
0	5	6	9	11	15	16	19	21	22	25	28	29	30	31	32	34	35	38	40	41	70	73	82	
37	28
0	3	6	9	11	13	15	19	21	22	24	27	28	29	30	33	34	36	38	40	49	59	61	66	77	82	89	124	
34	28
0	4	5	6	9	11	12	13	15	19	21	22	25	28	29	30	31	32	34	35	39	40	48	50	69	73	78	82	
27	23
0	3	4	5	6	11	15	19	22	25	28	30	31	33	34	35	36	38	40	49	59	61	69	
32	27
0	3	5	6	7	11	12	18	19	21	22	23	24	25	27	28	30	34	36	38	39	40	48	52	66	73	89	
24	21
3	4	5	6	10	11	19	20	22	26	28	30	31	32	34	38	39	42	66	73	77	
39	32
0	3	4	5	6	8	9	10	11	19	21	22	24	26	28	29	30	31	32	34	35	38	39	40	41	48	49	50	52	66	69	82	
43	32
0	4	5	6	7	9	10	12	13	15	19	20	22	23	28	29	30	34	35	36	38	40	48	49	52	61	66	70	77	82	89	124	
27	22
0	5	6	10	11	15	19	21	22	28	29	32	34	36	38	39	40	46	48	49	50	77	
32	29
0	3	4	5	6	8	11	12	15	20	21	22	23	25	26	28	29	30	31	32	33	34	35	38	40	42	61	73	82	
27	23
3	4	5	6	7	9	10	11	19	21	22	23	25	28	29	30	31	36	38	39	59	77	124	
29	24
0	3	6	8	10	13	15	19	21	22	25	28	30	31	32	34	35	38	39	41	61	73	82	124	
38	30
0	3	4	5	8	11	15	18	19	21	22	26	28	29	30	31	33	34	35	36	38	40	41	48	49	59	73	82	89	124	
24	20
0	3	5	6	11	15	19	21	22	28	30	32	36	38	39	40	48	49	61	77	
30	26
3	4	5	7	8	9	15	19	21	22	23	26	27	28	29	30	31	33	34	36	38	39	49	59	66	77	
36	30
0	3	5	6	10	14	15	19	21	22	24	26	27	28	29	30	31	32	33	34	35	36	40	41	48	61	70	79	82	89	
29	23
5	6	11	12	14	15	19	20	21	28	29	30	34	36	38	39	40	41	49	50	61	82	124	
26	22
0	3	4	11	12	15	16	19	21	22	26	28	29	30	34	36	39	41	48	50	70	77	
32	28
0	3	4	5	6	7	11	12	13	15	19	20	21	22	23	26	28	29	30	31	35	36	39	41	49	59	61	82	
28	25
0	3	4	5	6	8	18	21	22	25	26	27	28	29	30	34	35	36	38	39	40	42	49	66	73	
28	23
3	4	5	6	7	8	11	15	18	19	26	28	29	31	35	36	38	40	48	49	61	73	82	
30	24
0	3	4	6	7	8	11	13	14	18	19	22	25	28	29	30	36	38	39	49	59	66	82	124	
27	22
0	3	11	12	16	19	21	22	27	28	29	31	32	35	36	38	39	40	49	70	82	124	
27	24
0	3	6	7	8	9	11	12	18	19	22	26	27	28	29	30	32	36	38	39	42	48	77	82	
29	24
5	6	8	9	11	14	19	21	22	25	26	28	30	32	34	36	38	39	42	48	49	52	53	73	
33	28
0	3	4	5	6	10	11	14	18	19	20	21	22	25	28	29	30	32	33	34	36	38	42	50	70	73	82	89	
27	21
3	5	6	9	11	15	22	24	25	26	28	29	35	36	38	49	50	53	59	66	77	
39	32
0	4	5	6	10	11	15	18	19	21	22	23	25	26	27	28	29	30	31	34	35	36	38	39	40	42	52	53	61	73	77	124	
34	28
5	6	8	10	11	12	15	19	22	26	27	28	29	30	31	32	34	35	38	39	40	42	52	53	66	69	73	82	
29	24
4	5	6	8	11	15	18	19	20	22	25	27	28	29	30	32	36	38	41	42	52	61	82	124	
27	23
3	4	5	7	19	21	22	23	26	28	29	30	31	34	35	36	38	40	41	48	61	66	89	
26	22
0	3	5	6	11	13	15	19	20	22	24	28	30	31	34	35	40	41	49	77	82	89	
33	28
3	4	5	7	8	11	13	15	18	19	22	24	25	26	27	28	30	31	34	36	38	40	41	49	59	61	66	89	
30	25
0	3	5	8	10	11	14	19	21	22	27	28	30	31	33	34	35	36	38	40	49	50	59	73	82	
29	23
0	5	9	11	18	19	22	24	26	27	28	29	30	34	38	39	40	42	48	49	52	73	124	
28	24
0	3	5	6	11	15	18	19	21	22	26	28	29	30	31	32	33	36	38	40	61	77	78	82	
27	23
0	3	4	6	8	9	15	16	18	19	22	27	28	29	30	32	34	35	36	38	66	73	124	
25	22
0	3	4	6	8	12	18	19	20	21	22	26	28	30	31	32	38	40	41	49	69	73	
39	33
0	3	4	6	8	10	11	12	15	18	19	21	22	23	24	28	29	32	33	34	35	36	38	39	40	41	42	48	52	59	66	79	82	
29	25
0	3	5	6	7	8	11	12	15	18	19	20	22	25	28	30	31	35	38	39	40	41	49	89	124	
34	27
3	5	6	8	11	13	18	19	20	22	26	28	29	30	35	36	38	39	40	41	46	49	61	66	70	73	77	
31	26
0	3	5	6	8	10	11	18	19	21	22	25	28	29	30	31	34	35	38	40	42	48	49	61	73	82	
30	26
0	3	5	6	11	12	14	19	21	22	23	26	28	29	30	31	32	34	35	36	38	40	53	61	77	82	
35	28
3	4	5	6	11	15	19	20	21	22	24	26	28	29	30	31	33	35	36	38	39	41	61	66	69	73	82	124	
31	27
0	3	4	5	11	14	15	16	20	21	22	23	24	25	26	28	32	34	35	36	38	41	42	48	70	82	89	
29	25
0	3	4	5	6	15	16	18	19	22	26	28	30	31	32	34	35	36	38	40	41	49	77	79	82	
30	25
0	5	6	8	10	12	15	19	20	21	22	24	26	28	29	31	34	35	38	39	48	61	66	70	82	
30	24
0	3	4	5	6	10	11	16	18	19	21	22	28	29	30	32	34	38	40	61	77	79	82	124	
38	32
0	3	4	5	6	7	8	10	11	12	13	14	15	18	19	21	22	26	28	29	32	34	35	36	38	39	48	61	66	70	73	89	
33	26
0	3	4	5	6	11	12	15	19	21	22	28	29	30	31	33	34	35	38	41	48	49	61	73	77	124	
25	22
3	4	5	6	7	11	12	13	19	21	22	28	29	30	31	34	36	38	39	40	73	124	
25	21
3	4	5	11	19	20	21	22	26	28	30	31	34	35	36	38	40	49	66	77	82	
24	20
0	3	4	5	11	12	22	25	26	28	30	31	32	35	38	39	48	49	52	82	
31	27
0	3	4	5	6	11	12	15	16	18	19	20	21	22	25	28	29	30	32	34	35	36	38	49	59	78	89	
30	26
0	3	5	6	7	11	13	19	21	22	25	26	28	29	30	31	32	35	36	38	39	40	49	70	78	82	
32	27
3	5	7	8	9	11	15	16	19	21	22	25	28	30	31	32	34	35	38	39	40	42	46	48	52	66	78	
30	26
6	7	8	11	12	13	15	16	18	19	21	22	27	28	30	32	34	36	38	39	41	42	49	61	73	82	
30	24
0	3	4	6	7	11	15	16	21	22	23	26	27	28	34	35	38	40	41	48	61	73	82	124	
31	25
0	3	5	7	11	19	21	22	25	27	28	29	30	31	32	34	35	36	38	48	50	52	66	73	77	
37	27
0	3	4	5	6	7	8	11	19	22	26	28	31	35	36	38	39	40	41	42	48	73	77	79	82	124	183	
32	28
3	4	5	6	7	11	12	13	15	19	21	22	25	28	29	30	31	32	35	36	38	39	40	41	49	61	79	82	
27	24
0	3	4	5	10	11	15	16	19	21	28	29	30	34	35	36	38	39	40	41	42	46	49	61	
33	29
0	3	4	5	6	12	14	16	18	19	20	21	23	24	26	27	28	29	30	31	32	34	36	38	40	41	49	89	124	
34	28
3	4	5	6	8	11	14	15	18	19	21	22	24	26	28	30	31	34	35	36	38	40	41	48	50	53	66	124	
35	28
0	3	4	5	6	7	8	11	12	13	15	19	21	22	24	27	28	31	32	38	40	41	48	50	61	70	73	124	
29	24
3	5	8	10	11	16	18	19	21	22	23	28	29	30	34	36	38	40	41	70	73	77	78	82	
30	23
0	3	5	11	19	20	22	26	28	30	32	34	35	36	38	40	42	48	50	66	77	82	124	
28	25
0	3	5	11	15	16	19	20	22	23	24	25	26	28	29	30	34	35	36	38	39	40	41	66	124	
27	24
0	3	5	6	10	11	15	19	20	21	22	23	28	31	34	35	36	38	39	40	41	49	52	82	
36	28
0	3	5	6	9	10	11	19	21	22	24	26	28	29	30	31	32	34	36	38	40	46	49	52	59	66	82	124	
32	25
0	3	4	5	6	8	11	15	19	22	25	28	29	31	34	35	38	40	41	49	59	61	77	82	124	
33	27
4	5	6	10	11	12	15	16	18	19	21	25	26	28	29	30	35	36	38	40	42	49	53	59	61	69	82	
32	26
0	3	4	5	8	13	18	19	20	21	22	26	28	30	31	35	36	38	40	42	48	59	66	69	73	82	
27	23
0	3	4	5	6	8	11	15	18	19	22	25	28	29	32	34	38	39	40	48	61	79	82	
30	25
0	3	4	5	6	8	11	15	19	20	21	22	25	28	29	34	36	38	40	41	48	49	61	69	77	
30	23
3	5	8	10	13	15	19	21	22	28	30	32	34	36	38	39	42	48	49	69	73	82	124	
26	24
0	3	4	5	6	10	11	15	19	22	23	26	28	29	30	31	32	34	35	38	39	40	61	82	
34	26
3	4	5	6	11	13	19	21	22	26	28	29	30	31	34	35	36	38	42	48	49	59	73	77	89	124	
36	28
0	3	5	6	8	10	11	15	19	21	26	28	29	31	32	35	36	38	39	40	48	50	59	61	66	73	82	89	
34	27
3	5	6	8	11	15	16	19	21	22	23	26	27	28	29	30	31	35	38	39	42	49	52	59	73	77	124	
30	24
0	4	5	6	10	11	12	19	21	22	25	28	29	30	35	36	38	39	40	48	59	70	77	124	
27	24
0	3	4	5	8	11	12	15	18	19	22	24	27	28	30	31	32	34	38	39	40	49	69	77	
38	30
3	5	6	8	9	10	11	13	19	21	22	26	28	31	32	33	35	36	38	39	40	41	42	48	49	52	73	77	89	124	
28	23
0	3	4	5	8	10	11	16	18	22	25	27	28	30	31	32	35	36	38	66	77	82	124	
32	28
3	4	5	7	8	10	11	12	15	19	20	21	22	23	26	27	28	29	34	35	38	39	40	41	48	49	52	59	
29	25
0	5	6	7	8	12	15	18	21	22	23	25	27	28	30	31	34	35	36	39	40	48	50	61	66	
28	26
0	3	5	6	10	11	12	13	19	22	24	25	26	27	28	29	30	31	32	34	35	38	40	41	48	79	
37	32
0	3	4	6	8	9	11	13	18	19	21	22	23	24	25	26	27	28	29	30	31	32	35	36	38	39	40	49	69	78	82	89	
31	27
0	3	5	6	8	11	13	16	18	19	21	22	26	27	28	29	30	32	34	35	36	38	39	50	78	82	89	
35	27
0	3	6	11	12	14	15	19	20	22	26	27	28	29	30	31	32	34	35	36	38	42	59	66	77	124	183	
29	26
0	3	5	6	8	11	18	19	21	22	24	27	28	29	30	31	32	33	34	38	39	40	42	52	61	73	
30	26
0	3	4	5	6	11	12	14	15	16	19	21	22	23	28	29	31	36	38	39	40	42	50	52	73	89	
36	30
0	3	4	5	6	8	11	13	15	19	21	22	23	24	25	28	29	30	31	32	36	38	41	42	48	49	61	66	73	82	
26	24
0	5	6	8	11	12	13	16	18	19	21	22	26	28	29	30	31	32	33	34	35	38	49	59	
30	24
0	3	4	5	6	10	11	15	19	21	22	27	28	30	32	34	38	40	42	59	77	78	82	124	
34	29
0	3	4	5	6	10	11	18	19	21	22	24	26	28	29	30	31	34	35	36	38	39	40	41	59	66	69	73	82	
36	28
0	3	4	5	6	9	11	15	18	19	21	22	28	30	31	36	38	39	40	41	42	49	52	61	73	77	89	124	
23	20
0	3	4	5	6	10	13	19	21	22	28	30	31	34	35	38	40	59	73	77	
29	22
3	4	5	11	12	15	18	19	21	22	26	27	28	30	32	35	49	59	66	70	82	124	
26	21
0	5	6	12	15	19	21	25	26	28	30	33	34	36	38	39	48	49	69	78	79	
32	27
0	3	4	5	6	8	12	19	20	21	22	23	24	25	26	28	29	32	35	36	39	42	49	50	52	61	73	
37	31
0	3	4	5	6	7	11	13	15	18	19	21	22	26	27	28	29	30	31	34	36	38	39	41	42	48	49	61	66	78	82	
33	27
0	3	5	6	11	13	19	21	23	25	27	28	29	30	31	33	35	36	38	39	40	49	59	66	77	82	89	
31	24
0	4	5	12	13	15	18	19	22	28	29	30	34	35	36	38	40	41	49	61	73	78	82	124	
20	19
0	3	4	8	10	11	19	22	25	26	27	28	29	30	32	35	36	38	77	
26	23
3	4	5	6	11	15	18	19	20	21	22	26	28	29	30	31	34	36	38	40	49	61	66	
31	27
0	8	10	11	13	14	15	19	20	21	22	25	26	27	28	31	35	36	38	39	40	41	42	49	50	59	79	
28	24
0	3	4	5	6	10	12	13	19	20	21	22	28	29	30	31	35	38	41	42	49	50	59	78	
43	34
0	4	5	6	8	10	11	15	18	19	21	24	25	26	28	29	30	31	32	34	36	38	39	40	41	42	49	50	53	61	66	73	82	124	
31	26
0	3	5	6	8	11	12	19	21	22	25	28	29	30	31	34	35	36	38	39	41	42	52	66	77	124	
34	26
0	3	4	5	6	8	11	19	20	21	28	29	30	31	35	36	39	42	50	59	61	66	73	77	78	82	
42	32
0	3	4	5	6	8	10	11	12	19	21	22	26	28	29	30	33	34	36	38	39	40	41	48	49	50	53	61	66	77	78	124	
35	28
3	4	5	6	7	9	10	11	13	19	22	23	24	26	28	29	30	34	35	36	38	42	49	53	78	82	89	124	
28	23
0	3	4	6	8	11	12	19	21	22	24	26	27	28	30	32	36	38	41	49	50	66	124	
34	28
0	3	5	8	11	13	19	20	22	24	26	27	28	29	30	31	34	36	38	39	40	41	48	49	50	52	59	61	
25	22
0	3	6	8	11	13	18	19	21	22	25	27	28	29	36	38	40	41	42	49	59	82	
38	28
0	3	7	18	19	20	21	22	24	26	28	29	30	32	35	36	38	40	42	48	59	66	69	70	73	77	82	124	
27	24
0	3	5	6	9	10	11	12	15	19	21	22	25	28	35	36	38	39	40	41	42	59	66	82	
33	29
3	4	5	6	8	9	10	11	13	15	18	19	21	23	24	25	28	29	30	31	33	34	36	38	39	40	50	73	124	
32	27
0	5	6	7	11	12	16	19	21	22	25	26	27	28	29	30	32	35	36	38	39	42	49	53	66	69	82	
25	22
0	3	4	5	6	11	15	19	22	28	29	30	31	32	34	35	36	38	39	40	61	124	
27	24
3	5	6	7	8	10	11	12	15	19	20	21	24	26	28	29	30	35	38	40	41	48	49	82	
36	31
0	3	4	5	6	8	10	11	12	15	18	19	22	23	24	26	28	29	30	31	35	36	38	39	40	42	48	52	61	73	78	
24	19
0	3	4	6	10	11	22	28	29	30	34	35	36	41	48	49	66	77	82	
26	22
3	5	6	9	11	12	15	19	21	22	26	28	29	30	32	34	38	42	50	52	73	82	
32	26
3	4	5	6	8	11	12	16	19	22	23	25	27	28	29	31	32	35	38	42	49	61	69	77	82	89	
40	32
3	5	6	8	9	10	11	12	15	19	21	22	23	25	26	28	29	30	31	32	34	35	38	39	40	48	49	53	59	61	82	124	
26	24
0	4	8	10	11	15	18	19	24	26	27	28	29	30	32	35	36	38	39	40	41	42	59	77	
29	25
3	5	6	11	12	15	18	19	22	25	26	27	28	29	30	31	34	35	36	38	40	50	59	66	82	
31	25
0	3	5	10	11	12	13	19	21	22	24	27	28	29	30	31	32	35	36	40	46	48	73	82	124	
29	26
3	5	6	8	10	12	13	14	15	19	21	22	24	26	28	29	30	31	34	36	38	39	42	61	70	77	
37	29
0	3	4	5	6	9	10	13	15	18	19	21	22	25	27	28	29	30	36	40	41	48	49	52	66	73	77	82	89	
39	32
0	3	4	5	8	9	11	13	14	18	21	22	25	26	29	30	31	32	34	36	38	39	40	41	42	48	49	50	59	73	77	82	
29	25
0	4	5	6	12	15	16	19	21	22	23	25	28	29	32	34	35	36	38	39	40	41	61	82	124	
32	27
0	3	4	6	10	11	12	13	15	19	20	21	22	25	26	28	29	30	32	38	40	42	48	50	52	59	70	
26	21
0	3	4	5	6	11	12	19	21	22	28	29	30	34	36	38	46	48	59	78	82	
30	26
3	4	5	6	11	14	18	19	21	23	24	25	26	28	30	31	34	38	39	40	41	42	48	49	52	61	
37	30
0	3	4	5	6	7	10	11	12	14	15	19	22	23	24	28	30	34	35	36	38	39	40	41	48	53	73	77	82	124	
36	31
0	3	4	5	6	8	9	11	13	14	15	19	20	21	24	26	28	29	30	31	32	34	35	36	38	40	48	49	59	66	82	
37	32
0	3	4	5	6	8	9	11	12	13	14	18	19	21	22	25	26	28	29	30	31	32	34	35	38	40	41	48	52	66	73	82	
26	22
0	3	4	5	6	11	12	13	18	19	22	24	25	28	31	32	38	40	48	70	73	79	
32	28
3	4	5	9	11	13	15	18	19	21	22	25	26	28	29	30	31	32	34	35	38	39	40	42	49	66	77	89	
30	26
0	3	4	5	6	11	12	13	15	16	19	22	25	26	28	29	30	31	32	38	40	42	50	61	73	82	
31	26
0	3	4	6	7	8	10	11	15	19	21	22	25	28	30	32	35	36	38	39	40	42	49	61	89	124	
40	30
0	3	5	6	11	12	13	15	19	21	22	24	26	27	28	32	35	36	38	40	46	48	50	53	59	61	69	77	82	89	
35	29
0	3	5	6	7	8	11	15	18	19	20	21	22	24	26	28	30	32	34	36	38	39	41	42	49	53	59	77	124	
39	32
0	3	4	5	6	10	11	12	13	14	15	19	22	23	25	26	28	29	30	31	34	35	36	38	39	42	48	49	66	73	77	124	
31	24
0	3	4	5	9	11	12	18	19	21	22	23	28	31	35	38	40	48	49	59	69	77	78	82	
34	29
0	3	4	6	7	10	11	12	13	15	16	19	22	24	25	28	30	31	32	35	36	38	40	42	48	49	52	70	89	
31	27
0	3	4	5	6	9	11	19	21	22	23	25	28	29	30	31	32	34	35	36	38	39	40	48	61	66	77	
26	21
0	3	4	5	6	7	10	11	15	19	21	22	25	27	28	36	38	69	77	82	124	
26	24
0	3	4	5	6	12	15	19	20	22	24	26	28	29	30	34	35	36	38	39	40	41	61	73	
37	30
0	3	4	5	6	7	9	11	12	13	14	16	18	19	21	22	26	28	32	34	38	40	41	48	49	50	59	69	77	89	
33	26
0	5	6	8	11	12	19	20	21	24	25	26	28	29	30	34	35	36	39	40	48	49	73	82	89	124	
36	28
0	3	4	5	6	8	10	11	15	19	20	21	28	29	31	32	35	36	38	39	40	48	50	59	61	78	89	124	
37	30
0	3	5	6	7	8	11	13	15	19	20	21	22	25	26	27	28	30	31	34	35	38	39	40	48	73	77	82	89	124	
33	27
0	5	6	7	11	12	13	14	19	20	21	22	28	29	30	31	36	38	39	40	42	49	61	66	69	82	89	
26	24
0	3	4	5	6	10	11	12	13	19	21	22	28	29	30	31	32	34	35	38	39	40	50	52	
33	28
0	3	4	5	8	11	12	13	19	21	22	26	27	28	29	30	31	32	34	35	36	38	40	48	59	66	69	82	
33	29
0	3	4	5	6	8	9	11	13	19	21	22	23	24	25	26	27	28	29	31	33	34	38	39	42	49	59	77	82	
32	27
0	3	4	5	6	7	13	15	19	20	21	22	27	28	29	30	31	34	35	36	38	41	42	46	49	61	124	
39	31
3	4	5	7	8	10	11	19	21	22	23	26	27	28	29	30	31	32	34	35	36	38	41	42	48	53	59	66	77	82	124	
36	29
3	6	7	11	12	13	15	21	22	25	26	27	28	29	30	31	32	35	38	40	41	42	48	49	52	59	61	73	82	
30	25
0	3	4	5	7	11	19	21	22	24	26	28	31	34	35	36	38	39	40	42	46	49	59	61	77	
28	26
0	3	5	6	7	11	12	13	15	19	20	21	22	26	28	30	31	33	34	35	36	38	39	40	49	89	
31	26
0	3	6	8	11	15	19	20	21	22	25	28	29	30	31	34	35	36	38	39	42	48	49	61	69	78	
20	19
3	4	5	6	11	12	19	21	22	26	28	29	30	32	36	38	39	40	66	
25	23
0	3	4	5	6	11	12	13	14	15	19	21	22	26	28	30	34	35	36	39	40	49	69	
28	25
3	4	5	6	14	16	19	21	22	23	25	28	29	30	31	32	34	36	38	39	40	41	48	50	73	
37	32
0	3	4	5	6	7	10	15	18	19	21	22	23	24	25	26	27	28	31	32	34	35	36	38	39	40	41	69	73	77	82	89	
33	28
0	3	5	6	7	11	15	18	19	20	21	22	23	25	28	29	31	34	35	36	38	39	42	53	66	73	79	89	
30	26
0	5	6	7	10	12	15	18	19	20	21	22	25	30	31	32	34	35	36	38	40	41	49	52	82	89	
26	23
0	3	5	6	11	13	19	21	22	28	29	30	31	32	33	35	36	38	39	40	48	73	77	
30	26
0	3	4	5	6	10	11	12	15	19	21	26	28	29	30	31	32	34	35	38	39	42	46	61	77	82	
28	24
0	4	5	6	8	9	11	19	21	22	25	26	28	29	32	34	35	38	39	42	48	49	66	82	
22	21
3	4	5	6	10	11	12	19	21	22	26	28	29	31	32	35	36	38	40	41	49	
24	22
0	3	5	6	7	9	10	14	15	19	21	22	28	29	30	34	36	38	39	40	53	73	
27	22
3	5	6	8	10	11	12	15	19	22	27	29	35	36	38	39	40	48	49	77	78	89	
28	25
0	6	8	11	13	18	19	20	21	22	24	26	27	28	31	32	34	35	36	38	40	42	66	73	82	
28	24
0	3	5	8	11	12	15	21	22	23	24	28	29	32	35	36	38	39	40	41	69	73	77	89	
33	27
3	4	5	7	8	9	11	12	14	15	19	21	22	26	28	30	31	32	36	38	40	41	49	66	78	89	124	
29	25
0	5	11	12	14	15	19	21	22	24	28	29	30	32	34	35	36	38	39	40	41	49	61	66	77	
41	33
0	3	4	5	8	11	12	13	15	16	19	20	24	26	28	29	30	31	33	34	35	36	38	39	40	41	49	50	66	69	73	82	124	
35	29
0	3	4	5	6	7	8	11	12	13	16	19	22	23	26	28	30	31	32	34	36	38	40	46	48	49	53	61	70	
23	21
0	3	5	8	11	15	19	21	22	26	27	28	29	30	34	35	36	40	41	78	82	
32	27
0	3	4	5	6	10	12	18	19	21	24	27	28	29	30	31	34	35	36	38	40	41	42	48	52	78	124	
35	29
0	3	4	6	8	11	12	13	14	15	18	21	22	26	28	30	31	33	34	35	38	40	41	42	48	49	77	78	124	
31	24
0	3	6	11	12	15	19	20	21	22	28	30	34	36	38	40	41	42	48	49	52	53	82	124	
31	26
0	3	5	6	7	8	11	12	18	19	22	24	26	27	29	30	31	32	35	38	39	49	59	77	82	89	
31	26
0	4	6	8	11	12	13	19	20	21	22	25	28	29	30	31	35	36	38	39	42	61	73	77	82	89	
31	25
0	3	4	5	6	8	11	15	19	21	22	23	26	27	28	34	35	36	38	42	48	49	78	82	124	
26	23
3	5	8	11	12	19	21	22	25	26	28	29	30	31	34	35	36	38	39	40	49	61	82	
36	30
0	3	4	5	6	11	16	18	19	21	22	23	24	27	28	30	31	32	33	34	35	36	38	41	49	61	69	77	82	89	
33	28
0	3	5	6	8	11	12	14	15	19	21	22	24	25	28	30	31	34	35	36	38	39	40	59	61	66	77	82	
35	29
0	3	4	5	8	10	11	15	18	19	21	22	25	26	28	29	31	32	35	36	38	39	40	48	49	50	70	73	82	
40	32
3	4	5	6	8	9	11	12	15	19	20	21	22	24	25	28	29	30	31	34	36	38	39	42	48	59	61	66	73	77	82	89	
46	35
4	5	8	9	10	11	13	15	16	19	21	22	24	27	28	29	30	31	32	33	34	35	36	38	40	48	49	61	66	70	73	77	82	89	124	
36	29
3	4	5	6	11	12	15	16	18	19	20	21	22	23	25	26	28	30	34	35	38	39	41	48	49	59	66	77	124	
34	27
3	4	5	6	11	12	15	19	21	22	24	25	28	30	31	34	36	40	41	42	50	52	61	66	73	82	89	
30	26
0	3	5	9	12	14	15	19	21	22	25	26	27	28	29	30	31	34	38	39	40	42	53	78	82	89	
40	30
0	3	4	5	6	11	12	13	19	20	21	26	28	29	30	34	36	38	39	40	41	48	49	59	61	66	77	82	89	124	
38	30
0	3	4	5	6	8	11	15	16	19	21	23	26	28	29	30	31	32	34	36	38	40	41	49	61	66	69	70	73	124	
28	26
0	3	5	6	8	10	11	12	13	15	19	21	22	23	24	28	30	31	34	35	39	40	41	42	73	89	
35	30
0	3	5	6	11	12	18	19	20	21	22	23	24	25	27	28	29	30	31	34	35	36	38	39	40	42	70	77	82	124	
27	23
3	4	5	6	10	11	12	19	21	22	28	29	30	31	35	36	38	40	41	42	49	79	124	
38	31
0	3	4	5	6	10	11	13	15	18	19	21	22	24	26	28	29	31	33	34	35	36	38	39	42	61	66	70	73	82	124	
27	23
3	5	6	9	11	12	16	18	19	21	24	25	28	29	30	32	34	36	38	48	49	59	82	
34	28
3	4	5	9	10	11	12	13	14	21	22	23	25	26	28	29	31	32	35	36	38	41	42	52	53	59	82	124	
32	25
0	3	5	6	11	12	15	19	21	22	23	28	31	32	34	38	39	40	42	49	59	66	77	89	124	
36	30
0	3	4	5	6	7	12	13	15	18	19	20	22	26	28	29	30	31	33	34	35	36	38	39	40	48	61	78	89	124	
34	29
3	4	5	6	8	10	11	12	15	18	19	22	23	24	25	28	30	33	34	35	36	38	39	40	42	48	50	77	124	
34	26
4	5	6	7	10	11	12	19	20	21	22	24	30	31	32	35	36	38	40	42	46	48	66	77	82	183	
35	26
0	3	4	5	6	10	12	19	21	22	27	28	29	31	34	35	38	40	48	50	52	69	78	79	82	124	
38	30
0	3	4	5	6	11	12	15	16	19	21	25	26	27	28	29	30	33	34	38	40	41	42	48	49	50	66	73	82	124	
29	25
0	3	4	5	8	10	12	19	21	22	26	28	29	30	31	34	35	38	39	40	41	48	49	61	66	
32	25
0	3	5	6	7	10	11	15	19	21	22	24	28	30	32	34	36	38	39	49	66	73	82	89	124	
27	23
0	3	4	5	6	11	15	18	19	22	25	28	30	32	34	35	36	38	40	41	49	66	124	
