1000 
35	30
0	2	3	5	6	11	13	15	16	18	19	20	24	27	28	29	34	35	38	39	42	44	45	46	49	52	66	77	93	99	
30	26
0	2	4	5	6	9	19	20	22	24	25	26	28	29	34	38	39	40	41	44	45	49	53	58	66	77	
30	28
0	1	2	3	4	5	6	9	10	11	16	18	19	20	22	24	26	27	29	34	35	38	41	44	46	49	66	93	
22	20
0	1	4	6	9	12	16	20	24	28	29	31	34	38	41	42	45	47	53	63	
34	28
0	1	3	5	6	11	13	16	18	19	20	22	24	27	28	30	34	38	39	44	46	49	53	58	64	66	77	90	
25	23
0	1	2	3	5	9	12	13	16	18	19	24	25	28	29	38	39	41	44	45	49	53	86	
26	23
1	3	5	6	12	14	18	19	20	22	29	35	36	38	41	44	45	46	47	49	60	66	77	
37	33
0	3	5	6	9	10	11	12	13	14	15	18	20	22	24	25	26	28	29	30	32	34	38	39	40	41	42	45	49	52	63	66	71	
26	22
1	9	16	19	20	22	24	29	30	32	34	35	36	38	39	44	45	49	58	60	63	66	
27	22
2	3	4	5	10	19	24	26	29	34	36	38	39	41	44	45	49	52	58	66	90	99	
32	26
0	1	2	4	5	6	9	12	16	22	26	27	28	32	34	38	39	41	44	46	52	53	58	66	80	93	
25	23
0	3	4	6	9	12	14	16	19	20	28	29	34	35	36	38	39	42	44	45	46	66	93	
29	26
0	4	5	6	9	10	11	14	15	18	19	20	24	27	28	29	34	35	38	41	42	45	49	59	71	93	
29	25
0	2	4	5	6	9	10	14	16	18	19	20	22	27	29	34	35	38	41	44	49	60	77	90	93	
24	22
0	7	10	12	16	19	20	22	24	25	26	27	28	29	32	34	41	44	47	49	66	77	
31	26
0	2	5	6	9	10	11	15	18	22	27	28	29	31	32	34	39	41	44	46	49	52	53	63	86	93	
39	34
0	1	2	5	6	9	10	11	13	14	15	16	19	20	24	25	26	28	29	30	36	37	38	39	40	44	45	46	49	52	59	66	77	93	
31	26
0	2	3	5	7	9	14	19	22	24	26	28	31	35	36	39	41	44	46	47	49	53	58	77	80	93	
27	24
0	2	3	4	5	9	12	13	15	18	19	20	22	24	27	29	31	34	38	39	49	52	66	90	
29	26
3	4	5	10	11	16	18	19	22	24	29	30	31	32	34	36	38	39	41	44	46	47	49	53	63	64	
37	29
0	1	3	4	5	6	9	10	11	16	22	24	28	29	35	36	39	41	44	45	49	52	58	60	66	80	86	93	94	
31	27
0	2	5	6	10	12	16	19	20	24	25	28	29	31	34	35	38	39	40	41	44	46	49	53	58	64	93	
32	29
0	2	3	4	5	6	9	11	14	15	16	18	19	20	22	24	27	28	34	35	38	39	41	42	46	49	60	77	93	
24	22
0	1	6	9	11	15	19	22	24	26	28	29	30	34	35	37	38	39	42	49	52	66	
33	28
0	2	3	5	6	11	12	13	19	20	22	24	26	27	28	29	30	34	38	39	44	45	49	53	60	63	66	86	
31	28
0	1	2	3	5	6	9	18	20	22	24	26	29	31	34	36	38	39	40	41	42	44	45	46	49	60	77	80	
34	30
0	1	2	4	5	6	11	14	15	16	19	20	22	24	26	28	29	34	35	38	39	40	41	42	44	49	58	60	66	77	
33	27
0	1	4	9	12	13	15	16	20	22	24	25	26	29	32	34	35	39	41	45	49	52	66	71	77	80	93	
25	22
0	3	6	9	10	14	16	18	24	27	34	35	36	39	40	41	44	46	49	60	63	93	
31	26
0	2	3	5	6	9	10	12	15	20	24	27	28	29	30	32	34	38	39	44	49	52	60	64	86	99	
28	26
0	1	3	5	6	9	13	14	16	19	20	22	24	27	29	30	31	38	39	40	41	44	47	49	52	66	
31	28
0	1	2	5	6	9	10	16	19	20	22	24	28	30	31	34	35	37	38	39	41	44	45	46	49	52	53	58	
29	27
0	1	4	6	9	10	11	14	16	19	20	22	24	25	26	28	29	30	31	34	36	39	44	46	49	61	93	
30	27
5	10	11	12	13	14	16	18	20	22	24	26	27	28	29	31	34	35	39	44	45	46	47	49	53	80	86	
29	26
0	3	4	5	6	14	18	19	20	22	25	27	28	29	31	32	34	35	37	41	42	45	46	53	66	99	
34	28
2	4	5	6	7	9	11	16	18	19	20	24	26	28	29	33	34	36	38	41	44	49	53	60	63	66	77	93	
35	30
0	1	2	3	4	5	6	9	10	13	16	18	19	20	22	24	26	27	28	29	30	39	42	44	49	53	66	77	80	99	
28	24
0	1	2	3	5	9	10	11	14	20	22	24	28	29	35	38	39	41	44	49	53	59	94	99	
29	28
0	2	3	5	10	11	12	13	15	16	19	20	22	24	25	26	27	29	34	35	38	39	41	42	44	45	49	52	
33	30
0	1	2	5	6	10	16	18	19	24	26	27	28	29	30	33	34	37	38	39	40	41	44	45	46	47	49	66	77	93	
34	30
0	3	4	5	6	9	10	11	12	13	16	18	19	22	24	25	26	27	29	30	34	39	41	44	47	49	52	59	66	86	
32	26
0	1	2	6	9	11	12	15	20	22	24	26	28	34	38	39	41	45	46	49	52	53	60	66	86	90	
39	35
0	1	2	6	9	11	12	15	16	19	20	22	24	25	27	28	29	30	31	32	33	34	36	37	38	39	40	41	42	45	49	60	71	77	93	
33	28
0	1	2	3	4	5	9	10	11	18	20	22	24	26	29	30	35	37	38	41	44	45	49	53	58	60	64	66	
34	28
0	4	5	6	10	11	12	18	19	20	22	27	28	30	32	33	34	35	37	44	45	46	52	58	60	66	77	94	
38	31
0	1	5	6	9	11	20	22	24	25	26	27	28	29	30	31	36	38	39	40	41	44	47	49	58	59	60	63	71	77	93	
30	26
0	3	4	5	6	9	11	19	22	25	27	28	29	34	35	36	38	39	42	44	45	49	53	60	63	80	
24	23
0	1	2	4	5	7	9	10	11	12	15	19	20	22	27	29	35	38	39	40	41	49	93	
32	28
0	4	6	7	9	11	14	16	18	19	20	24	26	30	35	36	37	38	39	40	41	45	46	49	60	77	86	93	
29	25
0	3	5	6	10	11	14	18	19	22	24	27	29	30	31	38	40	41	44	45	49	53	59	60	80	
33	27
0	3	10	11	14	15	18	24	25	26	27	28	32	34	38	39	41	44	45	47	49	52	53	58	60	61	71	
29	26
0	1	2	3	9	10	12	13	15	16	18	19	20	22	24	26	27	28	31	36	39	44	49	58	80	93	
31	25
0	1	5	6	9	10	18	19	20	24	27	28	29	36	38	40	41	44	49	53	60	61	64	66	86	
31	27
0	2	4	6	9	11	16	20	22	27	29	30	32	34	35	36	37	38	39	41	42	44	45	52	66	86	90	
26	23
0	2	3	4	10	11	20	22	24	26	27	28	29	30	34	38	39	41	42	45	52	58	66	
26	24
2	3	6	10	11	15	18	19	20	22	24	25	28	29	31	34	37	38	39	41	45	49	52	64	
33	30
0	1	3	6	9	10	11	13	14	16	18	19	20	22	24	26	28	29	33	34	38	39	41	42	44	47	49	53	60	86	
41	36
0	1	2	3	4	5	6	10	11	12	14	19	20	22	24	26	27	28	29	30	31	34	35	38	39	40	42	44	46	47	49	58	60	77	86	99	
28	23
0	2	5	6	12	19	20	22	24	28	29	34	35	39	40	41	45	49	52	53	59	63	80	
33	27
0	1	4	5	6	10	13	18	19	20	24	26	29	34	36	38	41	42	44	45	49	52	53	58	60	66	77	
33	28
4	5	6	10	11	16	18	20	22	25	27	29	32	34	38	39	40	41	42	44	45	46	49	52	60	66	77	99	
35	32
0	1	2	3	4	5	6	9	10	11	12	14	15	16	18	20	22	24	27	28	30	33	35	36	38	40	41	42	45	63	93	99	
37	31
0	2	7	9	10	12	13	15	19	20	22	24	26	27	29	30	34	35	38	39	41	44	45	46	49	52	60	77	90	93	99	
36	31
0	1	2	3	5	9	10	12	15	16	20	22	26	27	29	32	34	36	37	38	39	42	44	45	46	49	52	60	66	86	99	
35	30
0	1	2	4	5	6	10	11	15	16	18	19	20	22	24	26	27	29	32	34	35	38	44	45	49	52	58	64	71	77	
37	31
0	1	2	3	4	6	9	10	12	15	16	19	20	24	29	32	34	36	38	39	40	41	44	47	49	52	53	66	80	86	93	
33	28
0	1	5	6	9	15	16	18	19	20	22	24	27	28	29	34	36	38	40	41	44	45	46	52	66	77	86	93	
34	28
0	1	2	3	4	6	9	10	19	20	24	27	28	29	30	31	34	38	39	41	42	45	53	58	60	63	66	86	
33	29
0	2	5	7	9	13	15	18	19	22	25	27	28	29	30	36	38	39	40	41	44	45	46	47	49	52	60	63	99	
41	35
0	2	3	4	5	6	10	11	14	15	16	18	19	20	22	24	27	28	29	30	31	36	38	39	41	42	44	45	49	52	53	59	66	80	90	
37	30
0	1	2	3	4	5	6	7	10	11	12	14	16	20	22	24	29	34	38	39	44	47	49	53	58	60	64	66	80	93	
30	26
0	1	3	5	6	9	11	13	19	22	24	27	29	35	36	37	38	39	40	41	42	49	53	58	66	93	
36	30
0	1	2	6	9	10	11	16	18	20	22	24	25	26	28	29	30	31	34	35	36	39	41	45	52	58	66	71	77	99	
38	31
0	3	4	5	9	10	18	19	20	22	26	27	28	30	32	34	36	38	39	40	41	42	44	45	52	60	63	66	77	90	93	
36	30
0	2	3	5	6	9	10	11	12	20	22	24	25	27	28	29	34	36	37	38	39	41	44	45	53	58	60	61	90	93	
31	27
0	1	3	4	6	9	13	16	19	20	22	24	27	28	29	36	38	39	41	42	44	45	46	52	63	77	90	
35	30
3	5	6	7	9	10	11	13	15	16	18	19	20	24	25	26	28	32	34	37	38	39	44	45	49	60	66	77	80	90	
34	31
0	1	5	6	7	9	10	12	13	14	15	16	19	20	24	26	27	28	29	33	34	37	38	41	42	45	46	49	58	60	66	
32	28
0	2	5	6	9	11	12	14	18	19	20	22	24	28	32	34	38	39	40	41	42	45	46	49	53	59	60	93	
25	23
0	1	4	5	6	7	15	19	22	24	26	29	34	35	37	38	39	41	42	45	49	60	66	
36	29
0	2	3	5	6	9	10	11	14	19	20	22	24	26	27	29	34	35	36	39	44	45	53	58	60	66	77	86	90	
27	23
0	1	3	6	9	10	11	12	13	28	29	31	34	37	38	39	41	44	49	58	77	80	94	
30	25
6	11	18	19	20	22	24	25	27	29	30	33	34	36	38	39	40	41	44	46	52	53	58	66	71	
24	22
0	1	5	6	10	15	20	24	26	27	29	30	34	36	37	38	39	41	44	45	66	93	
30	27
0	2	5	6	7	9	10	18	19	22	24	27	28	29	34	35	36	38	39	41	44	45	46	49	58	63	93	
42	36
0	2	3	4	5	6	9	10	11	13	14	16	20	22	24	25	28	29	30	31	32	36	37	38	39	41	44	45	46	49	52	53	58	60	66	77	
27	24
0	2	3	5	6	7	9	10	11	18	19	20	22	28	29	30	39	40	41	44	45	52	53	66	
33	29
1	3	4	6	9	10	11	14	16	19	20	22	24	26	28	29	34	38	39	40	41	42	45	46	49	52	58	66	77	
36	32
0	1	2	3	5	6	10	12	14	16	18	19	20	24	25	28	29	30	31	34	38	39	40	41	45	46	47	49	53	58	60	93	
33	30
0	2	3	5	9	11	12	13	15	16	18	19	22	24	25	26	27	28	29	34	36	37	38	39	41	42	44	60	61	66	
28	23
6	10	12	18	19	20	22	24	25	26	27	29	31	38	39	41	44	49	52	58	60	61	80	
26	23
0	3	5	7	11	15	16	18	19	24	27	28	29	36	37	38	41	44	46	49	52	58	66	
36	30
0	3	6	9	13	14	15	16	18	20	24	25	27	28	29	34	37	38	39	41	42	45	46	49	52	58	63	86	90	93	
32	26
0	6	10	12	13	16	19	20	24	29	31	37	38	39	40	41	42	45	46	49	52	58	60	66	86	99	
28	24
5	9	10	11	15	16	20	22	24	25	28	29	33	34	39	40	42	44	45	46	52	53	59	77	
26	24
0	1	6	9	10	11	13	15	19	20	22	24	25	29	34	36	38	39	40	41	45	49	63	86	
36	32
0	1	5	6	7	9	10	11	14	16	18	19	20	22	27	28	29	30	31	34	35	37	38	39	41	44	46	49	52	58	60	77	
31	28
0	2	3	4	5	9	14	16	18	22	24	25	26	28	30	32	34	38	39	40	41	42	44	45	49	61	66	77	
38	32
0	1	4	5	9	10	12	15	16	18	19	20	22	24	25	26	27	28	29	34	38	41	44	45	46	49	53	60	63	66	80	93	
32	27
0	5	10	12	14	15	18	19	20	22	24	26	27	28	29	34	36	37	38	39	46	49	52	53	58	63	66	
32	28
0	1	2	3	4	5	6	9	10	11	14	15	16	19	22	24	26	28	30	34	38	39	45	49	53	77	90	99	
33	26
0	5	10	11	12	13	19	20	22	24	27	28	31	34	37	38	40	44	49	52	53	58	60	61	66	77	
29	22
2	6	10	18	19	22	26	29	30	32	38	39	41	44	45	52	59	60	63	64	66	77	
31	28
0	1	2	4	5	6	12	14	15	18	19	20	22	24	25	26	28	29	34	38	40	41	42	44	45	53	63	66	
28	24
0	2	3	4	5	6	9	10	12	19	22	24	26	27	30	34	35	38	41	44	52	66	77	86	
37	33
0	1	2	7	9	12	14	16	18	19	20	22	24	25	26	27	29	30	31	33	34	35	38	39	41	44	45	46	49	52	66	77	99	
42	35
0	2	6	7	9	10	13	14	16	19	20	22	24	26	27	28	29	30	31	35	37	38	39	41	42	44	45	49	52	53	58	60	66	77	99	
29	25
0	3	5	6	9	10	11	15	19	20	22	24	25	26	27	28	34	38	39	45	49	58	60	61	66	
24	22
0	1	4	5	10	12	13	14	16	18	19	22	27	28	29	30	38	39	40	41	66	77	
25	22
2	3	5	6	10	12	13	14	16	22	24	29	30	31	39	40	44	45	49	52	53	60	
33	28
0	1	2	5	10	11	13	14	15	16	19	20	24	27	28	29	30	31	38	41	45	47	49	53	64	66	90	99	
32	29
0	3	4	7	9	10	11	12	14	16	18	19	20	22	24	25	26	29	34	38	39	41	44	45	46	49	60	77	80	
33	26
0	1	2	4	5	11	14	16	19	20	24	27	28	29	35	38	39	41	49	52	58	63	66	77	80	93	
42	35
0	1	2	4	5	6	10	15	16	18	19	22	24	26	28	29	31	32	35	36	38	40	41	42	44	45	46	49	53	61	64	77	86	93	99	
31	27
0	1	3	5	9	11	12	13	14	15	16	19	22	24	26	28	29	34	35	38	39	41	42	53	60	66	77	
32	26
1	3	6	9	10	12	13	16	18	19	20	22	27	29	30	34	36	38	45	49	53	58	59	61	80	93	
29	26
0	3	4	5	6	9	11	12	18	19	22	26	27	28	29	34	38	39	41	42	44	45	49	52	58	66	
31	27
0	2	3	6	11	16	18	19	20	22	24	25	27	29	38	39	40	41	42	44	45	46	49	52	60	66	93	
29	25
0	2	3	5	6	9	19	20	25	28	29	30	31	32	34	38	39	41	45	46	49	52	53	58	66	
31	27
1	2	4	5	6	9	16	19	22	24	27	29	30	34	36	37	38	39	40	41	42	44	49	52	61	66	77	
34	27
3	5	7	10	14	16	18	20	22	24	25	26	27	29	34	36	38	39	45	46	52	53	61	63	66	71	93	
30	24
1	5	6	9	10	11	12	18	22	24	28	29	30	35	38	39	40	41	52	60	61	63	66	77	
29	27
0	2	5	6	9	11	12	16	19	20	22	24	29	30	31	34	35	36	37	38	39	41	44	45	49	52	63	
33	29
0	5	6	9	10	11	12	15	19	20	22	24	27	28	29	35	36	38	39	40	41	42	44	45	49	52	53	66	93	
34	30
3	4	5	6	9	10	11	15	18	19	20	22	24	25	28	29	30	32	33	34	37	38	40	44	45	49	66	77	80	86	
28	27
0	1	3	5	6	9	10	15	16	18	19	20	22	24	26	28	29	30	31	36	37	38	39	41	45	47	66	
27	23
2	4	6	18	19	20	24	27	28	29	34	36	37	38	39	41	42	44	45	53	60	66	77	
40	33
0	2	4	5	6	9	11	15	16	18	22	24	25	26	28	29	30	31	34	36	38	39	42	44	45	49	52	53	58	60	66	77	93	
36	30
0	2	3	5	6	9	10	12	14	19	22	24	25	26	27	28	34	38	39	40	41	44	46	49	52	53	66	71	90	93	
27	24
0	5	6	13	14	18	20	22	24	25	26	29	34	36	38	39	41	42	44	45	47	52	60	66	
27	24
0	3	4	9	14	16	18	20	22	24	28	31	32	34	37	38	39	40	44	46	49	59	64	66	
34	27
0	1	3	4	5	6	10	11	12	15	16	19	20	22	28	29	38	41	45	49	52	60	66	77	86	90	99	
34	27
0	1	2	3	4	9	10	11	12	15	19	20	24	27	38	39	40	41	45	46	58	63	66	71	80	93	99	
37	32
0	2	5	6	9	11	13	14	16	20	24	26	27	28	29	30	31	32	34	35	38	39	40	41	44	45	49	52	53	59	90	99	
28	24
0	2	5	6	9	11	13	19	24	26	28	29	30	32	34	36	38	39	46	49	52	58	60	66	
39	32
0	2	5	9	11	12	16	19	20	22	24	25	27	28	29	30	34	36	37	38	39	41	42	45	49	52	60	61	63	66	71	90	
30	27
0	1	4	5	6	7	11	12	16	19	20	22	24	27	28	29	31	34	36	38	39	40	41	44	60	77	93	
27	23
0	1	3	5	6	7	9	10	11	19	20	22	24	29	35	39	44	45	46	58	66	90	93	
29	26
0	4	5	7	9	11	12	14	16	19	20	24	27	28	30	34	35	38	39	41	44	46	49	52	66	77	
24	22
0	2	5	6	7	9	10	12	18	24	27	28	34	35	38	39	40	42	44	49	66	86	
27	23
0	1	2	4	5	6	9	14	18	19	24	26	28	30	34	38	39	44	49	53	60	66	93	
31	28
3	4	5	6	7	9	10	11	14	18	19	20	22	24	26	29	34	35	38	39	40	42	44	45	49	53	58	66	
25	21
2	3	4	5	9	11	15	19	24	28	29	34	35	38	39	41	49	64	66	86	93	
30	28
0	1	2	3	4	5	6	10	12	18	22	24	25	27	28	29	30	32	36	37	38	39	41	42	44	49	60	93	
46	37
1	2	3	4	5	9	11	15	16	19	20	22	24	25	27	28	29	30	31	34	36	37	38	39	41	44	45	49	52	53	60	61	71	77	80	93	99	
37	30
0	1	5	6	9	10	11	13	18	22	24	28	29	31	34	35	37	39	40	41	44	45	49	52	53	66	77	90	93	99	
31	26
2	3	11	12	14	16	18	19	27	28	29	31	32	34	36	38	41	44	45	46	49	58	60	66	77	93	
29	26
0	1	2	6	10	14	15	16	18	19	20	22	24	25	28	34	35	38	39	42	44	46	49	60	66	93	
29	25
0	1	6	9	10	11	12	14	20	26	28	29	34	35	37	38	39	41	45	46	49	53	63	77	93	
27	25
0	2	4	5	9	10	11	12	13	18	19	20	22	24	28	29	31	34	35	36	40	44	49	53	60	
29	27
0	1	3	4	5	6	9	10	11	16	19	20	24	26	27	28	29	34	37	38	39	40	41	45	49	59	64	
39	33
0	2	3	5	6	7	9	10	11	12	15	16	18	19	20	22	24	29	30	32	33	35	38	39	41	44	49	58	60	64	66	80	93	
31	26
0	2	4	5	6	9	11	20	22	26	27	28	29	34	35	38	39	41	44	45	49	52	53	66	86	93	
29	26
0	2	5	6	9	11	12	16	19	20	22	24	25	27	28	29	32	37	38	39	44	45	49	52	63	93	
33	28
0	1	2	3	5	6	9	10	11	18	19	20	22	26	30	31	34	36	38	39	44	45	49	53	58	64	66	99	
29	27
2	3	4	5	9	11	14	15	18	19	20	22	24	25	28	29	32	38	39	40	41	44	45	46	49	66	80	
28	22
0	1	5	10	14	19	22	24	26	29	36	38	39	41	44	49	52	58	61	63	66	90	
34	29
0	1	3	5	6	9	10	11	14	16	18	22	24	25	26	29	31	36	38	39	41	45	46	49	52	59	64	66	77	
34	30
0	2	4	5	6	9	10	11	15	16	18	19	22	24	25	28	29	30	34	37	38	39	41	44	46	49	52	60	66	93	
33	27
0	6	9	11	12	16	19	20	24	25	29	32	34	35	38	39	41	42	44	45	49	52	53	58	63	66	93	
29	26
0	1	2	7	9	10	19	24	25	26	27	28	29	34	35	37	38	39	41	44	45	46	49	60	90	93	
29	26
0	2	3	4	5	6	9	10	14	16	18	19	22	26	27	28	29	31	36	39	44	45	49	60	77	80	
36	30
0	1	3	4	5	6	13	14	16	19	20	22	24	29	30	31	34	38	39	41	44	45	46	49	53	58	64	66	80	93	
33	29
0	1	2	5	6	9	11	16	18	20	22	24	26	27	28	29	31	36	38	39	41	44	45	46	49	53	63	66	93	
27	24
0	2	3	5	6	10	19	20	22	24	26	27	28	29	31	34	35	38	40	41	44	52	53	58	
26	24
0	1	3	6	7	12	16	18	20	22	24	26	27	28	29	34	38	39	41	44	47	49	71	77	
30	25
5	6	9	10	18	19	20	22	24	25	27	29	34	35	36	37	38	41	44	49	52	53	77	86	93	
30	28
0	1	4	5	6	10	12	16	18	19	20	22	24	25	26	27	28	29	30	34	35	36	38	40	45	49	64	66	
27	23
0	2	3	4	6	7	12	16	18	19	20	24	27	28	29	31	36	39	49	58	60	80	93	
35	30
1	2	3	4	5	6	9	11	15	16	19	20	24	25	26	27	28	29	31	35	38	39	44	46	49	52	53	60	93	99	
32	26
0	3	5	6	9	10	13	14	16	20	22	25	28	29	37	38	39	41	44	49	60	61	66	80	90	93	
26	23
0	1	2	5	9	19	20	22	24	28	29	35	37	38	39	41	42	44	46	49	58	63	66	
36	31
0	1	2	3	4	6	9	10	16	20	22	24	25	26	27	28	29	31	35	36	37	38	39	41	42	49	58	60	63	66	93	
29	26
0	1	2	3	5	6	10	12	14	19	22	24	26	27	29	33	34	38	39	44	45	46	49	53	60	66	
21	20
0	2	3	4	6	9	10	14	18	20	28	29	31	35	38	39	40	41	49	66	
34	28
0	1	2	9	10	12	13	16	19	20	22	24	25	30	32	34	35	38	39	44	45	49	52	53	60	77	90	93	
27	22
2	6	11	12	16	18	20	22	24	26	27	28	29	32	34	38	41	52	59	66	77	90	
33	28
0	2	4	5	9	11	14	15	16	18	22	24	25	26	29	35	36	37	39	41	42	45	49	53	58	63	77	80	
32	28
2	6	7	9	10	13	14	16	19	20	22	24	28	29	34	35	38	39	40	41	44	45	46	49	52	53	58	63	
23	23
0	1	5	6	10	11	16	18	19	20	22	24	27	29	30	34	35	38	41	42	44	45	49	
25	22
0	3	6	9	12	13	19	20	22	25	27	28	29	34	38	40	44	45	46	53	66	77	
40	34
0	2	4	7	9	10	14	18	19	20	22	24	25	27	28	29	30	31	32	34	38	41	42	44	45	46	47	49	52	53	60	66	77	93	
29	27
0	2	3	4	5	6	9	11	13	16	20	22	24	25	26	27	31	34	37	38	39	44	45	46	49	63	66	
29	25
0	1	3	6	11	18	20	22	24	26	27	28	29	30	34	36	38	42	44	45	49	52	58	80	93	
27	24
0	1	3	4	9	11	16	19	22	24	27	28	29	30	34	38	42	44	45	46	49	53	77	99	
27	24
1	2	3	5	6	9	10	11	15	19	22	24	26	27	28	29	34	39	40	44	49	53	58	99	
34	29
0	1	2	4	5	6	9	10	15	16	18	19	22	24	26	27	29	30	36	39	41	42	44	45	52	61	63	66	77	
35	29
0	2	3	6	9	10	12	13	18	19	24	25	26	27	29	33	34	37	38	39	41	44	49	52	53	60	66	77	90	
30	27
0	2	3	9	10	15	16	18	20	24	25	26	27	28	29	31	32	35	36	38	39	44	45	49	52	53	93	
31	30
0	2	3	4	5	6	9	10	11	14	16	18	19	20	24	25	26	27	28	29	30	31	34	35	36	39	44	45	49	52	
31	26
0	2	3	4	5	9	10	11	15	19	20	22	24	27	28	38	39	41	42	44	45	52	53	58	66	93	
30	28
0	1	2	3	4	5	6	7	9	10	11	15	18	19	22	24	27	28	29	30	32	34	35	38	39	49	52	60	
39	33
0	1	2	3	5	9	10	11	12	15	16	18	19	22	24	25	27	28	29	30	35	38	39	41	42	44	45	52	58	60	61	93	94	
25	23
0	1	5	6	9	11	14	16	19	20	22	24	26	27	28	29	30	34	37	44	45	52	60	
31	27
3	5	6	7	10	12	13	14	15	19	22	24	26	27	28	30	31	34	38	41	42	44	45	53	80	93	99	
32	29
0	3	5	6	9	10	12	15	16	19	20	22	24	25	27	28	29	34	35	36	37	39	41	44	45	46	53	58	99	
30	26
0	2	4	5	9	14	18	19	20	22	24	27	28	29	31	34	38	39	41	44	45	49	53	58	60	90	
24	21
0	6	9	11	12	19	20	22	24	25	28	34	35	36	38	39	41	49	52	77	90	
32	29
0	2	5	6	7	9	10	11	12	13	14	15	19	20	24	25	27	29	34	36	39	41	44	45	46	49	53	77	80	
30	27
0	1	3	5	9	10	11	15	16	19	22	24	27	28	29	34	35	37	38	39	41	44	45	46	52	60	93	
23	21
0	2	3	11	15	18	19	20	24	27	28	31	35	37	38	39	40	44	49	66	93	
28	25
0	1	2	3	4	6	11	12	19	20	22	25	26	28	31	32	35	39	41	45	46	49	60	63	80	
26	21
0	2	4	6	9	10	11	14	20	24	27	38	39	41	44	49	53	61	66	71	93	
35	31
0	2	3	6	10	11	12	13	14	15	16	20	22	24	25	26	27	28	29	34	35	36	38	39	42	45	49	63	66	77	80	
29	26
0	2	4	5	11	18	19	20	22	24	25	27	28	29	32	34	38	39	41	42	44	45	49	53	58	93	
30	28
0	3	4	6	9	10	11	14	15	18	19	20	22	24	27	29	30	31	32	34	35	36	38	42	44	49	77	80	
29	27
0	1	2	3	4	5	6	10	12	15	20	22	24	26	28	29	34	36	37	38	39	41	42	45	49	66	93	
27	24
0	1	2	3	5	9	10	18	20	22	24	27	28	29	32	34	38	39	41	45	49	52	64	66	
34	28
2	3	4	5	7	9	10	11	12	15	16	18	20	22	24	25	29	34	38	39	40	49	53	60	66	80	93	99	
28	24
0	1	2	3	7	10	11	19	20	22	24	25	28	29	30	34	36	39	44	49	52	60	66	71	
32	27
1	2	3	4	6	7	9	11	15	18	20	25	26	27	28	29	31	38	41	44	45	49	52	63	66	93	99	
36	30
0	3	5	6	7	10	12	14	16	19	22	27	28	29	32	34	37	38	39	40	41	42	45	49	52	53	60	66	90	93	
36	30
0	2	5	6	7	9	10	11	14	15	16	18	22	24	26	27	30	31	34	37	38	41	44	45	52	58	60	61	66	93	
26	22
1	6	9	10	19	20	22	25	27	29	31	34	38	39	44	45	46	49	52	53	60	93	
37	30
0	4	9	10	11	13	14	16	18	19	20	22	28	29	30	34	37	38	39	42	44	47	49	52	53	58	77	80	86	90	
30	29
0	1	2	3	5	6	9	10	11	12	14	15	18	19	22	24	26	28	31	34	35	38	39	40	44	45	46	49	60	
35	30
0	1	2	3	6	9	10	11	18	19	20	22	26	28	29	30	34	36	39	41	42	45	46	47	49	52	66	77	90	99	
30	26
0	1	5	6	9	11	12	14	22	24	27	29	34	35	36	38	39	41	42	44	45	49	52	58	66	80	
29	27
0	1	4	5	10	11	15	16	19	20	22	24	25	27	29	33	34	35	36	39	41	42	44	45	49	53	66	
28	25
0	3	4	6	12	13	14	16	20	22	24	26	27	29	31	35	38	39	41	44	45	49	52	58	77	
34	30
2	3	4	6	7	9	11	12	14	15	20	22	26	28	29	32	34	36	37	38	39	40	41	44	45	49	53	60	66	93	
43	35
0	1	2	3	5	6	9	16	18	19	20	22	24	26	27	28	29	32	34	35	37	38	39	41	42	45	49	52	58	60	61	63	66	90	93	
32	25
0	1	9	10	11	13	15	16	20	22	29	34	37	38	39	44	45	49	52	53	58	66	71	80	86	
23	22
0	2	5	7	10	11	14	15	18	19	22	24	25	26	28	29	30	34	35	44	49	93	
33	30
0	2	3	4	6	9	10	11	14	15	16	18	19	20	22	24	26	27	29	34	35	38	39	41	42	44	49	53	63	66	
32	29
0	2	3	4	6	7	9	10	11	15	16	19	20	22	24	27	28	31	34	39	41	42	44	45	46	47	53	61	66	
28	25
0	1	2	3	5	7	11	12	13	18	19	22	27	29	32	34	38	39	41	44	45	49	52	60	93	
30	25
0	1	3	4	7	10	14	15	16	22	24	27	28	34	38	39	40	41	44	45	53	60	77	80	93	
33	30
0	2	4	5	6	10	11	14	16	18	19	20	22	24	25	26	27	29	30	34	38	40	41	42	44	45	49	66	93	99	
27	24
0	1	5	6	9	10	11	13	16	18	20	24	27	28	31	38	39	41	44	47	49	52	66	77	
33	28
0	3	6	9	10	11	12	15	18	20	22	24	27	28	29	31	34	36	37	39	42	44	49	53	58	63	86	93	
32	29
0	3	4	5	6	9	10	11	12	14	18	20	22	24	27	29	34	36	37	38	40	41	42	44	45	49	52	77	90	
35	31
0	2	3	4	5	6	9	11	12	13	19	20	24	27	28	29	31	34	35	37	38	39	41	42	44	45	49	52	53	66	77	
28	23
0	1	4	9	10	11	13	14	16	18	19	24	28	29	34	38	39	42	63	64	66	90	93	
27	24
0	2	5	7	10	11	18	19	20	24	27	29	30	31	34	35	36	37	39	41	49	52	53	93	
33	31
0	2	3	4	5	10	11	12	13	15	18	19	25	26	28	29	34	35	36	37	38	39	40	41	42	44	46	47	49	61	66	
24	19
0	5	6	11	12	20	22	28	29	30	31	34	37	49	53	63	66	86	93	
35	31
0	2	3	5	10	11	12	16	18	19	24	27	28	29	31	33	34	36	38	39	40	41	42	44	45	46	49	58	77	80	93	
29	23
0	3	4	5	10	12	15	18	22	24	26	27	29	31	36	37	49	53	58	63	71	77	93	
36	31
0	2	5	6	9	10	11	12	13	18	20	22	24	25	28	30	32	34	35	38	39	41	44	45	46	49	53	60	64	66	77	
27	23
0	3	5	6	11	12	16	19	20	22	24	27	28	34	35	36	44	45	49	52	58	63	66	
27	24
0	5	6	14	15	16	18	19	20	22	24	27	28	29	31	36	41	42	44	45	49	58	71	99	
37	32
0	1	3	4	5	6	9	10	11	12	16	18	19	20	22	24	26	27	29	34	35	38	39	42	44	45	49	53	59	66	77	80	
27	24
0	1	2	3	6	10	14	15	16	19	24	26	28	29	36	38	41	42	44	46	49	52	66	93	
27	24
0	3	4	5	6	10	11	14	18	20	22	24	25	26	27	32	38	39	44	47	49	58	66	93	
36	31
0	1	5	6	11	13	14	15	18	19	20	22	24	25	27	28	34	36	38	39	42	44	45	46	47	49	53	60	66	80	99	
35	29
0	2	3	5	6	9	14	15	16	20	22	24	26	27	31	32	34	38	39	41	44	46	49	58	63	64	66	93	99	
31	28
0	1	2	5	11	14	15	18	19	20	22	24	26	28	29	32	34	35	36	37	38	39	41	44	45	60	66	80	
25	23
0	1	2	9	11	15	16	19	20	22	24	25	29	34	35	38	39	41	44	45	46	58	66	
25	25
0	3	5	6	10	11	12	15	19	20	22	24	27	28	29	31	34	36	38	39	41	44	46	47	49	
27	26
0	2	3	4	5	6	11	13	14	16	19	20	24	25	27	28	29	34	36	38	39	41	44	45	49	58	
29	26
1	2	3	5	6	9	16	18	19	20	22	24	26	29	34	35	36	38	40	41	44	46	49	52	58	77	
30	26
0	3	6	10	12	14	15	20	22	24	27	28	29	31	34	38	39	41	42	44	45	49	58	61	63	93	
31	27
1	2	4	7	9	10	16	19	20	24	26	27	28	29	31	32	34	36	38	41	44	45	49	52	66	77	93	
31	26
0	1	2	5	9	15	16	19	20	22	26	28	29	31	34	37	38	39	41	44	45	52	59	66	71	80	
33	27
0	4	5	9	10	11	14	16	19	20	22	24	25	26	27	31	34	37	39	46	49	52	60	63	66	77	86	
29	27
0	1	2	4	5	6	9	10	14	15	16	20	25	26	27	28	29	30	31	36	38	39	44	45	49	53	90	
30	27
1	2	3	4	5	6	7	9	12	16	18	19	20	25	27	29	33	34	37	38	39	41	44	45	53	66	93	
30	27
0	5	6	9	10	11	12	16	19	20	22	26	28	29	31	32	35	37	38	39	41	44	45	49	58	60	63	
32	25
2	5	9	10	18	19	22	24	25	27	28	29	31	34	39	42	46	49	52	53	58	64	71	77	90	
34	31
0	1	2	4	6	9	10	14	15	16	18	19	20	24	25	26	27	28	34	35	38	39	40	41	44	45	46	49	60	66	93	
29	26
0	1	2	4	5	6	10	11	13	19	20	22	24	25	28	29	34	38	39	40	41	46	47	53	77	93	
25	22
1	2	6	9	10	16	19	20	24	26	28	29	30	34	38	39	41	45	49	53	66	77	
30	26
0	1	3	5	10	13	14	16	18	19	20	22	25	29	36	38	40	41	44	45	46	47	53	60	77	93	
33	29
0	1	2	3	5	6	13	16	19	20	22	24	27	28	29	30	31	34	35	38	40	41	44	46	49	52	53	60	71	
31	27
0	1	4	5	6	7	10	11	15	18	19	20	22	24	25	29	36	38	39	41	44	45	49	63	66	77	99	
27	24
0	4	5	11	13	15	16	18	19	20	24	26	28	29	34	38	39	41	44	45	49	52	53	66	
32	28
1	2	5	7	9	10	11	12	14	16	19	20	22	24	25	27	29	34	35	36	38	44	45	49	52	66	77	99	
26	22
0	2	5	6	9	10	11	14	16	19	24	26	27	28	30	32	44	49	60	66	86	93	
41	34
0	4	5	6	7	9	10	14	16	18	19	20	22	24	25	28	29	31	32	34	37	38	39	40	41	44	45	53	58	61	71	80	86	99	
32	29
0	3	4	9	10	11	14	15	16	18	19	20	22	24	28	30	34	36	38	39	40	41	42	44	45	49	53	66	77	
28	24
0	1	2	5	10	12	18	19	20	22	24	26	27	28	29	34	35	42	44	49	53	66	77	86	
27	24
0	1	2	5	6	7	11	14	15	16	19	20	24	29	34	38	39	41	44	45	49	58	66	71	
39	32
0	3	4	5	6	9	10	11	12	14	19	22	24	25	27	28	29	30	38	39	41	42	44	45	49	53	60	63	64	66	77	86	
31	27
0	2	4	5	6	9	11	12	13	14	18	19	24	27	28	34	35	38	39	41	42	44	49	63	66	90	93	
37	32
0	1	4	5	6	10	11	12	14	19	22	24	25	26	27	28	29	32	33	34	36	38	39	40	44	45	49	59	60	63	66	77	
33	30
0	2	6	9	10	12	14	15	18	19	20	22	24	26	27	28	29	30	31	35	38	39	40	41	44	45	49	66	77	99	
31	28
0	2	4	5	6	10	13	14	18	19	20	24	25	26	27	28	31	35	37	38	39	41	44	45	49	63	66	86	
30	25
0	5	6	7	10	11	12	15	19	20	22	28	29	34	37	39	42	44	46	49	52	58	61	63	99	
38	31
0	5	7	10	15	16	18	19	20	24	27	28	29	30	34	37	38	39	41	42	44	45	46	49	58	59	60	61	66	71	77	
30	28
0	5	9	11	14	15	18	19	20	22	24	26	27	28	29	33	35	36	38	39	41	42	44	45	46	49	77	86	
31	26
0	3	4	5	6	11	12	14	15	18	19	20	24	25	30	34	35	37	39	44	45	52	60	66	77	90	
35	29
0	3	6	7	9	10	11	15	19	20	22	24	27	28	29	33	34	38	39	41	44	45	49	52	53	61	66	71	77	
35	31
0	1	2	4	5	6	7	9	10	13	16	18	19	20	22	24	25	26	27	29	31	39	40	41	44	45	46	53	64	90	93	
28	26
0	1	4	5	6	9	10	12	15	18	19	20	22	24	26	28	29	34	36	37	38	45	46	49	52	66	
37	32
0	1	2	5	9	10	11	13	19	20	22	24	29	30	32	34	35	36	37	38	39	40	41	44	45	46	49	53	60	63	77	99	
28	23
2	5	9	10	11	12	14	15	19	24	27	28	29	39	40	45	47	49	52	53	58	77	93	
29	25
0	3	6	7	9	10	11	16	24	26	27	29	32	34	38	39	41	42	44	45	46	60	66	77	94	
35	30
0	1	2	3	9	18	19	22	24	25	26	27	28	30	31	34	35	36	38	40	44	45	46	47	49	52	53	60	63	93	
36	30
0	3	5	7	9	10	11	12	14	16	19	20	22	27	28	29	35	38	39	41	44	45	47	49	52	60	63	64	66	90	
31	27
0	3	4	5	6	10	12	13	18	20	24	25	26	27	28	29	37	38	39	41	45	47	49	53	58	61	66	
29	26
0	1	2	3	4	5	9	10	11	15	18	19	22	29	31	34	38	39	41	42	44	46	49	60	66	90	
30	26
0	1	2	3	6	12	13	19	20	22	24	25	27	29	34	38	39	41	44	45	47	49	60	66	77	99	
40	33
1	2	3	5	6	9	10	12	16	18	19	20	22	24	28	29	30	33	34	35	38	39	41	44	45	49	52	53	58	60	71	77	80	
30	27
0	2	5	6	9	11	15	16	18	22	24	28	29	31	32	33	37	38	39	40	41	45	46	49	52	58	93	
25	22
0	2	3	5	6	9	14	20	24	31	34	35	36	38	40	41	44	47	49	66	77	86	
26	25
0	1	2	5	9	10	11	15	22	24	25	28	30	31	32	34	37	38	39	41	44	45	46	49	77	
27	23
2	4	9	15	18	20	26	27	28	29	30	32	36	38	41	42	44	45	49	53	61	77	93	
29	28
0	2	5	6	7	9	10	11	12	15	16	18	19	20	22	24	27	29	34	36	37	38	41	42	44	45	49	77	
42	37
0	1	3	4	9	10	11	12	14	16	18	19	20	22	24	25	27	28	29	30	34	35	36	37	38	39	40	41	44	46	47	49	52	58	60	66	93	
35	30
0	2	3	4	5	6	7	13	14	18	20	26	27	28	29	30	32	34	37	38	40	41	44	45	49	53	60	63	66	77	
26	23
0	3	5	6	10	11	12	15	18	19	22	24	27	30	31	34	35	41	44	49	58	60	66	
36	31
0	2	5	6	9	11	12	14	19	20	22	24	28	29	30	32	34	35	39	40	41	44	45	46	47	49	58	59	60	66	77	
31	26
2	5	6	9	11	14	15	16	19	20	22	26	29	32	34	38	39	40	41	44	49	58	60	66	90	93	
34	29
2	5	6	9	10	11	12	14	15	16	18	19	25	27	28	29	34	36	38	40	41	42	45	49	58	66	71	77	99	
29	25
0	2	3	4	5	9	11	16	18	19	20	24	27	28	29	31	34	38	41	44	49	58	61	71	93	
28	27
0	4	5	6	9	10	12	18	19	20	22	24	26	27	29	31	34	35	36	38	39	40	41	44	47	49	77	
42	36
0	3	4	5	6	10	12	13	16	18	19	20	22	24	27	28	29	30	34	35	36	37	38	39	40	41	44	45	47	49	53	58	60	63	86	93	
29	27
0	3	5	6	10	11	12	15	16	18	19	20	22	24	27	28	29	31	37	38	39	41	42	44	45	58	77	
28	25
0	2	6	10	12	16	20	22	24	25	26	27	29	34	35	36	37	38	39	41	45	46	52	66	77	
25	23
0	2	5	6	10	12	18	19	20	22	24	26	28	29	31	35	38	39	40	42	49	53	60	
32	26
0	1	6	9	12	16	22	24	27	28	29	32	33	38	41	42	45	46	47	49	53	60	63	66	77	86	
30	26
0	2	3	4	5	6	9	10	11	18	19	20	22	24	28	29	34	38	39	41	45	49	58	66	86	93	
40	35
0	1	3	5	7	10	11	12	13	16	18	19	20	22	24	28	29	30	34	35	36	38	39	40	42	44	45	46	47	49	53	58	63	66	93	
37	29
0	1	2	4	5	7	10	14	18	19	20	22	24	25	26	34	35	38	39	44	49	53	59	61	64	66	86	90	93	
32	26
0	2	6	9	10	11	13	16	18	19	20	24	27	28	29	34	35	38	41	49	59	60	63	64	66	90	
27	24
0	1	6	11	12	14	16	19	20	22	24	28	29	31	34	36	38	39	44	46	49	53	60	77	
28	24
0	4	5	6	10	15	19	20	22	27	28	29	31	32	38	39	41	42	45	49	52	53	58	63	
24	21
0	2	3	5	6	9	10	11	15	16	22	28	29	34	38	39	41	44	63	77	93	
29	25
5	11	14	16	19	20	25	26	27	28	29	31	33	34	35	36	39	42	44	46	49	60	63	66	80	
28	24
0	1	2	4	5	9	11	15	16	19	20	22	25	26	31	34	35	41	46	49	52	53	66	77	
29	25
1	2	3	5	9	10	11	12	16	19	20	22	24	25	27	38	39	41	42	44	49	53	60	66	93	
29	26
0	1	3	5	9	10	11	14	16	19	22	24	27	29	33	36	37	39	41	42	45	46	49	53	60	66	
29	24
0	4	5	7	14	22	24	25	28	29	30	34	35	39	41	44	45	46	49	52	53	63	64	80	
24	23
0	4	5	10	14	16	19	20	22	24	26	28	29	30	34	35	37	39	41	44	45	49	63	
30	28
0	1	3	4	5	6	9	10	14	15	16	19	20	22	24	27	28	29	34	35	37	39	41	44	46	49	80	90	
36	30
0	1	5	9	11	12	13	16	19	24	27	28	29	31	32	34	35	38	41	44	45	46	47	49	52	53	64	66	71	93	
40	33
0	2	3	4	5	9	11	12	13	15	16	18	22	24	27	30	31	32	34	35	36	37	38	39	44	49	53	60	61	63	66	71	86	
31	26
6	9	11	14	16	18	22	24	26	27	28	29	34	37	38	39	40	44	45	46	49	53	64	66	80	90	
28	25
0	2	5	6	9	10	11	13	16	19	20	22	24	27	29	31	34	39	41	44	45	49	53	66	77	
29	26
0	2	3	4	6	9	10	11	13	15	19	20	22	24	26	27	36	37	38	39	41	44	45	52	53	93	
35	30
0	1	2	5	6	11	12	13	14	16	19	20	22	24	25	26	27	28	29	30	34	39	41	42	45	52	61	63	66	77	
32	28
0	1	2	4	5	9	13	18	19	20	22	24	25	29	30	31	37	38	39	40	41	44	45	49	53	60	66	93	
29	26
0	1	5	6	13	18	19	20	22	24	25	26	28	30	31	34	38	39	41	44	45	46	49	52	58	90	
30	26
0	2	5	6	11	14	18	19	20	24	25	27	28	29	32	34	35	38	39	41	44	45	53	58	66	77	
26	23
0	3	5	6	9	10	11	13	14	18	19	20	22	24	32	33	34	38	39	49	60	63	66	
29	26
0	2	3	4	5	11	13	15	16	18	19	20	22	24	26	30	34	36	38	41	44	45	49	60	66	77	
34	31
0	3	5	7	9	10	12	14	16	19	20	22	24	25	26	27	28	29	30	31	34	38	39	41	42	44	45	49	66	86	99	
28	24
0	3	5	6	9	10	13	15	20	22	24	25	27	29	35	36	37	38	39	45	66	80	86	93	
27	22
0	1	2	4	13	16	18	20	22	24	25	28	29	30	34	36	38	53	60	64	66	77	
35	30
0	1	2	3	5	6	9	10	11	12	14	16	18	19	22	24	26	28	29	30	34	38	44	46	49	52	53	61	66	90	
24	22
0	4	12	14	16	20	22	24	25	28	29	30	34	35	36	38	39	41	45	49	77	99	
27	23
0	2	3	6	11	16	18	19	20	22	24	26	27	29	30	34	38	39	45	58	60	66	77	
27	24
0	3	5	12	16	18	20	24	26	27	29	30	31	34	37	38	39	41	44	46	49	58	61	66	
25	21
0	2	3	6	9	10	12	15	20	22	24	27	28	42	44	45	49	53	60	63	93	
31	27
0	1	2	6	7	12	13	16	18	22	24	25	28	32	34	37	39	41	42	44	45	46	49	52	64	77	93	
36	30
0	3	5	9	10	14	15	18	19	20	22	24	28	29	31	34	37	38	41	42	44	46	47	49	52	53	61	77	80	93	
26	24
0	3	4	5	9	10	11	13	20	24	26	27	28	29	30	34	39	41	42	44	45	49	60	86	
29	27
0	2	3	4	10	11	12	13	16	18	19	20	22	24	28	29	34	36	37	38	39	41	42	44	49	77	93	
29	25
0	2	3	4	5	6	9	10	16	19	22	24	26	28	31	34	36	38	39	45	49	52	58	66	77	
30	26
0	2	3	4	6	10	18	20	22	24	28	29	31	34	35	36	37	39	40	41	45	46	53	58	63	66	
35	30
0	1	2	9	10	12	15	16	18	19	20	22	24	26	28	29	32	35	36	37	38	39	44	46	49	53	60	71	80	93	
35	29
0	1	3	4	5	6	9	12	13	15	16	18	19	20	22	28	29	34	35	38	41	44	45	52	58	66	77	86	93	
30	26
1	2	3	5	6	7	10	12	16	18	19	20	22	24	26	28	35	36	41	44	45	49	52	53	58	86	
28	25
0	1	2	4	9	11	12	19	20	24	25	32	34	35	36	38	39	41	44	45	46	49	52	53	77	
27	26
0	5	6	7	9	10	11	14	16	22	24	26	27	28	29	31	35	37	38	39	40	41	44	46	49	77	
31	29
0	4	6	9	10	11	12	13	15	16	19	20	22	26	27	30	34	36	37	38	39	40	41	42	44	45	49	66	80	
32	28
3	4	5	7	9	10	11	12	14	18	19	20	24	26	27	28	29	34	35	38	39	41	45	49	58	66	77	86	
28	25
0	2	3	4	5	6	9	11	12	16	19	20	22	24	28	31	36	38	39	44	45	46	52	60	66	
29	26
0	1	2	5	9	11	14	15	16	19	20	22	24	27	29	34	38	39	40	41	42	47	49	60	66	77	
36	31
0	1	2	3	4	10	12	13	14	15	16	18	19	20	22	24	25	28	32	34	36	38	39	44	45	49	52	53	61	66	86	
26	25
0	1	2	3	5	10	11	12	14	16	19	20	22	24	26	27	29	31	34	38	44	45	46	49	60	
35	29
1	2	3	5	6	9	10	14	18	20	22	24	26	28	30	31	34	36	38	39	44	45	49	53	59	60	77	90	93	
32	27
0	2	3	5	9	10	11	12	16	18	22	24	28	29	33	34	36	39	41	44	46	49	52	58	66	77	90	
41	34
0	2	3	6	7	10	11	12	14	20	22	27	28	29	32	34	35	36	37	38	39	40	41	44	45	46	49	52	63	71	77	80	90	93	
28	25
0	1	2	3	7	9	11	14	16	18	20	22	24	26	28	31	32	34	38	39	44	49	58	66	77	
28	21
0	2	3	6	18	19	22	24	29	30	32	34	39	45	52	53	58	59	60	66	77	
33	27
0	3	4	5	6	10	11	14	16	18	19	20	24	25	30	38	41	44	45	47	49	52	63	66	86	90	93	
30	27
1	2	3	6	9	12	13	16	19	20	22	24	26	27	29	30	34	39	41	44	45	46	47	49	63	71	80	
38	33
0	2	5	6	9	10	11	12	19	20	22	24	25	26	27	28	29	31	34	36	37	38	39	41	42	44	45	46	58	60	66	71	77	
30	24
0	1	2	5	6	11	12	14	15	19	20	22	24	27	28	36	47	49	52	58	61	66	71	93	
30	28
0	3	4	5	6	9	10	11	12	16	19	24	25	26	27	28	33	34	35	38	39	41	42	44	45	49	64	66	
35	30
0	2	4	5	6	9	10	13	16	18	20	22	26	27	28	29	31	32	36	38	41	44	45	46	49	52	53	58	66	80	
33	29
0	1	2	3	5	10	11	12	16	18	19	20	22	26	27	28	29	38	39	40	41	44	45	47	49	52	66	77	80	
31	26
0	2	3	5	6	10	11	16	18	19	20	24	27	29	30	31	34	41	46	47	49	53	61	66	80	93	
30	27
0	1	2	3	4	5	6	9	10	15	18	19	22	24	27	28	29	35	38	39	41	44	46	49	52	66	99	
32	28
0	1	2	5	6	10	11	15	16	19	20	22	24	27	28	29	30	33	34	35	36	39	41	44	52	53	64	77	
36	31
0	1	2	3	5	9	10	11	14	15	16	18	19	20	24	26	27	30	31	34	37	38	39	40	41	49	52	58	60	66	93	
37	32
0	2	3	5	6	11	12	14	15	16	18	20	22	24	25	26	29	31	34	35	36	38	39	41	44	45	49	63	66	77	80	90	
26	24
0	3	6	9	10	14	15	19	20	22	24	26	27	28	29	30	35	38	40	42	47	49	60	66	
31	29
0	2	3	5	6	9	10	14	15	16	19	20	22	24	26	27	29	30	32	34	35	38	39	40	42	45	49	58	60	
29	24
0	3	5	9	11	12	14	18	19	20	22	24	26	28	29	34	35	41	49	53	63	66	86	90	
38	33
0	1	2	3	4	5	6	9	12	13	16	18	19	20	22	24	27	28	29	34	35	37	38	40	41	42	45	49	52	59	66	77	93	
29	25
3	5	10	11	12	19	20	22	24	27	28	29	31	34	35	38	39	42	44	45	49	58	66	86	93	
27	25
0	3	4	5	6	9	10	11	16	19	20	22	24	26	29	35	37	38	41	44	45	46	49	60	93	
35	31
2	5	12	13	14	15	18	19	20	24	26	27	28	29	30	31	34	35	37	38	39	40	41	44	45	46	49	52	58	66	93	
37	31
0	1	2	3	5	6	9	19	20	22	24	25	26	27	28	29	31	34	38	39	41	44	45	46	49	53	61	63	77	93	94	
33	28
0	2	3	5	6	7	10	11	12	16	19	20	22	24	29	35	36	39	41	42	45	47	49	60	66	77	80	93	
35	29
0	4	5	9	12	13	15	16	18	19	20	22	24	28	29	35	39	40	41	44	45	47	49	58	60	63	66	77	93	
34	28
0	3	5	6	9	10	11	15	16	20	24	25	27	28	29	30	38	39	41	42	44	45	53	58	60	66	80	93	
29	25
0	3	5	6	10	12	14	15	20	22	24	27	28	29	31	32	41	44	45	46	49	53	66	77	93	
42	35
0	5	6	9	11	12	14	15	16	19	20	22	24	26	27	28	29	31	34	35	37	38	39	41	44	45	47	49	52	53	66	71	86	90	93	
34	29
0	2	6	9	11	13	15	19	20	22	24	26	27	28	29	30	32	34	36	38	40	41	42	49	52	58	61	66	86	
33	26
0	5	6	10	12	14	18	19	20	22	25	28	29	31	34	37	38	39	41	53	61	63	66	71	80	86	
29	26
0	1	2	3	6	9	10	11	12	18	19	22	24	25	26	29	34	35	38	39	41	44	49	60	64	80	
31	26
0	2	3	13	14	15	18	19	20	22	24	26	28	31	35	36	38	39	44	45	46	52	53	58	66	93	
36	31
0	2	4	10	11	14	15	16	20	22	24	26	29	30	31	32	34	37	38	39	40	41	44	45	46	49	52	53	58	59	63	
35	32
0	1	2	3	4	5	9	11	13	19	20	22	25	26	27	28	29	31	33	34	35	36	38	39	41	42	44	45	49	66	77	99	
27	24
0	2	4	6	9	14	15	16	18	19	20	22	24	28	29	30	38	39	44	47	49	58	93	94	
29	27
0	1	3	5	6	9	10	11	12	13	14	15	20	22	24	27	29	30	34	35	38	39	41	42	45	60	66	
35	28
0	3	10	11	16	18	19	20	25	26	29	30	34	35	36	38	39	41	42	44	49	52	58	60	64	66	77	80	
31	27
0	1	3	4	6	9	11	16	19	20	22	25	26	27	29	31	36	38	41	42	44	45	49	52	53	60	66	
33	29
0	1	3	4	6	9	10	12	14	18	19	20	24	27	28	29	32	34	36	38	40	41	44	45	49	64	66	80	93	
27	26
0	2	5	9	10	11	12	16	19	24	25	26	27	28	29	30	33	34	36	39	41	42	44	45	49	71	
37	30
0	1	2	5	6	9	10	11	12	13	15	22	24	25	27	28	29	34	36	39	41	44	49	52	53	60	66	77	80	90	
32	28
0	3	5	6	10	11	14	16	19	20	22	24	27	29	30	36	37	38	40	41	42	44	45	46	52	60	66	93	
27	24
0	2	5	9	10	15	18	19	20	24	29	30	34	35	37	38	39	41	42	44	49	52	58	63	
35	30
0	1	3	4	5	6	10	11	16	20	22	24	26	27	28	29	31	34	35	36	39	41	45	46	49	53	58	61	66	94	
31	28
0	1	5	6	9	10	15	16	20	22	24	26	28	29	32	34	35	37	38	39	41	44	45	46	49	52	90	93	
36	31
0	1	2	4	5	6	9	15	16	18	20	22	24	25	27	28	29	31	34	35	36	38	39	41	44	46	59	66	77	86	90	
38	30
0	2	6	10	11	12	18	19	20	22	24	28	29	34	35	36	38	39	41	45	46	49	52	53	58	66	71	77	86	90	
36	29
1	2	6	9	11	12	15	18	19	20	24	25	27	29	30	32	34	38	39	44	45	49	53	58	60	66	80	90	93	
28	27
0	3	5	6	9	10	11	12	13	16	18	19	20	25	27	28	29	31	34	35	38	39	41	44	45	49	86	
28	25
0	1	3	4	5	9	10	11	12	14	22	24	26	29	30	34	36	39	40	41	44	49	61	66	93	
23	21
0	1	4	5	6	9	10	11	14	22	24	27	28	29	30	34	38	39	49	63	71	
42	37
0	1	2	5	6	9	10	11	12	13	15	16	18	19	20	24	26	27	29	30	31	34	35	36	37	38	39	41	44	45	46	47	60	71	80	86	93	
29	26
0	2	3	5	9	18	19	20	22	27	28	29	33	34	35	36	37	38	39	40	41	46	49	52	58	93	
33	29
0	1	2	4	5	6	9	10	12	14	15	16	19	20	22	24	28	31	34	36	38	39	45	46	49	53	60	66	90	
29	26
0	2	3	6	9	11	18	19	20	24	25	27	29	30	32	34	38	39	40	41	45	47	49	53	77	80	
41	35
0	1	2	3	4	5	6	9	10	11	12	13	14	19	20	22	24	26	27	28	29	33	37	38	42	44	45	46	49	53	60	64	77	80	93	
32	28
2	3	4	6	7	10	11	12	14	16	20	24	27	28	29	34	35	39	40	41	42	44	45	49	52	58	63	64	
30	25
0	1	4	6	9	11	14	18	19	20	22	24	30	35	36	39	40	42	44	49	64	66	77	80	93	
34	30
0	5	6	9	11	13	14	16	18	19	20	22	24	27	29	34	35	36	38	39	40	41	44	46	47	49	52	66	71	90	
35	28
0	4	5	9	11	13	14	19	20	22	24	25	26	29	35	36	38	41	44	45	49	58	59	66	77	80	90	93	
28	25
0	6	10	11	12	14	16	19	20	22	28	29	30	34	35	36	38	39	40	41	44	49	53	58	77	
30	26
2	5	9	10	11	13	16	18	19	20	24	26	28	29	34	37	38	41	42	44	45	49	52	53	66	93	
42	38
0	2	3	5	6	10	11	12	13	15	16	18	19	20	22	24	26	27	28	29	30	31	34	35	36	37	38	39	41	44	45	46	47	49	52	53	66	90	
30	27
0	1	2	3	4	5	6	9	11	14	15	20	22	24	27	28	29	34	36	37	38	39	41	49	52	58	66	
27	23
0	2	3	5	6	9	11	16	18	20	24	25	28	29	31	38	39	40	45	52	60	77	93	
29	24
0	3	9	10	11	14	16	19	22	24	25	28	29	31	34	35	36	38	44	52	58	63	66	80	
28	24
2	4	5	6	9	11	12	16	20	22	24	26	29	30	32	38	41	42	44	49	60	64	66	77	
28	26
0	2	5	6	9	11	12	14	15	18	19	20	22	24	25	27	29	34	38	40	41	45	47	49	66	77	
34	28
0	1	2	3	4	6	13	20	22	24	27	28	29	31	34	38	39	40	41	44	45	49	53	58	59	60	63	93	
26	22
0	2	3	5	9	10	11	19	20	22	27	28	29	30	32	38	44	49	58	60	63	66	
27	24
0	3	5	6	9	10	11	12	15	16	22	24	26	27	28	34	36	38	39	42	45	52	80	93	
36	29
0	1	2	3	4	5	9	13	14	19	20	22	24	28	29	34	36	38	39	41	45	49	58	59	60	63	77	90	99	
42	36
0	1	2	7	9	10	11	14	15	16	18	19	20	22	26	27	28	29	30	32	34	35	38	39	40	41	44	45	46	49	53	66	71	77	80	93	
22	19
1	2	3	6	9	10	11	19	20	22	24	27	31	38	42	45	58	60	66	
30	27
0	2	5	6	9	10	12	18	19	20	24	25	27	29	34	35	36	38	39	40	41	44	45	49	53	66	93	
29	26
0	1	3	4	5	6	7	9	13	19	20	24	27	28	29	34	37	38	39	42	44	45	49	53	66	86	
35	28
0	1	2	5	6	9	10	11	13	18	20	22	24	27	29	31	36	38	41	46	49	52	53	58	60	63	66	86	
22	21
0	1	2	5	9	16	18	20	22	25	27	29	31	34	38	39	40	41	45	49	58	
35	29
0	2	6	10	11	14	15	18	19	20	22	24	26	27	28	34	35	37	38	39	41	46	49	52	58	60	66	90	93	
32	29
0	2	3	5	6	7	9	10	11	12	14	19	20	22	24	28	29	31	32	34	37	38	39	41	45	49	66	77	80	
31	28
0	3	4	6	9	10	11	12	15	19	20	24	25	27	31	34	35	37	38	39	40	41	42	44	45	58	63	93	
32	28
0	2	5	6	7	10	14	16	19	20	22	26	27	29	32	34	36	38	40	41	42	44	45	49	52	58	59	64	
31	23
5	9	12	16	18	24	25	26	27	28	29	34	36	39	49	58	60	63	64	66	71	80	90	
32	26
0	3	4	5	10	11	16	22	24	25	27	29	34	35	38	39	41	44	45	49	52	53	58	66	77	80	
34	29
0	1	5	7	9	10	12	16	20	22	24	26	27	28	29	31	34	38	40	41	44	45	47	49	53	58	60	66	99	
27	22
0	2	4	5	15	19	20	22	24	27	28	29	34	35	36	37	38	53	58	60	66	86	
35	30
0	1	3	4	5	6	9	10	15	16	19	20	24	26	27	34	35	36	38	39	41	44	45	46	49	52	61	66	90	93	
32	27
0	2	3	5	6	14	15	19	20	22	24	25	28	29	30	31	34	38	40	41	44	49	61	63	64	66	99	
35	31
0	3	4	6	9	10	12	13	14	16	18	19	20	22	24	26	27	28	29	30	37	38	39	42	44	45	46	52	58	63	80	
33	28
0	3	5	6	10	12	15	16	18	19	24	26	28	29	30	31	34	36	38	41	44	45	49	52	53	60	66	93	
37	32
0	1	2	3	4	7	10	11	12	14	15	16	19	20	24	28	29	34	35	36	39	41	44	45	46	47	49	52	53	60	71	99	
30	27
0	2	4	6	13	14	16	18	19	20	22	24	26	27	29	31	32	34	38	40	41	42	44	49	53	60	93	
30	25
1	3	4	5	6	9	10	19	24	26	27	28	29	30	38	39	41	42	44	49	52	53	64	66	86	
32	28
0	2	3	6	9	10	11	12	16	18	19	20	22	26	28	29	32	34	37	38	39	41	44	49	52	53	60	99	
37	30
0	1	2	3	4	5	6	9	10	12	15	16	20	22	28	29	34	35	39	42	44	45	49	52	53	60	66	77	86	99	
30	27
2	3	4	5	10	11	12	15	16	19	22	24	28	29	30	31	36	38	40	41	42	44	47	49	52	53	77	
36	31
0	2	3	5	10	14	16	18	19	22	24	26	27	29	30	31	35	37	38	39	40	41	42	45	47	49	52	63	66	80	93	
32	27
0	1	3	5	9	10	11	20	22	24	26	27	28	29	32	34	38	39	41	44	45	49	58	66	71	80	93	
40	35
0	2	3	6	7	9	10	12	13	15	20	22	24	26	28	29	30	31	32	34	35	36	37	38	39	41	42	45	46	49	53	58	60	61	66	
30	28
0	4	5	6	9	10	11	15	18	20	22	24	25	26	27	28	31	32	35	37	38	39	41	44	45	49	52	66	
31	26
2	5	6	9	10	16	22	24	25	26	28	29	30	33	35	38	39	40	41	46	49	52	58	66	77	99	
25	21
0	1	5	6	10	16	20	22	26	27	29	32	38	41	42	45	49	52	53	66	93	
35	31
0	2	3	4	5	7	9	13	14	15	16	18	19	20	22	26	27	28	29	30	31	34	41	42	44	45	49	59	60	66	93	
25	22
4	5	6	16	20	22	24	27	29	30	32	34	38	39	42	44	46	47	49	60	66	90	
25	23
0	1	5	6	9	10	11	15	19	20	24	25	28	30	37	38	39	44	45	46	49	58	77	
31	26
0	1	2	4	6	10	14	18	20	25	26	28	29	30	38	39	41	42	44	46	49	53	58	63	66	93	
33	30
0	1	3	5	6	7	10	11	14	15	18	19	20	22	24	26	29	32	34	38	39	40	41	44	46	47	49	58	66	80	
30	27
0	3	5	6	7	9	10	11	14	16	18	19	22	24	28	29	30	31	37	38	39	40	41	42	53	66	93	
31	26
0	1	3	5	6	10	18	19	24	28	29	31	32	34	35	38	40	44	45	46	47	53	59	60	66	77	
37	32
0	2	4	5	9	11	13	14	16	18	19	20	22	24	25	27	28	29	34	38	39	41	42	44	45	46	49	53	60	64	77	93	
30	27
0	2	4	5	6	10	11	14	15	16	18	22	24	29	32	34	35	38	39	40	41	42	44	46	52	66	93	
23	22
0	5	6	7	11	12	14	16	18	19	27	29	34	35	38	39	41	44	45	47	49	60	
35	30
0	1	2	3	4	6	10	11	13	15	18	19	20	26	28	29	30	31	32	37	38	40	41	44	45	59	63	77	90	93	
36	30
0	2	3	5	6	9	10	11	16	18	19	20	22	27	29	33	34	36	38	39	41	45	46	49	53	59	60	66	94	99	
35	29
0	1	2	5	6	9	11	14	16	18	20	22	24	27	29	30	34	36	38	39	41	42	44	53	60	63	77	80	86	
31	26
0	1	3	6	10	11	13	16	19	22	24	25	26	28	38	40	41	42	44	45	49	53	60	66	77	99	
35	30
4	5	6	9	10	11	12	15	16	19	20	22	24	25	26	28	29	30	34	36	38	39	44	45	49	52	58	63	66	93	
29	27
0	2	3	9	10	11	12	13	14	16	18	19	20	24	25	27	29	34	36	37	38	40	41	47	49	60	93	
36	29
0	3	4	5	11	12	14	15	16	20	24	29	32	34	35	36	38	39	41	44	45	49	58	60	61	66	77	80	93	
28	23
0	1	4	5	6	11	12	16	19	20	22	24	32	34	37	38	45	49	52	60	66	77	90	
28	24
0	2	3	4	11	12	14	16	24	26	28	30	34	36	38	39	41	44	45	49	52	53	66	77	
36	30
0	2	7	9	10	11	12	13	14	19	20	22	26	27	28	29	36	38	39	40	42	44	45	49	53	60	66	71	77	93	
35	31
0	1	2	5	6	12	14	16	18	19	20	22	24	25	27	30	31	32	34	38	39	41	44	45	46	47	49	53	59	77	99	
26	23
0	2	4	5	6	9	11	12	19	24	25	29	30	34	35	38	41	44	45	49	53	60	66	
31	25
1	3	5	9	10	11	12	16	19	20	24	25	27	28	34	38	44	45	49	53	60	63	66	80	90	
31	27
0	1	4	5	6	9	10	15	16	19	20	22	24	28	29	30	34	35	36	38	39	44	49	60	66	77	80	
37	31
0	1	3	4	5	9	10	11	15	18	20	22	24	25	27	29	37	38	39	40	41	42	44	45	49	52	53	63	66	71	77	
33	27
3	5	7	10	15	16	18	22	24	27	28	29	31	34	35	38	39	41	44	45	49	58	66	77	86	93	99	
33	28
0	3	4	5	6	11	15	16	19	20	22	24	25	30	31	35	36	38	40	41	45	46	49	53	60	64	66	93	
28	26
0	1	2	4	5	6	7	11	19	20	24	25	27	30	31	34	35	39	40	41	42	44	45	49	63	77	
29	24
2	3	6	7	9	10	11	16	19	22	28	29	31	36	38	42	44	45	49	52	60	66	77	93	
24	22
0	2	3	5	6	7	10	20	24	26	28	29	30	34	37	38	39	41	45	49	53	61	
32	28
0	4	5	6	7	9	16	19	20	22	24	25	26	27	29	31	37	38	39	40	41	44	45	49	52	58	66	93	
34	29
0	2	3	5	6	10	11	14	15	16	19	20	24	25	27	28	34	35	38	39	41	42	44	46	53	63	66	77	93	
34	32
0	2	3	4	5	9	10	11	12	16	18	19	20	22	25	26	27	28	29	30	36	37	38	39	40	41	42	44	45	49	53	66	
37	31
5	6	9	10	12	13	14	15	20	22	24	26	27	29	32	34	35	38	39	40	41	44	45	46	49	58	60	66	90	93	99	
35	32
0	1	2	3	5	6	9	11	12	14	16	18	19	20	22	26	27	28	29	30	31	32	34	36	37	38	39	44	49	52	58	77	
35	29
0	1	2	3	5	9	10	11	14	18	20	24	28	29	30	31	34	38	39	40	41	44	49	53	58	63	66	77	80	
27	25
2	3	4	6	9	10	11	13	16	19	22	26	27	28	30	34	36	38	39	44	45	46	49	60	80	
36	31
2	3	4	5	7	14	15	16	18	19	20	24	25	26	27	31	32	34	36	37	38	39	41	44	46	49	58	60	66	90	93	
24	22
0	1	3	4	6	9	10	11	14	16	19	20	22	24	26	35	38	39	41	49	64	93	
28	24
0	1	6	10	14	16	18	19	20	22	24	29	34	36	38	39	40	45	46	49	53	59	60	64	
24	22
0	2	5	6	11	12	14	16	19	27	28	29	34	36	38	39	41	44	47	49	61	64	
26	25
0	2	3	6	7	9	11	16	18	19	22	24	26	28	30	31	34	38	39	42	45	46	47	49	53	
33	28
0	1	2	3	4	9	10	11	12	16	18	20	22	24	27	28	33	34	35	38	41	45	46	53	58	60	63	66	
28	26
0	5	7	10	12	14	15	16	18	19	20	22	24	26	27	28	29	32	34	38	39	41	45	49	53	93	
29	26
0	3	5	6	9	10	11	18	19	20	22	24	26	27	28	29	30	34	35	39	41	42	49	58	60	66	
27	25
0	1	2	3	5	6	7	9	11	13	14	15	16	20	24	26	27	28	30	37	38	41	49	66	77	
37	30
0	1	2	5	6	7	10	11	13	15	18	19	24	25	26	27	28	29	34	36	41	44	49	52	53	59	66	77	90	93	
37	32
0	2	3	4	5	6	9	10	11	13	14	15	18	20	22	25	27	28	29	30	34	37	38	39	45	46	49	53	60	61	66	90	
29	23
0	3	4	5	9	10	16	19	20	22	24	34	38	39	41	45	49	52	53	66	77	93	94	
31	27
0	2	4	5	6	9	12	13	14	16	19	20	27	28	34	35	38	39	40	41	44	45	49	52	66	80	90	
30	27
0	2	10	11	12	13	14	16	19	20	22	27	29	30	31	34	35	37	38	39	41	44	45	49	53	71	93	
31	28
0	1	4	5	6	11	12	14	16	19	20	24	26	28	29	31	34	36	38	39	41	42	44	45	46	52	60	66	
32	27
0	1	2	3	5	6	9	10	13	16	18	19	20	22	26	29	34	35	38	42	46	49	52	59	66	77	93	
24	22
0	1	3	5	6	9	10	11	12	15	20	24	28	29	34	36	38	40	42	49	52	80	
31	27
0	1	2	3	5	6	9	16	19	20	22	24	26	27	28	29	30	38	39	41	44	45	49	52	58	60	66	
32	28
0	1	2	4	5	6	9	10	11	18	20	22	24	25	27	28	29	35	37	38	39	41	44	49	60	66	80	90	
29	25
0	4	5	9	14	15	19	20	22	24	25	27	28	30	32	34	35	36	39	44	49	53	63	66	77	
33	30
0	1	3	5	6	9	10	16	18	19	20	22	24	25	29	30	31	34	35	36	37	40	41	44	45	46	49	53	63	93	
31	27
0	1	4	5	6	9	11	18	20	22	24	26	27	28	29	30	34	35	38	41	44	46	47	52	60	66	77	
32	27
0	3	5	6	7	10	11	19	20	24	25	26	27	29	30	36	38	40	41	44	45	49	52	60	66	93	99	
29	27
0	1	2	4	6	9	10	18	19	22	24	27	29	30	31	32	33	35	37	38	41	42	44	45	46	66	99	
29	26
0	2	3	9	10	11	15	16	19	24	26	27	28	31	34	35	38	39	40	41	44	45	49	52	66	99	
35	29
0	3	9	10	11	12	16	18	19	20	22	24	25	26	27	31	32	34	35	38	39	41	44	52	58	60	66	77	93	
29	25
0	1	2	3	5	9	10	12	15	16	20	24	26	27	31	37	38	39	41	42	49	52	53	59	77	
24	21
0	1	2	3	9	10	11	20	22	24	29	30	34	36	38	39	41	49	53	80	93	
31	26
0	2	9	11	12	14	18	19	20	22	24	27	28	29	36	38	39	41	44	45	49	52	53	59	90	93	
41	35
0	2	3	5	6	9	10	11	12	13	15	16	18	19	20	22	24	26	29	34	36	38	40	41	42	44	45	46	49	52	58	63	66	77	80	
31	27
1	2	3	5	10	12	14	15	16	18	19	20	24	25	28	29	37	38	39	40	41	44	49	60	61	64	66	
29	27
0	1	2	3	6	7	9	10	11	12	14	15	16	19	20	22	24	28	29	31	38	39	41	47	49	60	93	
30	25
1	3	5	9	10	11	14	15	16	20	24	25	27	28	29	31	35	38	39	44	60	61	63	66	99	
35	30
0	3	4	6	9	12	18	19	22	24	25	27	28	29	32	34	35	36	38	39	40	41	44	45	49	52	58	66	71	90	
39	34
0	1	3	5	6	10	12	13	15	18	19	20	24	25	26	28	29	32	34	36	37	38	39	40	41	42	44	45	49	58	60	66	80	93	
37	32
0	1	2	3	9	10	13	18	19	22	24	26	27	28	29	30	32	34	37	38	40	41	42	44	45	46	49	52	53	66	77	90	
32	27
0	2	5	6	10	12	14	15	22	24	25	28	29	32	34	36	37	39	40	41	44	49	60	66	77	93	99	
31	28
0	1	2	3	4	5	7	10	14	16	18	19	20	22	24	26	27	29	31	35	37	38	41	44	49	52	60	77	
41	34
0	4	5	6	9	10	11	14	16	18	19	20	22	24	25	27	28	29	31	34	36	38	39	40	45	46	49	53	58	59	60	66	77	80	
18	17
0	3	4	10	11	16	18	24	27	31	34	38	41	44	45	46	66	
43	36
0	1	2	3	5	6	11	14	15	16	18	19	20	22	24	26	27	28	29	32	34	38	39	40	41	42	44	45	46	53	60	63	66	80	86	90	
33	29
0	2	3	4	5	6	9	11	12	13	18	22	26	27	28	29	30	32	34	37	38	39	42	45	49	58	71	93	99	
30	27
0	1	2	3	4	5	6	9	10	15	19	20	24	25	26	28	31	34	38	39	41	42	46	49	53	58	66	
34	30
0	2	4	5	6	7	10	11	12	13	16	18	20	22	24	26	27	29	31	32	36	37	38	39	40	44	52	53	60	66	
29	25
0	2	3	4	6	9	10	11	16	18	20	22	24	25	28	32	38	39	41	44	47	53	63	66	90	
29	25
0	2	5	6	7	10	11	12	14	18	19	24	25	27	28	35	39	41	42	45	49	53	71	77	93	
26	23
2	3	4	9	10	11	13	19	20	22	24	27	28	34	35	36	38	41	45	47	66	93	99	
24	21
0	1	2	3	5	6	19	20	22	24	28	29	34	38	39	41	44	49	58	66	93	
33	31
0	1	3	5	6	11	12	13	14	15	19	20	22	24	26	27	28	29	33	34	35	38	39	40	41	42	44	45	49	58	66	
32	29
0	1	2	3	5	6	9	10	11	12	14	18	19	22	24	26	27	29	34	37	38	39	41	44	45	49	59	80	90	
31	26
0	1	3	6	9	11	16	18	19	20	22	24	27	28	34	35	37	38	39	44	49	52	58	66	77	90	
27	22
0	1	2	10	13	14	19	20	24	25	27	29	34	38	45	46	49	53	58	63	66	86	
32	27
2	3	6	9	10	13	15	19	20	22	24	27	30	31	34	38	41	42	44	46	47	49	52	53	60	66	90	
32	27
0	3	4	5	6	9	10	12	16	19	20	22	24	26	29	30	34	36	38	41	44	49	59	60	63	66	80	
34	28
0	5	10	12	14	15	16	18	20	22	26	29	30	32	34	38	39	40	41	44	47	49	52	58	60	66	86	93	
37	31
0	1	4	5	6	9	10	11	12	14	15	16	18	20	22	24	28	29	32	34	35	38	45	46	49	52	66	77	86	93	99	
37	29
1	2	3	6	7	9	10	13	16	18	19	20	22	27	28	35	36	38	41	42	49	52	53	58	60	61	71	77	99	
29	26
0	2	10	11	12	19	20	22	24	25	26	27	29	30	34	36	38	39	40	41	44	45	49	52	66	90	
29	24
0	2	4	5	6	9	10	16	19	20	24	27	29	30	34	35	38	41	49	52	53	58	60	66	
27	24
0	2	3	4	6	9	10	14	16	18	19	20	22	27	28	29	31	38	39	45	49	60	77	80	
34	29
0	2	5	6	9	11	14	16	20	22	24	25	26	28	30	31	34	37	38	41	44	45	46	49	53	61	66	77	99	
27	23
0	4	5	6	7	9	10	11	22	24	25	34	38	39	41	42	44	45	49	53	60	66	99	
35	29
0	1	6	10	18	19	22	24	26	27	28	29	31	34	35	37	38	39	41	42	44	45	49	58	60	66	77	93	99	
34	29
0	2	4	11	12	13	14	15	16	19	20	22	24	27	29	30	34	38	39	41	42	44	46	49	52	53	60	66	93	
32	28
0	2	3	5	6	10	12	13	16	19	20	22	24	26	28	29	33	34	38	39	41	45	47	49	52	63	77	93	
27	25
0	1	2	5	6	7	9	10	13	14	15	16	22	28	29	30	36	39	41	44	45	46	49	53	86	
25	22
0	2	3	6	10	15	16	18	20	24	26	30	36	37	38	39	42	45	49	63	66	77	
25	22
0	3	4	7	10	11	13	20	22	24	27	29	36	37	38	41	42	44	49	53	71	86	
30	26
0	2	6	9	10	11	12	13	16	20	22	24	26	27	29	30	34	38	39	41	44	49	53	60	66	86	
26	24
0	3	9	10	15	16	18	19	20	24	26	29	32	34	36	38	39	40	41	44	46	49	52	53	
32	26
0	1	2	4	6	10	19	20	24	26	28	29	32	34	39	40	41	44	45	49	52	53	58	60	66	77	
26	25
0	1	2	5	6	9	10	14	15	16	20	22	24	25	26	27	28	29	34	38	39	41	45	49	59	
29	25
0	2	3	6	9	16	19	20	22	24	26	28	34	38	39	40	41	42	45	47	49	60	66	80	93	
28	24
0	2	5	6	18	20	25	28	34	35	36	37	38	39	40	41	42	44	46	49	53	66	77	93	
31	27
0	1	2	3	5	6	9	10	16	22	24	28	29	32	34	35	37	38	40	41	44	46	49	60	66	77	99	
29	26
0	1	3	6	10	14	15	16	18	20	22	24	27	29	34	35	38	39	41	44	45	46	49	52	53	77	
24	22
2	3	5	10	11	18	20	22	24	26	27	28	29	30	35	38	39	41	45	49	58	66	
37	32
0	1	2	4	6	9	10	11	14	15	16	18	19	25	26	27	28	29	31	34	35	38	39	41	42	44	49	58	60	63	66	93	
30	26
0	3	6	10	12	13	16	18	22	24	26	28	29	30	34	35	36	38	40	41	45	49	52	66	77	99	
29	27
0	1	2	3	7	9	10	11	15	16	19	20	22	24	25	26	34	35	37	38	39	40	41	44	45	53	66	
29	26
0	2	3	5	11	12	14	15	18	19	20	22	24	26	34	35	37	38	39	41	45	46	49	53	60	93	
30	27
0	2	3	4	5	6	10	12	15	19	24	27	28	31	34	35	37	39	40	41	42	44	45	49	53	60	71	
32	27
0	2	5	6	9	10	11	16	18	19	20	22	29	31	32	34	35	38	40	45	47	49	53	58	66	93	94	
27	25
0	1	2	6	11	12	16	19	20	24	27	28	29	34	35	36	37	38	39	40	44	45	49	53	66	
28	25
0	1	3	4	5	6	9	12	19	22	27	28	29	30	34	37	38	39	40	41	44	45	52	53	61	
25	22
0	2	3	4	5	6	11	12	18	22	24	27	28	29	30	34	36	38	39	53	86	93	
36	30
1	4	5	7	9	11	12	13	14	16	20	22	24	27	28	30	34	35	38	41	44	45	47	49	58	60	77	80	90	99	
27	24
0	1	2	3	5	6	9	11	13	19	24	26	29	31	33	34	38	42	44	45	49	66	77	90	
38	31
0	1	5	6	11	12	13	15	18	20	22	24	26	27	28	29	34	38	41	44	45	46	47	49	52	53	58	60	66	77	93	
32	27
0	5	9	10	14	15	16	20	22	24	26	27	28	29	34	35	36	38	39	40	44	49	52	60	63	86	94	
28	27
0	2	5	9	10	11	12	13	18	20	22	24	25	27	28	29	30	31	34	36	37	38	39	41	46	49	93	
28	25
0	3	4	6	9	10	13	16	18	19	24	27	28	29	30	31	36	38	39	42	44	49	53	58	93	
27	24
0	3	5	6	14	16	18	19	20	22	24	26	27	28	30	32	35	38	41	45	49	52	58	60	
30	27
0	2	3	4	5	9	13	14	15	16	20	22	24	26	27	29	31	34	38	39	40	41	46	49	58	61	66	
40	35
0	2	3	5	6	10	11	12	13	15	16	19	20	22	24	25	27	29	30	32	34	35	37	38	39	41	44	45	46	49	53	66	77	86	93	
45	38
0	9	10	11	12	14	15	16	18	19	20	22	24	25	26	27	28	29	30	31	32	34	36	37	38	41	44	45	46	47	49	60	64	66	71	77	80	99	
28	23
0	3	5	6	10	14	15	16	19	20	26	27	28	31	34	38	44	49	58	63	71	77	93	
32	28
0	3	4	5	6	7	10	15	16	18	19	22	24	25	29	30	31	38	39	40	41	45	46	49	53	58	77	93	
34	28
0	3	5	6	10	11	14	18	19	20	24	25	26	27	28	29	30	34	36	38	39	45	53	58	60	77	80	93	
30	25
0	4	5	6	9	10	11	15	18	19	20	22	30	34	35	39	42	44	45	46	58	60	66	77	99	
29	26
0	2	3	9	10	11	13	16	19	20	22	24	28	29	34	37	38	39	41	44	45	46	49	53	66	93	
35	31
0	1	2	3	5	6	10	11	14	16	19	20	22	24	25	26	29	31	34	35	37	38	44	45	46	47	49	63	66	80	99	
28	23
0	9	11	12	15	16	20	22	24	25	29	30	34	36	38	39	45	46	53	60	64	66	77	
31	27
0	1	2	5	6	11	14	15	18	20	22	26	27	29	30	34	37	38	39	41	44	46	49	53	66	77	93	
30	27
0	5	6	11	12	13	14	18	20	22	24	25	28	29	30	31	34	37	39	41	42	44	45	49	52	53	66	
37	30
0	1	2	3	10	11	13	14	19	20	22	24	26	30	34	35	36	38	41	42	44	45	49	58	60	66	80	86	93	99	
30	25
0	2	3	10	14	19	20	22	24	25	27	28	34	38	39	41	42	44	45	49	52	53	58	66	77	
36	29
0	1	3	5	9	10	11	15	18	24	28	29	31	32	34	35	38	41	44	45	46	47	52	53	60	64	66	77	90	
33	28
0	2	3	5	9	10	11	14	19	20	22	26	27	28	29	35	38	39	41	42	44	46	49	52	60	66	77	80	
22	20
0	5	6	10	11	12	20	22	24	27	29	30	31	36	38	39	42	44	52	66	
30	27
0	1	4	5	6	10	11	14	18	19	20	24	25	29	30	32	34	36	38	41	44	45	47	49	53	66	90	
31	26
0	5	6	10	15	16	19	20	22	26	27	28	29	34	35	38	41	42	44	45	49	53	58	64	66	90	
38	32
0	1	3	6	10	11	13	14	15	16	18	20	22	24	26	27	29	36	37	38	39	41	42	44	45	49	52	60	77	86	90	99	
27	23
0	1	4	6	7	9	11	15	22	26	27	28	29	32	34	39	44	46	49	52	66	77	90	
37	30
9	10	11	13	16	18	19	20	22	24	26	27	29	34	35	37	38	39	40	41	42	44	49	52	53	60	66	77	86	93	
36	30
0	3	4	5	9	10	11	15	16	19	22	24	26	27	28	29	32	36	38	39	40	41	44	49	58	60	63	66	77	90	
28	25
0	2	4	5	6	10	12	14	15	18	20	22	24	26	27	28	29	35	39	41	45	49	52	58	77	
33	28
0	1	2	3	4	6	9	12	24	25	26	28	29	30	31	34	35	38	40	41	42	45	49	53	58	66	77	93	
23	21
0	3	5	6	7	9	11	12	19	20	24	28	29	31	33	34	39	40	45	52	53	
36	32
0	1	2	4	6	9	10	12	13	14	16	19	20	24	26	28	29	34	35	38	39	40	42	44	45	46	47	49	64	77	93	99	
27	24
0	1	2	3	5	9	11	15	18	24	27	29	30	34	36	37	38	39	41	45	49	58	63	66	
45	36
0	1	3	5	9	10	14	16	18	19	20	22	25	26	27	28	29	30	32	36	38	39	41	44	45	46	49	52	53	58	66	71	80	90	94	99	
26	24
0	1	6	10	11	16	18	20	28	29	34	35	36	37	38	39	41	44	45	46	47	49	53	66	
39	31
3	4	5	10	11	16	19	20	22	24	26	27	28	29	30	31	36	38	39	41	45	46	49	52	53	64	66	80	86	93	94	
27	23
0	2	3	4	6	7	9	14	16	22	24	28	29	31	34	39	42	45	49	53	59	66	93	
24	23
0	3	4	5	6	11	12	16	18	20	24	26	27	29	30	34	38	40	41	42	44	49	60	
30	24
0	6	9	10	11	12	16	18	19	20	24	27	34	38	41	44	45	47	53	58	63	66	93	99	
32	28
0	2	3	5	6	7	11	13	14	16	19	20	22	24	26	27	29	34	38	39	40	41	45	49	52	53	60	66	
28	26
1	2	3	4	6	9	10	19	22	24	25	26	28	29	31	34	36	38	39	41	42	45	46	49	53	66	
32	28
5	6	9	10	11	12	15	16	19	20	22	24	26	27	28	29	31	34	35	38	39	41	47	49	52	58	66	93	
34	29
0	3	5	7	9	10	14	16	19	20	22	24	25	26	27	28	29	34	35	36	38	39	46	49	53	66	77	93	94	
30	26
0	1	2	4	5	6	9	10	11	18	22	24	28	29	34	37	38	39	41	44	45	49	52	66	77	80	
25	23
0	5	6	10	11	15	16	19	20	27	28	29	32	38	39	40	41	44	45	46	49	58	61	
32	28
0	1	5	9	15	16	19	20	24	25	26	27	28	29	34	35	37	38	39	41	44	45	46	49	52	66	77	99	
34	28
1	5	14	15	16	18	22	24	25	26	27	28	29	34	36	37	38	44	45	46	47	49	52	60	63	66	80	86	
39	33
0	1	2	6	7	9	10	11	16	18	19	20	24	27	28	29	30	31	32	35	37	38	39	40	41	44	49	52	53	60	77	80	90	
32	28
0	1	2	5	6	10	11	14	19	20	22	24	25	28	29	30	34	36	38	39	41	42	44	49	58	60	63	66	
25	22
0	6	10	11	14	15	16	19	20	22	25	27	29	38	41	42	44	45	49	58	66	77	
30	25
0	2	5	10	12	13	18	19	22	24	27	29	32	38	39	40	44	45	46	49	53	58	66	90	93	
33	29
0	3	5	6	9	10	11	12	14	18	20	22	24	25	26	28	29	32	34	36	37	38	44	45	49	58	77	90	93	
34	29
0	2	3	5	16	18	19	20	22	24	26	27	28	29	30	31	32	36	38	39	41	44	45	49	53	58	66	77	90	
42	36
0	4	5	6	9	11	12	13	15	16	19	20	22	24	25	26	28	29	30	34	35	37	39	40	41	42	44	45	46	47	52	53	58	66	86	99	
33	27
1	3	4	5	9	12	22	24	26	27	29	34	35	37	38	39	41	44	45	46	49	52	58	66	80	86	99	
30	26
0	4	9	11	13	20	24	26	27	28	29	30	31	34	35	36	38	39	41	44	46	49	53	60	66	93	
27	24
0	2	3	6	9	11	13	14	20	22	25	26	28	30	31	34	36	38	39	44	49	52	58	77	
36	30
0	1	2	3	4	5	6	10	11	19	20	22	24	27	28	32	34	36	38	39	40	41	45	49	52	53	60	66	77	99	
33	27
4	5	6	9	10	14	15	16	18	19	20	22	24	28	30	31	40	41	44	45	49	58	60	63	66	71	99	
31	25
0	3	5	6	11	12	16	18	19	29	30	34	37	38	39	41	42	44	49	53	60	63	80	93	99	
34	31
0	2	3	4	5	6	9	10	11	14	15	19	20	22	24	25	28	29	34	35	36	38	39	41	44	45	46	49	53	66	90	
30	28
0	2	3	4	6	9	11	12	16	18	19	20	22	24	28	29	31	32	34	37	38	39	42	44	45	46	63	66	
26	23
0	2	5	9	10	13	18	20	22	24	26	27	28	29	32	34	38	41	44	49	53	58	59	
28	27
0	1	2	5	6	9	10	12	14	15	16	19	20	22	24	28	29	31	32	34	38	39	41	42	44	45	53	
25	23
0	3	4	5	9	12	13	14	15	16	19	25	26	27	34	35	36	38	39	41	42	52	80	
27	25
0	3	5	6	9	10	14	16	19	20	24	25	27	28	29	30	37	38	39	40	42	44	45	53	66	
35	30
0	2	3	4	5	7	9	10	13	14	16	18	19	20	22	26	28	34	36	38	39	40	44	46	49	52	53	61	77	99	
35	29
0	2	6	13	14	15	16	18	19	22	24	26	27	28	29	30	38	39	40	41	45	47	49	53	66	77	80	90	99	
25	22
0	2	5	9	10	11	16	19	20	22	24	25	30	31	32	38	41	47	49	66	77	93	
33	29
0	2	3	9	11	12	13	15	16	18	19	22	26	28	29	31	32	34	36	38	39	40	44	45	49	66	80	93	99	
47	39
0	1	3	5	9	10	11	12	15	16	18	19	22	24	25	26	27	29	30	33	36	37	38	39	40	41	42	44	45	47	49	52	53	59	60	66	77	80	93	
37	31
1	2	3	4	5	6	10	12	14	15	16	18	22	28	29	30	31	35	36	37	38	39	44	45	49	53	58	60	66	77	93	
33	27
0	2	3	9	10	11	13	14	19	20	22	24	25	29	33	35	38	39	41	42	49	52	60	66	71	77	86	
38	31
0	2	3	4	5	6	7	9	16	18	19	22	24	25	30	34	37	38	39	40	44	45	46	49	52	53	58	59	60	90	93	
28	25
2	4	5	6	10	11	13	16	22	25	26	28	29	30	31	34	36	38	40	41	45	49	52	58	77	
37	32
0	1	2	3	4	6	9	10	12	14	15	16	19	22	24	26	27	28	29	30	34	36	38	39	41	42	47	53	58	64	66	86	
28	23
0	3	5	10	12	16	19	22	24	29	31	34	37	38	39	40	41	44	52	53	58	80	90	
35	30
0	2	3	5	6	9	10	11	12	15	19	22	24	26	27	28	29	30	34	35	36	39	41	47	49	52	53	60	66	77	
27	23
5	6	10	16	20	25	26	27	29	30	34	35	36	38	39	40	44	47	49	58	60	66	77	
34	29
0	1	3	5	6	9	10	12	16	19	20	22	24	26	27	32	34	35	38	39	41	44	46	49	53	60	66	77	93	
40	32
0	2	5	9	12	13	14	16	18	19	20	22	24	25	26	27	29	30	36	38	39	44	47	49	52	53	58	63	66	77	80	93	
38	30
2	3	5	9	10	12	14	15	20	22	24	29	34	37	38	39	41	42	44	45	46	49	52	53	60	64	66	77	90	93	
31	27
0	2	3	4	5	6	12	16	19	20	22	24	28	30	32	34	36	38	39	41	42	46	49	52	58	66	93	
33	27
9	10	11	15	16	18	19	20	22	27	29	30	31	32	34	38	39	41	44	46	49	52	53	58	66	77	93	
31	28
1	2	3	5	6	9	10	12	14	16	18	19	20	24	25	27	28	34	36	38	39	41	44	45	49	60	86	99	
30	27
0	1	4	5	7	9	10	15	16	19	20	22	24	27	29	30	34	36	38	40	41	44	45	49	52	80	90	
36	31
0	2	3	4	5	9	10	11	12	13	16	20	22	24	26	28	29	30	31	34	38	39	41	42	44	45	53	66	80	93	99	
32	29
0	1	2	4	5	6	9	11	12	13	15	16	18	19	20	22	27	28	29	31	34	38	39	42	47	49	63	80	93	
30	26
0	2	5	9	10	12	15	18	19	20	22	27	28	29	30	34	37	38	41	42	44	49	52	53	77	80	
29	25
4	6	11	12	20	22	24	25	26	27	28	29	32	35	38	39	40	41	44	46	49	53	61	66	80	
39	32
0	2	4	5	6	9	10	13	15	16	19	20	22	24	25	26	29	30	34	37	38	39	41	44	49	52	60	64	66	77	80	93	
35	31
0	1	2	3	5	6	9	10	12	14	16	19	20	22	24	27	34	35	36	37	38	39	40	41	42	44	49	53	66	77	93	
27	23
0	1	2	3	6	9	10	16	24	26	29	34	37	38	39	41	45	47	49	52	53	64	86	
33	28
0	1	5	10	11	15	16	18	19	22	24	25	27	28	29	30	34	35	38	39	45	47	49	60	66	71	80	86	
30	28
0	2	3	4	5	9	10	11	12	16	19	20	22	25	26	27	28	29	31	34	36	38	39	42	45	46	66	77	
28	23
0	2	6	9	11	16	25	26	27	28	29	35	38	39	41	44	45	49	52	60	66	86	99	
41	34
0	1	3	5	9	10	11	15	16	19	20	22	24	25	26	27	28	30	31	34	35	37	38	39	44	46	49	52	58	60	66	71	77	90	
34	29
0	2	5	10	11	15	16	18	20	22	24	26	27	28	29	31	36	38	41	44	45	46	47	49	53	60	61	66	99	
26	25
2	4	5	6	9	11	13	18	19	20	22	24	28	29	30	31	34	37	40	41	42	44	47	49	66	
30	24
0	2	5	6	11	12	18	19	20	27	28	29	35	36	38	45	46	49	52	60	63	66	93	99	
32	29
0	1	2	3	7	10	11	16	18	20	22	24	26	28	29	30	31	34	37	38	39	40	41	45	46	49	52	66	93	
32	28
0	1	2	3	4	5	9	10	11	18	20	22	24	25	26	27	28	29	30	38	39	41	45	49	52	53	58	77	
29	25
0	1	2	3	9	10	14	16	19	22	24	27	28	29	31	34	38	42	44	45	49	58	60	66	99	
33	30
0	2	3	6	7	9	10	11	12	15	16	19	20	24	25	29	31	32	34	35	36	38	39	41	42	44	49	53	77	99	
26	25
0	1	3	4	5	9	13	14	15	16	18	20	22	24	27	28	34	38	40	41	42	44	46	49	53	
36	31
0	1	3	6	9	10	11	12	15	20	22	24	27	31	32	34	35	37	38	39	41	42	44	45	46	49	53	58	60	66	90	
30	27
0	2	4	5	6	9	10	11	12	19	20	22	24	27	28	29	34	35	38	39	41	42	45	49	53	66	80	
33	29
0	1	3	5	6	9	10	13	15	16	20	22	28	29	32	34	35	36	37	38	39	41	44	45	49	58	60	66	99	
36	34
2	3	4	5	6	9	11	13	16	20	22	24	25	26	27	28	29	30	32	34	35	36	37	38	39	41	42	44	45	46	47	49	60	80	
35	30
0	1	2	3	6	9	10	13	15	18	24	26	27	28	29	30	31	34	36	37	38	39	41	44	49	52	53	80	93	99	
29	26
0	2	3	4	5	6	9	10	11	12	20	22	24	28	29	31	34	36	39	40	44	46	49	52	66	93	
30	27
0	1	5	6	9	11	13	16	19	20	22	24	26	27	30	31	34	38	39	41	42	44	45	46	66	80	86	
39	33
2	3	5	6	10	11	12	13	14	16	19	20	22	25	26	27	28	31	32	34	38	40	42	44	45	46	49	53	61	63	66	77	93	
41	34
0	1	3	4	6	9	10	11	14	18	19	20	22	24	25	26	27	28	29	31	34	36	37	38	41	45	49	52	53	58	60	80	86	90	
29	26
1	2	4	5	6	9	11	13	14	19	20	24	25	27	28	29	30	34	35	38	39	44	49	53	58	80	
27	25
0	1	2	3	4	12	13	20	22	24	26	27	28	30	34	35	36	37	39	42	44	45	49	52	77	
38	32
0	1	2	3	4	6	9	11	14	19	20	22	24	26	28	29	31	34	36	38	39	41	42	44	45	49	52	63	64	66	77	93	
33	28
2	3	4	5	6	9	16	18	19	20	22	24	25	28	29	31	32	34	38	41	44	45	49	60	66	77	90	93	
32	27
0	2	4	5	6	9	12	16	19	20	22	24	26	29	34	36	37	41	42	45	47	49	53	58	60	71	77	
34	31
0	1	2	3	4	5	6	10	11	12	15	16	19	20	24	26	27	28	29	30	34	35	36	38	41	44	45	49	52	60	66	
32	27
0	1	3	5	6	9	10	11	12	16	19	20	24	25	28	29	32	34	41	44	46	49	52	63	77	93	99	
24	23
0	2	5	9	10	13	14	15	18	20	22	24	26	28	29	35	36	38	39	44	47	49	58	
29	25
0	9	11	16	18	19	20	22	25	26	27	29	30	34	37	38	39	41	44	46	49	52	53	77	93	
32	29
0	3	6	7	9	10	11	13	16	22	24	26	27	28	29	31	34	35	36	38	41	44	45	46	47	49	60	77	80	
30	26
0	1	3	4	5	9	10	11	20	25	27	28	29	34	35	36	37	38	42	44	45	49	63	66	86	99	
32	26
0	3	10	15	16	19	20	22	24	25	28	30	36	39	41	44	45	46	47	49	52	58	61	66	77	99	
31	28
0	1	2	3	5	10	14	18	19	20	22	24	25	26	27	28	29	31	34	35	36	38	40	41	49	58	61	77	
33	28
0	2	3	5	6	9	19	20	22	26	27	28	29	31	37	38	39	40	41	44	45	46	49	52	59	60	66	77	
30	26
2	6	9	13	16	18	19	20	22	24	26	27	28	30	31	32	34	38	39	42	44	49	53	63	64	66	
27	24
0	2	6	9	11	12	14	15	19	20	24	27	29	38	39	40	41	42	44	45	49	52	66	77	
27	24
0	1	2	3	4	5	7	10	11	15	20	24	27	28	29	34	38	41	42	45	49	52	53	77	
35	29
0	6	10	11	12	13	14	16	18	20	22	26	27	28	29	31	35	38	39	41	44	46	49	53	58	66	77	93	99	
38	32
0	2	3	5	6	9	11	13	18	19	20	22	24	26	27	28	29	30	34	36	38	39	41	44	45	49	53	59	60	66	77	90	
32	29
0	2	5	9	11	12	13	14	15	16	18	19	22	24	27	28	34	35	36	37	38	39	40	41	45	49	60	77	90	
24	23
0	2	3	6	9	10	12	16	18	19	20	22	24	28	29	31	34	36	38	41	44	49	66	
38	32
0	2	4	5	6	9	10	12	14	18	19	20	22	24	25	26	28	29	34	35	38	39	40	41	45	49	58	60	61	66	77	90	
29	26
0	2	6	9	10	11	15	18	22	24	27	28	29	30	32	34	38	39	40	41	42	44	49	58	60	80	
27	24
0	1	2	3	5	9	10	11	13	16	18	19	20	22	27	28	34	38	39	44	49	53	63	90	
37	32
0	2	5	6	9	11	12	14	16	18	19	20	22	24	25	27	28	29	30	34	35	38	39	41	42	44	49	52	53	58	66	77	
28	26
1	2	3	5	9	10	11	15	16	18	19	20	22	24	28	29	32	36	37	38	39	40	41	45	53	60	
38	33
0	2	5	9	10	12	13	16	18	20	22	24	25	26	27	29	31	34	35	37	38	39	40	41	42	44	45	46	52	63	66	77	80	
33	28
0	5	9	10	11	12	14	16	19	20	22	24	29	34	37	38	39	41	42	44	45	46	49	52	53	60	66	80	
30	24
6	9	12	16	19	20	24	25	26	37	38	39	40	41	42	44	46	49	53	60	61	66	86	99	
22	20
1	2	4	6	9	11	16	19	20	22	24	25	26	27	29	35	36	39	53	64	
31	26
0	3	5	6	7	9	11	16	20	24	28	29	32	34	35	37	38	39	41	44	49	53	66	77	93	99	
32	28
0	2	3	4	5	6	9	10	19	20	22	24	26	27	29	31	32	34	35	38	39	41	44	49	52	53	58	60	
22	20
0	2	5	9	18	19	22	24	25	27	28	29	30	31	34	35	38	49	58	66	
34	29
0	3	4	5	9	11	13	15	16	18	19	20	28	29	32	34	38	39	40	41	44	45	46	49	52	58	60	63	77	
28	24
0	4	5	10	14	18	19	20	24	27	29	32	34	35	38	39	41	44	45	49	60	66	90	93	
26	23
0	3	6	10	16	19	20	22	24	25	28	29	30	35	37	38	39	40	44	49	66	80	86	
30	27
0	3	6	9	10	11	14	19	20	22	24	25	26	28	29	31	38	41	42	44	45	46	47	49	53	66	77	
28	24
0	1	2	6	11	12	14	15	16	20	22	27	28	34	35	38	39	42	45	49	52	58	66	93	
27	23
0	2	4	5	10	19	20	22	26	29	34	35	36	40	41	44	46	47	49	52	58	66	86	
28	24
0	2	5	6	9	11	16	19	20	22	24	25	27	29	34	36	37	38	39	41	52	53	64	66	
32	28
0	1	2	3	5	6	10	11	15	20	22	24	27	28	29	32	34	37	38	39	41	44	45	49	53	63	86	93	
27	27
0	2	3	6	9	10	11	12	15	16	19	20	22	27	28	29	34	35	36	37	38	39	40	41	44	45	49	
34	28
2	3	4	5	6	9	10	12	16	18	20	22	24	25	27	38	39	40	41	45	46	49	52	53	59	63	66	77	
29	24
0	2	3	9	10	11	12	16	19	20	24	25	27	28	29	34	38	44	45	53	59	63	77	93	
30	24
0	5	6	14	15	16	19	20	22	24	29	34	37	38	39	40	44	45	53	58	60	66	77	93	
36	30
0	2	3	5	6	9	11	16	18	19	20	24	25	26	27	28	29	34	36	37	39	41	44	49	52	58	60	66	77	86	
27	23
0	3	4	5	9	14	15	16	19	20	22	24	27	28	29	34	36	38	39	52	53	66	93	
27	24
0	1	4	5	6	9	10	12	13	15	16	22	28	29	34	35	39	40	41	44	49	52	53	58	
34	30
1	3	4	5	6	9	10	11	12	14	15	16	19	22	31	32	33	34	35	38	40	41	44	45	47	49	53	58	66	99	
33	30
0	2	3	4	6	11	15	18	20	22	24	27	28	29	30	33	34	36	37	38	39	40	41	45	46	47	49	63	66	86	
26	23
0	5	9	10	15	19	22	26	27	29	31	32	33	34	36	39	40	41	45	49	60	61	66	
34	30
0	2	5	6	9	12	13	14	16	18	19	22	24	26	27	28	30	38	39	40	41	42	44	45	47	49	58	66	77	90	
29	24
0	5	9	10	15	20	22	24	28	29	31	34	35	38	39	40	41	42	47	52	53	58	60	66	
30	27
0	1	4	5	6	16	18	19	20	22	25	26	27	28	29	31	32	34	38	39	41	45	46	49	63	66	93	
31	27
0	2	3	9	10	11	15	16	20	22	24	27	28	29	34	35	36	38	39	41	42	44	49	58	60	61	86	
32	27
0	4	5	9	10	12	13	14	15	16	20	22	25	29	34	35	38	40	41	44	45	46	52	58	60	77	90	
26	23
1	3	9	10	20	22	24	26	28	29	34	37	38	39	40	42	44	45	47	49	52	66	93	
38	33
0	1	2	4	5	6	9	11	12	13	16	18	19	20	22	24	26	29	32	34	35	38	39	40	41	44	45	49	53	60	64	80	93	
33	28
0	4	5	6	9	13	16	18	19	22	24	27	29	31	34	37	38	39	41	45	46	47	49	53	60	61	63	93	
25	23
0	1	3	5	10	11	12	16	18	19	24	26	30	34	35	39	40	44	45	46	49	66	80	
26	24
0	3	4	6	7	11	12	15	20	22	24	25	29	30	31	34	35	39	41	42	44	45	53	66	
28	24
0	2	3	5	9	11	18	19	20	22	24	26	28	29	32	34	35	39	44	49	53	60	66	71	
30	28
0	3	6	9	10	11	12	14	16	19	20	22	24	26	28	29	31	36	38	39	40	41	44	45	47	49	61	93	
22	19
0	3	6	11	18	20	24	26	29	30	35	38	39	44	45	49	64	66	93	
31	27
0	3	4	5	6	9	11	16	18	22	24	26	28	29	32	34	37	38	39	41	42	44	49	52	58	63	77	
37	30
0	2	3	4	6	9	12	14	16	18	19	20	22	24	27	28	29	37	38	39	42	44	46	58	63	66	71	80	93	99	
31	28
0	1	2	5	6	9	10	11	16	19	22	24	26	27	28	29	35	36	39	40	42	44	45	47	49	53	60	66	
29	25
0	1	5	6	9	10	12	18	19	20	24	25	27	28	29	32	34	36	38	39	49	60	63	66	93	
28	25
0	2	4	5	6	9	11	13	15	18	20	24	25	27	28	30	31	34	38	39	41	49	52	66	86	
36	30
0	2	5	6	7	9	11	12	13	15	16	18	19	20	24	26	29	36	38	39	42	46	47	49	58	60	66	86	90	93	
33	28
0	2	5	10	12	14	16	18	19	20	22	24	25	26	27	28	29	30	34	38	39	41	49	52	60	61	66	93	
34	31
0	3	4	5	6	11	12	14	16	19	20	22	24	27	28	29	30	31	32	34	36	37	38	39	41	42	44	45	53	66	90	
27	24
0	1	5	6	10	13	16	18	19	20	22	24	27	29	37	38	39	41	42	45	49	52	66	90	
27	23
0	5	9	11	12	14	15	16	19	20	22	24	28	29	31	37	39	44	49	52	53	66	93	
32	27
0	4	5	9	10	11	13	15	19	20	22	24	26	28	29	34	35	38	39	41	44	45	52	53	58	64	66	
37	31
0	1	2	5	6	9	11	14	15	16	19	22	24	26	27	28	29	30	34	38	39	45	46	47	49	52	53	60	66	71	93	
33	27
0	1	2	5	6	9	10	15	16	22	24	26	28	29	34	36	39	41	44	45	49	53	63	66	77	80	93	
37	32
0	3	4	5	6	9	10	11	16	18	19	22	24	26	27	28	29	32	34	35	38	39	41	42	44	46	49	58	60	61	66	99	
32	28
0	5	6	10	11	13	16	18	19	20	24	25	26	27	28	29	32	38	39	41	42	44	45	49	52	53	61	66	
29	27
0	3	4	5	6	9	10	11	13	16	19	20	22	24	26	28	29	31	34	35	37	38	39	41	44	58	66	
30	27
0	1	2	3	5	6	12	16	18	19	20	26	28	29	35	38	39	40	41	42	44	46	47	49	52	53	60	
34	29
0	3	5	10	11	13	14	18	19	20	22	24	26	27	31	35	36	38	39	41	42	44	45	49	52	60	61	66	77	
33	28
0	1	2	3	9	11	14	15	16	18	20	26	27	29	32	35	38	39	40	41	42	44	49	52	60	77	86	93	
27	24
0	2	3	6	11	12	13	14	19	20	24	26	27	28	31	34	36	39	41	44	49	58	66	77	
31	27
0	3	4	6	11	12	15	19	20	26	27	28	29	32	34	35	36	38	39	41	44	45	49	52	58	77	86	
34	28
0	1	2	3	4	6	7	9	11	16	18	19	22	24	26	27	29	36	38	44	45	46	58	60	66	77	80	93	
30	27
0	1	2	3	5	6	10	13	14	18	19	20	22	24	25	27	28	31	34	38	41	44	45	46	53	61	66	
34	31
0	1	2	3	4	5	6	7	10	11	12	15	16	19	20	22	24	27	28	29	35	36	37	38	39	44	47	49	58	80	99	
27	23
2	5	10	11	12	13	16	18	19	20	22	34	36	38	42	44	45	47	49	53	66	90	93	
30	27
0	2	3	5	6	9	11	16	18	20	22	24	26	27	28	29	30	32	34	37	39	41	45	49	52	53	77	
30	26
0	4	6	10	13	16	20	22	24	26	28	29	30	31	32	34	35	37	38	41	44	47	53	58	80	99	
31	25
5	9	10	15	19	20	22	24	27	30	31	32	33	34	36	37	39	46	49	58	64	66	77	93	99	
31	28
0	2	5	6	9	13	14	18	19	20	24	26	28	29	30	31	32	34	35	38	39	40	41	42	49	53	86	93	
25	23
0	1	2	5	6	7	11	16	19	20	22	24	25	26	31	34	38	39	41	44	45	52	77	
29	24
0	1	2	3	4	6	9	15	22	24	25	27	34	39	41	44	45	46	49	52	53	66	77	80	
40	34
0	1	3	4	5	6	9	10	11	15	16	19	22	24	25	27	29	31	34	35	37	38	39	41	44	45	47	49	52	53	61	64	66	80	
35	30
0	2	5	7	9	12	13	16	20	24	25	26	27	28	29	34	35	37	38	39	41	44	45	46	49	52	53	63	66	77	
30	26
0	2	3	4	6	7	10	11	14	16	19	22	24	25	27	28	34	38	39	44	45	49	52	58	66	99	
33	28
0	2	3	5	6	9	11	15	18	20	24	26	27	28	31	32	34	35	38	40	41	42	49	52	53	58	66	71	
30	27
0	1	2	3	7	9	14	16	18	19	22	24	25	28	29	32	34	38	39	40	41	44	45	46	66	77	93	
30	25
0	1	2	6	7	9	16	18	19	22	25	26	29	34	38	39	44	45	46	49	52	53	58	59	80	
25	21
0	2	9	18	20	24	26	27	29	31	34	38	39	42	44	45	49	53	59	66	93	
28	25
0	3	5	6	9	10	11	12	16	18	19	24	27	28	29	32	34	36	39	41	45	49	60	66	93	
33	27
0	2	3	5	6	9	16	19	24	25	27	28	29	31	34	38	39	41	45	46	49	52	53	60	66	71	86	
36	30
0	5	6	9	10	12	16	18	20	24	25	26	27	28	29	30	31	34	35	38	39	42	46	49	52	53	58	60	66	77	
23	20
0	4	5	15	18	22	24	27	28	29	31	33	34	38	41	45	49	52	53	66	
35	32
0	1	2	4	5	6	9	10	11	12	13	14	16	18	20	22	24	27	28	29	32	34	36	38	40	41	42	46	49	52	58	60	
34	28
0	3	4	5	6	9	10	14	15	19	20	22	24	27	34	38	39	41	44	45	46	49	53	60	63	66	86	90	
27	23
0	3	6	9	10	11	15	16	18	19	24	27	28	34	35	38	39	41	42	52	58	66	99	
27	25
0	1	2	4	6	9	10	13	18	19	20	26	28	29	30	35	36	38	39	40	41	45	49	66	90	
23	20
0	2	3	6	14	16	18	20	22	24	25	27	29	34	36	41	49	52	53	80	
37	30
1	2	3	4	5	6	10	11	12	15	18	19	22	24	26	29	31	35	39	41	44	46	49	52	53	58	63	64	80	86	
31	28
2	5	9	11	12	16	18	20	22	24	25	26	27	28	29	30	34	38	39	40	41	44	45	46	49	63	66	77	
36	32
0	1	2	3	4	5	6	10	11	15	16	18	20	22	24	27	28	29	31	32	34	37	38	39	41	44	45	49	52	58	66	93	
36	32
0	2	3	5	6	7	9	10	11	12	16	20	22	24	25	26	27	29	30	32	36	38	39	40	41	44	47	49	53	60	64	93	
38	32
0	2	3	5	6	7	9	10	11	20	22	24	25	26	28	29	30	34	35	36	37	38	41	42	44	46	52	53	58	60	66	77	
27	26
0	1	2	3	4	5	6	9	11	13	15	20	22	28	29	30	31	34	38	40	41	42	44	45	49	66	
30	26
0	3	4	5	6	10	11	12	16	19	20	22	24	25	27	28	29	34	38	44	45	46	52	60	64	94	
31	28
0	2	6	9	10	12	15	19	22	24	26	28	29	30	31	32	34	36	38	39	40	41	42	44	49	52	53	58	
26	23
0	2	3	4	5	9	10	11	16	19	22	28	29	34	35	38	39	41	45	49	53	66	71	
25	22
0	2	5	6	9	10	11	14	19	20	22	24	27	28	35	39	40	41	49	52	66	99	
32	27
0	3	5	6	7	9	10	11	16	20	22	24	26	29	30	31	38	39	41	44	46	49	53	58	60	66	99	
36	30
0	1	2	3	5	6	7	10	11	12	18	20	24	25	27	28	30	31	34	38	39	41	45	49	52	59	63	71	77	99	
32	28
0	1	3	9	10	11	12	16	18	19	20	22	24	26	27	28	32	34	38	39	44	45	46	49	52	53	66	90	
36	31
0	2	3	4	5	6	9	10	11	12	16	18	19	22	24	27	29	34	38	39	41	42	44	45	47	49	52	64	66	86	93	
39	32
0	3	5	11	14	15	16	18	19	20	22	24	28	29	30	31	32	34	36	37	38	39	41	45	49	53	60	66	80	86	90	93	
34	29
2	4	5	6	7	9	10	11	12	15	16	20	22	24	29	30	31	34	38	41	44	45	46	49	53	66	80	86	93	
37	30
0	4	7	9	10	11	13	15	16	18	22	24	26	29	31	32	35	36	38	39	41	44	45	52	63	66	77	90	93	99	
29	25
0	1	2	4	5	9	11	14	15	24	27	32	34	35	38	39	40	41	42	44	45	58	71	80	93	
31	27
1	2	3	4	6	11	18	19	20	25	27	28	29	30	31	33	34	35	38	39	44	46	47	52	53	58	60	
31	27
0	1	2	3	5	9	13	18	19	20	22	26	28	29	34	35	36	38	40	41	44	45	49	60	66	77	99	
25	23
0	2	5	6	9	11	12	19	20	24	27	29	34	37	38	39	40	41	44	46	49	52	60	
34	30
0	2	3	5	6	7	9	10	11	15	19	22	25	26	28	29	31	34	35	37	38	39	44	45	47	49	52	58	60	61	
26	22
2	5	10	11	19	24	26	27	28	34	35	38	39	40	41	44	45	46	53	60	66	77	
36	32
0	2	3	4	5	6	9	10	11	16	19	20	22	24	25	29	30	31	32	34	35	36	38	39	41	44	47	49	52	53	66	77	
35	31
0	2	3	4	5	6	7	9	11	12	14	15	18	19	22	28	29	30	31	34	37	38	39	41	44	45	49	58	60	66	77	
36	32
1	2	3	5	6	9	10	11	12	14	18	19	20	24	25	29	31	34	35	37	38	39	40	41	42	44	45	47	66	77	86	93	
33	28
0	1	5	6	7	9	10	11	15	19	20	22	24	26	28	29	30	34	37	38	41	44	49	53	58	64	66	90	
28	25
0	2	3	6	7	11	12	13	15	18	19	22	24	28	29	34	35	38	41	44	45	46	63	86	93	
28	23
0	2	9	15	19	20	26	27	28	29	31	34	36	37	38	44	45	49	53	59	61	63	66	
27	25
0	3	4	5	6	11	12	14	15	16	19	20	28	29	34	35	38	40	42	44	45	46	49	80	93	
32	28
0	5	7	9	10	11	13	16	19	20	25	28	29	31	33	34	37	39	41	44	45	46	47	49	52	60	66	90	
24	22
0	1	3	6	7	9	12	16	19	20	22	24	27	28	34	38	41	44	45	49	71	77	
26	24
0	2	4	5	9	11	12	13	15	16	22	24	28	29	32	34	38	39	41	44	45	49	60	64	
35	30
0	5	6	7	9	10	11	14	16	18	19	25	26	27	28	29	30	34	35	38	39	41	44	45	49	52	53	59	66	80	
28	24
0	2	3	5	9	10	11	16	20	24	29	34	35	36	38	39	41	44	45	49	52	63	77	80	
28	26
0	1	2	4	5	6	9	10	15	18	20	22	24	28	31	34	36	37	38	40	41	44	45	49	52	66	
25	22
0	2	3	5	6	9	12	19	22	24	26	27	28	29	34	38	39	41	44	66	80	93	
31	28
2	4	5	10	11	12	15	16	19	20	22	24	27	30	31	34	35	38	40	41	42	44	45	46	49	53	77	90	
27	22
0	1	4	9	12	18	22	24	25	27	31	34	35	39	41	45	49	53	58	63	80	99	
25	22
0	1	2	3	5	9	10	11	14	20	22	25	27	28	38	39	41	44	49	58	60	66	
32	27
0	1	2	3	5	9	10	11	12	16	19	20	28	29	35	37	38	39	42	44	46	49	53	58	64	66	80	
35	30
0	1	3	5	6	9	10	11	16	18	19	20	24	26	29	34	35	37	38	39	41	44	46	47	49	53	58	59	80	93	
34	28
0	6	7	9	10	11	15	16	20	22	24	26	27	29	34	36	38	41	42	44	45	49	52	60	61	66	80	90	
27	23
0	3	5	6	9	16	18	19	20	24	26	29	34	38	39	41	44	45	46	52	63	66	77	
33	29
0	2	3	4	5	6	9	11	14	16	19	20	22	24	29	30	34	36	37	38	39	41	44	45	49	52	53	63	66	
30	25
0	2	4	5	6	11	13	14	15	16	18	20	25	29	34	38	39	44	45	46	59	63	66	86	93	
27	24
0	1	3	4	6	7	10	18	20	24	25	28	29	33	35	36	38	41	42	46	49	53	66	77	
36	29
0	5	6	10	12	13	14	15	19	20	24	27	28	29	30	36	38	39	40	41	42	44	53	58	61	64	66	71	80	
33	29
0	6	9	10	11	12	14	15	16	19	20	22	27	28	29	30	34	36	38	39	41	42	44	45	49	60	77	93	99	
32	28
0	2	4	5	6	7	9	10	11	16	19	22	28	29	32	34	35	38	39	41	42	44	45	49	53	63	66	77	
30	26
0	1	3	4	5	9	12	18	19	20	22	24	29	32	34	35	37	38	39	40	41	44	52	60	63	66	
27	22
2	5	6	11	12	16	18	20	29	36	39	41	42	44	45	47	49	52	63	66	93	94	
32	27
0	3	5	6	7	10	11	14	19	20	22	24	25	34	36	38	39	40	44	45	46	49	53	59	66	77	99	
23	22
0	1	2	3	5	6	9	11	12	16	20	24	25	27	28	29	30	38	39	41	45	60	
33	26
1	3	4	5	6	9	10	20	22	24	27	29	32	36	39	41	42	44	49	52	53	66	71	80	93	99	
39	31
0	4	5	6	9	10	11	12	13	14	15	16	20	22	24	26	34	35	38	39	41	44	46	52	53	58	60	63	66	90	99	
30	25
0	2	4	5	16	19	20	22	26	31	32	34	35	38	39	44	45	46	47	49	52	53	60	66	94	
39	31
0	1	2	3	12	18	20	24	25	27	28	29	31	32	34	36	37	38	39	40	41	42	49	53	58	60	66	80	86	90	93	
29	27
0	3	4	6	9	10	12	14	15	19	20	22	29	30	31	34	36	37	38	41	42	44	45	47	49	66	90	
35	31
0	1	2	3	6	7	9	10	11	12	16	19	20	24	25	26	27	28	29	33	34	37	38	41	44	45	46	58	59	66	77	
25	23
0	3	6	9	10	11	13	16	18	19	22	26	29	34	35	37	38	39	44	45	49	53	64	
34	28
3	5	6	9	10	19	22	24	26	28	29	30	32	34	38	39	40	41	42	44	47	49	52	53	58	60	77	93	
28	26
0	1	9	10	11	14	15	16	18	19	20	24	26	28	29	31	34	35	36	38	41	42	44	49	58	66	
28	23
0	1	2	4	9	12	18	20	24	27	29	31	34	36	38	42	45	49	53	58	60	66	90	
28	25
0	2	5	6	9	10	11	12	18	19	20	22	24	28	29	31	38	39	41	44	46	49	58	77	86	
37	33
0	1	2	5	6	9	10	11	14	18	19	20	22	24	26	27	28	29	34	35	36	37	38	39	41	42	44	45	49	52	66	77	86	
32	27
0	3	5	6	11	12	19	24	26	27	28	29	34	37	38	39	40	41	44	45	46	49	53	59	60	61	93	
39	34
0	3	4	5	6	9	11	12	13	14	19	20	22	24	25	26	27	28	29	30	34	35	38	39	40	41	44	45	49	53	60	63	64	99	
29	26
0	1	4	6	9	10	11	14	16	18	19	22	24	25	26	27	31	34	38	39	41	42	49	53	61	93	
29	23
0	2	5	10	11	12	14	19	22	26	29	34	38	39	44	45	49	53	64	77	86	90	93	
36	30
0	2	5	6	7	10	11	13	15	18	22	24	26	27	29	30	35	38	39	40	42	44	45	49	53	58	63	66	77	93	
26	23
0	5	6	11	18	19	20	22	24	29	30	34	35	40	41	42	44	45	47	49	58	66	93	
24	21
0	1	6	9	16	19	20	22	27	28	29	34	35	36	39	44	45	49	53	66	93	
27	24
1	2	3	9	10	14	16	22	24	25	26	27	29	34	36	38	41	44	45	46	49	52	53	80	
31	28
0	3	4	5	6	9	10	11	12	15	16	24	27	28	29	34	36	37	38	39	41	44	45	46	49	59	61	66	
35	31
0	1	2	3	9	10	11	12	14	18	25	27	28	29	30	31	32	34	35	36	39	40	41	44	46	47	49	53	66	90	93	
29	26
1	3	6	12	16	19	20	22	24	25	26	28	29	34	38	39	40	41	42	44	45	46	49	64	90	93	
29	25
0	3	4	5	9	10	11	12	16	19	20	27	28	29	31	37	38	39	41	45	49	53	60	66	77	
31	27
0	2	3	4	5	9	10	11	12	14	16	18	20	22	26	27	28	29	30	31	38	39	41	52	66	71	90	
32	28
0	2	3	5	6	10	12	13	16	18	19	20	22	25	26	27	30	38	39	40	41	42	44	45	52	58	77	99	
32	28
0	2	5	6	12	18	20	22	24	26	28	29	30	34	35	36	37	38	39	40	41	42	44	45	52	58	90	93	
34	29
0	1	2	3	4	5	6	11	15	18	19	20	22	24	29	31	34	38	40	41	44	45	46	49	53	63	66	77	93	
21	19
0	3	6	11	15	19	20	24	26	28	29	31	35	38	40	42	45	58	93	
34	30
0	2	3	4	6	9	10	11	13	14	16	18	20	22	24	26	27	28	29	30	36	38	39	44	45	49	52	53	66	77	
25	21
0	2	4	6	11	16	20	22	24	27	29	34	35	38	41	44	49	53	58	60	66	
32	27
0	2	4	5	6	9	10	16	19	24	26	27	28	32	34	35	36	37	39	41	42	49	53	58	66	90	99	
34	28
4	5	6	9	10	11	16	19	20	22	24	26	27	28	34	35	37	38	39	41	45	49	52	60	77	80	86	93	
29	26
0	3	9	10	11	13	19	20	22	25	26	27	28	29	31	34	36	38	39	40	41	44	49	53	66	90	
29	26
0	1	3	5	6	9	10	11	15	18	19	20	22	25	26	28	29	30	35	39	40	42	49	53	58	93	
27	24
0	2	3	5	6	10	12	13	19	22	24	26	27	29	36	38	41	45	46	47	49	53	63	77	
39	32
0	1	2	5	6	10	11	12	13	16	18	19	20	22	24	25	26	27	29	30	34	35	37	41	45	52	53	58	60	66	71	90	
37	31
0	1	2	3	5	9	12	14	15	16	19	20	22	24	26	27	28	29	33	34	38	39	44	46	49	52	58	60	66	77	90	
31	26
0	2	5	9	10	11	14	16	19	20	24	26	34	37	38	39	41	42	44	45	49	59	60	66	90	93	
39	34
0	1	3	5	6	9	11	12	13	16	18	19	20	22	24	28	30	34	36	37	38	39	40	41	44	45	46	47	49	52	53	61	66	93	
34	27
0	2	3	5	9	10	11	16	18	19	20	22	26	27	30	31	39	40	44	49	52	58	60	66	71	77	86	
27	26
0	1	3	4	5	6	10	11	12	14	20	22	24	27	28	30	31	34	38	40	41	42	45	46	49	93	
31	27
2	3	4	5	9	10	11	15	16	18	19	20	22	24	25	27	28	30	35	39	41	45	49	60	66	77	99	
29	25
0	1	4	5	6	10	11	12	13	16	18	22	24	26	34	39	41	44	45	46	49	58	60	66	94	
36	30
0	1	3	5	6	7	9	11	15	16	20	22	24	25	27	29	34	36	38	42	44	45	46	49	52	60	63	64	66	99	
25	21
0	2	3	6	9	11	14	19	20	24	29	30	38	39	41	45	49	60	66	77	93	
29	23
3	10	11	13	19	24	26	27	28	29	34	38	39	41	44	45	49	52	53	60	66	80	93	
30	28
0	1	3	4	5	6	9	10	12	14	19	20	22	27	28	29	34	36	38	39	41	42	44	45	46	49	64	90	
36	30
3	5	6	9	10	11	18	20	22	24	25	28	29	30	31	32	34	37	38	39	41	44	46	49	58	60	71	80	86	99	
30	26
0	1	3	5	6	9	10	11	18	19	20	22	24	29	30	38	39	40	41	44	45	49	58	60	66	80	
38	31
0	1	3	4	9	10	13	16	19	20	22	24	26	29	30	32	34	35	38	40	41	44	45	49	52	60	66	77	80	93	99	
34	29
0	2	3	5	6	9	10	11	15	16	19	20	24	25	27	34	35	36	38	39	41	45	46	49	52	53	66	90	93	
26	23
0	5	6	9	10	11	12	15	18	24	26	28	30	34	35	37	38	39	41	49	77	90	99	
30	27
5	9	10	11	13	16	18	20	24	25	26	28	29	30	34	38	39	40	41	42	44	45	46	49	52	53	93	
34	31
0	1	2	3	5	6	13	14	15	18	19	20	22	24	26	28	29	32	34	36	38	39	40	41	44	45	46	49	58	60	66	
27	26
0	5	9	10	11	12	15	18	19	20	22	24	26	27	28	29	30	31	34	39	41	44	45	46	49	52	
26	22
0	4	7	9	11	15	18	20	22	24	25	28	29	34	36	37	39	46	52	61	63	77	
35	28
0	1	4	5	6	9	11	13	18	19	24	25	26	27	28	29	31	39	40	45	49	52	53	60	64	66	77	93	
41	35
0	1	2	4	5	9	10	11	12	15	18	19	20	22	24	25	26	27	29	31	34	36	38	39	41	42	44	45	49	53	60	66	80	86	90	
39	32
1	2	3	5	6	9	10	11	15	16	18	19	24	27	28	29	34	36	37	38	40	41	44	45	49	52	53	58	60	61	64	99	
34	28
0	1	3	4	5	10	11	13	14	19	22	24	26	27	28	29	34	38	39	41	45	49	53	66	77	86	93	99	
26	24
0	1	2	3	5	6	10	11	12	13	14	16	22	26	27	29	33	38	41	44	45	49	64	77	
30	26
0	1	2	5	9	10	12	13	18	19	24	25	26	28	29	36	38	39	41	44	46	49	52	63	71	77	
35	31
0	2	5	6	7	11	13	15	18	19	20	22	24	26	28	29	31	34	35	36	38	40	41	44	45	47	49	52	53	66	80	
31	27
0	3	4	10	11	12	14	18	19	22	27	28	29	31	34	38	39	40	41	42	44	46	49	52	61	63	66	
30	28
0	1	4	5	6	9	11	12	13	16	19	22	24	25	26	29	30	31	34	35	36	38	39	40	41	45	52	86	
38	33
0	1	3	5	6	9	12	15	16	18	20	22	25	26	27	28	29	30	31	34	37	38	39	40	41	42	45	49	53	60	61	77	90	
44	37
0	1	2	3	5	9	10	11	14	15	16	18	19	20	24	25	27	28	29	30	34	35	37	38	39	41	44	45	47	49	52	58	60	64	66	93	99	
26	23
3	5	6	10	12	16	19	22	27	28	29	30	34	37	38	39	40	42	45	47	58	66	99	
34	29
0	2	3	4	5	10	15	19	24	25	27	28	29	31	34	35	36	37	38	39	42	45	46	49	53	59	60	66	93	
27	25
0	2	4	5	10	11	16	18	19	20	22	24	28	29	34	35	36	38	39	40	41	46	49	66	80	
37	33
0	1	2	3	4	6	10	14	16	18	19	20	22	24	27	28	29	30	31	34	35	36	39	40	41	45	46	47	49	53	59	66	99	
30	26
0	5	6	10	11	14	16	19	20	22	25	27	29	30	32	34	38	40	41	44	46	49	52	60	66	77	
25	23
0	1	2	5	9	10	12	16	19	20	22	24	27	29	32	36	37	39	40	41	45	58	59	
24	21
0	1	3	6	9	10	11	19	24	28	34	35	36	41	42	44	45	49	52	58	66	
33	28
0	1	2	3	4	5	6	9	10	11	16	19	20	22	24	27	28	34	39	40	41	44	45	52	53	66	86	93	
26	23
0	1	2	4	5	6	9	10	14	19	22	24	27	28	29	34	35	38	45	49	77	80	86	
29	25
0	1	2	5	9	10	14	15	18	20	22	24	25	29	34	37	38	39	40	42	49	66	90	93	94	
26	23
0	2	3	5	6	11	18	19	20	24	25	26	28	31	35	38	39	41	44	49	59	66	93	
30	26
0	1	3	5	6	9	10	11	13	16	18	19	20	24	26	28	29	34	39	41	42	45	58	66	93	99	
28	25
0	2	3	5	6	9	11	18	19	26	27	28	29	31	34	37	38	39	41	44	45	49	53	90	93	
29	27
0	3	4	5	6	9	11	12	13	18	19	20	22	24	25	26	29	30	31	37	38	42	44	46	49	61	93	
23	20
0	1	3	6	11	12	15	18	20	24	30	33	34	35	39	41	42	52	66	86	
39	33
0	3	5	9	10	12	14	15	16	19	20	22	24	28	29	30	31	32	34	36	37	38	39	41	44	45	49	52	60	63	77	80	93	
28	24
0	5	9	13	15	18	19	20	22	24	26	30	31	34	37	38	39	40	44	49	52	53	66	80	
27	24
3	6	9	10	11	14	16	19	26	28	29	30	31	34	36	38	39	40	44	46	49	53	77	93	
28	25
0	1	2	6	9	11	16	19	20	22	24	26	27	28	30	32	34	35	36	38	44	49	52	53	93	
28	24
0	2	4	6	11	12	15	16	19	20	24	26	28	29	34	38	39	41	45	49	52	66	77	80	
29	24
0	2	5	19	22	24	26	27	28	29	31	32	38	39	41	44	45	46	49	52	53	58	66	90	
27	25
0	2	4	5	12	13	14	20	22	24	25	26	27	29	31	34	36	38	40	42	44	47	49	60	90	
30	27
0	1	3	5	6	11	12	16	19	22	24	25	26	27	28	29	34	36	37	38	44	45	46	49	60	66	77	
32	28
2	3	4	6	13	15	19	20	22	24	25	30	31	34	36	37	38	39	41	44	45	46	47	49	53	77	80	93	
35	29
0	1	5	6	9	10	11	12	18	20	22	24	27	28	29	31	32	34	36	38	39	41	49	58	63	66	77	86	93	
35	28
2	5	6	10	11	13	19	22	26	28	31	33	37	38	39	40	41	44	45	47	49	52	53	60	61	80	86	93	
38	31
0	1	2	5	9	11	12	15	16	18	22	24	27	28	29	31	34	36	38	39	41	44	45	49	53	58	66	71	77	90	93	
29	26
0	1	4	5	9	10	11	15	18	22	24	27	28	29	30	31	36	38	39	44	45	46	49	53	60	80	
27	25
0	2	3	5	11	12	15	16	19	22	24	25	27	29	30	31	34	38	39	40	41	44	49	53	86	
34	29
0	4	5	7	9	10	12	13	19	22	24	26	28	29	30	34	36	37	38	41	44	45	46	49	66	71	90	93	99	
34	31
0	4	9	10	11	12	15	16	19	20	22	24	28	29	30	32	34	36	37	38	39	41	42	44	45	46	47	49	52	53	60	
24	21
0	3	6	10	11	16	20	22	24	28	31	35	37	38	39	42	44	45	58	66	80	
35	31
0	1	2	3	5	9	10	11	12	15	16	18	19	20	25	26	27	28	29	38	39	40	41	44	46	47	49	52	53	60	63	
35	30
0	1	2	3	5	9	10	11	16	20	22	24	25	27	31	35	36	37	38	39	40	41	45	46	49	52	58	60	66	93	
34	28
0	4	5	6	9	10	11	12	13	14	16	19	22	24	27	28	30	31	36	38	39	49	53	58	59	63	66	77	
31	26
0	1	2	3	4	7	9	11	16	19	20	22	24	27	28	29	37	38	39	46	49	52	58	66	77	94	
36	30
3	4	5	7	9	10	11	12	14	16	20	22	27	28	29	34	35	38	39	40	41	44	45	49	52	58	60	66	77	93	
35	27
0	1	2	5	6	9	10	11	19	20	22	25	27	34	39	41	44	46	49	53	58	66	71	77	80	86	90	
37	34
0	1	2	3	4	5	6	9	10	11	12	14	16	19	22	25	26	27	28	31	34	36	37	38	39	40	41	44	46	47	49	53	66	77	
33	29
0	3	5	6	9	10	12	13	15	16	19	20	22	24	26	27	28	30	31	34	35	38	39	42	44	53	60	77	80	
29	25
0	1	2	9	10	11	14	15	18	19	20	22	24	25	26	28	30	36	38	39	44	53	60	64	99	
38	32
0	2	5	10	11	13	16	20	22	24	25	26	28	29	30	31	34	36	37	38	39	40	41	44	45	46	52	64	66	77	80	93	
39	34
0	1	3	4	5	6	7	10	11	12	16	18	19	20	22	25	27	28	29	31	32	34	35	38	39	41	44	47	49	52	53	60	66	77	
27	24
0	1	2	3	4	9	18	20	22	24	25	26	28	29	30	34	35	42	44	45	49	52	58	60	
25	22
2	3	5	6	9	10	11	14	15	19	20	22	26	34	39	44	45	46	49	53	80	93	
25	22
0	1	3	9	10	16	19	20	22	24	26	33	35	36	38	41	45	46	49	58	86	93	
37	32
0	4	5	6	7	9	10	11	12	13	16	18	19	24	26	27	28	29	31	32	34	36	38	39	41	44	45	53	66	77	80	94	
27	23
0	4	9	11	16	18	19	20	22	24	28	29	33	35	36	38	41	44	49	58	60	63	93	
32	28
0	2	4	5	7	9	10	11	14	15	16	19	20	22	26	27	28	29	30	35	38	44	46	49	60	66	86	93	
28	25
0	5	6	9	13	16	19	20	22	25	26	28	29	32	34	35	36	37	38	41	44	45	52	66	93	
30	26
0	1	2	3	5	9	10	11	14	16	18	19	20	24	25	28	29	33	34	38	41	49	52	53	58	66	
32	27
0	1	2	6	9	11	12	13	16	19	20	22	27	28	29	37	38	39	40	41	45	49	58	64	77	86	93	
28	24
2	5	11	13	14	16	18	19	22	24	25	28	29	32	34	35	38	39	44	45	52	58	60	66	
30	25
0	1	5	10	11	12	14	15	20	22	24	26	27	28	35	38	39	40	44	45	52	53	63	77	99	
25	22
0	1	2	3	4	5	9	10	20	22	24	26	29	38	39	40	41	44	46	52	53	66	
31	28
0	3	5	9	10	11	13	14	15	16	18	19	20	22	27	28	29	34	37	40	41	42	44	47	49	53	60	90	
32	27
0	2	5	6	9	14	15	16	18	20	24	27	29	30	34	38	39	40	41	44	45	49	52	53	60	86	93	
36	31
0	1	2	4	5	6	9	12	16	18	19	20	22	24	25	28	29	30	31	38	39	40	41	42	45	49	52	66	77	86	99	
33	29
0	2	5	6	9	10	11	12	14	18	19	20	22	26	29	34	36	37	38	39	41	44	45	47	49	53	58	66	80	
32	30
0	3	4	5	7	9	10	11	12	13	18	19	20	22	24	27	28	29	30	31	34	38	39	40	44	45	46	49	52	60	
32	29
0	2	5	9	11	12	13	14	15	16	19	24	27	31	32	34	35	37	38	39	40	42	44	45	46	49	66	93	99	
34	28
0	3	5	6	9	13	15	18	19	20	24	26	28	29	34	35	38	41	42	44	45	49	53	59	60	63	64	86	
