1000 
27	24
3	5	6	9	10	11	14	15	18	21	22	23	24	27	35	36	38	39	41	42	49	62	66	83	
34	30
0	1	2	3	5	6	7	8	9	12	14	15	17	22	24	27	29	30	31	33	36	39	41	42	47	50	53	60	84	89	
36	30
2	4	5	6	7	8	9	10	11	14	15	18	20	22	24	30	33	36	37	40	41	45	48	49	53	55	66	83	89	96	
28	26
0	1	2	3	4	6	9	14	15	22	23	24	26	27	30	35	37	39	41	42	45	47	49	50	53	55	
27	25
1	2	3	5	7	8	9	10	15	17	18	21	22	24	26	27	35	36	40	41	47	49	50	51	66	
29	27
0	2	4	6	7	9	10	15	17	18	19	22	23	27	28	30	33	34	36	39	40	41	42	45	49	55	84	
41	35
2	3	6	7	9	11	12	14	15	16	17	18	19	20	21	22	23	24	26	29	30	36	38	39	41	42	44	45	47	55	62	66	69	84	89	
32	29
0	1	2	3	4	5	7	9	10	15	18	21	22	24	27	33	36	37	38	39	40	41	42	45	48	50	55	69	89	
29	26
2	5	8	9	10	12	14	15	17	21	22	24	30	36	37	38	39	41	43	45	47	49	50	62	90	96	
33	30
0	3	6	7	8	9	10	12	15	21	22	23	26	27	29	30	31	33	35	38	39	40	41	42	43	45	49	53	60	69	
28	26
0	2	4	5	6	8	9	10	11	15	17	18	21	22	23	26	29	31	33	36	38	39	41	48	53	89	
49	44
0	2	4	5	6	7	8	9	10	11	12	14	15	17	18	20	21	22	23	24	26	27	28	29	30	31	33	35	36	37	38	39	40	41	42	43	45	49	50	51	53	60	62	90	
31	29
2	3	4	6	9	10	12	14	15	20	21	22	23	24	26	27	29	31	33	36	37	38	41	42	44	45	47	53	96	
36	32
0	1	2	3	4	5	8	9	11	14	18	19	20	21	22	23	27	29	30	31	36	37	39	40	42	45	48	50	55	83	89	90	
35	29
0	3	4	5	6	8	9	10	11	12	15	17	22	31	33	36	38	39	40	41	42	43	45	51	53	55	60	83	90	
39	34
0	1	2	3	4	7	8	9	11	12	14	15	17	18	21	22	23	24	27	29	30	31	33	36	39	45	47	48	50	51	55	83	89	90	
32	30
1	2	3	4	5	9	10	12	15	17	18	21	23	24	27	28	29	31	33	36	37	38	39	40	42	43	47	50	51	83	
23	22
0	4	5	6	9	12	14	15	17	18	20	23	24	33	36	38	39	41	42	43	45	53	
23	21
0	1	2	3	4	5	9	15	18	23	27	31	36	37	39	41	43	45	48	51	69	
29	26
2	3	4	5	7	9	10	11	14	15	17	21	22	24	27	33	34	36	37	39	42	48	49	55	89	96	
29	26
2	6	9	10	11	12	15	17	18	22	23	24	26	27	31	33	35	36	38	39	42	45	48	53	55	62	
40	33
0	4	6	7	9	10	15	17	20	21	23	24	29	30	31	33	35	37	39	41	42	43	45	48	49	50	55	59	62	66	83	89	96	
30	25
1	7	10	12	14	15	17	21	23	27	29	31	36	37	38	39	44	45	49	50	53	55	62	89	90	
33	29
2	4	5	10	12	15	17	18	20	21	22	23	24	27	31	33	34	35	36	38	39	41	42	45	48	51	53	60	96	
28	24
2	3	4	5	8	9	15	17	19	21	22	23	27	31	33	38	39	42	45	48	53	59	62	83	
32	27
4	5	6	8	11	14	15	17	18	21	22	23	27	31	33	35	36	39	40	42	43	45	55	83	89	90	96	
29	28
1	2	3	5	6	9	10	11	12	15	17	18	22	23	24	31	36	37	38	39	40	41	44	45	48	49	50	53	
28	24
0	1	2	4	5	10	14	20	22	26	27	33	35	36	38	39	41	42	47	48	51	83	84	90	
31	27
2	3	6	8	9	10	11	14	17	21	22	23	24	26	27	30	33	36	38	39	42	49	50	51	53	83	96	
33	31
0	1	2	5	6	9	10	11	12	15	17	19	20	21	22	23	26	28	29	33	37	38	39	41	43	45	47	48	49	55	96	
35	31
1	2	4	5	6	8	9	10	12	14	15	17	18	21	22	23	24	26	29	36	38	39	41	45	47	49	50	51	53	60	83	
34	31
1	2	3	4	5	7	10	11	14	15	17	19	20	21	22	24	26	27	29	35	36	38	39	41	42	45	47	50	51	55	66	
22	21
0	2	3	4	7	9	12	14	15	17	19	21	22	24	27	34	35	36	39	43	55	
35	31
1	2	3	5	7	8	9	14	15	17	19	20	21	22	23	26	27	36	38	39	40	41	42	43	45	48	50	53	60	66	83	
33	29
2	3	4	5	6	9	10	11	12	14	15	18	20	21	22	24	27	31	34	35	36	39	42	43	47	51	60	62	90	
29	27
0	1	2	3	5	6	7	9	12	14	15	17	18	21	23	24	29	33	35	36	39	41	42	45	49	51	83	
27	24
1	2	4	6	7	9	11	15	17	21	22	23	24	26	33	35	36	39	41	48	50	53	90	96	
32	29
2	5	7	8	9	10	11	14	15	17	19	21	23	24	27	28	30	31	35	36	40	41	43	45	47	48	51	53	83	
26	24
0	1	2	5	9	15	17	18	21	22	24	27	29	30	31	33	34	36	41	42	43	45	55	90	
33	29
1	2	3	5	6	9	10	12	14	15	17	18	21	27	29	35	36	37	38	39	40	41	42	48	49	51	53	55	60	
31	27
1	2	3	4	5	6	8	11	12	14	17	18	22	24	27	29	31	35	36	39	41	45	47	53	55	59	60	
33	30
0	1	2	5	7	8	9	10	12	14	15	17	18	21	22	24	26	27	29	35	36	38	39	41	43	47	50	59	62	89	
24	22
1	2	3	5	6	9	10	11	14	15	17	18	27	30	31	36	39	41	42	50	53	96	
30	27
0	2	3	4	5	9	10	11	14	16	17	21	22	27	29	30	31	36	37	39	41	42	47	49	53	84	89	
29	25
0	3	4	5	6	17	18	19	22	24	26	29	30	31	36	38	39	40	41	42	43	51	53	60	66	
29	26
1	3	5	6	11	12	15	18	22	23	26	27	33	35	36	38	39	41	42	45	47	48	50	53	66	69	
30	29
0	1	2	3	4	5	6	9	11	14	15	17	18	21	22	23	24	27	29	30	33	35	36	38	39	42	43	45	83	
27	24
0	2	3	4	5	6	8	10	14	15	17	18	21	23	27	29	36	39	41	45	49	53	62	83	
35	29
0	1	2	5	6	9	10	11	14	17	21	22	24	27	30	31	36	37	38	41	42	45	47	51	55	60	66	83	84	
36	30
3	4	5	7	9	12	14	15	17	19	20	21	23	24	27	29	31	33	34	35	36	38	48	50	55	66	69	83	89	96	
32	28
1	3	4	7	9	11	12	14	17	18	21	22	23	24	27	29	30	31	33	34	36	38	39	42	51	53	83	90	
33	29
0	1	3	4	5	6	7	9	11	18	20	21	22	23	24	27	31	33	36	37	38	40	41	45	48	51	53	55	89	
38	34
0	1	2	3	4	5	8	9	10	11	12	15	17	18	20	22	23	24	27	29	30	33	34	35	36	39	41	42	45	50	53	83	90	96	
41	36
0	1	3	4	5	6	7	9	10	12	14	15	17	18	20	21	22	23	24	30	31	35	36	38	39	40	41	43	45	48	50	53	55	60	84	96	
29	27
0	1	2	3	5	9	12	15	17	18	19	21	22	24	27	33	36	37	39	41	42	43	45	48	49	53	96	
27	25
0	3	5	6	9	10	12	15	17	18	21	22	24	27	30	35	36	39	41	42	43	45	49	51	62	
25	22
0	2	4	7	9	12	15	17	22	23	24	30	35	36	38	39	45	49	50	51	55	96	
28	27
0	1	3	4	5	6	7	8	9	12	14	15	17	18	19	20	27	29	30	35	36	38	39	40	41	47	53	
33	28
2	5	8	9	10	11	12	14	18	22	23	26	27	31	33	34	36	37	38	45	47	48	50	55	60	66	84	89	
31	28
0	1	2	3	4	5	9	10	14	15	17	18	22	23	26	27	29	30	31	34	36	39	42	45	48	53	55	83	
34	30
0	1	2	3	5	6	8	11	12	14	15	17	18	21	22	24	27	29	30	33	38	39	40	43	45	50	55	60	66	90	
29	28
1	2	3	5	6	8	9	11	14	15	17	20	21	24	27	29	31	35	38	39	41	42	45	47	48	49	50	60	
28	25
1	5	6	9	11	14	15	21	22	23	24	26	27	31	34	36	38	39	42	43	47	50	51	53	66	
31	30
0	1	2	5	6	7	8	9	11	12	15	17	18	22	23	24	27	29	30	33	35	36	37	38	39	41	42	44	45	53	
37	33
0	1	2	3	4	5	7	8	9	10	14	15	17	18	21	22	24	26	27	30	31	33	35	36	39	41	42	45	47	53	55	83	84	
34	29
0	4	6	7	9	10	12	15	17	21	23	24	26	29	30	31	33	35	36	39	41	44	45	48	53	55	62	83	89	
33	26
1	2	4	5	6	7	9	11	12	14	17	21	24	27	31	33	36	39	45	51	53	55	60	62	69	89	
30	27
0	2	5	7	8	9	11	12	15	17	18	21	22	23	24	27	33	35	36	38	39	40	41	49	51	53	55	
29	24
0	2	3	7	9	17	18	20	31	33	35	36	37	38	39	41	42	45	50	51	53	62	89	96	
26	24
0	2	3	4	5	6	7	8	9	15	22	23	27	35	36	39	41	42	45	47	48	50	89	90	
35	31
1	3	4	5	6	7	8	9	10	11	14	15	16	17	19	21	23	24	27	29	36	38	39	40	41	45	47	51	53	55	83	
34	30
0	2	3	5	6	7	8	9	10	11	14	15	18	21	22	29	31	33	36	37	38	39	40	42	45	50	51	60	62	90	
31	27
0	1	3	5	7	8	9	11	14	15	17	18	19	22	24	28	29	36	38	39	42	45	50	51	53	55	89	
28	25
0	2	3	5	7	8	9	14	15	17	18	21	22	23	26	27	29	34	36	41	45	50	60	83	84	
32	30
0	1	2	3	4	5	6	8	9	11	12	17	18	22	24	26	27	29	30	33	35	38	39	41	42	43	45	48	51	53	
34	31
2	3	4	5	6	8	9	11	12	15	17	20	21	22	23	26	27	28	30	31	37	38	39	41	42	43	45	49	51	83	89	
29	26
2	3	4	5	9	12	15	17	21	22	24	27	31	33	35	36	38	39	42	43	45	47	50	55	66	83	
24	22
1	2	4	5	8	11	14	15	17	21	22	24	27	31	36	39	41	42	45	49	62	83	
26	24
0	1	4	5	6	9	11	12	18	21	22	23	24	26	27	29	31	37	38	39	47	49	60	90	
27	24
0	3	4	5	8	10	11	15	17	18	21	23	24	26	27	30	36	38	39	45	50	51	53	96	
32	29
1	2	3	5	6	7	8	9	11	17	18	20	21	22	24	26	30	31	36	39	40	41	42	45	48	50	51	53	96	
26	23
3	5	6	9	11	12	17	18	23	24	26	27	30	31	36	38	39	42	45	49	51	53	66	
31	28
0	1	2	4	5	6	7	8	9	10	11	12	14	15	17	21	27	29	30	31	33	36	38	49	50	53	55	96	
28	24
0	4	8	9	11	12	15	17	22	23	24	30	35	36	38	39	43	45	49	50	53	55	59	83	
35	30
1	5	7	9	10	11	12	14	17	18	20	23	24	27	29	30	31	33	36	38	39	41	42	43	50	53	55	66	69	89	
35	30
2	3	5	6	7	8	10	11	12	17	18	21	22	23	24	30	31	38	39	40	41	42	45	47	48	53	55	66	89	90	
34	30
0	1	2	4	5	6	7	9	12	15	16	17	22	23	24	26	27	33	36	37	38	39	40	42	43	47	51	53	66	96	
32	28
0	2	3	8	10	11	12	14	15	17	18	21	23	24	26	31	35	36	37	38	41	42	45	49	53	60	89	90	
41	37
0	1	2	3	4	5	6	7	8	9	10	11	12	15	17	18	19	21	22	27	29	31	33	35	36	37	38	39	41	42	45	48	50	53	55	83	84	
32	28
0	1	3	5	7	8	9	10	11	17	18	21	22	23	24	27	33	35	36	38	39	40	41	45	51	53	59	89	
28	25
1	3	4	5	6	8	9	11	12	15	17	24	27	30	31	33	36	42	45	47	48	49	51	55	62	
30	27
0	2	3	4	5	8	9	10	11	12	14	15	17	18	21	22	33	36	41	42	45	48	49	50	53	55	66	
33	28
2	3	4	5	6	8	9	11	12	14	15	22	24	30	31	35	37	38	39	41	42	45	50	55	60	62	90	96	
23	20
4	5	9	10	17	18	20	21	23	27	30	31	36	37	41	49	50	51	55	59	
27	26
0	1	2	3	4	6	7	8	9	11	12	14	16	17	18	21	24	27	31	35	39	43	45	47	49	51	
28	26
0	2	4	5	6	7	9	10	12	14	15	18	21	22	23	24	31	35	36	40	43	45	47	48	60	89	
41	36
0	1	3	4	5	7	8	9	10	12	17	18	21	22	23	24	26	27	30	31	35	36	37	38	39	41	42	43	45	47	48	51	53	59	89	96	
35	31
3	5	6	7	9	10	11	12	14	18	19	20	21	22	24	27	28	30	31	33	36	38	39	41	42	43	48	51	83	84	90	
33	30
2	5	7	9	10	11	12	15	16	19	20	21	22	23	27	29	30	33	35	36	37	38	39	42	43	45	50	53	84	89	
32	29
1	2	3	4	5	8	9	10	12	14	17	18	21	22	23	24	27	29	33	35	36	37	39	41	47	50	53	83	84	
24	22
1	2	3	4	6	7	10	12	15	17	18	22	24	30	31	38	39	40	41	42	66	90	
26	25
0	2	3	4	8	9	10	11	14	15	18	22	23	27	29	30	31	36	39	40	41	42	43	45	69	
41	36
1	2	3	4	5	6	7	8	10	12	14	15	17	18	19	21	22	23	26	27	29	30	37	39	40	41	42	43	45	48	50	55	60	66	83	89	
25	23
0	1	4	9	10	11	14	15	17	21	22	24	26	33	36	38	39	41	42	45	48	60	89	
35	29
5	6	7	10	12	17	18	22	23	24	26	27	33	36	37	38	39	40	41	42	43	45	47	51	53	55	83	84	90	
30	25
0	1	3	4	5	6	9	10	20	22	24	27	29	30	34	36	38	39	42	45	53	66	83	84	89	
31	29
0	1	2	4	5	6	7	9	10	11	15	17	18	20	21	22	23	27	29	31	33	36	38	39	45	47	50	55	66	
29	28
0	1	2	3	4	8	10	11	12	15	17	18	22	27	29	30	31	33	36	39	41	42	45	47	48	49	50	51	
29	25
0	2	3	4	6	7	8	9	10	15	17	18	21	28	31	33	36	39	42	43	45	53	55	83	89	
31	28
0	7	8	9	10	11	12	14	15	17	21	22	24	27	30	34	35	36	37	39	41	45	47	48	49	62	83	84	
25	24
3	4	5	10	14	15	17	21	22	23	24	26	27	28	29	30	33	36	38	39	42	44	47	55	
36	31
1	2	3	5	6	7	8	9	10	11	12	15	18	21	22	23	27	30	33	35	36	37	38	39	42	48	55	62	83	89	96	
30	28
0	3	5	6	8	9	10	11	12	14	15	17	21	22	24	26	27	31	33	36	38	39	41	43	45	48	53	83	
33	31
1	2	5	7	8	9	10	12	14	18	20	23	24	26	29	30	31	33	34	35	36	38	39	40	41	42	45	47	50	53	69	
30	27
3	4	5	9	10	11	12	15	17	20	21	22	23	24	26	27	30	31	36	39	40	41	42	48	53	55	83	
32	29
0	1	2	3	5	9	10	11	12	14	15	18	23	24	26	27	29	30	34	38	39	40	41	42	47	48	53	83	96	
32	30
0	1	3	4	8	9	10	12	14	16	17	18	22	23	29	30	31	34	35	36	37	39	40	41	42	45	47	49	53	83	
35	30
1	2	3	4	5	6	8	9	10	12	15	17	21	22	23	24	27	31	35	36	38	41	45	49	50	51	53	55	59	90	
29	25
0	1	2	7	8	10	14	15	18	21	27	30	31	33	35	36	38	39	41	43	45	55	66	89	96	
39	35
0	1	2	5	6	8	9	10	11	14	15	18	21	22	23	24	26	27	28	30	31	33	34	36	38	39	41	42	44	45	48	53	60	62	83	
34	29
0	3	4	6	8	10	11	15	21	22	23	24	26	27	30	31	36	38	39	40	41	48	49	50	51	53	55	59	60	
39	33
0	1	2	3	4	5	8	9	11	17	19	20	21	22	24	26	27	29	31	33	36	38	39	41	42	47	48	51	53	55	83	89	90	
37	34
0	1	3	5	6	7	8	9	11	14	17	18	19	21	22	23	24	27	29	30	31	33	36	39	40	41	42	43	45	49	50	53	66	83	
27	25
1	3	7	9	10	12	15	17	18	20	21	22	23	24	27	29	30	36	38	39	42	45	49	55	60	
30	28
0	1	2	3	4	5	8	9	10	11	12	14	16	17	18	21	23	31	36	38	39	40	42	45	47	49	53	96	
33	29
0	1	2	5	6	7	10	14	15	17	18	19	22	23	24	27	28	35	36	38	40	42	43	45	47	51	53	55	89	
22	19
3	5	7	8	10	15	24	27	29	31	35	36	39	42	43	50	51	55	66	
32	29
1	2	3	4	5	6	9	10	11	14	15	17	18	22	24	26	27	28	30	35	36	40	43	45	47	48	53	62	83	
39	33
0	1	2	4	5	6	7	8	10	15	17	20	22	24	26	27	29	30	35	36	38	39	40	42	43	47	49	51	53	66	83	89	90	
29	27
0	1	3	4	5	6	7	9	10	12	14	15	17	18	20	27	30	31	33	36	39	42	45	48	49	53	62	
32	30
0	1	2	3	4	6	7	8	9	10	11	12	14	15	20	21	22	24	27	29	33	36	39	40	42	43	49	50	66	83	
30	27
2	3	5	6	7	8	9	11	12	15	17	19	21	22	24	31	35	36	39	40	41	42	43	48	51	62	83	
26	23
1	2	3	4	9	11	12	14	15	17	19	23	27	36	37	38	39	43	44	48	51	53	83	
30	26
1	3	5	6	9	10	12	15	17	18	22	27	31	33	35	36	37	38	39	47	49	50	53	62	83	89	
29	26
2	4	5	6	7	8	9	12	14	15	17	21	23	27	31	36	38	39	41	42	45	47	49	53	83	89	
29	26
3	4	5	6	9	10	14	15	17	18	20	21	22	24	27	29	31	36	37	38	39	45	49	53	60	90	
33	30
2	3	4	5	9	10	11	12	14	15	18	21	23	24	26	27	30	33	35	36	37	38	39	41	42	45	49	53	60	62	
31	28
4	5	6	7	8	10	11	15	17	18	20	21	22	24	26	27	29	30	31	35	36	38	39	41	49	51	53	83	
25	23
3	5	6	8	9	10	11	14	15	18	21	22	24	27	31	36	39	41	42	49	50	83	84	
31	28
0	1	2	3	4	5	6	10	14	15	17	18	21	22	23	24	34	36	37	39	41	42	47	48	49	83	84	89	
30	29
2	3	4	5	6	10	11	12	14	15	17	18	19	20	21	23	24	26	30	31	35	38	39	41	42	43	48	50	66	
27	24
3	4	5	6	8	9	12	14	15	17	21	23	24	29	35	37	38	39	41	45	48	51	55	60	
33	29
1	2	4	7	9	10	11	12	15	16	17	18	19	21	22	23	24	27	34	36	42	45	47	49	50	53	66	83	90	
36	31
0	1	2	3	4	6	7	8	9	10	12	14	15	17	18	19	21	22	24	27	36	38	39	41	48	49	53	55	66	83	90	
31	27
0	1	2	4	5	6	7	9	10	11	14	18	27	28	29	31	33	36	38	39	42	45	48	51	53	55	90	
29	24
1	2	3	5	6	9	14	15	17	18	23	27	30	36	38	41	45	48	49	51	53	83	89	90	
30	27
0	3	4	5	7	8	9	12	15	18	30	31	33	34	35	36	37	38	39	40	41	42	43	45	51	53	84	
34	31
1	2	3	5	6	7	8	9	10	14	15	17	18	22	24	26	28	31	33	34	35	36	39	41	42	43	45	49	51	53	89	
25	22
3	4	5	7	9	11	12	22	23	24	29	31	33	36	37	38	39	44	50	60	66	84	
37	33
1	2	3	4	5	6	7	8	9	11	12	14	15	22	23	24	26	27	29	30	31	35	36	39	41	42	43	47	49	53	55	60	62	
24	21
0	1	2	3	4	5	8	9	22	24	26	30	38	39	42	45	47	49	53	55	66	
35	31
0	1	2	5	7	11	14	15	17	18	20	21	22	24	27	29	30	31	33	34	35	36	39	42	43	45	49	51	53	62	90	
30	25
0	1	3	8	9	12	14	15	17	18	23	24	27	31	33	36	39	41	42	49	51	53	55	62	66	
29	26
1	2	4	5	7	9	10	14	15	18	19	22	24	26	29	30	33	36	38	41	42	45	48	53	84	96	
32	26
0	1	3	5	9	10	12	14	15	17	22	24	27	29	36	39	41	43	45	50	51	55	62	84	89	96	
34	31
1	2	3	8	9	14	15	17	18	19	20	21	22	23	24	26	27	29	31	35	36	38	39	40	41	42	43	48	53	55	66	
31	27
0	1	3	4	8	9	15	17	19	21	22	23	24	27	30	36	38	39	40	42	45	47	49	51	83	89	90	
33	30
1	2	5	6	8	9	11	12	15	17	22	23	24	26	27	29	30	33	34	36	37	38	39	42	45	49	50	53	55	96	
35	31
0	1	5	6	7	8	9	11	12	14	15	17	18	20	22	23	29	31	33	34	36	37	39	42	43	45	47	51	60	62	83	
26	22
3	4	5	7	9	11	12	15	18	20	22	29	31	35	36	37	39	40	53	55	83	89	
28	25
0	4	5	6	9	11	15	17	18	19	23	24	26	29	36	38	39	40	41	42	45	50	53	89	90	
34	29
0	2	3	5	7	8	9	12	14	15	17	18	21	22	23	24	27	29	34	36	37	39	41	49	53	62	66	69	83	
37	34
1	2	3	4	9	11	12	14	15	17	18	19	20	21	22	23	24	30	33	35	36	37	38	39	40	41	42	45	48	49	50	51	60	83	
31	30
2	3	5	7	10	12	14	15	17	18	21	22	23	24	26	27	29	30	31	33	36	37	39	40	41	42	45	49	50	84	
37	33
1	2	3	5	7	9	10	11	15	18	19	21	22	23	24	26	27	33	35	36	37	38	39	40	41	42	43	47	48	53	55	60	69	
27	23
2	3	4	5	12	14	15	17	18	22	24	27	35	37	38	39	41	42	43	53	55	66	90	
38	34
1	2	3	4	5	6	7	9	10	11	14	15	18	19	20	23	24	26	27	30	33	35	36	38	39	41	44	45	48	49	51	83	90	96	
34	30
1	2	5	7	8	10	11	15	16	18	20	21	22	23	24	27	29	30	31	34	36	37	38	39	40	47	51	53	59	89	
27	26
0	1	3	4	6	7	9	10	12	14	15	17	20	21	22	23	24	27	31	33	35	37	38	39	47	90	
30	27
2	3	4	6	8	9	10	12	15	18	24	27	29	30	31	35	36	37	38	39	41	42	45	47	53	60	66	
36	30
1	4	6	7	8	11	12	17	20	21	22	24	27	29	33	35	36	39	40	42	43	45	49	50	51	53	55	60	83	84	
26	23
1	2	5	6	11	12	14	16	17	18	24	29	30	33	34	36	38	39	41	47	53	55	96	
31	28
0	2	3	4	5	8	10	15	17	21	22	23	24	29	30	33	35	36	38	39	41	42	45	49	50	53	84	96	
41	36
2	3	8	9	10	11	12	14	15	17	18	20	21	22	23	24	26	27	29	30	33	34	36	37	38	39	41	42	43	45	48	53	59	60	83	84	
30	27
1	3	4	6	7	9	14	17	18	21	22	23	24	27	29	31	36	37	39	40	41	42	45	50	60	83	90	
33	29
1	2	3	4	5	8	10	11	14	15	17	21	22	23	24	30	33	36	38	39	41	42	45	47	50	53	55	83	90	
33	30
0	2	3	6	8	10	11	12	14	17	21	22	24	26	27	29	36	39	40	41	42	43	45	47	48	49	50	53	55	66	
44	38
0	1	2	3	4	5	9	10	11	12	14	15	17	18	19	20	21	22	23	24	26	27	30	31	36	37	38	39	41	45	47	49	53	55	59	60	90	96	
32	28
0	1	2	3	4	7	8	9	10	12	17	18	22	23	26	29	30	33	34	36	38	41	42	49	51	53	55	83	
27	24
1	3	5	6	8	9	10	11	12	17	18	22	24	26	27	33	38	39	45	48	49	60	66	89	
28	24
4	5	6	7	10	12	14	15	16	17	22	23	24	26	30	33	41	45	49	50	53	55	83	89	
29	27
0	1	2	5	9	11	12	15	17	18	22	23	24	27	29	30	36	37	38	39	41	42	43	45	49	59	83	
35	32
2	3	4	5	7	8	9	11	12	14	16	17	18	21	22	23	26	27	29	31	33	36	38	39	41	43	45	47	49	60	66	83	
29	28
0	2	3	4	5	6	7	8	9	10	11	12	15	16	17	18	21	24	27	30	33	36	39	42	45	47	48	89	
26	24
4	5	9	12	15	17	18	21	24	26	27	31	33	34	36	37	39	41	42	45	47	48	53	62	
23	22
1	3	5	7	8	11	12	15	17	18	22	29	30	34	36	38	39	42	45	48	50	53	
34	30
2	3	5	7	9	10	11	12	15	18	20	27	28	30	31	34	36	37	38	39	40	41	42	43	45	50	51	53	83	90	
26	24
0	1	3	7	10	11	14	17	22	23	24	27	29	30	33	35	36	39	40	42	45	48	51	53	
28	25
1	4	5	6	7	11	14	15	17	18	22	24	27	29	35	36	38	39	41	42	43	47	60	62	90	
31	27
1	2	5	6	9	11	12	14	15	17	18	22	23	24	30	31	33	36	37	38	41	45	47	51	53	55	96	
31	28
0	1	2	4	5	6	9	10	11	14	15	18	19	21	22	24	27	28	31	33	36	38	39	41	45	53	69	89	
31	27
1	2	3	8	10	11	12	15	16	17	18	20	22	27	33	34	36	38	39	41	42	43	47	55	62	83	89	
30	27
2	3	4	5	6	7	9	10	11	14	15	17	18	19	21	22	24	27	31	36	38	42	48	49	51	83	89	
30	27
0	1	2	4	5	7	8	9	11	12	15	17	23	24	27	30	33	36	37	38	41	42	43	47	53	55	66	
28	25
0	2	3	4	7	11	12	14	15	17	21	23	24	27	31	35	38	39	41	45	48	50	53	55	83	
30	27
0	1	2	4	5	6	17	18	21	22	24	26	29	30	33	36	37	38	39	40	41	42	45	49	53	89	90	
28	25
0	2	3	4	6	7	9	15	16	17	18	21	24	26	30	31	36	37	39	40	41	45	53	62	90	
31	29
1	3	4	5	6	7	12	14	15	18	19	22	23	24	27	29	30	35	38	39	41	42	45	47	48	49	50	53	83	
47	41
0	1	2	3	5	6	7	8	9	12	14	15	18	20	21	22	23	24	26	27	31	33	35	36	37	38	39	40	41	42	43	45	47	48	49	51	53	55	62	69	83	
25	24
1	5	7	8	9	11	15	17	19	21	24	26	27	28	33	36	37	38	39	41	42	45	49	53	
44	36
0	2	4	5	7	8	9	10	11	12	14	15	16	17	18	21	22	24	26	30	31	33	35	36	39	41	43	49	53	55	62	66	83	89	90	96	
34	29
0	2	3	5	7	8	9	14	15	17	20	21	22	23	24	27	29	31	37	38	39	41	45	47	51	53	84	89	90	
31	28
0	1	2	3	4	5	6	8	9	10	11	12	15	18	19	21	22	23	31	33	37	38	39	42	45	55	59	90	
28	25
1	3	5	8	9	11	15	17	19	24	27	30	33	35	36	39	40	42	45	48	49	50	53	59	83	
32	29
1	3	4	5	7	10	11	12	14	15	19	20	21	22	24	26	27	28	30	34	35	36	39	45	49	50	55	59	60	
34	29
0	2	4	5	7	11	12	14	17	21	22	24	27	28	30	36	37	38	39	41	42	43	47	50	53	60	62	83	84	
30	26
2	3	5	8	9	11	12	14	17	18	19	21	22	23	35	37	39	43	45	47	48	49	53	55	83	96	
35	31
2	4	5	7	8	9	10	14	15	16	17	18	21	22	23	24	26	27	33	36	38	39	41	42	45	47	48	53	83	89	90	
27	24
0	3	4	5	9	12	14	15	18	21	26	27	30	34	35	36	37	39	42	45	47	53	60	90	
32	27
2	4	5	7	8	9	10	20	21	22	24	29	30	31	33	35	39	41	45	48	49	50	51	83	84	90	96	
44	39
0	1	2	3	4	5	6	7	8	10	11	14	15	17	18	21	22	24	26	27	28	29	31	33	35	36	37	38	39	41	42	45	47	48	51	55	59	90	96	
34	30
3	4	5	6	7	8	11	12	15	16	17	21	22	24	27	30	31	33	36	37	38	39	40	41	42	45	51	55	83	96	
44	37
0	1	2	3	5	6	8	9	10	11	12	14	16	17	18	19	21	22	23	24	26	29	30	31	34	36	38	39	42	45	53	55	62	66	83	84	96	
33	29
0	1	2	3	5	6	7	9	12	14	15	17	18	20	22	24	28	29	31	33	36	38	40	41	45	53	66	84	90	
25	22
0	3	6	7	10	17	18	19	22	24	27	29	30	33	36	38	43	45	49	53	55	66	
31	28
2	3	4	5	9	10	17	18	23	24	26	27	29	30	31	35	36	39	41	42	43	45	47	48	50	55	60	89	
34	30
2	4	5	6	7	9	11	12	15	17	20	21	23	24	30	31	35	36	38	39	41	45	47	48	49	50	53	60	62	83	
33	30
3	5	8	9	10	11	12	14	17	18	21	22	23	24	27	29	30	31	35	36	39	40	41	42	43	45	49	51	60	89	
25	23
1	2	3	5	7	9	10	12	14	15	17	26	27	29	30	34	36	38	41	42	43	53	83	
27	23
2	3	5	7	8	10	12	14	15	17	22	24	27	31	38	39	42	43	49	51	55	60	83	
29	27
0	1	2	5	6	9	10	12	14	15	20	21	23	24	27	29	30	36	37	38	39	40	41	42	49	53	60	
25	22
0	1	2	5	9	10	17	21	22	23	27	29	33	37	40	41	42	43	47	53	90	96	
28	24
2	5	7	9	11	12	14	15	17	18	20	22	23	27	31	33	36	37	45	47	53	55	83	89	
32	29
3	4	5	7	8	10	11	14	15	17	18	21	22	23	24	27	29	30	33	34	36	38	39	41	45	47	53	60	62	
26	24
0	1	2	4	5	6	9	10	15	17	19	21	22	24	27	33	36	39	42	43	45	50	53	60	
29	25
0	1	2	4	5	7	9	11	14	15	18	21	24	27	36	37	39	42	43	45	48	59	60	62	66	
29	27
1	2	8	9	11	12	14	15	17	18	21	22	24	28	30	31	33	34	35	39	41	42	43	45	48	53	83	
31	27
1	3	4	5	6	8	9	10	11	15	17	21	22	24	29	30	31	33	34	39	41	45	48	53	60	66	83	
28	26
0	1	2	5	6	12	14	15	16	17	18	22	23	24	27	29	30	33	38	39	41	42	45	49	89	90	
24	23
2	4	6	7	9	10	12	14	17	18	20	21	23	24	26	27	34	35	36	39	43	50	55	
29	25
3	5	6	7	8	9	10	11	14	15	22	23	24	27	33	36	39	41	45	48	50	51	53	60	83	
28	25
1	3	6	8	9	10	12	14	17	18	21	22	28	29	33	36	38	39	41	42	43	45	55	60	62	
30	27
0	1	2	3	5	8	9	10	11	12	14	17	23	24	27	30	33	36	38	42	45	47	48	49	51	53	60	
35	29
0	2	4	5	6	8	10	11	12	15	17	22	23	27	31	36	37	38	39	42	47	49	50	51	53	55	60	66	83	
34	29
1	2	4	5	6	9	11	12	14	15	17	18	19	21	27	30	31	33	36	38	41	42	43	49	53	55	62	83	90	
31	27
2	3	4	7	9	10	11	15	17	20	21	22	24	26	27	31	33	35	36	37	38	39	47	51	53	60	89	
27	25
0	1	2	3	4	6	7	10	11	12	15	17	18	24	27	30	31	33	38	39	45	49	50	55	66	
41	35
0	3	4	5	6	7	9	10	11	12	14	15	17	18	19	21	22	23	24	27	31	33	34	35	36	38	39	45	48	51	53	55	62	66	90	
27	25
1	2	3	4	5	7	9	10	11	14	15	17	19	24	30	31	36	37	39	40	41	42	45	53	66	
26	23
1	5	7	9	10	11	17	20	23	24	26	31	33	36	39	41	42	45	47	49	51	53	60	
28	25
2	3	4	5	6	9	11	14	15	17	18	21	22	23	24	31	36	38	39	41	44	49	51	53	55	
31	28
1	2	5	6	7	9	11	12	14	17	18	19	22	24	27	30	33	35	36	37	38	39	41	44	45	55	59	96	
39	36
0	2	3	5	6	10	11	12	14	15	17	18	21	22	23	24	26	27	28	30	31	34	35	36	38	39	41	42	43	45	48	49	50	53	60	66	
28	26
1	4	6	8	11	16	17	18	23	26	27	31	33	34	35	36	37	38	39	40	42	48	49	50	55	83	
24	23
2	5	6	8	9	10	11	17	18	20	21	22	24	27	30	31	35	36	38	39	41	42	66	
32	29
0	1	3	4	5	6	7	9	15	17	18	21	23	24	27	29	31	38	39	41	42	43	44	45	47	48	51	55	69	
38	31
2	4	5	6	7	9	10	14	15	17	22	23	28	29	30	31	35	36	38	39	41	45	47	50	51	53	55	60	62	89	96	
35	29
0	1	5	6	8	12	14	15	18	20	22	23	26	27	29	31	36	39	41	42	45	47	50	53	55	69	83	84	96	
22	22
4	7	9	11	17	18	20	21	22	24	26	27	30	33	36	39	40	41	42	48	49	50	
31	27
0	2	3	4	5	6	9	10	15	22	23	24	27	28	30	31	33	34	35	36	39	45	50	53	60	83	96	
29	29
0	1	2	3	6	9	10	11	12	14	17	18	21	22	23	24	26	27	29	30	33	34	36	37	39	41	42	49	50	
35	30
1	2	5	7	9	10	11	12	15	18	19	22	24	27	30	31	36	39	41	42	43	45	47	48	49	53	55	60	66	96	
34	31
0	2	3	4	5	7	9	10	11	15	17	18	19	21	22	24	27	29	33	34	36	38	40	42	43	48	49	50	53	55	62	
31	28
0	3	4	7	10	12	14	17	18	20	21	22	23	24	27	29	35	36	38	39	40	42	43	47	49	51	55	89	
33	30
0	2	4	6	7	8	9	10	11	12	14	15	17	18	21	22	26	28	30	31	36	38	39	41	45	49	50	53	83	89	
26	23
2	3	9	10	11	14	17	22	23	26	27	28	29	36	38	39	41	42	45	47	51	83	90	
32	29
1	5	6	8	9	10	11	12	17	18	22	23	24	26	28	30	31	33	35	36	37	38	39	41	42	45	51	53	62	
27	24
0	1	2	4	6	11	15	16	23	24	27	30	33	35	36	38	39	41	45	48	49	53	55	89	
23	22
2	3	5	6	7	8	11	12	15	17	24	27	29	31	36	39	41	42	45	47	48	51	
21	20
4	5	9	12	17	18	20	21	22	24	27	29	30	35	36	41	42	45	47	55	
25	24
0	2	3	5	6	9	14	17	18	21	22	24	27	29	30	33	36	37	40	41	42	43	45	89	
32	29
0	2	3	4	5	7	8	9	12	15	17	18	19	21	23	24	26	27	29	33	35	36	39	40	42	48	53	62	83	
39	35
0	1	2	3	4	5	7	9	10	12	17	19	21	22	23	24	27	29	30	31	33	35	36	38	39	41	42	43	45	48	50	51	53	55	66	
29	27
0	1	2	3	4	9	10	11	15	17	21	22	23	24	29	30	31	33	36	38	39	40	41	43	45	55	62	
30	26
2	3	5	6	9	11	15	17	18	19	20	24	31	37	38	39	41	42	43	45	48	50	53	55	62	83	
38	31
0	2	3	7	9	10	15	20	21	23	26	27	29	30	31	33	38	39	40	42	43	44	48	49	51	53	59	60	66	83	96	
31	28
0	1	2	3	4	7	8	9	10	12	15	17	21	22	24	28	29	33	34	36	37	38	39	45	50	51	60	84	
31	27
1	2	3	4	5	6	7	8	12	17	18	20	27	31	33	36	37	38	39	41	42	48	50	53	55	89	96	
37	33
0	4	6	9	12	15	16	17	18	20	21	22	24	26	27	30	31	33	35	36	38	39	40	42	43	45	47	49	50	51	53	55	60	
30	28
0	2	5	8	9	11	12	14	17	18	22	23	27	28	30	31	33	36	37	38	39	42	43	45	49	50	53	96	
26	25
2	3	6	7	8	10	11	14	18	22	23	24	26	27	30	31	33	34	36	38	39	40	48	49	96	
27	25
4	5	7	12	14	15	17	20	21	22	23	24	27	29	31	35	36	38	39	41	42	45	50	53	62	
41	35
0	1	2	3	5	6	8	9	10	11	12	15	18	21	24	29	30	31	33	36	38	39	40	41	42	43	45	48	49	51	53	60	62	66	83	
30	26
0	2	3	4	5	7	9	10	11	17	18	21	22	24	27	28	29	36	38	39	45	49	53	69	83	84	
28	25
1	2	3	4	6	9	15	17	19	21	24	29	30	31	36	38	39	41	42	45	49	50	51	53	83	
30	26
2	3	4	6	8	9	10	12	15	17	18	23	24	26	27	30	35	36	38	39	43	50	51	83	89	96	
29	26
1	3	4	5	6	9	12	14	15	22	24	26	27	29	30	31	33	37	38	39	41	44	45	53	66	83	
26	22
0	2	3	4	5	8	12	14	21	22	24	27	33	34	39	40	41	45	51	53	55	66	
31	28
1	2	3	4	5	6	10	12	14	15	17	18	21	22	23	24	26	27	33	36	37	39	41	42	50	51	60	62	
31	25
1	3	5	6	9	12	17	18	22	24	27	28	30	31	36	40	42	48	49	53	55	66	83	89	90	
27	26
1	4	5	8	10	11	14	15	17	18	21	22	23	24	27	29	33	35	36	37	39	42	45	49	50	89	
39	35
0	1	2	4	5	7	8	9	10	11	14	17	18	20	21	22	24	27	31	33	34	36	38	39	41	42	43	45	47	48	50	53	55	60	83	
33	31
0	1	3	4	6	7	9	10	12	14	15	17	19	21	22	23	26	29	31	33	36	37	38	39	42	43	45	48	50	60	83	
31	28
1	3	4	5	8	9	10	15	17	18	20	21	22	26	27	30	31	36	38	39	41	42	45	47	50	55	60	83	
29	26
0	3	5	9	11	12	14	15	17	21	24	26	27	28	29	30	35	36	39	41	43	45	48	53	60	89	
37	34
0	1	2	3	4	5	6	7	8	10	12	15	18	20	22	23	24	26	27	29	30	35	36	39	40	41	42	43	44	48	49	60	83	89	
34	32
1	2	3	5	7	8	9	11	12	14	15	17	18	19	21	22	23	24	27	31	33	35	36	38	39	42	43	44	45	50	51	89	
29	26
0	3	4	5	7	9	10	12	15	19	21	24	26	27	30	31	36	37	39	41	42	45	50	53	62	69	
33	31
1	2	3	4	5	7	8	9	10	11	17	18	19	21	22	23	24	26	27	31	33	36	38	39	40	41	42	48	49	89	96	
24	22
1	5	6	8	9	10	12	15	21	22	23	27	31	35	36	38	39	41	42	45	55	89	
29	26
0	2	3	6	7	8	9	11	14	15	17	18	27	31	33	37	38	39	40	41	42	45	48	53	60	83	
34	29
0	1	3	4	5	7	8	11	12	14	17	22	23	24	36	38	39	41	42	44	45	47	48	49	62	66	84	89	96	
32	28
2	3	4	5	17	18	20	21	22	23	26	27	30	33	37	38	39	40	41	42	45	47	48	49	53	60	83	96	
33	30
0	1	2	3	5	6	8	9	11	12	15	17	23	24	26	27	31	33	35	36	37	38	39	41	42	45	50	51	55	89	
28	24
1	2	3	8	10	15	17	18	22	23	24	29	30	35	36	37	38	39	41	49	51	53	66	96	
20	20
0	1	2	3	5	7	9	10	15	17	21	22	27	33	36	38	39	42	43	45	
26	23
3	4	7	10	11	12	15	17	18	20	24	29	30	33	38	39	40	43	47	50	53	55	89	
27	25
3	6	9	11	12	14	15	17	18	19	21	22	26	31	33	34	35	36	37	38	39	41	42	53	89	
29	27
0	2	3	5	6	8	9	10	11	14	15	16	17	18	20	23	24	26	27	36	38	39	42	48	50	51	62	
27	24
1	2	5	9	11	15	16	17	18	21	22	23	24	26	27	30	35	40	41	43	45	51	53	89	
25	23
0	3	5	6	7	8	9	12	14	15	18	22	23	31	33	36	38	42	43	45	50	55	66	
34	28
2	10	12	15	20	21	22	23	24	27	29	31	36	37	38	39	41	42	44	45	48	49	53	55	60	83	84	96	
30	28
0	1	2	3	4	6	8	9	10	11	12	14	15	17	21	22	24	30	36	37	38	39	41	42	45	50	83	89	
26	25
0	1	2	3	5	7	9	12	15	17	18	20	22	23	24	26	27	29	31	36	38	41	43	49	53	
42	35
2	4	6	8	9	10	11	12	14	15	17	18	19	20	21	22	24	26	27	31	33	34	36	38	39	41	49	50	51	53	55	60	62	83	89	
33	29
0	1	3	4	6	7	9	10	11	12	14	15	16	18	23	24	27	36	37	39	43	45	47	48	49	51	55	59	62	
33	31
0	1	3	4	6	8	9	12	16	17	18	21	22	24	27	29	30	33	35	36	37	39	40	41	43	45	48	49	50	60	69	
33	28
2	3	9	10	11	15	16	17	18	21	22	23	24	26	27	29	30	36	37	38	41	47	50	53	60	83	84	96	
32	30
1	2	3	4	5	6	7	8	9	11	12	14	15	17	18	21	22	23	27	29	31	36	39	41	42	43	45	50	60	62	
24	23
0	3	6	8	9	14	15	17	24	27	29	30	31	35	36	37	38	39	41	42	45	49	53	
29	26
1	3	4	5	8	10	11	15	18	20	24	27	29	30	31	33	38	39	40	43	45	47	49	53	59	96	
35	32
0	3	4	7	9	10	11	15	17	19	20	21	22	23	24	27	29	30	31	33	35	36	38	39	42	44	45	47	50	53	89	90	
31	27
0	1	3	5	6	7	8	9	10	11	17	18	19	27	30	31	33	36	39	41	42	43	50	53	60	83	84	
25	24
0	1	2	4	7	9	11	12	14	17	18	20	21	22	27	30	31	33	36	39	41	45	49	55	
38	34
1	2	3	4	5	6	7	9	10	11	12	14	15	17	18	23	24	27	29	30	31	35	38	39	40	41	42	45	48	49	53	60	90	96	
31	27
0	2	3	4	7	9	11	14	15	18	19	21	23	24	26	27	31	33	36	38	39	45	49	51	53	83	90	
29	27
2	3	5	6	8	10	11	14	15	17	18	20	22	23	24	26	27	29	30	33	36	38	39	42	45	53	89	
24	23
1	2	5	8	9	10	11	14	15	17	21	22	27	31	36	37	39	41	42	44	45	48	83	
27	25
2	3	4	5	6	7	9	11	14	15	17	20	21	22	23	27	31	34	36	38	41	45	50	53	96	
34	30
1	2	3	4	5	6	8	9	11	15	17	18	20	22	23	27	31	36	37	38	39	41	43	45	48	50	62	69	83	96	
31	26
1	2	3	5	9	11	14	15	17	18	21	22	23	26	27	30	33	36	39	42	45	51	53	55	60	62	
33	29
0	5	7	9	11	14	15	17	19	21	23	24	27	30	31	33	34	36	38	39	41	42	43	45	50	53	83	90	96	
28	24
1	3	5	6	8	10	12	14	15	20	21	23	24	27	30	36	38	39	41	45	51	62	83	89	
25	23
1	3	4	5	6	7	12	15	19	21	22	23	24	27	31	38	39	41	42	47	50	53	96	
35	32
0	1	2	3	4	5	6	7	8	9	10	11	12	15	17	22	23	24	27	29	30	36	38	39	41	42	45	49	50	53	55	83	
28	27
1	2	4	5	8	9	10	12	14	15	16	23	24	26	27	28	30	33	36	39	40	41	45	47	48	49	53	
40	35
0	2	3	5	7	8	9	12	14	15	17	18	20	21	22	23	24	26	27	29	30	33	36	39	40	42	45	47	49	50	53	60	66	83	89	
34	30
1	3	4	5	6	7	9	11	12	15	16	17	18	22	24	27	30	34	36	38	39	41	42	45	48	49	53	55	60	89	
37	30
1	2	3	4	6	8	9	10	12	15	17	18	27	29	30	33	35	36	37	38	39	41	45	53	55	60	83	84	89	90	
35	29
2	3	4	5	6	7	8	9	11	17	18	19	21	27	29	34	35	36	37	41	42	45	48	55	59	83	84	89	90	
24	22
1	2	3	7	9	11	12	14	15	18	24	27	29	30	31	35	36	39	41	42	53	55	
41	36
0	2	3	4	8	9	10	12	14	15	17	18	19	21	22	23	24	26	27	28	29	31	33	38	39	41	42	45	47	49	50	51	53	66	89	96	
24	21
1	5	8	12	14	17	21	22	24	33	34	36	37	39	40	41	45	48	51	53	55	
34	29
2	4	5	8	9	12	14	15	17	22	23	24	27	30	31	36	37	39	40	42	43	45	47	49	53	55	83	89	96	
31	27
0	2	3	6	9	12	14	15	17	18	24	26	29	30	31	33	36	38	39	40	41	47	48	53	55	62	89	
34	31
0	1	3	4	5	7	10	11	12	14	15	17	18	19	20	21	23	24	30	33	34	35	38	39	41	42	45	47	51	66	83	
25	22
0	2	4	6	8	9	12	21	22	27	31	35	36	37	39	41	44	45	49	51	83	89	
30	27
1	2	3	4	5	8	9	11	12	15	22	23	24	27	33	34	36	37	38	39	41	45	48	49	53	66	83	
30	26
0	2	3	4	5	8	9	10	11	12	14	17	18	21	22	29	30	31	33	36	38	40	55	60	66	90	
26	25
1	2	3	4	6	9	10	12	14	15	17	19	20	21	22	27	31	33	35	38	41	43	48	50	53	
30	29
2	3	4	5	7	9	11	12	14	15	17	18	20	21	22	23	24	26	28	31	33	36	37	38	39	42	47	50	83	
33	30
0	2	5	6	7	8	9	11	12	14	15	18	21	22	23	24	27	29	30	31	33	35	37	38	39	41	49	51	66	83	
27	26
0	1	3	4	5	6	8	9	11	12	15	17	22	23	27	31	33	35	36	38	39	41	45	49	50	53	
29	25
1	6	9	12	14	15	17	18	19	22	24	27	29	30	36	38	39	45	47	49	50	53	55	60	90	
36	33
2	4	6	7	9	10	11	12	14	15	17	18	19	21	22	23	26	27	30	31	33	34	38	39	40	43	45	47	49	50	53	55	62	
26	24
0	2	3	5	7	8	9	10	21	23	24	26	27	29	34	37	38	39	40	41	42	49	51	62	
28	25
0	1	3	5	6	9	10	11	15	17	18	21	22	23	24	30	36	38	39	42	49	50	53	60	83	
37	33
1	2	3	4	5	7	8	9	11	12	15	17	18	19	21	22	23	27	29	30	31	33	35	36	39	40	41	47	48	60	83	89	96	
35	29
0	2	5	6	7	9	14	15	21	23	24	30	31	35	36	37	38	39	40	41	42	45	48	51	55	62	89	90	96	
35	31
1	2	3	4	5	6	7	9	10	11	12	14	15	17	18	22	23	24	27	30	36	38	39	40	41	45	47	53	55	66	83	
32	28
0	1	3	4	5	7	10	11	12	15	18	20	21	22	23	29	30	31	36	38	41	42	45	50	62	83	84	89	
29	26
0	2	3	4	6	7	9	10	11	17	21	22	24	28	30	31	35	36	39	41	45	48	49	53	62	69	
29	24
1	2	4	6	8	9	10	11	12	14	15	18	27	33	36	41	42	44	47	53	55	89	90	96	
36	31
0	3	6	8	9	11	14	15	19	22	23	24	26	27	29	31	34	35	36	38	39	40	42	45	48	50	51	55	60	83	96	
30	27
4	5	6	7	9	10	11	12	14	15	18	21	24	26	27	28	30	31	36	39	41	45	49	50	53	66	83	
30	26
0	1	4	6	7	8	9	10	12	14	15	17	21	27	29	30	36	37	38	41	42	48	51	53	55	90	
36	30
0	1	2	5	8	9	10	11	15	17	18	20	21	23	27	29	30	31	36	38	39	43	45	47	51	53	66	83	90	96	
27	24
3	4	5	6	9	11	15	17	18	21	24	27	31	35	36	37	38	39	41	45	47	51	53	66	
33	28
0	1	2	5	6	8	9	10	11	14	15	17	18	21	22	27	28	30	36	39	41	42	49	60	62	89	90	96	
32	31
0	1	2	4	5	6	9	10	12	14	15	17	18	22	27	29	30	33	34	36	37	39	40	41	42	43	47	48	49	50	53	
27	25
0	3	4	5	7	8	9	11	15	18	19	21	23	24	30	31	34	36	37	38	39	42	50	51	53	
34	29
2	3	5	9	10	12	14	15	16	17	19	23	24	26	27	35	36	37	40	41	45	47	48	49	51	53	55	83	96	
33	28
2	3	4	5	8	9	10	15	17	18	22	24	27	29	31	36	39	40	41	42	43	48	50	53	60	62	66	90	
35	31
0	2	4	6	7	9	10	12	15	17	18	20	23	24	27	28	29	30	36	39	41	42	43	45	47	49	50	55	83	90	96	
27	23
2	3	9	10	11	12	14	15	18	20	21	24	29	30	31	35	38	39	42	53	60	83	89	
33	28
2	3	4	5	8	9	11	14	17	20	21	22	23	24	26	27	31	36	39	41	42	47	48	53	55	59	60	69	
26	23
1	3	4	5	6	7	9	10	11	15	17	22	24	27	30	36	39	40	41	50	51	53	55	
31	27
1	4	6	9	10	11	14	15	17	20	21	22	24	27	30	31	33	35	36	38	39	41	49	51	53	55	90	
28	24
2	3	6	9	11	15	17	19	21	23	26	27	31	33	36	38	39	41	49	50	53	69	83	90	
23	20
1	2	5	7	9	12	14	15	17	18	19	22	24	33	39	41	43	51	62	96	
31	27
1	2	3	4	5	6	7	9	11	12	17	18	19	21	22	23	26	29	35	36	39	41	45	55	62	89	90	
29	25
0	2	3	6	8	9	10	12	15	21	22	24	27	29	31	33	36	39	47	48	50	55	59	83	89	
37	33
0	1	2	3	4	5	6	7	8	9	10	11	14	15	17	18	22	24	29	31	33	36	38	39	41	42	45	47	48	51	55	60	83	
33	29
0	2	5	7	9	10	12	15	16	18	20	21	22	24	27	33	35	39	40	41	42	44	45	49	50	53	55	83	89	
29	26
1	2	3	5	6	7	8	9	11	14	15	17	18	21	23	26	29	30	31	38	41	42	45	62	83	89	
35	32
0	1	2	3	5	6	7	8	9	12	14	15	17	18	19	21	22	23	29	31	33	35	36	38	41	42	43	45	49	51	53	89	
28	24
2	3	5	6	7	10	12	17	19	21	27	28	31	33	36	37	41	42	45	49	51	53	55	66	
32	28
0	4	5	6	7	8	9	12	14	15	17	20	21	22	23	24	28	29	36	39	42	43	49	50	51	53	83	89	
29	27
1	3	5	6	7	9	12	15	17	18	21	22	24	27	29	33	36	38	39	40	41	42	43	44	45	53	55	
30	30
1	2	3	4	5	7	12	14	15	19	20	21	22	23	24	26	27	28	29	31	35	36	37	38	39	41	42	44	47	49	
37	31
0	2	3	4	5	7	8	12	18	19	21	22	23	26	27	30	35	38	39	40	41	42	43	49	50	51	53	55	66	83	89	
27	23
0	2	4	6	9	12	15	17	18	21	22	24	27	29	31	38	39	41	49	53	55	59	90	
35	32
0	1	2	4	6	9	12	15	17	18	20	23	24	26	27	29	30	31	33	36	37	38	39	41	42	45	47	48	50	53	55	89	
34	31
0	1	2	4	6	7	8	9	11	12	15	17	18	19	21	22	26	29	30	31	36	37	39	41	42	45	49	50	66	83	89	
37	34
0	1	2	3	5	6	7	8	9	10	11	12	15	17	18	22	23	24	26	27	30	31	33	35	36	37	38	39	41	42	47	51	55	84	
32	29
2	4	5	7	8	9	10	11	12	15	16	17	18	21	22	28	31	33	35	36	37	38	39	42	47	49	53	66	89	
37	31
0	2	3	4	6	9	10	11	14	15	20	21	22	27	28	29	35	37	38	39	40	41	45	48	50	53	55	60	62	66	83	
29	27
2	3	5	7	10	11	12	14	15	17	18	23	24	26	27	34	35	36	37	38	39	40	41	47	48	53	55	
28	26
1	2	3	4	5	6	8	9	10	12	14	15	17	21	24	27	29	36	39	41	42	45	47	49	53	55	
37	31
0	1	2	3	4	7	9	10	11	14	15	17	21	22	23	24	27	29	30	36	39	44	45	49	50	53	55	66	83	84	89	
48	39
0	1	2	3	5	6	8	10	11	12	15	17	21	22	23	24	27	29	30	31	33	36	39	40	41	42	43	45	47	49	51	53	55	60	66	83	89	90	96	
26	25
1	3	4	5	6	9	10	12	14	17	18	19	21	22	23	24	29	30	36	38	41	42	45	49	51	
31	30
2	3	4	5	6	7	8	9	10	15	17	18	20	22	23	24	26	27	33	35	37	38	39	40	42	43	47	49	50	59	
38	34
1	2	3	4	6	7	9	10	14	15	18	19	21	22	23	24	27	29	30	31	33	36	39	41	42	43	45	47	48	49	55	62	83	96	
33	29
2	6	8	9	10	11	12	14	15	17	18	21	22	23	24	27	30	31	33	36	37	39	42	45	48	55	59	62	89	
28	26
1	2	9	10	12	15	17	18	22	24	27	29	30	31	33	34	35	36	39	41	42	45	48	49	55	69	
39	35
1	2	3	4	5	6	10	11	12	15	17	18	19	20	21	22	23	24	30	31	33	35	36	37	38	39	41	42	45	47	48	51	60	62	83	
32	29
0	1	3	5	6	8	9	10	11	12	15	17	20	22	24	26	27	30	36	39	40	41	42	45	49	50	51	53	59	
27	24
1	3	4	5	9	11	12	19	20	22	23	24	26	27	29	30	36	39	40	47	48	55	66	96	
28	27
0	1	3	4	6	7	9	10	11	12	15	17	22	23	24	27	30	35	36	37	38	39	40	41	45	47	53	
37	32
1	4	5	8	9	10	11	12	15	17	18	21	23	24	26	30	31	34	36	37	39	41	42	45	48	49	50	53	55	62	83	84	
36	30
2	3	4	5	7	8	9	10	11	14	15	17	18	23	24	27	31	37	38	39	41	42	45	48	55	59	60	62	90	96	
29	28
0	1	2	3	4	7	8	9	10	12	14	15	17	18	22	23	29	30	31	35	36	38	39	40	42	47	48	96	
32	26
0	1	3	4	5	9	12	17	22	23	29	31	33	36	38	41	42	43	45	47	55	60	66	83	89	90	
43	36
1	3	4	5	7	8	10	11	14	15	18	19	21	22	23	24	27	30	31	34	36	39	40	42	45	47	48	49	50	51	55	59	60	62	83	84	
32	29
0	1	2	3	5	7	8	9	10	15	17	22	23	29	30	33	35	36	38	39	40	41	42	45	48	49	53	66	89	
28	25
2	4	5	7	8	10	11	12	15	17	21	22	23	24	26	30	36	39	41	42	47	50	51	83	89	
30	27
1	2	4	5	6	7	8	9	10	12	15	17	18	21	26	27	36	39	40	41	42	47	48	50	51	66	83	
28	26
0	1	5	6	10	11	12	15	18	21	24	26	27	29	30	31	35	36	38	39	42	43	45	49	51	55	
25	24
2	3	4	5	6	7	8	10	11	12	17	18	22	23	26	27	34	36	37	39	41	42	49	89	
34	32
1	2	4	6	8	9	10	11	14	15	17	18	21	22	23	24	26	27	29	30	31	34	36	38	39	41	42	43	49	50	55	96	
29	26
2	3	6	7	8	9	10	14	15	17	18	24	27	29	31	35	36	39	42	43	45	49	50	51	53	62	
35	30
3	5	6	10	11	12	14	15	17	18	22	23	24	26	27	29	31	36	38	39	41	42	45	49	50	51	53	60	66	89	
25	22
0	4	5	6	10	11	12	14	15	17	19	22	24	27	29	36	39	41	47	59	62	90	
28	24
0	1	2	3	5	6	8	9	10	15	17	18	22	24	27	31	36	42	44	47	53	60	66	96	
35	31
0	2	3	4	5	6	9	11	12	14	15	18	21	22	24	26	27	28	29	31	33	36	39	41	43	45	49	53	55	59	83	
30	28
1	5	7	8	12	15	16	17	19	21	22	23	24	27	28	30	31	34	36	37	38	39	40	41	45	49	51	53	
27	27
0	1	2	3	5	8	9	10	11	12	14	15	17	18	22	24	29	30	33	36	38	39	40	41	42	45	48	
30	26
0	3	4	5	6	7	8	9	11	12	17	18	21	22	23	26	29	30	33	36	38	42	51	53	66	84	
26	23
2	3	5	9	10	11	12	14	15	17	20	23	29	30	34	36	38	39	42	48	53	55	84	
27	22
1	2	3	9	15	17	18	21	23	24	27	30	33	36	39	40	43	51	55	59	89	96	
23	21
1	3	4	5	7	8	9	11	15	17	18	24	29	31	39	42	43	49	50	55	89	
23	23
0	2	3	4	5	6	9	10	12	14	15	18	21	22	27	30	36	38	39	41	42	45	49	
34	28
0	5	6	7	9	11	15	16	17	18	21	22	24	26	27	28	31	38	42	43	45	49	51	53	55	66	83	89	
34	28
1	3	4	5	7	9	12	15	16	17	21	23	24	26	31	33	35	36	38	39	40	41	53	55	59	60	66	89	
26	24
1	2	3	4	7	10	14	17	18	21	22	23	24	27	29	31	35	36	38	39	45	50	51	62	
26	24
2	3	4	7	8	9	10	15	17	18	21	22	26	29	33	35	36	38	39	40	42	43	55	89	
26	23
0	1	2	3	5	7	9	12	14	15	17	18	24	26	27	31	34	36	39	42	62	83	89	
31	26
3	4	5	7	8	9	15	17	18	20	21	22	29	31	33	35	36	38	39	42	47	55	59	60	62	96	
33	30
2	3	5	6	7	8	11	12	14	15	17	18	21	23	24	27	31	33	35	36	38	39	41	42	45	47	49	60	66	83	
27	24
2	3	4	5	8	9	10	11	12	19	21	22	24	27	31	33	37	38	39	42	47	53	55	60	
31	27
0	1	4	6	8	10	11	14	15	18	20	21	22	23	27	29	33	36	37	38	39	44	45	51	60	66	89	
31	27
1	3	4	7	8	9	10	11	12	15	17	18	24	27	30	31	33	39	41	42	43	47	49	53	60	62	89	
28	26
0	1	2	3	5	6	7	8	9	11	14	17	18	21	22	24	27	31	36	39	41	43	47	50	53	55	
28	25
0	3	4	6	9	10	11	12	14	15	17	18	21	22	23	27	29	36	38	39	45	49	60	62	96	
29	28
1	2	3	5	6	8	10	12	14	15	17	18	19	22	27	29	31	33	35	36	38	39	41	42	45	49	50	84	
26	24
1	2	3	4	5	7	9	11	12	14	15	17	21	29	33	36	37	38	39	43	45	49	62	89	
29	26
1	2	6	7	9	10	11	12	14	15	17	20	22	23	24	27	31	36	39	40	41	42	43	53	55	60	
25	22
0	1	3	5	9	10	11	12	15	17	18	21	24	33	36	38	39	41	42	53	89	90	
31	29
0	1	2	3	4	5	6	8	9	10	11	12	15	17	20	22	24	27	31	36	37	42	45	47	48	49	50	53	83	
35	32
0	3	4	5	6	8	9	10	11	14	15	17	21	22	26	27	29	30	31	33	34	35	36	37	39	40	41	42	45	51	53	83	
29	27
1	2	4	6	7	8	9	11	15	17	18	21	24	27	30	31	34	36	38	39	41	42	45	48	49	51	83	
38	34
2	3	4	5	8	9	10	11	12	14	15	17	18	21	22	23	27	28	29	31	35	36	37	38	40	41	42	45	47	49	55	69	84	90	
36	30
0	1	2	5	8	11	12	15	17	21	22	24	27	33	34	36	37	39	41	42	43	45	47	49	53	55	60	83	89	90	
29	26
0	2	3	5	10	11	15	17	18	20	21	24	27	30	34	35	36	37	38	39	41	42	43	53	66	89	
31	26
1	4	5	8	9	10	12	14	18	19	21	26	36	37	38	39	40	42	45	47	50	53	59	62	66	90	
37	33
0	1	2	3	4	7	11	14	15	18	21	22	24	26	29	30	31	33	34	36	39	40	41	42	43	45	47	49	50	51	55	60	84	
27	23
0	1	2	4	5	9	11	15	18	19	21	22	27	28	30	39	42	48	50	51	55	89	90	
34	30
0	1	2	4	5	6	7	10	11	14	15	18	22	23	24	27	30	36	38	39	40	41	42	45	48	49	55	59	60	84	
24	22
1	2	3	4	5	7	8	9	10	18	24	29	30	31	35	36	37	39	42	48	53	60	
30	26
2	5	8	10	11	12	21	23	24	27	29	31	34	36	37	38	40	41	42	43	48	50	55	60	89	90	
26	23
1	4	6	8	9	14	17	18	20	23	27	29	30	31	33	36	41	42	45	49	51	55	96	
35	30
4	5	6	7	9	10	11	12	14	15	17	18	19	22	23	24	27	33	35	36	38	39	40	45	50	53	55	83	89	96	
30	27
1	3	4	8	9	10	11	14	15	17	18	21	22	24	27	34	35	36	39	40	44	45	48	49	53	66	89	
25	23
0	2	4	6	7	8	9	10	11	12	17	22	31	34	35	39	41	42	45	47	49	55	69	
30	27
0	1	2	3	5	7	8	10	12	15	17	18	19	21	23	27	29	36	37	38	39	41	42	45	51	59	60	
29	26
2	3	4	6	7	8	9	12	15	16	17	18	21	22	24	27	30	33	36	37	38	39	45	53	83	84	
27	26
3	6	7	9	10	11	12	14	15	18	20	21	22	29	30	33	36	37	41	42	43	45	47	48	50	55	
35	30
1	2	3	4	6	7	8	9	10	15	17	18	21	22	24	26	27	30	31	33	35	38	41	45	49	51	53	60	66	84	
28	26
2	3	4	6	8	9	12	14	15	17	18	22	27	30	31	36	37	38	39	40	43	45	49	50	51	53	
33	28
0	2	3	4	7	9	10	11	12	17	18	21	24	27	30	33	37	39	40	41	42	45	49	51	53	62	66	83	
42	37
0	1	2	3	4	6	9	10	11	14	15	17	18	19	20	22	23	24	26	27	29	30	31	33	36	38	41	42	45	47	49	50	51	53	55	60	83	
33	28
1	2	3	5	6	9	10	11	12	14	15	16	18	21	23	24	28	33	34	38	39	41	50	53	55	60	66	89	
33	29
0	1	3	4	6	7	9	11	14	15	17	20	26	27	29	30	31	33	39	40	41	42	43	45	50	53	62	66	84	
37	31
0	1	2	6	7	8	9	10	12	15	17	20	21	22	23	26	27	30	31	33	37	38	45	49	50	51	53	66	83	89	90	
33	31
1	2	3	5	6	7	9	10	11	12	14	18	19	23	24	27	28	29	30	34	35	37	38	39	41	45	48	49	50	53	89	
31	29
0	2	3	4	7	8	9	10	14	15	18	21	22	23	24	26	30	31	36	39	40	41	42	43	45	49	50	55	60	
31	28
1	3	5	6	7	8	9	12	15	16	17	18	19	21	27	29	33	36	39	41	42	43	45	48	49	51	60	66	
29	27
1	2	3	4	5	6	7	9	12	14	15	17	18	21	22	27	29	30	35	36	38	39	42	45	49	53	89	
34	30
0	1	2	3	5	6	8	9	10	14	15	18	22	24	26	30	35	36	37	38	39	41	42	45	48	50	53	55	66	83	
27	24
1	3	4	6	7	8	9	11	14	15	22	23	24	29	30	31	36	39	42	45	50	53	66	89	
25	23
1	3	4	5	6	9	10	12	18	21	24	27	33	35	36	39	40	41	45	48	50	55	60	
30	27
0	1	3	4	8	10	11	15	17	20	21	22	23	27	29	33	34	36	38	39	40	42	45	47	51	55	90	
28	24
2	3	5	7	9	10	12	14	15	18	20	21	22	23	24	31	36	39	41	42	55	60	83	96	
33	29
1	2	3	4	5	6	7	8	9	11	12	15	17	18	21	22	23	24	30	35	36	37	40	42	45	53	60	89	96	
32	28
3	4	5	6	7	8	9	11	12	14	17	22	23	24	27	30	34	36	38	39	41	42	45	50	53	59	60	66	
32	28
2	4	5	6	9	10	12	14	15	17	18	21	22	23	24	30	37	38	39	41	45	47	49	50	55	66	83	96	
31	29
0	1	2	4	5	8	9	10	14	15	17	20	21	22	23	26	27	30	31	33	35	36	37	39	42	45	48	53	89	
35	32
2	3	4	5	7	8	9	10	11	14	15	17	18	21	22	24	26	27	30	31	35	36	38	40	41	42	45	47	49	53	66	90	
33	30
1	2	3	4	5	6	8	9	11	12	14	15	17	18	19	21	22	24	26	29	33	39	41	42	45	47	49	53	66	83	
25	23
0	2	3	6	9	10	11	12	14	15	17	22	23	24	27	30	39	41	42	45	50	53	55	
28	25
0	2	5	6	7	8	9	12	15	18	19	22	23	27	31	33	34	36	38	39	41	43	53	83	89	
29	26
0	1	3	5	8	9	10	15	17	20	21	22	23	24	27	34	35	37	39	41	45	47	50	59	60	96	
36	31
2	3	4	5	6	7	9	10	15	19	20	21	22	23	24	29	31	34	35	36	38	39	40	41	42	45	53	55	83	89	96	
32	26
3	4	5	7	9	11	14	15	18	22	24	26	30	36	37	39	40	42	45	50	51	53	55	83	89	96	
37	31
0	1	2	3	4	5	7	11	17	18	21	22	23	24	26	30	31	33	35	36	39	40	42	45	47	55	59	62	66	89	90	
26	26
0	1	2	3	5	7	9	10	12	15	17	18	19	21	22	27	35	36	37	39	41	42	43	45	49	50	
25	24
0	1	2	4	6	7	8	9	10	11	14	15	17	18	21	22	24	27	36	38	41	45	50	53	
32	30
0	2	3	4	6	9	10	11	12	14	15	17	20	21	22	23	24	27	29	31	36	38	39	40	41	42	45	49	51	66	
25	22
5	6	9	10	11	18	19	22	23	27	33	35	38	41	42	43	45	48	49	53	60	62	
26	24
1	2	4	5	7	9	10	12	15	17	18	19	21	22	27	29	31	38	39	42	47	49	60	89	
34	30
1	2	3	4	5	6	7	9	11	15	17	18	21	22	27	29	30	33	36	38	39	41	43	45	49	50	51	55	83	89	
35	32
0	1	2	3	4	5	7	8	10	12	14	17	18	21	22	23	30	33	35	36	38	39	40	42	43	47	48	49	50	53	59	83	
47	38
0	1	2	3	4	5	6	9	10	11	17	18	20	22	23	24	27	28	29	33	36	38	39	40	41	42	45	49	50	51	53	55	62	66	83	89	90	96	
28	26
2	3	4	5	6	9	11	12	15	18	21	22	27	30	31	33	36	39	41	42	45	47	48	49	55	66	
33	31
1	2	3	4	6	7	12	15	17	18	20	22	23	24	26	27	30	34	35	36	38	39	41	42	43	44	45	48	50	60	96	
32	27
0	1	2	5	6	9	10	11	15	16	17	20	22	24	29	31	35	36	38	39	48	49	53	55	62	83	89	
27	24
2	3	6	9	10	11	12	17	20	21	22	23	29	30	33	35	36	39	42	43	47	55	59	69	
29	27
0	1	2	3	4	5	9	11	12	14	15	18	24	27	29	30	34	35	36	38	39	42	43	47	49	83	90	
40	34
1	3	4	5	6	8	9	11	14	15	17	18	21	22	23	26	30	31	35	36	39	40	41	42	45	47	48	50	60	62	83	84	89	96	
28	27
3	4	5	7	8	9	12	15	17	20	22	24	26	29	35	36	37	38	39	41	42	44	45	47	49	50	53	
31	27
1	2	4	5	7	9	11	14	15	22	23	24	26	27	30	36	39	41	42	45	47	48	50	53	83	84	89	
26	24
3	4	6	7	8	9	12	16	17	18	22	26	27	28	29	31	35	36	38	39	42	45	53	83	
28	25
0	2	3	5	6	9	10	11	12	17	18	20	21	22	24	27	29	33	34	36	42	47	60	66	83	
34	28
1	2	3	5	6	8	9	12	17	22	23	24	27	30	31	36	37	40	41	42	45	49	53	55	62	69	84	96	
37	30
3	4	9	10	12	14	15	17	20	21	22	24	26	29	31	33	36	38	39	40	42	49	50	51	53	55	60	62	69	96	
28	25
2	3	4	6	8	9	11	12	17	18	22	24	29	30	31	33	36	38	39	41	45	49	55	83	89	
31	28
0	2	3	4	5	7	8	9	10	12	15	17	18	21	23	24	27	29	36	38	39	41	42	45	49	51	66	84	
24	21
2	5	6	8	9	12	17	18	20	27	30	36	38	39	41	42	45	49	53	66	89	
31	29
0	1	4	5	6	7	8	9	10	11	12	17	18	21	22	30	31	36	37	38	39	40	41	43	45	47	49	62	83	
30	29
1	2	3	4	5	7	10	11	12	14	15	17	21	23	24	27	29	30	31	33	34	36	38	39	40	41	42	50	55	
35	31
0	3	4	5	7	9	10	11	12	14	15	17	18	21	23	24	27	31	33	36	37	39	41	42	43	47	50	53	55	83	89	
26	24
1	2	4	5	8	9	10	11	15	17	19	20	21	31	33	35	36	38	39	41	45	49	53	55	
29	26
1	5	7	8	9	10	11	12	14	15	17	21	22	23	24	29	30	36	38	41	42	45	49	53	55	60	
31	29
1	2	4	5	6	7	9	10	11	14	17	18	21	23	24	26	27	30	33	36	38	39	41	42	44	45	49	51	55	
31	27
2	4	5	6	7	8	9	10	12	14	18	22	23	27	29	30	33	34	36	39	44	45	48	53	62	90	96	
34	33
0	2	4	6	7	8	9	11	12	14	15	17	19	21	22	24	26	27	28	29	31	33	35	36	37	38	39	42	43	45	47	49	53	
28	25
0	1	2	3	5	6	7	8	9	10	17	23	24	26	29	30	31	33	37	39	40	47	53	89	96	
37	33
2	3	4	5	6	7	9	10	12	15	17	18	21	22	23	26	27	31	33	34	35	36	37	38	39	41	42	45	50	53	55	60	66	
24	24
3	4	6	7	8	9	11	14	15	16	21	23	24	29	31	33	37	39	41	42	43	45	48	50	
31	27
1	2	3	6	11	15	17	18	21	22	23	24	27	29	33	36	38	39	40	41	42	45	47	53	60	83	96	
30	28
2	6	7	8	9	10	11	12	17	18	21	22	27	30	31	33	34	35	38	39	40	41	45	47	49	50	83	90	
24	24
1	3	4	5	6	7	9	10	11	14	15	17	18	21	22	24	29	31	35	36	38	39	41	45	
42	35
0	1	2	3	5	6	9	11	12	14	15	18	19	21	22	23	24	27	30	31	36	38	39	40	41	42	45	47	51	53	55	60	83	84	90	
32	29
0	1	3	4	5	9	10	12	14	16	17	18	19	21	22	23	24	26	30	31	35	36	38	39	40	42	53	59	90	
36	31
2	4	5	6	8	9	10	11	12	15	17	21	22	24	30	31	33	34	36	38	39	41	42	45	47	49	51	53	60	62	96	
30	27
0	1	2	3	4	5	6	8	14	15	17	18	21	24	26	31	33	35	36	38	39	43	48	50	53	83	84	
27	27
1	2	3	4	6	7	9	11	12	17	18	21	23	24	27	28	29	30	31	33	38	39	40	45	47	48	50	
26	24
1	2	4	5	9	10	11	12	14	15	17	19	21	22	24	30	31	36	38	39	42	47	83	89	
21	20
1	2	4	5	6	9	12	18	23	24	27	30	31	33	34	38	41	42	47	62	
36	31
1	2	4	5	8	15	17	18	19	20	21	22	23	24	27	29	30	31	33	36	37	38	39	43	45	50	53	55	59	62	90	
27	24
0	4	7	8	9	11	12	15	17	22	23	26	27	29	31	35	36	41	45	48	49	53	55	83	
31	29
1	3	4	6	7	8	9	10	12	15	18	21	23	27	29	31	33	34	36	39	40	41	43	45	47	48	49	53	60	
37	33
0	1	2	3	4	5	6	7	8	9	14	15	17	18	19	22	23	26	30	31	33	35	36	38	39	40	42	45	49	53	66	83	96	
29	27
3	6	9	10	11	14	15	17	18	20	21	22	26	27	29	30	33	34	36	37	38	39	40	43	48	51	53	
30	26
1	2	3	4	6	7	9	12	17	18	19	22	23	24	26	27	31	38	39	41	43	49	53	55	66	89	
30	26
1	2	3	4	9	10	11	17	18	22	27	30	36	39	40	41	42	43	44	47	48	49	53	55	60	83	
31	28
1	2	3	4	5	6	8	9	11	12	15	17	21	22	24	31	33	36	37	39	41	42	43	49	50	53	89	90	
28	26
1	2	4	5	6	7	9	10	11	12	14	16	17	21	22	27	30	36	38	39	40	42	43	49	55	60	
24	22
0	2	3	7	9	14	15	17	18	19	21	22	24	31	36	37	38	39	42	45	53	60	
26	23
0	1	3	4	9	10	11	12	17	24	26	27	30	35	38	39	41	42	45	47	53	84	90	
27	25
1	2	3	4	5	9	11	14	15	17	18	22	26	27	29	33	35	38	41	42	43	47	49	55	62	
31	29
3	4	5	6	8	9	10	11	14	15	16	17	19	21	22	24	27	28	29	30	33	36	37	41	42	45	48	51	55	
34	31
2	4	5	6	8	9	11	12	14	16	17	18	20	21	22	23	28	29	31	36	37	38	39	41	42	43	45	48	55	83	96	
31	28
2	3	5	6	9	10	11	12	15	16	18	22	23	24	27	28	29	36	39	40	41	42	45	48	49	51	59	69	
36	32
2	3	5	6	8	10	11	12	15	17	18	21	22	24	26	27	29	31	36	38	39	40	42	43	47	48	49	50	55	59	69	89	
28	25
0	2	4	9	14	15	17	18	21	24	26	29	30	31	33	34	36	38	39	41	42	48	53	55	60	
29	26
1	4	5	6	11	12	15	18	20	22	24	27	30	31	33	35	36	38	39	42	43	47	48	66	84	89	
37	32
2	4	5	6	7	9	11	12	15	17	18	21	22	23	24	27	29	30	31	33	36	38	39	41	42	43	45	51	62	66	69	89	
34	31
0	2	3	5	6	7	9	10	11	15	16	17	18	20	21	22	27	28	31	33	36	39	42	44	45	47	48	49	53	55	96	
36	31
0	2	3	4	5	6	10	11	14	15	17	18	20	21	23	24	27	28	29	31	36	38	39	42	45	49	51	53	55	66	83	
37	33
0	1	3	4	5	7	9	10	11	14	15	18	20	23	24	26	27	33	34	35	36	37	38	39	41	43	44	48	50	51	55	60	62	
38	34
0	1	5	6	7	8	9	10	11	12	14	15	18	20	21	23	27	29	30	33	36	39	40	42	43	44	45	47	48	50	51	53	83	89	
32	28
0	1	3	4	5	7	8	9	15	17	21	22	24	26	30	31	36	38	39	41	42	43	47	50	51	53	55	96	
27	25
1	4	6	9	11	15	17	18	21	22	24	27	28	30	33	35	36	38	39	40	41	42	49	55	62	
31	27
0	1	2	3	7	8	9	11	15	16	17	21	22	23	24	33	34	36	38	41	42	45	49	55	60	62	83	
35	31
0	1	2	3	4	5	8	10	11	12	15	17	18	22	24	26	27	29	33	35	36	37	41	44	45	47	48	53	55	60	89	
33	30
1	2	3	4	5	6	7	9	11	12	15	18	20	21	22	29	35	36	38	39	40	41	43	45	48	49	50	53	83	89	
34	29
1	2	9	10	11	12	14	15	17	18	21	22	24	26	31	33	35	36	38	39	41	45	49	50	55	60	83	84	89	
29	27
0	1	2	3	4	5	6	7	9	10	11	12	15	20	22	26	27	31	33	35	39	40	41	45	47	53	83	
25	23
1	3	9	12	14	15	17	18	22	23	24	33	35	37	38	39	41	42	43	45	47	51	55	
30	26
0	1	2	8	9	12	15	17	18	21	22	26	27	30	33	36	38	39	40	45	47	50	53	55	83	89	
25	23
1	5	9	11	12	15	18	22	23	24	28	29	36	37	39	40	42	44	45	48	49	55	83	
26	24
1	2	3	5	8	15	20	22	23	24	27	30	33	35	36	38	39	41	42	47	48	50	53	83	
30	26
2	3	4	5	9	10	11	12	15	18	21	23	24	27	31	35	36	37	39	41	47	49	53	55	60	83	
29	25
1	2	4	5	8	10	14	15	17	23	24	27	31	35	36	37	39	40	41	45	47	55	66	69	89	
30	27
0	3	4	5	7	9	12	14	15	17	18	21	22	23	24	26	27	39	40	41	43	45	49	50	55	60	83	
31	30
0	1	2	3	5	6	7	8	9	10	11	14	15	17	18	22	24	26	27	29	31	36	39	41	42	45	47	49	50	90	
33	29
2	3	5	9	12	14	15	17	18	19	21	23	24	27	29	30	33	36	37	39	41	42	43	45	49	51	53	55	83	
33	29
0	1	2	5	7	8	10	12	15	17	18	21	23	26	27	29	34	36	39	40	41	42	45	47	49	51	53	55	60	
45	39
0	1	2	3	4	5	6	7	8	10	11	12	15	17	18	20	21	22	27	29	30	31	33	35	36	37	38	39	41	42	47	49	50	51	53	60	62	69	84	
27	25
1	3	5	7	8	10	12	14	15	17	18	19	21	23	31	36	37	39	41	42	43	45	48	55	60	
25	23
0	2	3	9	15	17	18	19	21	27	30	34	35	36	38	39	43	45	47	48	49	53	59	
29	24
0	1	2	3	6	8	11	12	14	15	18	24	30	34	36	37	39	41	45	51	55	59	60	84	
32	28
0	1	4	5	6	7	8	10	11	12	14	15	17	18	21	22	24	27	36	40	41	42	49	50	51	55	60	96	
25	23
3	4	5	7	8	11	12	15	16	17	21	23	24	26	30	31	33	36	38	39	41	55	60	
32	27
1	3	5	9	10	12	14	15	17	18	20	21	23	26	29	31	36	37	38	41	45	50	53	55	60	83	89	
31	28
0	3	6	7	9	10	11	15	17	18	22	26	27	29	33	34	35	36	37	38	39	40	41	45	47	51	53	83	
29	26
0	3	9	10	11	14	15	17	18	21	23	24	27	30	36	37	38	41	42	43	45	47	50	51	62	66	
32	27
0	1	4	5	7	12	14	17	18	21	22	28	30	35	39	41	42	43	45	47	48	50	53	55	66	89	90	
24	21
0	1	2	4	6	14	15	17	18	20	22	24	31	36	38	45	47	50	53	83	89	
30	29
1	2	3	4	6	11	12	14	15	17	18	21	22	23	24	26	27	30	31	36	37	38	39	40	41	45	48	49	60	
25	25
1	2	3	4	7	9	12	14	15	18	21	22	23	24	26	27	33	36	37	38	39	41	42	43	45	
31	30
0	2	3	4	5	6	8	9	12	14	15	18	20	21	22	23	24	26	27	29	33	34	35	36	37	39	42	45	49	53	
32	29
1	3	4	5	6	8	9	10	12	14	15	17	22	23	24	26	27	29	36	37	39	41	43	44	45	47	53	62	66	
28	26
3	5	6	7	8	9	17	18	20	22	24	26	27	28	29	34	35	36	37	39	41	43	45	50	53	83	
32	26
3	5	9	11	15	17	18	21	24	27	29	30	35	36	38	39	41	42	49	50	51	62	66	83	84	90	
33	29
5	6	7	8	9	11	12	14	15	16	17	18	21	22	23	27	30	31	36	38	39	41	45	48	50	53	55	66	96	
28	27
2	5	6	8	9	12	17	18	20	22	23	24	27	30	31	33	34	37	39	42	43	44	45	47	49	50	62	
24	22
0	1	2	4	6	9	11	14	21	27	29	30	31	35	36	38	39	41	43	47	53	60	
27	22
2	3	5	7	8	12	14	15	18	21	22	23	26	29	31	36	39	51	53	55	83	84	
33	29
1	2	6	8	9	10	11	12	15	17	18	21	22	23	30	31	34	36	37	38	39	41	42	45	50	53	66	89	96	
28	24
4	5	6	7	9	10	11	12	17	21	22	26	31	33	39	41	43	45	47	50	53	55	60	62	
38	34
1	2	4	5	6	8	9	10	12	14	15	19	20	21	22	23	24	27	29	30	33	36	39	40	41	42	43	45	47	50	53	62	83	89	
28	26
0	1	2	4	9	10	11	12	14	15	18	22	24	27	28	29	35	38	39	41	42	45	47	49	55	66	
26	25
0	3	4	5	6	9	11	14	17	20	21	22	24	26	30	31	36	38	39	41	42	48	49	50	53	
32	28
1	2	5	6	8	9	10	12	14	15	18	20	21	24	29	33	34	36	40	41	42	45	47	48	55	62	89	96	
27	25
2	4	5	6	7	8	9	10	11	15	18	21	22	24	29	30	35	36	39	42	43	45	50	53	84	
25	22
0	2	7	8	9	15	16	17	18	22	24	27	29	36	38	39	45	48	50	55	66	84	
29	26
0	2	3	4	6	9	11	15	20	21	22	24	26	29	33	36	37	39	41	45	48	49	50	53	59	84	
30	27
0	1	2	4	6	9	10	11	15	17	18	22	24	30	31	36	37	39	40	41	42	45	48	50	51	53	55	
25	24
1	2	4	6	8	9	10	12	14	15	17	18	21	22	24	27	28	31	35	40	42	43	47	51	
31	29
0	2	3	4	5	6	7	8	9	10	11	15	17	18	19	21	23	24	27	28	30	38	39	41	43	49	50	55	62	
33	28
1	2	5	6	9	10	11	12	14	15	17	18	22	27	30	31	33	38	39	41	43	44	45	51	60	62	66	83	
32	28
0	1	2	3	6	7	8	9	10	12	14	15	18	19	21	24	30	31	33	36	38	41	45	47	55	62	83	96	
35	30
1	3	4	5	9	10	11	12	14	15	17	20	23	24	26	29	31	33	36	37	38	39	41	47	50	53	55	60	83	90	
33	29
0	2	3	4	6	9	11	12	14	15	17	19	20	21	22	24	27	33	36	38	41	45	47	48	49	53	55	62	89	
27	24
0	1	3	4	7	10	11	15	18	22	24	27	29	30	34	36	37	38	43	48	50	55	66	83	
36	29
0	2	5	6	7	9	10	11	12	15	17	19	22	23	24	36	38	39	41	42	47	49	55	60	62	83	89	90	96	
26	25
3	4	6	11	12	15	17	19	21	24	27	29	30	31	38	40	41	42	43	44	45	48	49	50	53	
38	34
4	5	6	7	8	9	10	11	12	14	17	18	20	21	24	26	28	33	36	37	38	39	40	41	42	45	47	48	49	50	55	60	83	90	
27	24
2	3	4	5	11	12	14	15	20	21	22	24	27	30	33	39	40	42	48	49	50	51	53	90	
28	24
1	2	4	5	9	12	17	18	23	24	28	31	33	34	38	39	41	42	45	47	55	62	66	83	
28	23
0	5	7	8	9	11	12	15	17	21	23	26	27	28	39	41	45	48	51	53	66	84	89	
32	30
2	3	4	5	7	10	12	14	15	17	18	21	26	29	30	31	33	35	36	38	39	40	41	43	45	47	48	49	55	62	
29	27
0	1	2	3	6	8	9	10	11	14	17	18	21	22	24	26	27	31	33	36	39	41	43	45	49	83	84	
32	28
1	2	3	4	5	6	9	10	11	14	17	19	22	24	27	28	29	31	33	36	38	39	41	45	66	89	90	96	
37	34
0	1	2	4	10	11	12	15	17	18	19	21	22	23	24	26	27	29	30	33	35	36	37	38	39	40	41	42	45	47	49	62	66	89	
33	28
2	3	6	9	11	12	15	21	22	23	24	26	27	30	31	34	35	36	38	40	41	42	49	51	53	55	89	90	
28	25
0	2	5	6	9	12	14	15	19	23	24	27	29	30	31	35	36	38	41	42	48	50	55	62	83	
27	24
2	4	5	9	10	11	15	17	20	21	22	23	26	30	31	36	37	38	39	40	41	51	53	60	
28	26
0	2	4	5	8	9	10	11	15	17	18	20	21	23	24	27	30	31	35	36	37	39	42	49	60	90	
37	32
2	3	4	5	7	9	10	12	14	17	21	23	24	27	29	33	34	35	36	38	39	41	42	43	47	49	50	55	59	62	66	89	
36	33
0	1	2	3	5	6	8	9	10	15	17	18	20	22	23	24	26	27	29	30	31	35	36	37	38	39	41	42	45	47	59	62	66	
30	26
0	1	4	5	6	9	10	14	15	18	21	22	24	29	30	36	37	38	39	41	42	48	83	84	89	96	
30	27
0	1	6	8	9	11	12	15	17	18	21	23	26	27	30	31	33	35	36	38	39	41	45	49	55	83	89	
32	29
1	5	6	7	8	9	10	11	15	16	18	19	20	22	24	27	28	33	38	39	41	45	47	48	49	50	66	83	89	
31	28
1	2	3	4	5	7	8	9	11	12	14	15	21	22	27	29	30	33	35	36	39	41	42	47	48	62	89	90	
31	28
2	3	4	5	6	8	9	10	11	15	17	20	21	22	23	24	27	33	36	37	38	39	41	43	47	53	83	89	
26	23
0	1	8	11	12	14	15	17	18	22	24	29	33	36	39	40	41	43	44	48	53	55	96	
32	26
1	3	7	9	10	11	12	14	18	22	24	26	30	33	36	38	39	42	45	47	51	53	55	60	62	69	
44	39
0	1	2	3	4	5	6	7	8	9	11	12	15	17	18	20	21	24	27	28	29	30	31	36	37	38	39	40	41	42	43	45	49	50	51	53	60	62	83	
31	28
0	1	4	6	7	8	9	10	11	12	17	21	23	24	27	29	30	33	36	37	38	39	42	45	50	51	53	60	
34	32
0	1	2	3	8	9	11	12	15	17	18	21	22	23	24	27	29	30	33	36	37	38	39	40	41	42	43	45	47	50	53	89	
29	27
1	2	4	5	8	9	10	12	14	15	19	22	24	27	28	30	31	36	38	39	40	42	43	45	47	60	89	
31	27
0	1	2	3	5	6	8	9	12	14	15	17	18	20	21	31	35	36	38	41	42	45	47	53	62	89	96	
31	28
0	1	3	4	6	7	9	14	15	18	19	26	27	29	30	34	35	36	37	38	39	41	42	47	50	53	84	89	
30	26
0	2	3	4	7	8	9	12	15	17	19	21	22	23	24	27	31	36	38	39	41	47	53	55	84	89	
28	26
0	2	3	4	5	6	8	9	10	17	18	22	26	27	29	30	31	36	38	39	40	41	42	45	62	83	
36	30
0	2	3	5	11	15	17	18	21	22	23	26	29	30	31	33	35	36	38	39	41	42	43	50	53	55	83	84	89	96	
39	35
0	3	4	5	6	7	8	9	11	14	15	17	18	20	21	22	23	24	26	27	29	31	35	36	37	40	41	42	45	49	50	53	60	83	84	
32	28
1	2	3	5	6	7	9	11	12	15	17	18	21	22	23	24	38	39	40	41	42	43	48	50	51	53	60	96	
34	30
0	1	2	3	5	8	10	14	17	19	20	21	22	24	27	30	31	33	35	38	39	41	42	45	49	50	51	53	55	60	
38	33
0	1	2	3	4	8	9	10	12	15	17	18	21	23	24	27	28	30	31	33	34	36	37	39	40	41	42	45	51	53	55	84	96	
29	26
1	2	5	10	11	12	14	15	17	18	23	24	27	29	31	35	36	37	39	41	45	49	50	51	60	89	
30	28
1	2	3	4	5	6	9	10	11	17	18	20	21	22	24	26	30	31	36	37	38	40	43	45	48	49	66	96	
28	25
1	2	3	4	6	7	9	10	11	12	14	15	17	21	22	26	29	31	39	41	49	50	53	62	69	
30	27
2	4	5	7	8	9	11	12	14	15	19	22	28	30	36	38	40	41	42	43	44	47	48	49	59	60	89	
29	25
2	5	7	8	10	11	12	14	15	17	18	24	30	33	36	39	40	41	42	44	49	55	62	66	84	
31	27
2	3	4	6	9	10	15	19	20	21	23	24	26	30	33	34	35	38	39	40	42	47	49	51	83	89	90	
38	34
0	1	2	4	5	6	8	9	10	11	12	15	17	21	22	23	30	31	35	36	37	38	39	40	41	42	45	48	49	50	51	66	83	89	
30	27
1	2	4	5	6	10	11	12	14	15	17	19	21	22	24	27	30	36	37	38	39	43	45	50	51	53	89	
33	30
0	2	4	5	7	8	9	10	11	12	15	17	18	23	27	30	31	33	34	36	38	39	41	42	45	47	50	53	89	96	
36	32
0	1	2	4	5	7	8	9	10	11	15	17	18	19	23	24	29	34	35	36	39	40	42	44	45	47	49	50	53	55	60	96	
26	24
5	6	7	8	9	10	12	14	17	18	21	22	23	24	27	31	36	37	38	39	42	45	53	84	
32	28
0	1	3	4	5	8	9	12	15	17	18	20	22	24	26	27	31	33	35	36	38	39	41	42	51	53	55	96	
38	33
2	4	5	6	9	10	15	17	18	20	21	23	24	26	28	29	30	31	33	35	36	39	41	42	43	45	48	49	51	53	55	83	89	
29	28
1	2	3	5	6	8	9	11	12	15	17	18	19	20	21	22	24	26	27	28	33	36	37	39	40	45	47	83	
22	21
0	1	3	4	7	9	12	17	18	21	22	23	31	33	36	38	39	40	43	45	53	
31	27
3	4	5	9	10	18	20	21	22	27	29	30	31	38	39	41	42	43	45	47	48	49	50	53	55	60	66	
38	32
0	1	2	3	4	6	8	9	10	14	17	18	19	20	27	30	31	36	37	38	39	42	45	47	48	49	59	60	62	66	84	89	
28	25
0	1	2	3	7	8	9	11	12	14	15	17	18	24	30	31	35	37	39	41	42	49	69	89	90	
26	25
0	2	4	8	9	11	12	14	15	18	21	22	23	26	27	29	31	36	37	38	39	41	45	47	83	
35	30
0	1	3	4	5	7	9	11	12	15	17	18	21	22	27	29	31	35	36	37	38	39	40	42	50	55	60	62	83	96	
27	25
0	2	3	4	5	9	10	11	12	14	15	17	22	24	31	33	38	39	41	42	44	48	49	55	96	
32	28
2	3	4	5	7	9	11	12	14	15	17	18	19	22	23	27	30	31	36	37	38	39	41	42	51	55	66	83	
25	22
0	5	6	7	9	10	14	15	21	22	29	30	33	36	39	41	45	48	50	51	83	89	
30	27
1	5	6	7	9	11	12	15	17	19	21	23	26	28	31	33	35	36	38	39	41	42	43	45	53	62	66	
32	27
1	3	4	7	10	11	12	17	18	21	22	24	27	31	36	37	39	42	43	45	49	50	51	60	62	69	96	
26	24
1	2	3	4	6	10	11	15	17	18	22	29	30	33	36	37	39	40	41	42	45	49	55	62	
33	29
3	4	6	8	10	11	14	15	17	18	21	22	23	24	31	33	35	36	37	38	40	41	42	45	50	51	53	60	89	
27	25
0	6	8	9	10	11	17	18	21	22	23	24	31	33	34	35	36	38	39	40	45	48	49	51	83	
30	25
0	1	2	6	9	14	17	20	22	24	27	36	37	38	39	41	42	48	49	50	53	55	60	66	90	
34	31
0	2	3	6	9	10	12	15	17	18	20	21	22	23	26	27	28	29	31	33	35	36	39	42	43	45	49	50	55	59	89	
36	31
0	1	2	3	4	5	9	11	15	16	22	24	26	29	31	33	36	37	39	40	41	42	45	48	49	50	51	53	55	62	89	
33	28
2	3	5	6	9	11	12	14	15	16	18	19	20	21	22	24	35	38	39	40	41	42	44	53	62	83	89	90	
29	25
1	3	5	7	9	10	17	20	22	23	24	27	28	29	30	35	36	37	39	40	48	53	60	66	89	
34	29
0	3	4	5	6	9	10	12	14	15	17	21	22	27	28	29	30	31	36	38	39	41	45	48	53	55	83	89	96	
36	32
1	2	3	4	5	7	8	9	10	11	12	17	22	23	24	27	28	31	34	35	37	38	39	42	43	45	47	48	51	53	66	90	
38	35
0	1	2	4	6	7	8	9	11	12	14	15	17	18	21	22	24	26	28	29	30	31	33	34	36	37	38	39	41	45	47	50	51	53	83	
33	30
0	2	4	5	8	9	10	11	14	15	17	18	19	22	24	28	29	30	31	33	36	38	39	41	45	47	49	66	89	96	
33	31
0	1	2	3	4	8	10	12	15	16	17	18	21	22	26	29	31	33	35	36	38	39	40	41	42	45	47	49	50	53	55	
39	33
0	1	2	3	4	5	8	9	10	11	12	14	18	22	23	24	27	29	31	34	36	38	39	40	41	42	45	51	53	55	60	62	83	
34	30
1	2	3	4	6	8	9	10	11	12	14	15	20	22	23	24	26	27	29	33	35	36	39	45	49	50	51	53	55	66	
30	27
2	3	4	5	7	8	9	10	11	14	15	17	22	26	27	28	29	30	36	38	39	41	45	47	53	60	89	
35	31
1	3	4	5	6	9	10	11	14	15	17	22	23	24	27	30	31	33	36	38	39	41	42	43	45	48	50	53	66	83	84	
29	24
2	4	5	7	8	10	12	15	18	22	24	27	36	38	39	41	43	48	50	53	55	66	89	90	
24	23
2	4	5	8	10	11	12	14	15	17	20	21	22	27	31	36	38	39	41	45	47	48	53	
30	27
0	1	3	4	6	8	10	14	15	17	22	27	30	36	37	38	39	41	42	43	45	48	49	50	51	53	66	
31	26
4	5	6	8	11	12	14	15	16	18	21	23	24	27	29	31	38	39	40	45	49	53	60	62	83	90	
29	25
2	5	6	8	10	12	14	15	22	24	27	29	30	31	36	38	39	43	45	48	49	53	89	90	96	
36	31
0	1	2	5	7	8	9	12	14	15	16	17	21	22	24	27	29	33	36	38	40	41	43	45	48	50	51	53	55	66	89	
37	33
1	3	4	5	7	8	9	10	14	15	17	18	21	22	23	24	27	30	31	34	35	36	38	39	41	42	45	48	49	51	53	83	89	
29	27
3	4	6	7	8	9	10	12	15	16	17	18	21	22	23	24	26	27	36	39	42	43	45	47	49	53	83	
33	27
1	2	3	5	7	9	11	12	18	21	22	23	24	26	31	34	35	36	37	38	39	51	53	55	62	69	89	
37	33
1	3	5	6	7	8	9	11	12	14	17	18	19	20	21	22	23	24	26	27	29	31	36	37	41	42	45	48	49	51	55	66	83	
41	34
0	2	3	4	5	6	9	10	12	14	15	17	21	22	27	29	30	31	33	35	36	38	39	41	42	45	48	51	55	62	66	89	90	96	
35	30
2	3	5	9	10	12	15	17	18	21	22	24	26	27	31	33	36	37	38	39	41	45	48	49	50	53	55	60	83	89	
34	29
1	2	5	7	8	9	11	14	15	18	21	23	24	27	30	31	36	38	39	40	43	45	49	50	53	66	83	89	96	
28	25
2	3	4	5	6	7	8	10	12	15	18	21	24	26	30	33	34	36	38	42	48	50	53	84	96	
33	29
1	3	4	5	6	8	9	11	12	14	22	23	24	27	28	30	36	38	39	40	42	44	45	48	49	53	83	89	96	
35	31
0	1	2	3	4	8	9	10	11	12	14	15	18	19	21	22	23	27	30	31	36	38	39	43	45	47	49	51	53	60	83	
26	23
3	4	5	9	11	12	14	15	21	22	23	26	28	30	35	36	39	40	42	45	51	55	84	
24	22
0	1	2	3	7	9	14	15	16	21	24	27	29	30	36	37	41	43	45	47	53	55	
36	31
2	4	6	8	9	10	11	15	17	22	23	24	26	27	29	33	35	36	37	39	40	41	42	45	49	50	51	53	55	60	90	
34	29
2	5	8	9	10	17	18	22	23	24	26	27	30	31	33	36	38	41	42	43	45	47	48	50	51	55	60	83	89	
25	23
5	6	7	9	11	15	17	18	19	21	22	27	29	33	35	36	39	41	42	43	49	53	55	
33	30
2	3	5	6	7	9	10	11	12	14	15	17	18	19	22	24	27	29	35	36	37	38	39	41	45	47	50	53	66	90	
30	27
0	1	2	3	4	5	6	7	9	12	15	17	18	21	24	27	29	30	37	38	39	40	41	50	51	53	55	
34	31
1	2	3	6	8	9	11	14	15	17	18	23	24	27	28	30	31	33	36	37	38	39	42	45	47	48	49	50	51	55	66	
37	33
2	7	8	9	11	12	14	15	17	20	21	22	23	27	29	30	31	33	34	35	36	37	39	41	42	43	45	49	50	62	66	83	89	
31	26
0	5	6	9	11	12	15	18	21	26	27	29	30	36	38	41	42	43	45	47	50	53	55	60	62	89	
40	33
0	1	3	4	5	9	14	15	18	19	20	21	24	27	29	31	33	35	37	39	41	42	43	45	49	50	51	62	66	83	89	90	96	
38	33
0	1	3	4	5	6	7	9	11	12	14	15	17	20	21	22	23	24	27	29	33	36	38	39	41	42	45	47	53	60	83	84	89	
29	26
0	1	3	4	5	6	9	10	11	12	15	17	18	22	24	27	34	36	38	41	42	43	45	53	89	90	
26	24
1	3	4	5	7	9	10	11	12	17	18	21	24	27	29	31	36	38	41	42	45	47	55	84	
29	25
0	1	2	3	5	7	9	11	20	22	23	24	27	31	33	35	36	38	39	41	42	53	60	83	89	
37	32
1	3	4	5	6	8	9	11	12	14	15	17	18	20	22	23	24	27	29	31	36	38	40	41	45	49	50	53	55	60	83	90	
28	26
1	2	4	7	10	12	14	15	17	18	21	22	23	29	30	31	38	39	42	43	45	47	49	50	51	84	
29	26
1	2	3	4	5	7	8	9	11	12	14	15	18	19	21	24	29	33	34	36	38	41	45	51	53	83	
28	26
1	2	3	5	6	7	11	12	15	18	19	22	23	24	27	29	31	36	37	38	41	42	43	45	51	60	
27	23
0	2	4	5	7	10	11	12	14	15	19	21	24	30	31	36	39	42	43	51	53	55	69	
33	29
0	3	5	6	7	10	11	12	14	15	16	17	21	22	24	26	27	28	29	36	38	42	45	47	48	51	55	60	96	
26	24
0	2	4	7	10	11	12	17	20	22	24	31	33	36	37	39	41	42	45	47	48	49	53	55	
35	32
1	2	3	4	5	6	7	8	9	10	14	15	17	22	24	26	29	31	33	36	39	41	42	43	44	45	47	48	50	51	60	96	
31	29
0	2	4	5	6	7	10	11	15	17	18	21	22	23	27	29	34	35	36	38	39	40	41	42	43	48	50	53	83	
38	33
0	1	2	5	6	7	8	9	11	12	14	16	17	18	22	24	30	31	34	35	36	37	39	40	41	42	44	45	53	60	62	89	96	
31	29
1	6	8	10	11	12	14	15	17	18	19	21	22	24	26	28	29	31	33	35	36	38	39	41	45	48	50	53	83	
36	31
0	2	3	4	5	6	8	9	11	12	14	17	18	20	21	22	23	27	29	33	35	36	39	42	45	49	55	62	83	89	90	
25	23
1	2	8	9	10	12	14	15	22	23	24	27	33	35	38	39	41	42	43	45	47	53	62	
34	30
0	1	2	3	4	5	7	9	10	11	14	17	18	21	22	23	24	27	29	30	31	38	39	42	45	48	53	55	66	83	
34	29
0	1	2	3	6	8	10	12	14	15	17	21	22	24	26	27	28	30	36	39	40	41	42	49	53	55	66	89	96	
33	31
0	2	3	4	6	7	9	15	16	17	19	22	23	24	29	30	33	35	36	37	38	39	40	41	42	43	45	47	49	53	60	
32	30
0	1	2	3	4	5	6	7	8	9	15	16	17	18	20	21	23	27	29	30	31	33	34	36	38	39	41	43	89	96	
37	34
0	1	2	3	4	5	6	8	9	10	11	15	18	19	21	22	23	24	27	31	33	35	36	37	38	39	42	45	47	48	49	53	55	96	
33	30
0	1	3	4	5	6	8	9	10	11	14	15	17	18	22	23	26	33	36	38	39	40	41	42	45	47	50	51	53	83	
31	28
1	2	7	8	10	11	12	14	17	18	19	21	24	27	30	31	36	37	38	39	40	41	45	48	50	51	55	66	
27	25
0	2	3	4	5	6	9	12	15	17	18	21	22	23	27	31	36	38	39	45	48	49	50	83	84	
29	27
1	3	5	6	7	10	11	12	17	19	21	22	23	27	29	30	31	33	36	38	39	40	41	42	48	53	60	
29	26
0	1	3	5	9	10	12	14	15	16	19	22	24	27	30	31	36	39	41	42	43	45	49	53	83	84	
29	27
1	2	3	4	5	7	9	10	12	15	17	18	23	29	30	31	33	34	36	37	39	41	42	45	47	83	96	
31	27
1	2	3	5	8	9	10	11	12	17	18	21	22	24	27	29	30	31	36	37	39	41	48	51	53	83	89	
41	34
1	2	3	4	5	7	8	9	10	11	12	14	15	17	19	22	27	34	36	38	39	41	42	43	45	47	48	51	53	55	66	83	89	96	
27	25
1	2	3	4	5	6	9	10	11	12	14	21	22	24	27	30	33	36	37	38	39	41	48	53	55	
28	26
1	2	3	4	5	6	10	11	12	14	17	18	19	20	21	22	23	24	29	33	38	39	41	48	53	62	
35	31
1	3	4	5	7	8	9	12	14	15	17	18	21	22	23	24	27	30	34	36	37	38	39	40	42	45	47	53	55	83	96	
25	23
2	3	4	7	9	10	14	15	17	18	23	29	31	33	36	39	40	42	47	49	50	53	55	
32	28
1	3	4	5	6	8	9	10	14	15	17	18	21	22	23	24	27	29	34	36	39	41	43	45	51	60	62	89	
27	25
1	2	4	5	7	9	10	12	15	18	19	20	22	23	24	28	36	38	40	41	43	45	48	53	66	
32	27
0	2	3	4	5	8	9	10	12	17	18	21	24	27	29	30	36	37	39	42	45	50	51	66	83	90	96	
34	28
2	3	4	6	7	9	10	12	14	15	17	18	21	24	30	33	36	38	40	41	42	48	53	55	66	83	89	90	
30	28
1	2	3	4	5	7	8	9	10	11	12	15	17	21	22	24	27	31	33	35	36	37	39	43	48	50	53	83	
35	33
0	1	2	3	4	5	6	7	9	10	11	12	14	17	18	21	23	24	27	28	29	33	35	36	38	39	40	41	42	45	50	53	90	
33	28
2	3	4	6	9	10	12	15	16	18	22	24	27	29	30	31	33	35	36	38	39	41	45	53	55	59	62	96	
26	25
3	4	7	8	9	11	12	14	18	19	22	23	24	27	33	36	38	39	40	42	45	47	48	49	53	
28	26
0	2	4	5	7	9	10	11	12	15	18	20	21	22	26	27	31	33	36	37	41	42	45	50	53	83	
23	21
1	2	3	4	5	6	8	9	14	15	21	24	34	36	37	39	42	49	50	60	96	
28	26
1	2	3	6	7	9	10	11	15	17	18	21	22	23	24	27	29	31	33	35	36	39	42	45	53	55	
31	27
0	1	2	3	4	7	9	14	15	18	21	27	30	33	36	38	39	40	41	43	45	49	50	60	62	89	90	
33	32
1	2	3	4	6	8	10	11	12	14	17	18	21	22	23	24	27	31	33	34	35	36	37	39	41	42	43	45	48	49	50	89	
30	25
2	7	9	11	12	14	15	19	22	26	27	28	31	35	36	38	39	41	43	50	53	55	66	83	89	
38	35
0	2	4	5	6	8	9	10	11	12	14	15	17	18	19	21	23	24	27	31	35	36	37	38	39	40	41	43	45	48	49	50	53	55	84	
28	27
0	1	3	5	6	8	9	10	12	14	15	20	21	22	23	24	27	31	33	38	39	42	44	47	48	50	59	
39	34
1	2	3	4	5	7	8	9	10	11	15	17	18	19	21	23	24	27	31	33	34	35	36	38	41	42	43	49	50	51	55	62	83	96	
31	27
4	5	6	8	9	12	15	17	21	22	23	24	27	30	31	33	36	39	41	42	43	44	45	53	59	83	96	
32	30
1	2	3	6	9	10	12	14	15	17	18	19	21	22	23	27	29	34	35	36	38	39	41	42	43	45	47	50	53	55	
30	27
2	3	4	5	8	9	11	14	15	17	19	20	21	22	30	31	33	35	36	37	38	41	45	49	53	55	83	
35	31
2	4	5	6	10	11	12	14	16	17	18	22	23	24	26	30	33	34	35	36	38	39	40	41	45	48	50	53	55	62	83	
29	25
0	1	3	5	6	8	9	14	15	21	22	24	30	36	37	38	39	40	41	42	45	53	55	62	89	
37	33
0	1	2	3	4	6	7	9	10	11	12	15	17	20	22	23	24	27	28	29	30	33	36	38	39	41	42	45	49	53	55	84	96	
38	34
0	1	3	5	7	8	10	11	12	14	15	17	18	19	20	22	23	27	28	31	35	36	37	39	41	42	43	45	48	49	53	60	83	89	
29	29
1	2	3	4	6	7	8	9	12	14	15	16	17	18	19	22	23	26	27	29	30	31	35	36	38	39	45	47	49	
30	27
0	1	4	5	8	9	10	11	12	15	18	21	22	23	24	26	27	29	30	33	41	42	45	47	51	53	62	
28	26
0	3	4	5	6	8	9	10	11	12	15	17	18	23	24	27	30	37	38	39	40	42	45	49	53	83	
30	27
0	1	2	4	9	10	11	14	15	17	18	22	24	27	29	33	36	38	39	40	41	47	49	50	53	55	66	
24	24
1	3	4	5	6	8	11	12	14	15	17	20	22	23	24	27	36	38	39	40	41	42	45	50	
29	26
0	1	2	3	5	7	8	9	11	12	15	17	22	23	24	26	33	36	37	39	41	42	49	53	55	59	
31	27
0	4	5	6	9	11	14	18	20	21	22	24	27	31	33	36	38	39	40	41	45	48	50	51	66	83	89	
29	24
0	2	5	6	7	9	10	11	12	15	17	18	21	23	30	39	40	42	45	51	53	60	83	96	
28	26
2	3	4	5	9	10	11	12	15	17	18	21	24	27	30	31	36	37	38	41	42	45	49	50	53	62	
28	27
3	4	5	6	7	8	10	11	14	15	17	18	19	21	22	27	29	31	36	38	40	41	43	45	49	50	89	
36	32
1	3	4	5	8	9	11	12	14	17	18	21	22	23	24	26	29	35	36	37	38	39	42	44	45	48	49	50	53	55	62	83	
28	25
1	2	4	5	9	10	11	12	15	17	21	22	30	31	36	39	41	45	47	48	49	50	51	83	89	
28	23
1	2	3	4	6	10	12	17	18	22	23	24	26	38	39	41	47	48	53	60	62	84	96	
32	28
0	3	4	5	6	7	8	9	10	11	16	18	22	24	27	30	31	34	36	39	43	45	48	49	55	66	83	84	
35	32
0	2	4	5	7	9	11	15	17	18	20	21	22	23	24	27	29	30	31	36	37	38	39	40	41	42	47	49	50	55	60	90	
35	27
4	9	10	11	12	15	17	18	21	22	23	33	35	36	41	43	45	47	48	53	55	59	60	62	84	90	96	
35	31
3	4	6	8	9	11	15	16	18	19	21	22	24	29	30	31	33	35	37	38	39	41	42	43	45	47	48	53	55	59	89	
32	30
1	4	5	7	8	9	10	15	16	19	21	22	23	26	27	31	33	35	36	37	38	39	40	41	45	47	48	50	53	60	
35	33
0	2	3	4	5	6	7	8	9	10	11	14	15	21	22	24	26	27	29	31	33	36	38	39	40	41	42	45	48	49	50	55	83	
29	26
0	1	2	3	4	5	9	10	11	12	15	17	21	22	23	24	26	27	31	36	37	38	39	51	55	89	
31	27
1	2	4	5	7	9	10	14	15	17	22	24	28	29	31	33	35	36	38	39	41	42	45	53	55	60	89	
25	23
1	2	5	8	9	11	15	16	17	18	21	22	24	27	29	30	31	36	38	39	40	55	62	
22	21
1	3	6	8	9	11	12	14	17	18	22	24	36	38	39	41	42	45	48	49	55	
29	25
1	2	9	11	14	17	21	22	24	27	30	31	33	36	39	40	41	42	43	45	50	51	62	83	89	
27	23
0	5	9	12	14	18	21	22	24	27	34	35	36	38	39	41	42	45	47	51	62	66	83	
32	27
0	1	2	3	4	5	6	8	9	11	15	17	22	24	26	28	35	37	39	41	45	49	53	55	60	83	89	
27	24
0	3	5	6	7	8	9	11	14	17	18	19	24	29	30	33	36	38	45	47	49	62	66	89	
31	26
1	3	4	6	7	8	10	11	12	17	22	23	24	35	36	38	39	41	42	47	48	51	53	55	60	89	
34	31
0	2	3	4	5	6	7	9	11	14	17	18	22	24	26	27	30	33	34	36	37	38	39	41	42	45	49	50	55	62	83	
31	29
1	2	3	4	6	7	10	11	14	15	17	18	21	23	24	29	30	33	34	37	38	39	41	42	45	47	50	53	69	
26	24
0	1	2	3	6	9	11	15	18	24	26	27	30	34	36	38	39	41	42	44	45	47	51	55	
33	28
2	4	5	9	10	15	17	18	21	23	24	30	31	33	35	36	38	39	40	42	45	48	49	51	53	62	90	96	
25	23
1	3	6	7	9	18	22	23	24	27	30	36	38	39	41	42	43	44	45	47	48	53	84	
26	23
2	3	4	6	11	14	15	18	22	26	27	30	33	36	38	39	40	42	45	49	53	66	89	
29	26
0	3	4	5	6	9	10	11	12	15	17	18	20	21	24	29	34	35	36	38	41	45	48	53	83	89	
31	28
2	4	5	6	7	9	10	11	14	17	18	22	23	28	35	36	38	39	40	41	42	45	47	48	49	53	60	83	
29	26
1	3	4	5	6	11	12	14	15	17	19	20	21	22	24	27	29	31	36	39	41	42	43	55	83	96	
33	27
1	2	3	5	10	11	14	17	18	19	20	21	23	24	28	31	34	39	42	43	50	53	60	62	69	89	96	
20	19
2	3	4	9	10	11	15	18	23	24	27	28	29	30	36	39	41	42	89	
31	27
1	2	3	7	9	10	14	15	18	20	21	22	27	30	31	34	36	37	38	39	41	45	48	51	55	62	90	
31	28
1	2	3	4	5	9	15	16	17	21	22	23	24	27	30	31	33	36	37	38	39	41	42	47	50	51	55	89	
25	23
0	2	3	5	7	9	10	12	16	17	18	21	22	23	24	31	36	39	41	43	45	55	89	
29	27
1	3	5	7	8	9	10	15	17	21	22	23	29	30	31	33	36	38	39	40	41	42	43	45	49	55	83	
27	24
0	3	6	7	8	15	16	17	18	19	22	24	29	30	35	38	39	41	42	45	50	53	66	96	
29	27
0	1	3	4	5	6	9	14	15	17	18	19	21	23	24	26	27	30	33	34	36	39	41	44	48	55	66	
27	25
1	2	3	5	6	7	8	11	12	14	15	16	22	24	27	29	30	31	33	36	41	42	45	53	62	
31	28
0	1	3	4	6	7	9	10	11	12	17	18	21	23	24	27	33	36	39	40	41	42	43	45	50	55	89	90	
43	37
0	2	3	5	6	7	9	14	15	16	17	18	20	22	23	24	27	30	31	33	34	36	37	39	40	41	42	45	48	49	50	51	53	60	66	83	90	
33	28
0	2	4	5	10	11	14	15	18	20	21	23	24	27	33	36	39	43	45	47	48	49	50	51	53	83	84	89	
30	28
0	1	3	4	5	6	7	9	10	11	12	14	15	17	18	19	23	24	27	31	35	36	37	38	48	49	60	83	
34	31
0	2	3	4	6	8	9	10	12	14	15	18	21	22	27	28	29	31	34	36	37	38	40	42	43	45	49	50	60	66	96	
34	31
1	2	3	4	5	8	9	14	17	18	19	20	22	24	27	29	30	31	35	37	38	39	41	42	43	45	47	49	53	83	90	
27	25
0	2	3	4	5	8	11	14	15	16	18	20	22	27	30	34	36	37	39	41	45	48	49	51	89	
29	25
6	7	9	10	11	12	14	15	17	20	22	27	35	36	38	39	41	43	45	48	49	55	83	84	89	
28	24
3	5	9	10	11	15	17	18	19	22	23	26	27	29	31	36	38	39	41	47	53	55	62	89	
32	30
0	1	2	4	5	6	9	11	14	15	17	18	21	22	23	24	28	31	33	36	38	39	40	41	42	43	45	49	53	59	
36	32
0	1	2	3	5	7	8	9	11	12	15	17	19	21	22	24	26	27	29	30	33	38	39	40	41	42	43	47	53	55	66	83	
30	27
2	4	8	9	10	11	12	15	17	18	20	21	23	24	26	27	36	37	38	41	43	45	47	48	53	89	90	
33	30
1	2	3	5	8	9	11	12	15	19	20	21	22	23	26	27	31	33	36	37	38	39	41	42	45	49	50	53	89	96	
25	23
0	1	2	4	7	9	10	12	18	21	24	26	33	36	37	40	41	42	43	45	48	55	60	
28	24
2	4	5	6	9	10	11	12	18	19	22	26	27	31	33	36	39	42	43	49	60	66	84	96	
29	28
3	4	5	8	9	10	11	12	14	17	18	21	22	23	24	27	30	31	33	36	37	39	41	42	45	47	48	62	
32	29
1	2	3	7	8	9	10	15	17	18	20	21	23	24	27	28	30	35	36	38	39	40	43	45	49	50	53	66	89	
29	25
0	1	2	3	4	5	6	8	9	10	11	12	14	15	18	26	33	36	39	41	42	53	55	62	83	
28	24
2	6	8	9	10	11	12	14	15	18	21	24	26	27	36	39	40	42	45	48	55	60	83	89	
22	21
3	4	10	11	12	15	17	18	20	21	22	24	27	29	33	36	39	41	43	45	51	
29	25
2	3	6	8	9	12	17	18	19	22	23	29	30	36	38	39	41	42	43	45	49	55	60	84	89	
40	35
0	2	4	5	9	10	11	14	15	17	18	19	20	23	24	26	27	30	31	33	35	36	38	39	40	41	42	43	45	48	53	60	62	69	89	
33	30
0	1	2	4	5	6	7	9	11	14	17	18	20	22	23	24	27	30	38	39	41	42	43	45	47	48	50	60	66	84	
26	23
1	2	3	4	7	9	10	12	14	15	21	22	27	29	36	41	42	44	45	48	60	90	96	
32	30
0	1	2	5	6	9	10	14	15	17	18	21	22	24	29	31	33	34	35	36	37	38	39	41	42	45	48	49	83	89	
30	25
0	2	3	9	10	11	12	14	15	17	18	19	23	30	36	39	40	41	45	49	51	53	55	60	83	
30	26
1	3	4	10	12	14	15	18	20	22	23	24	27	36	38	39	41	42	45	48	49	50	51	53	83	89	
32	30
0	1	4	5	6	7	8	9	11	14	15	18	22	24	26	29	33	34	36	37	39	40	42	43	45	47	48	50	51	55	
25	23
1	2	3	4	5	7	8	9	10	11	17	22	23	27	30	35	36	37	38	39	45	51	53	
36	30
4	5	6	7	8	9	11	12	15	18	19	21	27	29	30	33	36	37	39	41	45	47	49	50	53	55	59	60	83	89	
23	21
2	5	7	10	11	14	15	17	18	23	26	27	30	33	37	40	41	42	45	62	83	
23	20
1	2	3	4	6	15	17	22	24	31	33	38	39	41	43	45	50	53	66	89	
42	36
0	2	3	4	5	9	11	12	14	15	17	18	20	21	22	23	26	28	30	34	35	36	37	38	39	41	45	47	49	50	51	53	55	60	83	84	
32	28
1	2	5	9	12	14	15	21	22	23	24	27	30	33	36	37	38	39	40	41	42	47	49	50	53	60	66	89	
33	29
0	1	2	3	4	5	6	8	9	10	15	17	18	20	21	22	23	24	27	36	38	41	42	44	49	53	55	83	96	
31	28
1	3	4	5	6	9	10	12	14	15	17	18	22	23	24	27	29	31	33	34	36	38	39	41	45	51	60	83	
33	28
0	1	4	5	11	12	14	15	18	21	22	24	28	31	33	35	36	38	39	42	43	45	48	51	53	60	83	89	
28	25
0	1	3	5	8	12	15	17	18	21	22	24	26	27	30	34	39	40	41	43	45	48	53	60	89	
37	33
2	3	5	6	7	9	11	12	14	15	17	18	19	20	21	23	24	26	27	29	30	33	36	38	39	40	42	45	49	51	55	59	62	
37	31
1	2	7	10	11	12	14	17	18	19	21	22	24	27	29	30	31	36	37	38	39	43	45	47	48	51	55	66	83	84	90	
28	24
2	3	4	5	6	12	15	18	22	23	24	27	29	31	36	37	38	39	41	50	51	53	60	83	
30	25
1	2	3	4	5	7	9	10	14	15	18	21	26	30	31	41	42	45	49	50	53	55	62	89	90	
31	29
1	2	4	5	7	8	10	12	14	15	17	18	19	21	22	23	24	26	27	28	31	33	36	38	39	40	48	53	66	
35	32
0	3	4	5	7	8	9	10	11	14	15	17	18	19	22	23	24	26	30	31	33	36	37	39	40	42	47	49	50	53	66	89	
25	23
1	2	3	5	6	9	11	12	14	15	17	22	24	27	31	36	39	42	45	49	50	53	55	
28	24
1	6	7	8	9	10	15	21	22	24	27	30	31	38	39	42	43	47	49	50	55	89	90	96	
32	30
0	1	2	3	5	6	8	9	11	15	17	18	19	22	23	24	27	30	31	33	36	37	38	41	42	45	49	50	51	53	
30	27
2	3	4	6	8	9	10	14	15	17	18	19	21	27	30	35	37	38	39	41	42	45	47	49	53	89	96	
29	27
0	2	4	7	8	10	12	15	16	17	18	20	21	22	24	27	30	31	36	38	39	42	47	49	50	84	89	
31	29
0	1	3	4	6	9	10	12	14	15	17	18	20	22	23	24	27	29	31	35	36	37	39	41	42	47	50	66	84	
24	23
1	2	5	7	10	11	15	17	18	22	23	29	30	31	36	38	39	40	41	42	43	45	53	
28	25
0	2	5	6	9	11	15	17	18	24	27	29	30	36	38	39	40	41	42	43	45	48	53	55	59	
33	29
0	1	4	5	6	7	9	10	12	15	17	18	20	22	26	27	29	30	34	36	37	38	39	43	50	53	55	89	96	
31	28
0	1	3	4	5	6	9	10	17	18	21	22	23	24	27	29	30	31	35	36	38	40	42	43	45	51	55	60	
32	26
0	4	5	6	7	8	11	15	17	18	23	24	27	35	39	40	41	45	47	50	51	53	55	60	90	96	
36	32
3	4	5	6	7	9	11	12	14	15	17	21	22	23	24	30	31	35	36	37	39	40	41	42	45	47	48	50	60	66	83	90	
33	30
0	1	2	5	8	9	11	12	14	15	17	21	22	23	24	26	27	31	36	38	39	40	41	43	45	48	49	53	55	96	
32	30
0	2	3	5	6	8	9	11	12	14	15	17	18	19	21	22	23	27	30	33	35	36	38	39	42	45	48	49	60	62	
25	23
2	3	4	6	7	8	9	10	14	17	21	27	30	34	35	36	37	39	43	48	49	53	62	
27	25
0	1	2	5	10	11	12	14	19	23	24	27	30	31	35	36	37	38	39	41	42	45	48	53	59	
32	28
0	3	4	9	12	15	17	19	20	21	22	24	26	27	29	30	33	35	38	39	41	42	45	49	53	55	83	84	
31	28
0	2	3	4	5	7	9	12	14	15	16	17	18	20	21	22	24	26	27	31	36	38	42	47	48	51	55	83	
33	30
1	2	3	4	6	7	8	9	10	12	15	17	18	19	21	24	26	30	31	36	37	39	41	42	43	45	49	53	55	62	
34	29
0	2	3	5	6	7	9	10	11	12	15	17	18	19	22	24	29	35	36	39	40	42	43	48	51	53	55	66	84	
24	22
3	5	6	7	9	10	11	12	18	22	24	26	27	30	37	38	39	45	49	50	53	55	
30	27
0	2	3	4	6	7	11	12	14	15	18	21	22	26	29	30	33	34	36	41	42	44	45	49	55	84	96	
31	27
2	3	8	10	11	12	15	18	21	22	24	27	28	29	33	35	36	37	40	41	42	45	49	53	62	89	96	
29	26
2	3	4	5	6	7	8	10	15	21	23	26	27	33	36	39	40	41	42	45	47	48	50	53	62	84	
30	27
1	3	6	7	8	9	10	14	15	17	18	20	22	24	27	31	37	38	39	41	45	47	48	49	51	53	96	
28	27
0	1	2	5	6	7	9	11	12	17	18	21	22	23	24	26	29	30	31	33	36	38	39	44	45	47	53	
29	27
0	2	3	4	5	9	10	11	14	15	17	21	22	24	26	27	31	36	38	39	42	43	45	47	49	55	89	
30	27
3	5	6	9	10	11	12	14	15	17	20	21	22	23	24	26	30	31	36	38	40	42	43	50	55	60	89	
37	34
0	1	3	4	6	8	9	11	14	15	17	18	19	22	23	24	27	28	29	30	31	36	38	39	40	41	42	43	45	47	49	51	55	84	
36	31
2	3	4	5	6	8	9	12	17	18	19	21	23	24	27	29	30	33	39	41	42	43	47	48	49	50	53	55	62	84	96	
27	25
0	1	2	3	4	6	7	10	12	17	18	23	24	26	27	35	36	38	39	41	42	43	45	53	55	
27	24
0	3	5	6	9	10	11	12	15	18	27	30	33	35	36	38	39	42	43	44	47	53	55	96	
31	30
1	3	4	5	7	9	10	11	12	14	15	17	18	19	23	24	27	30	31	33	35	39	42	43	44	45	47	49	50	83	
25	21
3	5	8	9	12	14	15	18	21	23	24	26	27	29	34	35	39	51	53	55	66	
32	27
2	4	5	7	8	9	10	12	14	15	18	22	27	29	30	31	35	36	39	40	42	50	53	59	60	62	96	
28	24
0	1	3	4	5	6	7	8	9	10	11	22	24	27	31	34	36	39	41	42	53	55	60	96	
33	28
1	2	3	4	5	6	9	10	14	15	17	22	23	27	31	33	36	37	38	39	42	47	50	51	53	60	89	96	
27	25
0	1	2	3	5	8	9	10	11	12	18	21	22	23	24	28	33	35	36	38	39	42	45	83	96	
30	27
2	3	6	7	9	10	15	17	18	20	21	23	27	29	31	33	36	37	38	39	40	41	42	47	53	60	96	
22	22
1	2	3	5	9	11	15	17	18	21	22	24	26	27	29	30	36	38	39	45	47	49	
32	28
2	3	6	7	8	9	10	15	19	20	21	23	26	27	28	30	31	36	38	39	41	43	45	48	53	62	89	90	
28	26
0	2	3	4	5	8	9	11	12	14	15	17	18	21	24	26	27	29	30	33	36	39	42	45	51	53	
35	29
1	3	4	6	7	8	9	10	11	12	15	17	20	23	24	26	31	36	38	39	41	42	48	51	53	60	66	83	89	
33	29
1	2	3	4	5	6	7	8	10	11	15	18	21	22	24	26	30	33	36	37	39	40	41	45	49	53	60	84	89	
25	24
1	4	6	9	10	14	15	17	18	21	22	24	27	30	33	36	37	38	39	41	42	49	50	53	
29	25
0	2	5	7	9	11	14	15	18	19	20	23	24	27	30	31	36	37	38	45	47	51	62	83	89	
28	26
0	2	4	5	7	9	10	11	12	15	17	18	21	22	23	24	27	33	36	37	38	42	43	45	59	66	
31	28
0	1	2	6	8	9	10	12	15	17	18	22	23	24	30	33	36	37	38	39	41	42	45	49	50	51	84	90	
30	27
0	3	4	5	6	8	9	10	12	14	15	17	18	19	20	23	24	28	34	35	36	39	41	42	53	83	89	
26	23
0	2	3	4	5	8	9	14	15	17	18	22	23	29	30	36	41	42	45	48	53	89	90	
26	26
0	1	3	4	5	8	9	10	11	17	18	19	21	24	30	33	36	38	39	41	42	43	45	47	48	50	
35	29
0	3	4	5	7	10	15	17	18	19	21	22	24	27	30	36	39	40	41	42	43	45	50	51	53	55	60	83	96	
24	22
0	1	3	6	9	11	15	17	20	21	22	23	24	26	30	31	38	39	40	49	62	89	
34	30
0	2	3	4	5	7	9	12	14	15	18	20	24	27	30	33	34	35	36	38	41	42	43	45	47	49	51	55	59	90	
28	25
0	3	4	5	6	9	11	12	15	17	18	20	21	22	24	29	33	36	38	45	48	50	53	55	96	
32	29
2	3	6	8	9	10	11	12	14	15	18	22	23	27	29	30	33	34	36	37	39	41	42	43	47	48	53	83	84	
33	30
3	4	6	8	9	14	15	17	18	20	21	22	23	24	26	27	30	31	33	35	36	38	39	42	44	45	49	51	83	90	
31	26
1	2	3	5	6	8	11	12	14	17	18	22	24	26	27	30	33	36	39	42	45	55	60	69	83	89	
31	28
0	1	2	4	5	6	12	14	15	21	24	26	27	29	30	33	35	36	38	39	41	42	45	47	50	59	60	66	
34	31
1	2	3	5	6	8	9	10	11	12	15	17	18	21	23	24	27	29	30	31	36	39	41	43	45	47	48	50	53	55	83	
31	28
0	1	3	7	8	9	10	11	14	15	17	18	19	20	21	22	24	30	31	36	37	38	39	41	45	53	55	83	
30	27
0	1	3	5	6	8	9	12	15	17	18	20	22	23	24	26	29	31	34	35	36	37	38	39	55	60	66	
23	21
1	2	3	4	5	9	10	11	14	15	21	27	33	36	38	39	41	45	50	55	60	
32	28
0	2	4	5	7	9	10	11	14	15	22	23	24	27	30	33	36	38	39	41	43	45	47	49	60	66	83	84	
35	32
0	1	2	3	5	6	7	8	9	10	11	17	18	21	22	24	27	28	30	33	36	39	40	41	42	45	47	49	50	60	62	96	
25	23
1	2	4	5	6	9	11	15	18	21	22	23	26	27	29	30	33	38	39	45	47	89	96	
35	29
0	1	2	3	4	6	12	14	15	17	18	19	20	21	23	24	27	30	36	42	45	47	49	51	53	55	83	84	89	
35	29
1	4	6	8	14	15	17	18	21	22	24	26	27	36	37	38	39	40	42	43	45	47	49	51	53	55	66	83	89	
43	39
0	1	2	3	5	7	8	9	10	11	12	14	17	19	21	22	23	24	26	27	29	30	31	33	34	35	36	38	39	42	43	45	47	48	49	51	53	55	60	
23	23
0	1	2	4	8	10	17	18	19	20	24	27	28	29	30	33	35	36	38	41	42	43	45	
30	27
2	3	4	8	12	14	15	18	21	24	27	29	30	31	33	34	36	38	39	41	42	45	48	50	53	55	83	
28	23
0	1	2	3	6	12	14	17	21	23	24	27	30	36	38	39	40	49	53	55	60	62	89	
29	26
2	3	4	5	6	7	9	12	14	15	17	21	22	23	24	31	35	36	37	39	41	45	49	59	83	84	
24	22
0	1	2	3	5	6	10	11	14	17	22	26	31	33	35	36	39	43	47	48	51	55	
37	32
0	1	2	3	6	9	11	12	17	21	22	27	29	30	31	33	36	37	38	39	40	41	42	43	45	47	48	51	55	62	66	96	
34	32
0	1	2	3	5	7	9	10	11	12	14	15	16	17	18	19	20	22	24	27	29	30	36	38	39	41	43	45	47	48	53	83	
23	22
1	2	3	5	6	7	8	9	10	11	15	23	24	27	37	38	39	42	43	48	50	53	
34	31
0	3	4	7	9	10	12	17	18	20	21	22	23	24	26	30	31	33	34	35	38	39	42	44	45	47	48	50	55	83	89	
29	27
1	2	3	4	6	8	11	14	15	17	19	21	23	24	27	28	29	31	33	36	39	40	42	45	49	66	83	
34	30
0	1	2	3	4	6	7	12	14	16	17	18	20	21	24	27	31	34	35	39	41	43	44	47	49	50	51	53	55	83	
28	27
1	2	4	5	7	8	9	10	11	14	15	17	18	22	24	26	27	29	30	36	38	39	41	45	48	49	53	
36	31
2	4	5	6	9	10	11	12	14	15	17	22	23	24	33	34	35	36	38	39	40	41	43	44	45	50	53	60	62	66	96	
30	28
0	1	5	7	8	9	10	12	15	18	20	22	23	24	27	29	30	33	36	38	39	40	42	43	45	48	51	55	
35	32
0	1	3	4	7	8	10	12	14	15	17	18	20	21	22	24	26	27	29	31	33	34	36	38	39	41	45	48	49	53	60	83	
37	32
1	2	3	4	5	7	9	10	11	15	17	18	20	21	22	23	24	27	30	31	36	38	41	42	43	45	47	51	55	62	83	90	
35	29
1	2	6	8	9	10	11	14	15	19	22	24	26	27	31	34	36	37	39	41	42	47	49	53	60	62	66	83	89	
23	22
0	1	4	7	9	10	15	17	18	20	23	24	30	31	33	36	38	39	42	43	45	59	
31	28
0	1	3	5	7	8	9	10	11	15	17	18	23	24	26	28	29	31	35	38	39	41	42	43	47	53	55	66	
29	26
2	4	5	6	9	10	11	14	15	16	17	18	21	22	23	24	29	31	35	38	39	41	43	53	66	89	
27	24
0	1	2	3	4	5	9	15	17	26	27	28	29	36	38	39	42	43	48	49	50	51	53	62	
33	28
0	2	3	4	8	9	10	12	14	17	18	24	27	34	35	36	39	40	41	42	45	48	50	53	60	83	84	90	
29	26
1	2	3	5	7	8	9	11	12	14	17	21	22	24	27	28	29	31	34	39	41	42	49	53	55	66	
28	27
0	1	2	5	6	7	8	9	10	12	14	15	17	18	21	22	23	24	29	30	33	36	39	41	42	47	89	
32	29
0	1	3	4	5	8	9	10	11	14	15	17	18	19	21	22	27	30	31	33	34	36	39	41	43	50	53	66	89	
36	34
1	2	3	4	5	6	7	8	9	10	11	12	15	18	19	20	21	22	23	24	27	28	29	35	36	38	39	41	42	45	47	49	55	60	
35	30
2	3	5	7	9	10	11	14	15	17	18	21	23	24	26	27	33	38	39	40	42	45	47	48	50	51	53	55	62	83	
31	28
0	1	2	3	4	5	6	10	12	15	18	20	22	24	27	31	33	38	39	41	42	44	45	49	50	51	55	83	
29	25
3	6	8	9	10	12	15	18	21	22	27	29	31	36	37	38	39	42	43	45	48	53	55	60	62	
31	28
2	4	5	7	8	9	10	11	12	15	17	21	22	24	29	30	33	34	36	39	42	44	45	48	50	51	59	66	
35	31
0	1	2	4	5	9	10	11	12	15	17	18	21	22	23	24	29	33	35	38	39	41	42	43	45	48	49	51	53	60	62	
27	24
2	4	6	8	9	10	11	14	17	20	23	24	26	27	29	31	33	39	41	42	45	53	55	89	
34	31
0	1	2	4	5	7	9	10	12	14	17	18	19	20	21	22	24	26	27	33	36	39	40	41	45	48	49	50	51	59	83	
34	33
0	1	3	4	5	7	9	10	12	14	16	17	18	21	22	23	24	26	27	29	35	36	38	39	41	42	43	45	47	48	49	50	60	
33	30
2	3	4	7	9	11	12	14	15	17	18	21	22	23	24	28	29	30	31	33	35	36	41	42	45	47	50	62	69	83	
41	36
0	1	2	3	4	5	8	9	10	11	12	15	16	17	18	19	20	21	22	23	24	26	27	29	33	35	36	38	39	45	50	51	66	69	83	96	
31	29
1	3	4	5	6	7	8	9	14	15	17	23	24	27	28	31	33	36	37	38	39	41	43	44	45	48	50	83	89	
28	25
0	2	3	6	9	11	17	19	22	23	26	27	29	30	36	37	38	39	41	42	43	47	53	55	62	
29	25
0	1	2	4	5	6	8	10	11	12	16	17	18	21	22	24	26	27	33	38	42	53	55	83	89	
24	21
2	5	7	9	15	17	18	21	22	24	27	31	34	35	36	39	41	42	53	60	83	
23	21
1	2	3	4	5	7	8	9	11	17	18	20	21	23	24	27	29	40	45	55	59	
30	27
0	1	6	7	9	10	12	14	15	17	20	21	22	24	27	29	31	33	35	36	38	39	41	45	53	89	96	
23	21
1	2	4	9	15	17	18	20	23	24	27	29	34	35	37	38	39	45	49	53	89	
30	28
1	3	4	5	6	9	11	14	15	17	18	22	23	24	26	27	30	31	33	38	39	43	45	47	49	50	53	89	
32	28
0	4	5	6	8	9	10	11	12	14	15	17	21	22	24	30	36	39	41	42	45	47	49	50	51	53	89	96	
25	23
0	3	4	5	6	7	9	10	11	15	17	22	24	26	29	36	38	39	42	48	49	51	53	
36	30
0	2	4	5	11	12	14	15	18	19	21	22	23	24	26	31	36	37	38	39	41	42	43	50	53	55	59	60	66	83	
30	27
0	1	2	4	10	11	14	15	17	20	21	23	24	26	27	29	31	35	38	39	40	41	45	48	60	62	83	
37	34
1	3	4	5	6	7	8	9	10	11	12	14	15	18	19	21	22	23	27	28	30	31	34	36	40	41	42	43	45	49	50	55	59	66	
35	30
1	2	3	4	5	9	12	15	17	18	20	22	23	24	29	30	33	36	37	39	41	42	45	47	48	53	55	59	83	96	
30	24
5	8	9	11	14	18	21	22	23	24	27	29	30	37	39	43	45	50	55	62	66	83	84	89	
24	22
1	2	4	5	7	9	11	15	18	22	30	35	38	39	41	42	45	47	48	50	53	89	
29	26
1	2	3	5	10	11	14	15	17	18	22	23	30	31	33	36	37	38	40	41	45	49	50	60	66	89	
48	41
0	1	2	3	4	5	6	8	9	10	11	12	15	17	18	20	22	23	24	27	29	31	33	34	35	36	37	39	41	42	45	47	49	50	53	55	60	84	89	90	96	
37	33
0	1	2	4	5	6	9	12	14	15	17	18	20	21	22	23	24	27	30	31	35	36	38	39	41	42	45	48	50	55	62	66	84	
29	25
1	2	3	5	9	10	12	14	15	17	19	20	30	31	33	35	39	41	43	45	48	53	59	89	90	
28	25
1	3	5	8	9	11	12	14	15	17	19	21	23	27	28	29	30	33	36	39	42	45	55	60	90	
30	27
3	4	8	9	11	12	15	17	18	20	22	23	24	29	30	31	33	36	38	39	43	45	49	50	51	60	89	
22	20
1	3	5	6	8	9	10	15	17	21	24	27	29	35	36	42	45	47	66	90	
34	30
1	3	5	6	7	8	9	12	15	17	18	22	23	24	27	30	36	38	39	40	41	43	45	48	49	50	53	55	89	90	
31	29
0	3	5	6	7	8	10	11	12	15	16	17	18	20	22	23	24	27	30	31	35	36	37	42	45	49	50	53	83	
37	32
0	1	2	3	4	5	6	12	14	15	17	18	19	21	22	27	29	31	33	36	38	39	41	42	43	45	49	51	53	55	89	90	
33	28
0	1	2	3	4	5	6	7	8	11	15	18	24	27	29	33	36	37	41	45	47	49	50	51	53	55	60	83	
31	28
1	2	3	5	6	7	10	11	12	18	21	22	24	26	27	29	31	33	36	38	39	41	45	47	49	60	83	89	
33	30
0	1	2	3	4	5	6	7	8	9	11	12	14	15	17	18	21	22	24	27	29	39	41	45	47	48	50	53	83	90	
32	30
1	2	3	4	5	6	7	8	11	14	15	16	18	22	23	24	27	29	31	36	38	39	41	42	43	45	47	48	51	83	
30	27
4	5	6	9	10	11	12	15	17	18	19	21	24	29	30	31	33	36	37	38	39	40	42	49	53	55	83	
28	26
1	2	3	4	9	10	11	15	17	18	22	23	24	27	29	30	31	36	39	40	41	42	43	47	66	84	
41	36
0	1	3	4	5	7	8	9	10	11	12	14	15	17	18	21	22	23	24	26	27	30	31	35	36	38	39	40	42	47	49	53	55	60	66	83	
32	29
0	3	5	6	9	10	12	14	17	18	23	24	27	29	30	33	34	35	36	37	39	40	42	43	45	48	53	55	60	
