1000 26	19
0	4	9	10	12	23	24	25	28	32	36	38	48	53	59	61	66	79	82	
25	17
5	6	14	20	24	28	29	32	36	39	42	49	50	52	69	79	183	
20	17
0	3	4	5	7	11	13	19	21	25	31	33	35	39	66	70	77	
25	18
9	18	24	29	30	32	33	36	38	39	42	49	59	66	69	70	73	77	
20	16
0	3	4	7	8	12	18	19	20	22	30	33	52	73	77	78	
25	18
0	3	4	5	7	10	18	22	30	31	33	38	42	49	50	69	77	183	
24	18
4	5	6	7	10	13	15	20	28	31	32	33	34	36	66	77	82	183	
23	18
3	4	9	14	15	18	21	24	28	29	30	31	35	41	42	46	50	183	
24	19
3	6	8	9	15	18	19	30	31	32	33	34	38	42	53	59	66	69	89	
23	17
3	5	8	11	12	16	18	24	26	27	36	49	59	66	73	78	89	
23	18
0	3	7	8	13	15	16	18	25	31	35	40	41	42	48	69	73	124	
20	16
0	4	5	12	15	19	21	24	30	38	39	40	48	50	69	77	
22	17
0	4	5	6	9	10	11	13	15	16	25	32	61	70	77	78	89	
26	17
6	9	13	14	15	22	23	24	30	32	40	49	53	66	73	124	183	
30	19
0	3	4	13	16	22	31	38	39	40	41	50	52	53	59	70	73	124	183	
24	18
3	4	5	11	13	19	23	25	26	30	32	39	42	48	66	70	78	124	
24	18
0	3	8	9	13	15	20	25	27	29	31	41	48	49	61	66	70	73	
24	16
0	3	6	8	10	15	21	30	31	33	41	61	73	82	124	183	
21	18
0	5	8	10	15	18	20	23	24	26	32	33	35	38	41	52	69	89	
22	18
6	8	12	13	16	20	21	23	26	30	34	39	40	42	49	52	69	77	
26	20
4	6	8	10	18	23	25	26	29	31	33	34	35	42	46	48	53	61	82	89	
26	18
4	11	13	16	19	20	21	26	29	32	38	39	53	73	77	78	79	183	
23	18
3	5	7	9	10	16	22	25	27	33	36	40	42	49	52	59	82	89	
25	17
6	7	12	14	16	18	20	23	33	40	42	53	61	70	73	79	183	
23	18
13	14	21	24	25	27	28	29	30	35	36	38	39	41	49	79	82	124	
23	18
3	4	5	8	10	13	19	21	30	34	35	39	40	48	49	69	78	89	
27	18
4	5	7	10	13	22	23	29	30	32	38	46	53	69	73	78	89	183	
19	17
0	3	4	5	9	11	15	16	18	19	21	23	35	36	40	46	50	
27	19
3	7	8	12	16	24	29	30	33	36	38	39	42	48	50	59	61	82	183	
25	19
0	8	19	20	21	22	24	26	34	36	38	39	42	52	53	70	78	82	89	
21	18
8	9	12	15	16	19	24	30	32	33	34	35	36	38	39	49	78	79	
23	18
3	8	13	15	16	18	20	22	24	29	30	32	38	53	61	66	69	89	
20	17
0	3	9	11	15	19	20	22	25	28	32	34	36	38	66	73	77	
28	17
6	9	19	20	22	23	39	41	49	50	52	66	70	73	77	79	183	
23	16
4	5	9	13	19	22	25	27	29	32	38	61	73	77	82	183	
24	19
3	5	7	8	11	12	18	19	24	29	32	34	35	38	46	69	70	77	89	
24	19
3	7	9	12	14	20	24	28	29	30	31	32	36	39	49	50	53	79	82	
25	17
3	8	15	23	29	31	33	34	41	48	50	53	61	69	70	79	89	
24	17
4	5	8	9	10	12	15	23	38	41	48	49	52	61	70	78	82	
29	19
4	6	14	15	16	21	30	31	35	38	40	46	61	66	69	73	77	79	183	
21	17
3	5	10	11	12	23	27	28	31	34	35	40	42	50	69	70	79	
33	19
6	10	20	21	24	29	30	46	48	49	52	59	69	70	77	78	79	89	183	
27	17
0	8	11	14	16	18	24	28	38	48	52	59	61	69	79	82	183	
25	18
3	4	11	12	13	18	19	21	24	29	31	34	41	48	59	69	79	183	
26	19
0	6	10	13	19	20	22	25	27	33	36	39	40	50	53	59	77	78	124	
22	19
5	6	7	12	13	15	18	19	22	26	27	28	31	36	39	41	49	77	79	
24	16
0	4	5	12	16	20	25	26	35	38	49	70	73	79	89	183	
29	18
5	18	22	27	28	29	35	38	41	42	49	50	52	59	73	79	124	183	
21	17
3	5	6	11	13	20	22	24	26	28	30	38	40	49	50	53	66	
22	16
4	6	10	11	13	19	22	26	27	29	35	41	46	49	73	183	
25	19
6	8	10	11	12	14	15	18	19	24	27	29	35	36	42	66	70	89	183	
24	17
3	11	12	13	16	23	31	32	34	35	36	39	46	52	66	79	183	
25	18
5	6	10	12	15	18	20	23	25	30	42	50	53	59	61	70	73	89	
23	18
0	6	8	9	14	15	21	24	25	26	33	34	42	46	48	49	50	89	
26	18
3	5	7	15	18	19	26	31	35	38	48	49	66	69	77	79	82	89	
25	19
5	6	7	9	10	16	19	21	22	24	33	35	36	40	41	53	69	82	183	
20	17
3	6	8	16	19	20	21	22	28	30	34	36	38	40	52	59	69	
20	18
0	5	9	10	11	12	13	15	19	20	24	25	28	30	35	38	46	78	
24	18
0	4	15	16	20	21	25	27	30	32	35	38	39	41	66	70	78	183	
30	20
3	7	15	23	26	27	29	31	33	40	46	48	49	53	59	61	66	73	78	89	
24	19
0	6	7	10	12	13	14	19	23	25	27	30	39	41	53	59	61	69	78	
25	18
3	4	7	8	10	15	16	19	20	29	30	31	33	38	48	59	124	183	
21	18
0	5	6	8	10	15	16	18	20	22	23	25	31	34	35	50	66	82	
27	18
0	3	5	12	15	22	27	28	31	40	48	50	61	66	70	79	89	124	
20	16
3	4	5	8	9	13	16	19	21	33	35	36	49	52	73	77	
24	18
0	4	7	9	12	13	14	16	19	28	38	40	42	49	52	53	61	124	
21	16
12	13	16	19	21	24	29	30	33	35	38	40	53	59	78	124	
22	18
0	3	6	8	10	14	20	22	28	31	35	39	40	42	49	50	61	82	
26	17
0	3	6	12	14	18	21	24	29	31	41	53	61	73	82	124	183	
28	18
3	8	11	19	22	24	26	27	41	42	50	52	53	61	77	78	82	183	
25	17
3	12	15	21	24	29	30	36	42	48	53	61	69	70	78	79	89	
26	18
0	6	11	16	22	25	31	33	35	36	48	49	50	52	61	66	70	89	
23	18
5	6	7	8	13	14	15	21	22	25	28	39	41	48	50	70	79	82	
23	17
0	3	4	5	6	8	10	11	12	13	22	41	52	59	79	89	124	
25	17
3	4	7	9	15	18	20	31	32	41	42	46	50	53	61	79	183	
23	17
5	7	10	12	13	15	16	22	26	36	38	42	48	49	69	89	124	
23	18
0	4	6	13	19	21	27	31	34	36	38	40	41	46	52	53	73	78	
28	19
3	4	11	12	13	14	16	25	27	33	34	35	46	48	50	52	69	70	183	
24	19
4	5	8	10	12	13	23	25	27	28	31	33	38	39	52	59	66	70	73	
26	19
4	11	13	14	15	20	22	25	29	30	31	35	36	38	48	53	77	78	183	
24	17
3	8	13	14	19	20	21	24	27	34	39	41	52	61	66	73	183	
23	16
5	11	14	15	18	21	23	26	32	38	50	53	59	77	78	124	
24	18
3	4	5	6	10	14	22	28	29	30	32	34	52	59	61	66	70	82	
23	18
6	8	12	13	14	16	18	20	23	26	27	32	36	52	53	66	69	89	
25	18
4	6	11	13	18	22	26	28	29	31	34	41	49	50	61	82	89	124	
21	17
3	5	8	13	15	22	26	28	32	35	36	39	41	49	50	61	79	
26	17
3	5	12	15	20	26	30	34	35	40	42	50	53	78	79	124	183	
20	18
0	3	4	5	6	10	15	16	22	24	26	30	33	35	36	41	61	73	
28	18
6	7	9	14	19	20	21	23	40	42	49	50	52	53	59	66	73	183	
28	18
6	7	12	14	16	24	27	38	40	50	52	53	61	69	78	79	82	124	
22	17
0	3	5	6	8	10	13	18	21	24	28	31	41	61	69	70	124	
29	19
5	8	12	15	20	21	23	27	31	38	41	50	52	53	59	70	79	82	183	
28	17
0	6	9	19	20	21	33	36	40	53	59	61	66	69	73	124	183	
26	17
3	5	10	11	19	22	26	30	32	39	48	52	66	70	73	82	183	
23	19
0	4	6	10	11	13	20	22	25	30	31	33	34	36	39	48	69	78	82	
27	20
4	6	7	9	10	14	15	18	21	24	27	31	35	41	46	50	61	73	78	124	
25	17
3	6	8	10	11	15	22	27	30	33	38	42	59	69	79	124	183	
31	19
3	7	11	19	20	21	26	28	29	32	46	52	59	69	70	79	82	124	183	
24	18
3	4	6	8	15	16	25	30	32	33	38	39	46	48	49	59	78	79	
21	18
0	3	5	9	10	13	16	19	22	24	25	30	35	36	38	69	70	73	
24	18
3	5	13	21	26	27	28	30	34	36	39	40	48	49	59	73	77	89	
24	18
0	4	6	7	10	14	16	24	26	33	39	41	48	61	70	77	78	79	
24	18
7	11	14	20	22	25	30	32	34	36	38	40	49	50	52	53	66	70	
28	18
5	6	19	20	22	24	27	34	36	46	52	61	66	69	77	78	82	124	
28	18
3	6	14	16	19	26	27	32	40	41	46	52	53	59	61	69	77	183	
23	17
3	8	19	22	24	26	27	28	29	35	36	38	39	61	78	79	183	
23	18
0	5	7	8	9	13	15	21	31	38	39	40	42	49	50	70	82	89	
24	18
6	8	15	20	21	25	26	27	28	29	34	35	48	53	61	69	77	78	
26	18
3	10	13	15	16	22	24	25	29	30	32	48	53	61	66	69	70	124	
27	17
3	4	14	19	24	29	40	41	48	50	53	59	61	73	77	82	124	
29	18
3	6	8	9	18	28	31	39	40	42	48	49	52	70	78	79	124	183	
26	17
3	5	8	9	12	19	28	34	38	39	46	50	59	61	82	89	183	
27	18
3	5	12	15	19	23	25	30	31	32	46	49	52	70	78	79	82	124	
25	18
5	6	8	13	18	19	24	25	32	33	39	46	49	50	52	59	61	70	
28	18
4	6	14	23	24	27	32	33	39	40	50	59	69	73	77	78	79	183	
27	18
0	3	9	10	18	21	22	27	35	40	41	46	48	53	61	70	73	183	
25	18
0	3	4	5	9	11	12	16	20	23	36	46	50	69	70	78	82	89	
22	18
0	5	8	11	12	13	16	19	24	28	31	35	36	38	46	50	61	66	
23	17
4	6	8	15	19	21	23	28	29	30	31	38	40	49	66	79	183	
28	18
3	8	14	18	19	20	29	36	38	39	48	66	70	77	79	82	89	183	
21	16
6	7	9	12	13	16	18	20	22	27	35	46	49	61	70	89	
21	17
0	3	4	12	18	20	21	27	28	29	32	38	41	49	50	73	82	
26	18
4	8	11	16	23	25	31	32	36	38	40	49	53	61	73	77	89	124	
22	18
0	3	8	9	13	15	16	20	22	25	27	29	31	40	46	59	66	73	
26	19
3	5	7	11	15	16	19	21	30	31	39	42	46	70	73	78	79	82	89	
22	17
8	12	13	15	16	20	22	33	34	36	38	40	49	50	53	70	89	
25	19
3	8	9	12	15	21	22	27	28	32	34	38	39	41	53	59	73	79	124	
28	20
3	4	7	9	10	13	15	18	20	30	34	35	39	48	50	53	70	77	89	124	
22	18
0	6	7	8	9	12	13	14	23	24	30	31	35	41	50	70	79	82	
24	18
4	5	10	15	21	22	23	25	26	32	38	39	53	59	69	77	82	89	
25	20
4	6	9	10	18	19	21	22	23	29	35	36	39	40	42	48	49	52	61	69	
27	19
6	9	11	15	16	21	25	26	31	34	38	40	42	46	52	59	82	89	183	
21	17
4	5	6	8	13	22	23	24	26	27	28	29	35	46	52	78	82	
25	18
0	9	12	19	22	26	31	32	33	36	38	42	46	52	66	69	89	124	
23	17
3	4	5	10	11	18	19	26	35	39	40	48	49	66	69	70	89	
25	18
4	5	22	23	28	30	32	36	38	41	42	48	50	59	69	70	82	89	
24	17
4	11	14	19	22	23	25	32	34	38	39	49	52	59	70	79	124	
21	16
0	3	5	15	22	30	34	36	39	41	42	50	59	61	73	82	
25	19
3	7	14	15	20	22	23	24	25	28	29	33	39	48	50	52	59	78	89	
25	19
0	3	6	10	12	22	23	27	29	31	36	38	40	49	59	66	73	77	82	
24	18
3	8	10	11	14	18	19	24	30	38	40	42	48	49	50	61	77	78	
26	19
0	3	4	7	11	15	18	19	23	28	35	38	46	48	53	70	77	78	79	
26	19
0	5	6	12	16	22	23	27	29	33	38	42	46	48	50	52	70	73	77	
21	19
0	8	10	12	13	15	16	22	23	29	31	33	34	35	38	40	41	59	66	
22	15
0	3	5	19	22	26	29	41	42	46	48	52	69	73	124	
21	18
0	3	4	5	8	18	20	22	25	27	29	35	38	39	41	46	69	73	
23	17
0	3	4	5	9	13	21	25	29	31	33	40	59	77	78	79	124	
24	17
3	7	8	9	15	16	22	28	31	32	48	50	59	61	69	77	82	
22	17
8	13	14	15	16	18	20	21	25	27	35	38	39	59	78	89	124	
25	20
3	4	5	10	13	15	20	24	25	33	35	36	40	41	42	48	49	59	61	66	
27	19
3	6	7	8	9	10	11	16	25	30	32	33	35	42	70	79	89	124	183	
25	17
3	4	7	11	20	22	23	24	25	48	49	50	52	66	73	78	79	
25	18
4	6	7	10	14	24	25	27	30	31	33	38	48	61	66	69	82	124	
23	18
3	5	8	11	13	15	18	19	21	28	32	39	42	48	50	52	61	78	
28	18
3	6	10	14	21	23	27	32	33	41	49	52	61	77	78	82	89	183	
25	17
3	4	5	13	20	25	28	32	35	40	42	49	59	66	69	73	183	
23	18
4	5	6	9	12	15	19	21	27	33	34	35	36	40	53	69	73	124	
24	18
5	7	8	15	21	24	29	30	31	32	35	38	46	49	59	66	78	89	
25	18
0	3	9	14	18	23	29	30	31	32	36	52	59	69	73	77	79	82	
25	18
0	5	7	12	13	16	22	27	33	34	35	38	39	40	77	78	124	183	
20	17
0	3	5	6	10	11	13	16	19	25	27	31	32	33	50	73	77	
23	17
0	8	10	14	15	16	21	33	34	35	38	39	49	53	61	70	124	
21	18
5	6	7	8	9	11	15	16	22	25	26	28	34	36	39	61	77	82	
30	18
6	7	13	18	28	29	34	35	46	48	49	52	61	69	73	79	82	183	
22	17
0	4	6	10	16	21	26	28	31	33	34	36	41	53	70	77	124	
22	18
0	3	4	8	10	19	20	22	24	25	26	28	35	36	52	70	73	82	
25	19
4	7	12	14	15	22	25	30	33	34	36	38	39	48	49	59	69	78	79	
23	17
0	6	7	9	12	19	20	23	24	33	41	46	49	53	78	79	82	
29	19
3	4	5	8	10	16	18	21	34	35	38	46	49	50	61	69	77	82	183	
26	18
6	11	12	21	22	26	28	29	30	39	41	46	50	53	59	66	70	124	
28	19
6	8	13	15	18	20	23	28	30	32	35	36	42	48	50	61	66	124	183	
27	18
5	7	13	14	21	32	33	34	35	38	39	48	61	73	77	79	82	183	
23	17
9	10	11	15	16	19	22	24	30	33	36	38	39	48	69	78	183	
25	16
4	5	6	13	14	19	32	33	40	49	50	52	77	78	82	183	
22	17
0	4	6	10	11	19	20	22	27	30	33	34	35	36	70	82	183	
25	18
3	5	13	14	16	22	26	31	33	36	41	46	49	66	73	77	82	89	
24	18
3	5	11	12	18	21	22	26	27	33	34	40	42	50	70	73	79	124	
24	18
0	6	9	10	21	23	25	28	29	32	33	36	46	50	53	59	69	79	
21	16
3	5	6	9	13	15	16	19	22	32	40	46	59	70	82	89	
23	18
0	4	5	11	15	16	18	21	24	25	29	31	32	38	73	77	79	124	
25	16
6	8	11	21	25	27	30	33	35	46	61	66	69	82	89	183	
23	17
3	4	7	8	15	22	27	28	29	30	32	34	35	48	52	70	183	
26	17
0	6	9	10	12	16	26	27	32	33	46	53	61	70	73	77	183	
22	17
0	6	9	13	16	19	22	23	26	33	34	40	46	49	73	78	82	
31	19
0	7	8	19	20	22	26	28	38	41	49	50	66	69	70	79	89	124	183	
27	18
0	8	9	13	18	19	28	32	35	36	38	40	50	53	61	77	124	183	
29	19
0	9	11	12	13	18	20	21	33	38	48	49	53	61	69	70	73	79	124	
26	18
4	7	8	10	12	14	18	19	30	38	40	42	50	52	61	78	89	183	
25	16
3	7	9	12	16	21	23	27	41	50	52	61	69	77	89	183	
26	18
3	4	5	6	9	15	19	25	26	33	39	48	50	59	66	69	78	124	
24	19
0	4	6	7	8	11	12	13	14	15	21	24	32	33	42	46	52	61	124	
25	17
6	7	8	9	11	21	25	28	35	40	42	49	52	59	70	89	183	
24	18
4	10	12	14	22	23	25	26	27	30	32	33	38	48	50	61	78	124	
20	16
0	5	6	15	20	21	26	27	35	39	40	41	46	48	49	69	
24	20
0	3	5	8	11	12	18	24	25	26	28	31	34	35	36	38	50	61	66	78	
26	19
0	4	6	7	9	11	12	16	18	20	31	36	50	52	61	66	73	79	82	
24	19
4	5	6	12	24	26	28	29	30	31	34	35	36	42	46	48	53	79	82	
23	18
0	3	6	9	10	14	15	22	29	31	33	34	40	41	59	82	89	124	
24	17
0	6	15	19	20	26	27	29	32	38	46	49	52	59	66	73	89	
21	17
0	5	6	7	8	15	19	21	30	32	33	36	39	46	52	61	69	
27	17
15	16	19	21	22	27	30	32	36	38	49	69	73	77	79	124	183	
27	19
3	4	12	15	20	24	25	28	29	38	40	41	48	49	53	59	69	78	124	
22	17
0	3	5	6	8	18	21	24	33	35	36	40	53	59	61	69	89	
25	17
3	8	12	14	16	18	24	28	35	46	49	50	53	59	70	79	89	
23	17
0	6	8	12	13	23	27	29	31	35	40	49	61	66	69	70	82	
24	18
4	5	6	8	14	15	19	22	24	25	30	36	49	50	66	70	78	79	
27	19
3	5	7	10	14	15	19	22	28	33	38	39	48	69	70	73	77	78	124	
28	19
3	6	7	8	15	16	19	20	27	30	32	39	49	53	59	73	78	79	183	
25	17
8	13	19	21	22	24	25	30	32	34	38	46	48	50	69	78	183	
21	18
0	3	4	8	10	19	20	21	27	28	29	32	35	36	40	49	53	77	
26	18
6	8	12	21	23	28	29	30	33	35	40	41	42	61	73	89	124	183	
25	17
3	4	7	9	11	12	24	25	28	29	35	49	73	79	82	89	183	
25	19
9	13	18	20	24	28	29	30	31	32	36	38	42	53	66	69	70	73	77	
25	17
3	7	12	16	18	20	29	31	36	39	40	49	50	69	79	82	183	
25	18
4	6	7	10	11	19	20	22	24	31	33	41	61	66	77	82	89	124	
23	17
0	3	5	6	18	25	28	29	33	40	41	48	49	59	77	78	82	
24	19
3	4	6	18	22	23	25	27	29	30	35	36	38	40	49	53	61	78	79	
23	19
0	3	6	8	10	11	15	22	24	25	33	35	36	38	40	46	59	78	89	
25	17
6	10	13	14	22	23	25	29	35	46	48	53	61	73	77	82	89	
20	16
0	4	5	6	9	10	19	22	28	30	36	39	52	69	70	78	
25	17
0	3	4	7	8	10	18	19	36	40	42	48	53	61	70	73	183	
23	17
5	6	9	11	12	13	15	19	24	29	35	38	53	59	73	77	124	
26	18
6	15	16	20	23	25	31	32	36	40	49	53	59	61	66	73	79	89	
20	16
0	3	5	9	13	15	20	21	29	32	35	41	53	61	70	89	
26	18
0	3	5	8	11	13	15	20	27	35	40	41	48	49	50	73	78	183	
24	17
0	3	5	8	11	14	22	29	31	41	48	49	52	66	77	79	82	
23	17
3	5	6	9	10	12	13	14	19	20	23	26	41	50	78	82	183	
27	18
5	6	7	11	15	21	24	27	30	46	50	52	61	69	77	78	82	89	
25	18
3	7	8	15	18	20	21	27	29	31	33	34	41	46	61	73	77	183	
23	17
3	6	8	12	15	18	19	28	36	38	39	46	50	66	78	79	82	
28	19
3	5	6	13	19	21	24	26	27	30	35	36	48	49	59	66	69	89	183	
22	18
6	7	14	16	19	21	23	25	28	29	31	35	40	42	53	61	69	70	
22	17
5	9	12	23	24	25	28	29	33	34	35	38	46	52	70	79	89	
25	19
0	6	8	10	12	14	15	21	23	28	29	32	39	48	53	61	70	79	82	
27	19
4	6	9	13	19	28	29	32	34	39	42	46	52	53	66	70	73	78	82	
21	17
3	8	11	14	16	19	22	26	28	35	36	39	40	66	69	79	82	
23	17
5	8	10	13	19	21	22	28	29	32	36	38	40	46	77	79	183	
24	17
4	6	11	12	14	15	21	24	28	29	35	41	50	53	77	79	183	
22	18
0	6	13	14	19	21	23	25	26	27	30	36	38	39	49	73	77	89	
20	16
5	11	12	18	19	25	26	27	30	34	38	39	49	53	69	73	
26	20
6	7	11	12	18	20	22	23	25	26	27	28	30	36	40	48	59	69	77	124	
26	18
3	13	15	16	18	26	27	29	34	39	40	48	66	69	70	77	79	124	
28	19
4	6	7	11	12	19	29	30	33	39	42	49	52	66	70	77	78	79	124	
19	16
0	3	4	5	9	12	13	15	18	21	23	24	36	50	77	82	
25	19
12	13	16	19	24	26	28	31	33	35	36	38	41	42	50	70	77	89	124	
27	18
3	7	11	12	14	15	20	23	34	39	48	52	53	61	73	77	82	124	
20	18
5	6	10	13	16	18	20	21	22	26	27	31	33	34	35	42	49	73	
20	17
5	7	9	10	12	13	15	16	19	22	29	36	38	40	53	82	89	
22	18
0	3	5	10	14	16	22	25	27	30	31	34	35	36	49	52	53	77	
21	17
0	5	6	11	15	16	18	21	23	25	26	35	41	46	49	78	82	
26	18
6	10	15	19	21	22	28	30	36	38	39	48	49	52	69	70	89	124	
24	18
0	3	4	7	11	19	22	23	27	30	36	38	48	49	61	66	73	79	
28	19
0	7	9	10	11	15	16	21	34	35	38	49	50	52	61	70	79	89	124	
25	19
4	5	6	13	16	20	23	28	32	35	36	40	42	46	61	66	70	77	79	
23	17
3	4	6	7	9	11	14	15	22	28	32	33	34	49	50	78	183	
23	18
5	7	8	13	15	19	21	27	28	30	32	35	36	38	41	49	82	183	
25	19
4	6	7	9	12	15	22	23	25	30	39	40	42	48	49	53	70	79	89	
21	18
0	5	7	10	12	20	25	28	31	32	35	38	39	40	42	70	73	77	
22	17
0	3	6	11	15	16	20	21	28	31	36	41	52	70	78	79	89	
22	18
0	3	5	9	12	15	16	21	28	29	33	39	40	41	48	52	66	70	
27	19
3	4	8	9	12	13	22	33	35	36	39	48	52	59	61	69	73	82	89	
24	18
0	4	7	15	16	18	25	27	32	35	36	38	53	59	69	70	73	77	
23	19
0	4	5	6	8	9	11	16	23	30	31	32	35	36	40	61	69	70	78	
22	17
3	7	8	13	15	16	18	24	26	29	30	32	38	50	61	69	124	
20	17
3	6	8	10	13	15	16	19	21	22	30	32	35	42	48	49	61	
24	18
4	5	9	10	12	18	24	29	30	33	38	40	42	53	66	73	77	124	
26	19
6	7	10	18	22	23	25	26	27	29	33	42	49	50	59	61	77	79	89	
21	17
0	5	6	12	13	19	20	24	25	30	33	38	41	61	66	70	73	
26	18
4	10	13	18	24	25	26	27	29	33	36	38	40	48	59	70	124	183	
26	17
0	3	4	10	18	19	20	21	35	36	52	61	70	73	77	79	183	
28	18
4	6	9	14	20	22	23	29	31	42	46	52	53	59	66	73	77	183	
25	17
4	5	6	12	14	21	23	25	26	33	35	50	66	73	77	78	183	
24	18
0	3	9	10	11	22	23	24	29	30	32	36	46	50	52	59	82	89	
24	18
0	3	5	6	12	18	20	22	27	28	29	30	38	48	52	59	89	124	
27	18
8	9	11	13	18	23	27	33	35	38	41	46	48	49	52	61	78	183	
27	19
3	10	11	14	19	20	22	24	26	27	30	34	49	50	52	53	59	73	124	
22	18
3	5	16	18	20	21	22	23	26	28	29	31	35	36	40	53	66	124	
28	18
6	8	12	13	20	23	26	32	33	39	50	61	66	70	79	82	89	183	
25	18
11	12	14	15	21	22	26	31	33	34	38	41	48	49	61	73	79	124	
25	18
3	14	16	20	21	23	24	28	29	30	32	49	52	53	69	70	77	79	
27	19
3	4	9	13	20	23	24	26	27	29	31	39	40	48	50	53	70	77	183	
25	18
5	6	7	8	9	12	13	19	32	33	35	36	40	46	52	61	66	183	
22	17
4	6	8	9	11	16	18	20	21	23	28	36	38	50	69	89	124	
22	17
3	5	7	8	9	10	16	18	21	25	31	41	50	53	70	77	89	
20	17
4	6	9	12	13	16	19	25	26	27	30	33	35	40	49	66	77	
24	18
4	6	11	13	14	16	18	22	28	30	31	33	46	52	59	77	78	82	
26	18
0	3	6	16	20	27	29	30	33	41	48	49	50	59	66	69	82	89	
23	17
3	7	8	9	10	12	15	19	21	28	29	33	53	61	70	89	124	
24	17
0	4	14	16	19	21	22	25	30	38	48	50	61	66	70	73	79	
25	17
4	8	11	12	14	20	23	27	29	38	39	53	59	66	70	77	183	
25	18
0	3	4	5	13	14	19	21	24	27	32	38	42	49	61	73	77	183	
22	17
0	3	9	11	12	14	20	28	29	31	36	41	49	50	69	79	82	
28	18
3	5	7	14	15	16	20	26	32	34	35	50	53	73	79	89	124	183	
22	18
0	3	10	14	18	20	21	22	23	24	25	26	36	38	46	48	73	78	
25	19
5	9	10	12	13	14	15	24	25	28	29	36	38	39	40	70	73	82	183	
26	19
3	7	8	9	13	14	15	21	25	26	29	34	36	41	59	78	79	82	183	
26	18
0	5	8	12	14	16	24	26	38	39	42	50	66	69	78	79	82	124	
28	19
3	10	16	23	26	27	30	32	40	41	42	49	59	61	66	77	78	82	124	
24	20
0	5	6	8	9	10	12	15	19	30	32	34	35	36	39	42	50	53	69	73	
22	17
0	4	8	16	19	21	22	29	33	36	38	40	53	59	66	73	82	
28	19
3	8	9	12	19	25	27	30	35	36	40	48	49	52	53	59	61	79	124	
23	17
0	3	5	7	22	24	26	27	35	36	40	48	49	50	66	70	73	
24	19
3	5	8	13	14	20	21	23	26	27	29	31	34	35	46	52	59	78	89	
24	18
5	10	13	14	15	25	30	31	32	33	38	41	46	49	50	61	70	77	
23	19
0	4	6	7	10	12	19	20	23	25	26	33	38	41	42	53	59	70	77	
27	19
6	8	10	14	19	23	25	27	33	38	40	48	52	61	66	69	70	73	89	
25	17
5	6	11	13	18	20	26	28	32	35	40	49	50	69	82	89	183	
25	17
9	12	13	16	18	23	26	32	34	38	49	53	61	70	73	89	124	
27	19
6	9	11	15	19	20	22	23	26	29	31	42	50	52	77	79	82	89	124	
24	19
3	4	7	10	19	20	21	23	26	29	31	33	35	42	50	69	73	77	89	
25	18
6	8	9	12	19	25	30	31	32	35	38	41	66	70	77	79	89	124	
27	19
0	3	6	7	8	12	15	16	28	31	38	41	46	49	52	53	59	66	124	
21	18
0	3	8	9	15	16	19	22	23	25	29	31	33	39	41	69	70	79	
22	17
4	5	6	8	11	12	19	20	22	23	26	29	41	42	70	82	183	
26	18
6	9	15	21	22	28	29	32	34	39	41	52	61	69	77	82	89	124	
27	19
6	8	11	12	13	14	18	27	28	35	38	48	59	66	70	77	78	82	89	
22	18
0	7	8	11	12	13	14	19	22	24	30	32	36	38	50	53	70	77	
25	19
0	6	8	12	14	16	19	20	21	26	31	38	42	52	53	61	69	73	78	
30	19
8	11	21	25	30	34	35	38	41	42	46	48	50	52	61	70	73	78	183	
24	18
5	6	8	9	21	28	29	33	34	36	38	39	40	59	61	70	77	124	
24	17
4	6	11	18	24	28	30	34	41	42	46	48	49	59	61	77	82	
25	18
4	9	10	12	13	18	26	28	29	38	42	46	48	50	73	78	82	89	
27	19
6	10	11	14	21	23	25	27	31	36	39	48	49	61	69	77	78	79	89	
22	18
0	3	5	6	8	9	11	12	18	19	22	23	26	41	46	48	49	69	
26	18
3	7	12	18	22	23	27	28	31	33	36	39	50	59	73	79	89	183	
18	17
3	8	9	11	12	15	16	19	22	23	28	31	32	34	36	39	52	
22	17
4	12	13	16	24	26	27	28	29	30	33	38	46	48	66	70	77	
21	16
3	4	5	9	12	13	16	20	36	40	42	49	50	53	73	78	
26	21
0	3	6	7	9	10	13	23	24	27	28	29	33	34	36	42	48	50	52	69	78	
22	17
3	4	6	8	14	15	16	22	24	32	38	39	41	46	52	77	124	
26	18
3	6	9	11	13	24	31	35	36	38	40	46	48	66	70	77	78	124	
19	17
3	5	7	9	11	14	18	19	20	22	25	28	35	38	40	49	73	
22	17
0	8	9	12	13	15	24	25	26	29	38	42	46	48	69	78	82	
29	19
6	8	11	12	15	20	24	26	31	40	42	49	52	53	59	66	73	89	183	
21	18
4	7	8	10	15	18	22	25	26	34	35	38	39	40	41	49	69	78	
25	18
0	3	8	15	21	22	25	26	28	29	33	41	49	59	69	79	82	124	
25	17
15	21	24	25	27	29	30	32	34	36	38	48	59	78	79	82	183	
28	18
7	14	22	23	29	31	34	35	38	39	59	70	77	78	79	82	89	183	
29	20
5	6	13	14	15	20	22	25	26	31	39	41	49	50	53	73	77	78	89	124	
26	17
6	9	11	15	16	28	32	40	41	42	46	53	61	66	77	89	183	
19	16
0	5	9	11	13	14	19	22	28	32	33	36	38	46	70	78	
21	17
4	6	8	10	11	12	14	22	25	28	31	38	41	61	70	73	89	
24	18
6	7	9	10	11	22	23	24	25	32	40	42	48	50	53	59	73	89	
23	17
5	7	8	9	12	19	21	24	26	36	38	39	48	49	53	82	124	
24	17
0	3	5	8	12	19	25	30	33	34	46	49	52	59	66	73	78	
24	17
3	16	23	24	26	27	28	29	30	32	36	46	52	59	77	78	124	
25	18
4	7	14	18	19	22	27	31	33	35	36	38	49	70	73	77	78	124	
21	17
5	7	18	20	21	22	26	28	29	31	35	38	40	59	61	66	82	
24	19
5	6	11	12	16	19	22	23	25	26	29	30	31	40	49	69	70	79	82	
23	19
0	5	7	8	9	13	14	15	18	25	26	32	35	38	41	46	61	69	82	
27	19
5	7	10	12	13	14	20	35	38	39	41	46	49	50	52	53	66	77	78	
24	17
5	6	8	13	14	16	22	25	28	36	38	59	66	77	78	89	124	
26	19
4	5	7	8	20	25	27	32	33	36	38	40	42	46	50	66	79	82	124	
23	17
0	3	5	10	14	23	28	35	38	39	40	48	49	66	73	77	78	
24	17
0	3	9	15	18	22	28	32	34	36	38	50	52	59	66	70	124	
22	18
3	4	9	10	12	16	23	24	25	28	29	35	36	42	46	50	70	77	
25	17
3	4	5	8	11	13	18	29	33	41	48	50	52	53	59	69	124	
25	18
4	6	12	23	24	26	29	30	31	33	36	38	42	50	59	70	77	183	
20	17
0	6	10	12	19	24	28	29	31	33	36	39	40	42	53	66	79	
23	18
3	5	6	12	16	18	22	23	26	27	29	32	42	46	52	70	73	89	
26	18
3	7	9	10	13	16	20	22	23	30	32	39	46	53	61	73	78	183	
23	18
3	5	6	10	12	14	15	16	19	20	26	39	41	49	59	73	82	89	
23	19
3	7	8	9	12	14	15	21	24	26	28	32	34	35	40	50	66	79	82	
28	18
7	11	14	15	21	26	34	38	40	49	50	53	59	61	73	78	79	124	
24	18
3	4	7	8	9	13	20	22	24	27	30	33	35	50	52	79	82	124	
27	18
5	6	7	9	12	15	28	31	39	41	48	52	53	59	69	77	78	124	
21	17
9	10	11	14	19	22	25	27	28	32	35	38	39	53	69	73	89	
25	18
3	4	5	14	18	25	29	31	35	40	42	46	48	49	52	61	78	79	
25	17
3	12	18	20	21	24	30	33	34	41	42	50	52	61	78	82	183	
31	18
4	5	10	14	32	33	38	40	50	52	61	69	73	77	79	82	124	183	
27	18
9	11	14	16	22	23	27	28	33	36	38	39	50	61	78	79	124	183	
26	19
4	6	7	8	12	14	15	16	22	27	35	41	42	66	70	73	82	89	124	
23	17
0	7	9	11	19	21	29	32	36	38	42	49	53	59	66	73	77	
25	17
5	6	12	14	16	20	26	31	38	39	48	49	52	73	77	79	124	
19	16
0	5	9	19	22	25	29	30	34	36	38	40	42	59	73	78	
23	18
3	5	6	9	13	20	21	23	30	33	35	38	41	49	50	52	69	89	
25	18
3	4	8	10	15	22	29	33	34	36	41	42	48	50	59	78	89	124	
20	17
3	9	13	15	16	19	22	25	27	28	29	32	34	40	48	66	70	
27	18
5	7	8	9	15	25	32	38	39	40	49	50	52	59	66	78	82	124	
26	19
3	9	22	23	24	26	27	28	30	31	34	35	36	46	50	61	69	79	124	
22	17
3	4	5	11	14	24	26	28	31	34	35	39	48	50	66	73	77	
27	19
3	4	8	9	14	15	18	21	24	33	40	46	49	50	53	61	69	73	79	
23	18
0	10	15	22	25	26	29	33	35	36	38	39	40	59	61	69	79	82	
24	17
0	3	4	13	15	20	26	29	32	33	41	50	59	61	78	82	124	
19	17
0	4	5	6	8	11	12	15	21	22	23	35	36	39	40	49	52	
22	19
5	9	10	13	15	20	21	23	24	25	27	28	29	30	33	38	69	70	79	
25	18
3	5	8	10	11	12	20	23	27	28	30	34	36	49	61	70	89	183	
25	18
6	9	11	14	22	24	32	33	38	40	42	46	50	61	66	78	82	89	
27	18
0	4	6	10	12	13	14	15	20	22	25	32	52	77	79	82	124	183	
26	18
3	4	9	13	20	27	28	29	30	34	40	41	48	50	53	69	82	183	
25	17
0	3	5	13	21	22	24	25	30	35	41	46	48	52	61	73	183	
23	16
4	6	10	11	16	19	21	22	35	42	49	70	73	78	79	124	
21	17
0	7	8	13	20	21	24	25	27	31	35	36	38	41	70	82	124	
24	17
4	6	9	15	21	23	24	28	30	39	40	46	48	52	53	66	124	
24	16
0	7	10	14	22	28	30	33	36	38	39	48	66	70	124	183	
26	18
3	6	11	15	16	22	24	27	28	29	38	46	52	53	61	66	82	124	
21	18
0	3	4	12	15	16	20	26	28	31	33	35	39	41	42	59	61	66	
24	18
5	6	10	11	16	18	19	21	33	35	39	42	49	50	70	73	82	89	
22	17
3	4	6	9	12	19	21	25	28	29	31	38	40	52	61	78	124	
25	18
3	4	5	6	9	10	11	19	22	28	32	34	40	61	77	78	79	183	
25	17
3	4	6	8	10	11	13	21	29	31	52	59	66	70	78	79	124	
21	18
3	5	14	15	16	22	23	25	26	27	31	33	34	39	41	77	82	89	
21	18
4	5	6	7	8	13	15	19	22	28	29	30	31	35	36	52	69	82	
21	17
4	5	9	12	13	14	18	28	30	31	38	40	42	50	66	73	82	
22	16
3	4	7	12	15	16	22	23	34	35	39	49	50	70	79	124	
24	17
3	4	5	19	20	22	24	26	30	36	38	50	59	69	70	77	124	
25	18
3	4	5	7	8	11	13	18	21	23	31	35	39	46	52	73	78	183	
24	17
6	12	18	20	21	22	30	33	34	36	40	41	48	49	59	82	183	
26	18
5	6	9	11	13	16	18	22	23	24	32	35	46	50	66	69	82	183	
20	17
0	5	11	13	15	21	23	27	28	30	32	33	36	38	53	59	69	
31	18
3	6	9	10	12	21	30	34	48	53	59	61	69	70	77	78	124	183	
29	18
4	6	10	12	21	24	26	29	31	38	66	69	70	77	78	89	124	183	
29	17
3	13	18	20	24	27	29	32	46	50	52	53	61	66	82	124	183	
27	19
5	9	15	16	18	21	23	25	26	31	35	38	39	46	53	61	69	70	183	
26	17
6	7	14	15	22	28	29	35	40	41	46	49	59	61	82	89	183	
21	16
3	5	11	18	19	22	24	28	32	38	40	46	49	66	73	82	
24	17
5	8	15	19	22	23	25	26	34	36	38	46	48	50	78	82	124	
25	19
0	5	12	14	19	21	23	24	25	27	28	31	34	38	41	73	77	82	183	
26	19
7	11	14	19	21	23	25	29	32	33	38	42	46	53	61	70	77	82	89	
22	17
5	6	7	8	9	10	11	19	22	27	36	39	70	77	78	82	89	
28	17
6	9	11	19	22	26	27	35	36	46	53	61	78	82	89	124	183	
25	19
6	9	13	16	18	19	25	26	27	31	32	33	34	40	42	77	78	82	183	
28	19
3	10	11	13	15	16	19	22	29	35	39	40	49	52	61	69	70	79	183	
28	20
5	6	7	8	9	12	24	25	26	27	34	39	41	49	53	61	69	77	79	124	
25	18
0	3	5	11	22	24	26	28	29	35	36	41	50	52	61	69	77	124	
24	19
4	6	8	9	10	12	14	19	20	27	28	32	34	40	48	52	66	70	89	
25	19
0	5	12	19	20	21	23	24	27	33	34	38	39	59	61	66	69	77	82	
27	20
0	7	9	10	15	16	18	20	23	29	31	32	38	40	42	46	52	69	77	183	
26	18
7	8	9	10	14	16	22	27	38	39	42	46	52	53	59	61	82	124	
24	17
3	4	6	11	22	27	28	29	34	35	38	42	49	70	73	82	183	
22	17
0	4	6	9	10	16	21	22	28	34	40	41	49	70	73	78	89	
19	17
0	6	10	14	18	19	21	22	25	33	34	35	36	38	39	49	59	
26	18
7	9	12	13	16	27	29	31	33	35	38	39	40	46	50	82	124	183	
25	18
0	3	10	11	15	20	21	28	29	31	36	38	49	59	69	77	79	124	
24	20
4	6	7	8	9	10	11	12	13	20	23	28	31	33	36	41	66	73	77	79	
23	19
3	7	8	10	15	19	21	23	24	27	30	33	35	36	41	49	59	69	82	
28	18
0	9	12	14	15	16	26	33	38	42	46	49	53	59	61	69	70	183	
26	16
0	5	15	23	26	30	38	40	42	48	50	52	59	69	124	183	
25	18
4	10	13	23	25	26	27	30	32	33	35	38	48	49	50	82	89	124	
29	20
6	9	19	20	22	25	28	31	34	35	39	41	49	50	59	70	73	78	82	124	
24	17
3	9	12	14	16	23	24	32	35	36	40	46	48	49	52	79	124	
20	16
0	3	4	5	6	12	19	22	25	28	40	42	48	49	52	61	
26	19
3	7	9	13	14	16	18	20	23	24	28	29	31	32	53	66	78	79	183	
26	17
8	10	14	18	19	25	27	29	33	38	48	49	61	73	77	89	183	
24	19
0	8	14	19	21	24	25	28	31	32	34	35	38	42	46	48	49	50	69	
28	20
3	7	9	10	11	27	32	33	34	35	38	39	50	59	61	66	69	70	82	89	
22	17
0	3	4	6	8	11	20	22	23	26	27	30	35	39	52	69	183	
22	17
0	3	4	6	8	12	15	21	22	28	32	35	40	41	49	61	183	
28	19
8	21	22	24	29	32	34	35	36	38	41	46	48	53	61	70	79	89	124	
22	19
5	6	9	12	13	15	18	21	23	28	30	31	36	40	41	42	50	53	82	
27	18
6	11	12	15	18	30	33	34	38	39	42	48	52	59	61	73	82	183	
25	19
6	12	13	14	24	25	27	28	30	33	34	35	40	46	50	52	69	78	82	
22	17
3	4	5	16	18	20	22	26	30	31	35	41	46	50	53	61	89	
24	17
10	11	12	15	20	30	34	35	38	39	41	49	50	53	69	77	124	
24	17
3	4	9	12	16	19	21	32	35	36	38	50	52	70	82	89	124	
21	16
0	4	5	6	10	11	16	21	22	25	34	35	36	59	77	183	
29	19
0	5	11	12	16	23	28	31	36	38	41	42	53	69	70	77	79	124	183	
27	18
9	13	18	19	20	21	22	24	30	36	38	46	50	52	66	70	77	183	
20	17
3	4	5	9	10	11	12	18	19	24	26	28	36	40	49	53	69	
30	20
0	3	6	8	11	16	19	20	22	27	29	30	40	46	49	50	59	61	124	183	
24	19
3	4	8	10	13	16	20	22	25	30	33	39	40	41	48	70	73	78	89	
27	18
12	13	16	19	21	22	26	32	38	39	41	49	50	59	73	77	79	183	
24	18
0	4	5	6	8	11	14	16	20	21	28	41	49	61	66	70	77	78	
23	17
0	4	5	6	8	15	19	21	24	26	30	38	41	46	48	49	183	
24	18
0	6	9	15	16	19	21	27	29	33	34	39	48	50	52	59	73	78	
23	19
8	9	10	13	15	18	20	22	25	28	31	34	35	38	39	59	66	69	73	
25	17
4	6	7	12	18	19	25	26	29	38	42	61	70	73	77	79	183	
22	17
4	6	9	10	13	21	25	28	32	33	36	39	48	50	53	70	79	
26	18
0	6	8	10	12	15	23	29	31	34	36	40	49	53	77	79	82	183	
22	17
0	3	5	11	12	19	20	24	30	31	33	40	48	50	77	82	89	
26	20
4	5	6	9	10	13	21	23	24	26	32	34	36	41	48	53	59	70	78	89	
21	17
4	6	9	10	14	18	19	26	28	32	38	39	42	50	52	61	82	
23	17
0	3	4	5	6	7	11	15	26	27	30	31	32	40	66	124	183	
26	19
3	4	8	10	12	14	15	16	26	35	38	39	42	50	59	77	78	82	124	
20	17
7	10	20	21	23	25	27	28	29	30	31	33	36	38	59	61	69	
25	18
6	11	13	18	19	21	24	29	30	33	34	38	46	49	69	70	73	124	
30	19
3	18	20	23	24	32	35	40	41	49	53	59	66	70	73	77	79	82	124	
25	18
3	16	18	21	22	25	26	27	29	36	38	41	59	66	70	73	77	124	
26	17
5	6	10	11	24	28	30	31	32	35	66	69	70	77	78	82	183	
25	17
0	6	8	9	12	13	14	20	25	35	41	49	66	70	73	79	183	
26	19
0	11	12	14	15	26	27	31	32	38	39	40	49	50	61	66	77	78	89	
26	18
7	8	18	19	22	24	32	33	34	38	46	49	53	59	69	70	77	78	
23	18
0	9	12	13	15	22	23	24	28	32	36	38	42	53	66	73	78	89	
25	17
3	5	11	13	15	21	25	28	30	38	46	49	50	59	73	77	124	
27	18
8	10	15	16	20	21	29	32	34	36	38	39	48	52	77	82	124	183	
21	16
3	5	11	15	16	22	24	25	27	28	38	48	50	66	73	89	
28	18
0	3	4	7	14	15	19	20	29	32	42	50	70	77	79	82	124	183	
24	16
3	5	8	11	12	14	31	34	41	46	48	50	53	61	89	124	
23	18
4	12	16	20	21	22	23	24	30	33	35	38	40	41	49	52	61	124	
24	19
0	3	9	15	16	22	23	26	27	29	30	32	36	41	46	69	77	79	89	
25	18
0	6	7	9	11	16	19	20	24	28	29	34	42	48	53	78	89	183	
25	17
3	9	12	14	15	21	24	28	35	39	42	50	53	66	79	89	183	
28	17
5	6	7	15	20	28	32	36	46	50	59	61	70	77	78	82	183	
27	19
8	11	13	18	19	24	28	32	38	40	42	46	48	49	61	70	73	77	82	
20	17
0	3	4	5	11	15	18	21	25	26	28	31	32	39	48	69	82	
27	19
3	8	9	10	12	14	16	28	32	35	38	39	49	50	52	69	73	82	124	
24	18
4	5	6	7	11	12	21	22	23	32	36	38	40	49	50	78	89	124	
27	19
4	8	12	15	21	22	24	27	28	38	40	41	42	50	59	79	82	89	183	
27	18
6	7	8	9	10	13	26	30	32	33	34	42	50	53	66	82	124	183	
25	16
3	4	5	14	28	29	32	46	50	52	59	73	77	78	79	89	
25	16
0	3	5	9	13	15	25	26	31	34	48	66	69	82	124	183	
26	18
3	6	10	12	14	16	20	23	33	34	36	41	52	53	73	78	79	183	
25	19
3	5	6	10	11	16	20	29	30	31	39	41	42	48	49	53	61	73	82	
24	17
6	7	9	19	20	23	25	26	39	42	46	48	50	53	59	70	89	
22	17
0	3	4	7	11	20	22	25	32	34	35	39	41	46	59	70	124	
20	17
0	5	6	7	12	19	21	25	27	28	31	33	40	42	50	66	78	
27	18
6	9	11	12	14	15	18	20	26	31	38	42	50	53	79	89	124	183	
22	15
5	15	20	23	30	32	34	38	39	49	50	59	69	78	124	
23	18
3	7	9	12	13	19	22	27	28	29	31	35	38	41	53	61	89	124	
29	18
6	16	22	23	26	27	30	34	39	40	48	50	59	61	69	77	124	183	
20	16
0	5	10	15	16	21	22	23	30	31	35	38	52	70	78	82	
24	18
4	6	8	12	13	19	20	28	29	32	33	38	42	50	61	66	89	124	
24	18
0	5	11	14	16	21	22	28	30	33	38	39	46	48	50	52	70	73	
22	18
4	5	9	11	12	16	18	21	25	27	31	32	38	39	46	70	77	89	
24	17
3	5	10	13	21	28	29	30	32	40	41	48	53	59	66	79	124	
27	19
0	4	7	8	9	12	13	14	25	30	31	35	38	42	46	70	73	124	183	
25	19
7	8	13	18	23	24	26	32	33	34	35	36	38	39	46	73	77	78	124	
28	20
3	6	10	14	16	18	19	21	22	25	33	34	35	36	40	48	52	89	124	183	
21	17
3	4	5	10	11	14	22	28	30	32	36	38	39	48	59	69	89	
23	18
0	4	5	9	10	15	16	19	20	30	34	35	38	39	46	48	52	124	
26	17
6	8	10	13	18	29	30	32	48	49	50	52	69	73	78	79	82	
22	16
0	3	5	12	14	18	20	24	32	34	38	46	50	59	73	124	
24	19
4	8	12	13	15	20	24	25	27	28	29	35	36	38	53	66	73	78	82	
28	18
6	11	12	19	23	30	31	34	40	42	48	52	59	73	77	79	89	183	
27	19
4	7	10	11	23	25	30	32	34	38	40	49	50	53	61	66	69	79	89	
28	18
6	8	12	16	18	19	23	28	32	36	41	48	52	78	79	89	124	183	
23	18
3	4	9	14	19	22	24	25	28	29	30	33	36	38	40	66	73	183	
25	17
0	3	5	8	9	13	15	16	19	32	42	52	53	66	79	82	183	
23	18
0	4	5	12	16	18	22	23	25	26	30	33	38	46	61	66	73	89	
23	18
0	3	4	8	11	13	14	16	27	32	38	39	41	50	61	69	78	82	
26	17
4	6	11	13	20	21	26	33	35	40	46	48	49	66	79	82	183	
27	18
5	11	13	18	21	24	33	36	38	40	42	50	61	66	73	79	82	183	
27	18
3	6	11	13	19	23	27	29	31	48	49	50	52	66	69	73	79	89	
27	18
4	18	19	22	34	36	38	40	42	49	52	53	61	66	69	73	79	89	
22	17
3	9	11	15	22	24	27	28	29	30	33	41	42	61	69	89	124	
25	19
3	5	15	16	18	19	21	24	27	32	36	39	40	49	53	59	66	69	79	
29	19
3	6	15	18	20	21	26	33	34	35	41	48	61	73	78	79	82	89	183	
26	17
0	4	6	20	27	31	32	36	38	48	53	66	77	79	82	89	124	
26	18
0	5	8	13	15	16	19	20	22	26	27	38	49	53	73	79	89	183	
23	18
4	6	9	15	21	22	23	25	26	28	32	33	39	46	53	59	70	77	
20	17
0	5	8	11	13	15	20	21	23	30	31	34	36	38	59	73	78	
24	18
4	6	7	11	12	13	14	16	18	21	23	26	30	52	59	69	78	124	
26	18
5	9	11	14	28	29	31	32	38	39	42	48	53	59	61	66	77	124	
22	18
6	7	9	10	15	18	19	22	23	28	30	35	38	40	48	59	73	78	
28	19
4	6	9	10	18	19	20	21	27	28	41	42	49	50	70	77	78	89	183	
27	20
3	4	6	10	15	21	24	26	31	32	33	36	38	42	52	61	79	82	89	124	
23	19
3	6	7	8	10	11	14	20	22	23	24	25	33	35	36	53	59	78	89	
28	18
3	7	14	15	18	22	23	24	25	32	38	49	59	78	82	89	124	183	
31	21
8	10	14	19	25	27	32	33	34	35	36	38	40	41	50	73	77	78	89	124	183	
25	19
0	3	4	7	12	19	21	24	29	30	34	36	42	48	53	59	73	78	79	
24	18
0	3	4	7	19	21	22	23	24	25	26	35	36	46	53	73	79	124	
25	17
3	13	15	16	18	26	27	32	35	39	42	48	52	53	61	89	183	
23	17
7	9	12	23	24	26	28	29	35	38	39	49	61	78	79	82	89	
25	18
18	24	27	28	29	31	32	34	38	40	41	42	59	70	77	78	82	124	
25	19
3	4	5	6	7	8	12	15	22	24	25	27	32	35	46	53	70	78	124	
22	17
3	7	8	15	21	22	26	27	28	29	40	41	52	53	59	70	82	
27	19
3	6	12	18	21	22	25	28	31	34	40	50	52	61	73	78	79	82	89	
22	18
4	5	6	7	11	12	14	15	18	19	20	26	30	35	39	48	69	124	
24	18
3	7	8	10	12	13	16	18	19	21	28	35	40	42	49	69	70	183	
22	18
3	7	9	21	23	24	25	28	32	33	35	38	39	42	59	66	69	70	
26	19
0	3	10	12	14	23	25	30	31	34	35	42	48	49	53	59	66	70	78	
27	18
3	6	11	12	23	24	26	28	31	41	46	50	52	59	61	70	78	124	
23	18
3	8	10	11	14	16	18	19	20	25	28	32	35	39	42	59	73	183	
27	18
3	8	9	10	11	13	22	24	33	35	36	41	50	78	82	89	124	183	
21	16
6	13	14	16	19	21	24	28	36	40	41	49	53	61	70	79	
28	18
6	11	12	15	19	20	24	29	33	34	35	49	53	59	73	82	124	183	
25	17
0	4	10	11	18	19	22	28	35	38	41	46	48	49	78	89	183	
23	17
3	4	5	6	8	13	14	16	18	20	32	42	46	52	61	89	124	
26	17
5	11	13	16	18	26	32	35	38	39	50	52	59	61	70	77	183	
27	19
3	6	8	9	16	19	24	26	28	32	34	35	42	52	53	59	73	82	183	
24	19
3	5	7	19	24	26	27	28	29	31	32	34	35	40	42	50	61	79	124	
21	17
4	5	6	9	12	13	19	21	24	26	27	33	39	49	59	66	78	
26	17
3	5	6	7	8	10	16	22	29	36	38	59	61	69	77	124	183	
19	16
6	7	12	18	19	20	21	22	24	28	30	32	38	53	61	79	
26	18
7	8	10	11	12	20	23	25	28	29	38	46	48	59	61	70	73	124	
26	17
10	11	12	14	15	16	20	30	31	35	38	49	52	61	66	124	183	
25	17
4	5	12	19	22	24	28	32	36	38	48	49	66	70	78	79	124	
27	20
5	6	10	14	19	20	25	27	28	31	32	39	40	48	53	61	66	69	70	79	
29	18
3	10	19	22	28	29	30	36	40	42	46	50	61	70	73	82	124	183	
27	18
3	4	6	8	12	13	15	16	19	30	42	50	52	53	61	69	79	183	
25	19
0	4	6	12	14	15	23	25	27	32	38	39	41	49	59	66	70	73	82	
25	19
6	8	10	14	15	16	18	22	25	27	30	34	35	36	42	48	53	79	183	
26	18
0	3	6	14	16	19	21	25	26	31	34	40	41	52	69	82	124	183	
25	20
3	5	8	10	11	18	23	24	25	31	32	33	34	39	42	46	61	69	78	89	
24	17
0	5	14	16	19	26	27	30	38	42	46	48	52	53	59	69	73	
24	18
6	8	11	14	22	23	25	26	28	31	34	38	41	59	61	69	77	124	
23	17
0	3	5	7	8	9	12	15	19	23	30	38	40	69	78	79	183	
24	17
0	5	6	9	11	12	16	28	31	32	34	42	53	59	77	89	183	
26	19
6	7	8	12	13	14	15	19	21	31	32	41	46	48	49	52	69	70	79	
27	19
6	9	12	13	14	18	23	24	27	29	34	39	59	66	73	77	78	79	124	
26	18
3	5	7	9	13	14	15	19	24	27	34	36	48	49	66	73	78	183	
22	16
4	5	6	7	9	15	20	22	24	28	30	41	48	50	69	183	
26	19
3	4	9	13	20	22	24	25	29	30	31	34	48	50	69	70	78	82	89	
24	18
4	8	11	12	16	19	20	27	33	36	38	40	46	49	50	61	70	79	
24	17
0	3	10	18	19	21	22	28	35	36	38	46	49	69	77	79	124	
27	19
0	5	6	8	10	11	12	14	23	25	26	28	39	59	69	77	78	89	183	
23	19
5	8	12	18	19	20	22	24	25	28	29	34	35	36	38	46	70	79	89	
23	17
4	6	9	16	22	23	26	28	36	38	42	49	50	61	66	70	89	
23	17
0	3	8	12	13	14	16	20	25	32	34	49	61	70	73	77	79	
24	17
3	7	8	9	22	23	32	36	39	41	52	53	59	69	77	78	89	
32	20
6	7	10	15	16	24	29	31	38	39	41	48	52	66	69	73	77	89	124	183	
27	18
3	4	5	6	8	13	18	20	24	32	35	38	46	52	61	78	124	183	
23	18
0	3	15	18	22	24	25	28	31	32	33	34	36	42	52	53	61	124	
18	17
0	4	5	12	18	20	21	23	30	31	32	33	36	38	39	40	69	
24	17
0	4	5	10	11	12	19	28	31	32	38	48	53	77	78	89	124	
24	17
0	3	10	11	12	14	28	29	33	36	59	66	69	73	79	82	89	
26	19
0	8	11	14	15	20	21	25	28	29	38	41	48	49	52	53	59	66	79	
25	17
3	4	5	8	13	15	21	27	30	39	48	52	59	61	70	78	124	
27	19
9	10	14	21	26	27	28	31	32	36	38	46	49	52	59	61	77	82	89	
25	18
7	8	13	18	19	20	21	28	35	36	38	39	50	52	69	78	89	124	
28	20
3	4	10	11	14	15	16	21	29	30	32	34	35	42	46	61	77	79	82	183	
23	17
0	5	9	13	15	18	20	23	27	31	38	46	48	52	66	82	89	
30	19
3	5	11	26	27	31	33	36	38	40	46	48	49	50	61	69	73	78	183	
22	17
7	10	14	18	19	21	27	30	36	38	39	40	48	49	61	69	79	
29	20
8	11	12	13	14	16	18	28	34	38	42	46	48	49	50	53	59	61	73	82	
25	19
5	10	13	14	15	21	22	24	27	28	31	32	38	39	40	69	77	82	183	
22	15
6	11	14	26	31	32	33	38	41	50	61	77	78	82	124	
26	19
3	6	11	13	16	20	21	23	26	29	34	38	39	49	52	59	73	77	124	
26	18
3	7	10	22	25	28	31	34	38	42	50	59	66	69	70	79	82	89	
23	18
3	6	9	11	12	15	19	20	22	30	32	34	35	38	42	66	73	183	
25	18
3	4	5	6	11	15	22	23	25	29	34	36	38	61	69	78	89	183	
26	19
8	13	15	18	21	25	28	34	35	38	39	40	46	48	59	70	77	78	79	
24	19
0	3	5	10	11	14	15	16	20	21	24	26	28	34	46	49	52	77	78	
26	20
0	3	5	6	9	10	15	20	23	24	26	27	29	34	41	42	48	50	89	183	
23	18
0	9	10	14	16	22	25	26	30	31	33	38	42	59	66	69	70	79	
31	19
4	6	7	8	22	25	26	29	31	42	46	53	61	77	78	82	89	124	183	
22	17
5	7	15	20	22	24	25	26	28	29	35	36	38	46	50	77	124	
24	18
7	8	9	19	21	24	25	26	33	35	36	38	40	50	59	77	78	124	
24	18
0	5	6	8	9	11	14	16	19	24	25	32	46	48	53	69	82	89	
26	18
3	4	5	7	9	11	12	22	30	32	33	36	49	69	73	77	89	183	
24	19
10	16	23	24	25	26	29	30	32	33	38	40	41	42	48	61	73	77	89	
28	18
0	6	7	9	13	15	20	21	27	30	34	48	53	59	61	73	124	183	
25	18
3	7	10	12	13	14	15	22	27	30	34	36	50	53	59	73	79	124	
21	16
0	3	4	6	7	8	12	15	18	26	31	38	59	66	82	124	
28	19
0	3	4	9	12	14	15	24	29	30	33	48	50	59	69	77	78	89	124	
22	18
0	6	7	9	11	12	15	16	24	25	27	29	32	35	52	53	73	77	
23	17
0	10	18	19	21	24	27	35	38	40	41	42	52	61	73	77	124	
27	19
5	6	8	11	13	18	28	32	34	35	36	40	42	46	59	69	70	73	183	
29	19
3	5	12	13	22	28	32	35	39	40	41	48	61	66	69	70	77	82	183	
30	19
3	9	10	12	14	16	27	30	33	35	49	53	59	66	70	78	82	89	183	
24	18
3	7	8	12	13	16	19	22	24	25	28	38	46	50	69	77	78	79	
26	19
3	6	8	13	20	21	23	24	27	28	29	35	48	49	59	69	70	82	89	
25	17
0	5	9	13	15	16	20	26	27	35	38	46	48	49	61	78	183	
26	20
0	3	7	10	11	12	13	19	20	27	32	33	36	42	52	53	61	73	77	82	
25	18
3	13	15	16	25	27	29	30	34	35	40	42	46	48	59	69	78	124	
25	18
3	13	16	22	23	26	27	30	36	39	40	48	50	59	69	78	79	89	
26	20
3	7	11	14	16	18	20	25	27	29	30	33	39	40	48	49	50	53	69	70	
22	17
0	6	10	13	14	16	18	19	21	27	33	35	38	40	59	78	183	
21	17
0	7	12	16	19	22	30	31	33	35	36	38	40	61	66	69	78	
26	19
3	4	7	10	13	16	19	20	26	28	30	34	39	48	59	61	66	78	124	
28	19
5	6	7	19	20	21	23	27	29	30	33	50	59	69	70	78	82	89	124	
24	19
7	10	11	15	16	19	22	27	28	30	33	36	38	39	46	52	53	77	78	
25	17
4	5	6	7	14	19	21	25	30	31	32	46	50	61	73	77	183	
32	19
0	6	18	21	26	33	34	41	46	48	49	53	59	69	70	73	77	79	183	
27	19
0	7	9	10	13	16	19	20	24	28	30	38	46	48	53	61	66	89	124	
22	17
3	10	12	13	16	19	22	24	27	33	38	41	50	61	77	79	89	
22	17
0	3	5	6	10	11	14	16	21	25	35	41	46	49	52	69	77	
30	19
6	10	14	16	23	25	32	34	35	38	46	48	59	69	70	77	78	79	183	
23	18
3	4	5	7	8	12	13	14	15	25	31	33	41	48	50	52	77	89	
25	18
3	9	10	11	15	16	22	27	29	34	40	41	52	59	73	77	79	124	
22	17
3	4	6	15	20	22	25	26	27	28	29	41	46	53	59	78	82	
29	18
5	6	8	9	10	18	20	24	25	46	48	50	59	69	73	78	89	183	
25	18
0	6	9	20	22	28	29	30	33	35	40	41	48	52	73	77	82	124	
24	18
3	5	6	8	10	12	14	28	30	33	40	41	59	61	66	70	78	79	
25	18
9	10	13	14	16	21	25	27	29	31	38	39	41	48	53	77	82	183	
28	18
3	9	10	14	21	25	28	34	35	40	46	49	50	73	77	79	82	183	
22	18
0	3	5	7	12	13	16	24	25	26	31	35	40	42	49	52	53	82	
26	18
3	11	18	21	22	23	26	32	36	38	39	46	50	53	59	61	78	124	
27	18
3	6	11	13	18	19	21	34	36	40	42	46	53	66	70	73	79	183	
29	20
4	8	15	20	23	25	31	32	38	39	40	41	42	48	53	59	61	66	69	183	
28	19
3	11	13	16	22	23	28	29	31	35	38	39	52	53	69	70	73	79	183	
19	16
0	3	4	7	9	11	12	13	16	20	23	27	35	46	61	70	
24	18
0	5	15	18	21	25	28	31	34	38	39	40	50	53	73	77	78	82	
24	17
5	6	11	12	13	16	18	19	26	39	49	50	59	73	78	82	89	
29	19
4	6	7	9	16	18	23	24	26	42	48	53	59	61	70	73	82	89	124	
26	18
5	10	13	16	24	30	32	35	38	42	46	48	49	50	52	66	70	77	
26	17
6	8	11	15	20	22	35	36	40	41	48	49	53	61	73	77	183	
24	17
0	3	5	6	11	13	30	32	38	41	46	49	50	53	77	78	89	
29	19
7	11	12	13	18	26	27	28	29	36	38	46	48	52	53	77	79	82	183	
24	19
0	6	9	10	13	19	21	22	26	32	33	35	36	39	46	50	59	61	82	
22	17
0	3	5	8	10	14	16	22	28	30	33	36	41	48	59	66	124	
27	19
5	6	7	10	12	13	21	25	28	30	32	40	41	42	46	52	79	124	183	
25	18
4	5	6	10	13	15	18	30	35	36	38	42	48	52	53	61	82	124	
22	17
6	8	13	14	15	16	21	26	28	32	35	40	42	52	61	77	124	
24	17
4	6	9	11	12	13	16	18	22	23	26	49	59	61	79	82	124	
28	20
0	4	14	15	19	24	25	27	28	31	33	35	38	48	49	52	59	66	78	124	
29	18
7	10	18	28	32	34	38	39	46	50	59	61	70	73	77	78	82	124	
26	17
3	4	5	12	14	24	28	29	32	35	49	50	59	66	73	82	183	
21	18
4	5	6	8	11	12	18	19	21	24	27	28	30	36	39	49	61	70	
26	19
3	4	7	10	15	23	25	26	30	32	33	39	49	53	59	61	66	70	79	
24	19
5	6	9	10	13	18	19	23	24	25	32	35	38	40	49	50	66	70	73	
28	17
0	3	10	12	28	29	31	35	36	52	73	78	79	82	89	124	183	
25	18
0	5	8	12	14	15	19	24	28	38	40	59	66	69	73	78	79	89	
24	18
5	7	8	9	10	12	20	24	28	33	38	39	48	50	52	70	77	79	
23	18
3	6	19	21	25	26	27	29	31	33	34	39	42	50	59	66	70	89	
23	17
3	4	7	12	20	28	29	31	34	40	41	42	48	50	70	79	124	
25	18
5	8	12	13	18	21	27	30	38	39	40	50	59	61	66	78	79	89	
21	18
3	5	12	15	16	19	21	23	26	28	29	31	33	36	41	46	50	53	
28	18
4	6	7	8	13	20	21	23	32	33	34	48	52	77	78	89	124	183	
21	17
3	6	9	13	14	15	16	19	21	27	28	30	34	40	41	89	183	
24	19
0	3	4	5	8	10	18	19	22	25	26	28	29	36	42	53	66	70	124	
21	17
0	3	6	8	11	12	14	16	19	26	27	33	40	49	59	66	73	
24	17
0	5	10	13	15	16	18	28	30	31	32	38	59	61	77	82	183	
28	18
16	20	24	29	32	36	38	41	49	50	52	59	66	69	77	79	82	89	
24	17
0	4	5	13	14	24	25	30	34	38	46	48	50	69	70	82	89	
21	17
3	6	11	13	14	16	25	26	27	28	29	35	40	48	49	69	70	
26	16
6	8	12	14	15	16	28	32	50	52	66	69	78	79	89	183	
25	19
0	5	11	16	18	21	22	24	27	31	36	38	39	41	61	73	77	82	124	
22	17
4	5	6	10	12	23	29	31	32	34	38	41	49	53	70	78	89	
27	18
5	11	12	14	20	22	24	25	31	32	38	50	53	59	66	73	77	183	
21	18
9	11	14	15	16	18	20	22	23	28	30	33	38	39	40	46	48	61	
27	19
4	5	8	15	16	22	27	32	36	38	41	42	46	50	53	69	70	79	124	
26	18
3	5	9	11	14	19	22	23	25	27	36	38	39	48	50	59	124	183	
25	17
0	3	5	8	10	15	19	22	30	32	42	52	61	70	73	77	183	
25	19
0	6	7	12	18	19	21	25	27	30	31	32	38	42	50	61	69	89	124	
26	19
0	5	7	9	10	11	12	13	29	38	39	41	49	66	69	73	77	79	82	
26	18
4	9	13	18	19	25	30	31	38	40	41	48	49	61	66	70	77	124	
24	18
0	8	12	14	16	19	21	24	25	28	38	40	49	50	61	69	78	79	
27	20
5	6	7	11	18	21	26	28	29	31	32	33	34	49	53	59	61	69	78	89	
27	18
3	4	5	6	8	10	16	30	32	36	38	41	49	52	53	77	124	183	
26	18
4	6	9	10	12	13	14	16	20	21	33	46	49	61	70	73	89	124	
26	17
0	6	9	10	11	12	19	23	30	38	41	50	53	73	79	124	183	
21	17
4	6	9	15	21	23	28	31	32	35	36	38	40	41	49	61	124	
25	18
0	8	10	13	14	21	24	27	33	38	39	46	61	66	73	79	82	89	
23	18
0	6	8	10	21	23	29	30	32	34	35	40	42	52	59	70	78	89	
24	18
3	5	9	15	22	23	25	27	33	34	39	40	48	50	61	73	77	89	
24	17
3	4	5	12	24	27	29	30	31	33	34	52	53	73	77	79	124	
23	16
11	12	14	18	24	25	28	30	38	41	46	50	61	77	82	124	
27	19
6	10	12	15	21	22	25	27	31	32	35	42	49	52	53	59	61	89	124	
29	19
0	3	5	10	20	22	30	31	32	39	41	46	52	59	61	70	78	82	183	
26	17
3	10	14	24	30	32	33	38	39	49	52	59	61	66	69	70	124	
21	18
0	5	6	7	11	14	16	18	25	26	27	28	31	32	33	46	77	78	
21	17
3	5	6	8	10	12	15	16	20	21	30	31	33	41	69	78	124	
25	19
0	3	4	6	10	16	22	25	26	35	36	41	42	49	52	61	66	69	82	
23	18
4	5	9	10	11	12	23	25	26	30	32	34	38	39	59	61	78	124	
29	19
4	6	7	8	9	11	21	25	31	39	46	53	59	66	70	77	78	82	124	
30	19
4	6	13	18	20	27	29	31	34	48	52	61	66	70	73	77	78	82	124	
22	16
0	3	5	7	9	11	12	22	28	36	38	48	50	59	79	124	
20	17
3	4	5	9	12	13	15	18	19	21	24	28	40	42	48	49	79	
26	18
0	4	5	6	7	22	30	39	40	41	46	48	50	61	69	70	78	82	
23	17
0	3	5	9	21	23	27	33	36	39	40	48	50	59	66	69	70	
24	17
4	6	9	13	15	16	25	30	31	32	33	34	46	48	73	79	183	
23	17
3	4	5	10	14	15	16	18	25	31	32	49	52	61	73	77	89	
27	20
6	11	13	16	18	19	21	22	28	29	30	32	34	35	39	52	69	77	82	183	
22	18
3	7	9	12	19	22	23	27	28	36	39	40	41	42	48	49	61	70	
25	18
0	6	10	13	19	21	23	31	35	36	38	41	49	52	70	73	79	124	
27	18
6	7	8	15	18	20	22	25	34	35	40	42	49	52	53	59	124	183	
27	17
3	6	9	11	13	16	25	35	40	48	49	66	70	78	79	82	183	
23	19
0	6	7	12	14	16	18	21	22	23	24	27	30	35	38	59	66	77	78	
26	19
6	8	9	13	15	20	23	25	26	32	33	39	42	59	66	69	78	79	124	
21	16
3	5	11	15	16	18	24	25	27	35	36	46	48	49	61	89	
24	18
4	5	6	14	21	26	28	30	33	36	39	40	46	50	59	66	77	82	
29	18
4	5	6	10	12	18	23	27	39	40	50	52	53	69	73	79	124	183	
23	16
6	13	15	21	26	30	32	34	39	41	48	50	53	59	78	124	
23	16
4	7	8	11	18	23	25	30	32	38	50	53	59	61	69	124	
27	19
4	6	15	21	25	26	27	29	30	31	34	48	50	52	66	73	78	79	89	
23	17
3	5	6	14	15	16	23	25	27	29	32	35	41	49	59	77	183	
25	18
4	7	10	14	19	20	22	23	29	30	38	48	49	66	69	73	78	89	
32	19
0	4	5	6	9	10	24	27	32	49	52	53	61	66	69	73	89	124	183	
26	18
0	3	9	11	13	16	21	22	23	25	32	46	53	66	70	73	77	124	
22	15
7	14	15	19	22	26	28	30	36	38	50	52	77	79	183	
28	19
3	6	8	13	19	20	24	25	29	34	39	48	59	61	66	77	78	82	124	
25	19
0	3	11	12	19	21	24	26	27	28	30	32	36	48	59	61	66	69	89	
21	17
0	6	7	8	11	18	19	22	25	31	33	39	40	42	66	69	124	
24	17
10	11	14	15	16	21	30	38	39	40	48	61	69	70	79	82	89	
28	18
3	5	11	18	19	26	32	35	39	42	46	48	50	70	78	79	82	183	
26	17
3	8	12	13	14	15	27	29	33	41	50	52	53	59	61	77	183	
27	18
0	3	12	13	27	29	31	34	35	41	50	52	59	70	78	79	89	124	
21	18
0	3	7	8	15	16	19	22	24	25	30	31	34	35	41	48	69	70	
27	19
0	6	7	22	25	28	29	30	32	33	35	41	52	61	66	70	73	78	124	
29	18
9	12	19	20	26	34	36	38	39	40	52	53	59	61	69	77	124	183	
27	19
6	8	9	10	12	14	20	23	24	30	40	42	49	53	66	73	78	89	124	
26	18
0	4	8	9	13	14	22	28	32	33	38	40	46	50	66	70	78	183	
29	19
3	5	7	13	16	18	26	29	33	34	35	42	48	50	52	77	89	124	183	
19	16
0	3	4	8	10	13	21	22	26	27	28	39	41	52	59	82	
24	18
0	3	9	11	12	14	16	26	30	31	32	34	38	48	61	77	82	124	
26	18
3	7	10	11	22	25	26	29	32	34	42	49	53	59	61	73	82	124	
24	17
0	3	12	19	20	21	26	27	33	34	35	41	61	66	73	77	183	
25	18
3	5	6	10	20	22	26	27	28	29	34	35	48	50	59	61	78	124	
27	19
3	5	8	13	15	19	22	24	30	34	36	41	50	59	66	70	73	79	124	
27	18
0	3	12	15	18	21	26	33	34	36	42	50	53	59	61	69	77	183	
23	19
3	4	7	9	10	12	15	21	23	24	29	30	32	33	40	41	42	52	183	
26	16
0	3	6	11	12	15	18	31	38	48	52	53	61	73	124	183	
26	19
5	9	10	15	19	21	23	26	34	36	38	42	49	66	70	77	78	82	89	
25	18
6	9	11	12	15	19	21	28	35	36	38	39	50	52	59	73	89	124	
25	18
4	5	6	11	12	16	20	25	27	32	35	36	46	48	50	53	77	124	
25	17
4	6	9	10	12	16	23	26	28	35	42	46	50	52	61	77	183	
26	18
6	7	8	9	13	14	15	16	21	28	39	48	50	52	77	78	89	124	
26	17
6	9	11	13	14	18	25	27	30	32	48	53	59	61	79	82	183	
24	18
5	7	15	16	20	23	28	30	32	36	38	39	42	49	52	53	59	124	
27	18
0	3	5	9	13	15	22	24	25	31	36	48	61	66	70	82	89	183	
26	18
0	3	5	8	10	13	21	22	23	34	35	39	46	49	61	70	77	183	
23	18
3	5	6	7	11	13	14	16	25	26	28	29	34	48	52	59	77	82	
25	19
0	4	7	13	14	19	21	22	28	29	35	36	38	41	49	50	66	73	124	
24	16
0	5	15	20	21	26	28	29	32	38	48	53	66	77	82	183	
24	18
7	9	13	22	23	25	26	30	32	36	38	40	49	50	53	73	77	82	
22	18
0	3	12	18	23	26	30	31	34	35	38	40	41	42	49	50	61	79	
25	18
0	5	12	13	14	23	25	26	35	38	42	46	48	49	50	61	73	82	
27	18
3	6	8	13	20	22	26	27	29	36	40	49	50	52	53	59	70	183	
21	18
0	4	10	13	15	16	21	25	26	27	30	31	35	38	40	48	78	79	
23	17
0	5	8	12	18	19	22	31	32	34	35	38	40	50	79	82	183	
27	17
6	7	9	11	12	16	26	28	40	49	52	61	70	77	79	82	183	
28	18
12	16	19	26	30	34	35	38	39	41	42	52	53	61	79	89	124	183	
23	17
9	15	16	19	20	21	23	25	35	36	38	46	49	59	66	73	79	
25	16
4	5	8	11	22	27	38	39	48	49	61	70	77	78	79	124	
23	18
3	4	13	14	15	21	22	24	26	27	32	40	42	49	52	78	82	89	
23	18
0	3	5	8	11	14	18	20	25	29	31	36	38	48	52	53	69	82	
24	19
7	8	9	12	22	23	25	28	29	31	38	39	40	41	48	53	73	77	89	
26	18
3	7	9	11	12	15	19	23	25	27	34	46	50	61	77	78	79	124	
27	18
4	6	12	22	23	27	30	32	36	48	49	52	59	61	77	78	82	89	
24	18
0	3	4	8	10	12	14	20	23	27	30	31	32	39	52	61	66	183	
21	17
0	3	4	13	15	16	18	22	24	25	26	33	41	49	59	70	78	
23	18
0	9	10	11	14	16	19	20	26	28	32	35	38	39	42	69	79	183	
24	17
4	6	10	14	18	19	21	25	27	28	31	35	49	53	69	70	183	
25	16
5	6	9	10	11	12	15	16	23	34	53	59	73	77	124	183	
24	18
6	8	9	11	13	18	21	23	25	28	33	39	40	42	46	48	79	183	
27	19
4	9	10	15	16	20	27	33	36	38	39	40	42	46	48	59	61	77	183	
26	18
0	3	4	7	9	19	22	23	26	27	30	38	40	77	78	79	124	183	
27	18
3	7	8	12	15	21	22	30	38	39	46	48	52	69	73	78	79	124	
22	17
5	6	11	14	19	20	22	26	30	32	34	36	38	52	78	82	124	
27	19
7	10	12	13	16	18	23	26	27	30	33	38	49	50	53	61	69	78	124	
27	20
0	3	11	13	14	19	22	25	26	32	38	41	42	48	52	53	69	78	79	82	
26	20
3	5	8	18	20	21	23	25	32	33	36	39	40	41	49	52	66	77	79	82	
27	19
5	12	13	14	23	25	30	31	38	40	42	49	50	52	53	66	69	79	89	
23	18
4	6	8	10	12	15	16	18	19	26	27	29	35	40	42	52	89	183	
25	17
16	21	22	23	24	26	35	36	38	40	46	50	66	73	77	79	124	
23	19
0	7	8	10	13	14	23	27	31	32	34	35	36	38	39	48	50	53	70	
22	16
0	3	5	9	10	11	13	15	18	25	32	36	59	77	82	183	
25	19
3	9	10	13	15	19	22	23	28	33	36	39	40	41	42	49	52	77	183	
25	18
3	4	5	6	9	10	11	16	21	24	27	35	61	69	78	82	89	124	
23	18
3	5	14	15	16	20	22	24	28	29	31	34	36	38	52	59	69	124	
25	20
6	8	10	16	19	21	24	26	29	30	33	34	36	41	42	50	59	70	77	89	
23	16
5	6	11	12	14	19	28	34	39	49	50	53	70	77	78	79	
25	18
0	3	8	9	12	13	16	20	22	23	26	35	40	46	48	66	70	183	
26	18
6	7	11	12	13	19	22	28	29	32	35	42	49	52	59	69	79	183	
24	18
7	11	13	14	16	18	21	23	27	29	31	38	40	52	69	79	82	124	
25	18
5	7	8	12	13	16	20	21	25	28	38	40	41	49	50	52	79	183	
25	18
0	3	4	11	13	19	20	22	25	28	38	48	49	52	66	73	79	82	
24	18
3	4	8	10	13	16	21	22	23	25	32	36	49	59	61	73	79	89	
22	18
0	4	6	7	10	12	21	23	30	32	35	36	38	40	48	59	61	79	
27	19
0	6	7	9	10	11	21	22	25	26	36	38	50	52	59	69	70	79	124	
26	18
0	5	7	9	15	19	24	26	28	31	38	42	48	50	53	70	79	183	
23	17
7	10	23	25	27	28	29	30	32	34	35	38	59	66	69	70	124	
24	17
3	4	6	8	13	14	18	19	32	34	39	40	52	53	78	79	183	
25	17
4	11	16	20	22	27	33	38	41	46	50	52	61	66	70	77	89	
23	18
3	8	9	14	18	22	23	24	25	29	33	34	36	46	49	50	61	66	
23	17
0	4	5	9	15	22	27	34	36	38	40	42	50	70	82	89	124	
24	20
5	6	9	10	15	18	19	22	23	26	32	33	36	38	39	42	50	69	79	89	
24	18
3	4	7	13	21	24	26	28	29	30	34	42	49	50	53	70	82	89	
25	17
3	5	9	11	13	15	18	19	32	38	39	46	61	69	77	82	183	
26	17
0	3	8	9	11	12	14	19	20	49	53	61	70	78	82	89	124	
26	18
6	8	9	11	12	18	23	29	32	33	34	42	59	61	66	69	82	183	
23	16
3	5	10	12	23	28	31	34	39	49	50	59	69	70	79	82	
22	18
3	8	10	12	15	19	22	24	25	27	30	31	35	41	49	59	61	66	
24	18
0	7	11	12	19	20	24	27	31	35	38	39	42	59	70	77	82	124	
20	17
0	6	9	10	13	14	16	19	20	28	29	32	39	42	49	52	66	
24	18
6	7	9	11	12	13	23	25	28	33	36	40	49	50	52	53	66	79	
21	17
3	4	7	9	14	19	22	25	26	28	36	38	40	50	53	78	79	
30	20
6	11	16	19	26	30	32	34	39	40	42	46	48	49	50	52	53	69	73	124	
23	18
3	8	10	11	12	14	16	24	28	29	31	36	40	48	66	73	79	82	
25	18
4	5	6	7	8	12	16	22	24	29	30	35	42	46	48	52	61	183	
24	17
6	12	14	18	24	25	28	34	38	39	50	66	69	70	77	79	89	
20	15
5	9	10	19	23	25	26	30	38	42	46	48	50	70	89	
25	19
7	9	10	12	13	23	25	26	28	29	32	36	38	39	49	53	59	70	124	
22	18
3	5	8	13	14	16	18	22	26	29	34	35	36	39	40	48	49	124	
23	19
6	7	9	10	11	12	18	19	23	24	27	28	30	36	39	49	77	78	89	
21	18
6	8	9	11	14	18	19	21	22	26	28	36	39	40	42	70	77	89	
22	19
3	4	6	7	9	14	15	16	20	25	29	32	39	40	41	42	49	59	78	
24	18
3	11	18	20	26	28	29	30	31	32	36	42	48	50	52	61	70	73	
22	17
3	5	6	12	13	14	15	21	25	31	35	42	48	53	61	70	89	
25	16
3	4	5	8	12	20	28	30	33	48	50	59	73	77	78	183	
27	19
3	11	12	19	23	25	28	31	34	38	39	41	42	46	49	52	61	69	183	
23	19
5	6	12	16	21	22	23	26	27	29	32	35	39	40	42	49	52	70	77	
23	17
3	5	6	16	20	30	31	32	35	36	38	39	66	73	77	79	124	
21	18
3	6	13	14	15	16	18	25	28	31	32	34	38	40	42	49	59	89	
24	18
0	4	14	16	22	23	24	25	33	36	38	41	59	69	70	77	79	82	
25	18
7	8	9	11	14	16	20	22	24	27	28	38	50	69	70	78	89	124	
22	17
4	5	6	7	9	13	19	21	24	26	27	34	39	46	48	82	124	
24	17
3	4	11	13	19	20	28	29	30	32	38	42	66	69	73	77	183	
23	16
3	5	10	16	18	20	25	32	40	48	49	50	52	73	77	79	
25	18
11	13	15	20	22	25	29	30	34	35	38	41	49	61	73	78	82	124	
23	18
0	5	6	11	12	14	19	27	32	33	34	36	38	49	53	69	78	89	
20	18
3	7	8	10	13	16	19	20	25	28	29	31	32	33	36	39	49	79	
28	20
3	10	11	13	14	20	22	23	24	25	27	28	31	32	35	49	59	73	124	183	
25	19
5	6	7	8	11	12	19	20	23	28	33	35	40	41	42	48	53	70	183	
22	18
0	3	4	6	7	9	11	12	18	19	27	32	35	38	52	61	73	77	
27	19
6	8	9	11	12	13	16	18	26	28	33	34	35	40	52	70	78	124	183	
23	18
4	9	10	15	21	26	28	29	32	35	38	41	42	61	66	70	82	89	
22	18
5	11	15	19	21	23	25	26	31	32	35	38	39	42	48	49	52	66	
23	19
0	3	6	7	8	9	16	19	22	26	28	32	33	38	40	52	59	66	78	
21	17
3	4	10	13	14	18	23	26	28	29	35	39	42	48	49	52	66	
20	17
0	3	4	5	7	8	9	10	22	26	31	33	39	41	46	49	69	
24	16
3	5	13	15	16	18	24	38	40	48	49	52	59	73	77	124	
22	17
5	8	12	13	16	18	21	24	28	29	38	40	41	46	52	79	124	
20	17
3	5	8	9	11	12	13	14	19	27	28	31	32	39	77	78	82	
24	17
0	8	18	20	21	22	27	32	34	36	38	59	66	70	73	77	124	
23	18
5	6	8	13	19	20	21	25	26	35	39	40	42	48	49	69	77	89	
25	20
6	11	15	16	18	25	26	29	30	31	34	35	36	40	42	46	48	66	82	89	
21	16
3	5	12	15	16	18	20	28	33	34	38	40	49	59	73	124	
22	16
3	10	11	12	14	22	29	30	33	34	36	59	66	73	82	124	
26	20
0	7	12	14	16	20	22	25	26	32	33	34	38	40	50	53	61	77	78	82	
26	20
0	8	9	11	13	15	18	20	27	29	31	33	36	38	48	49	69	70	79	82	
26	17
10	18	24	25	27	32	38	40	41	50	53	59	61	66	77	82	124	
22	18
4	5	6	8	9	10	16	21	28	30	31	34	35	36	52	73	77	82	
20	17
0	5	6	10	12	13	14	15	16	19	26	33	39	40	50	59	82	
24	20
3	4	5	6	12	13	15	22	23	24	25	28	32	35	36	40	50	53	73	78	
25	19
0	11	13	14	16	21	23	27	29	30	35	36	38	39	46	66	79	82	124	
30	18
3	5	6	12	18	19	33	36	41	49	52	61	73	78	79	89	124	183	
29	18
4	6	8	9	11	25	28	34	42	46	48	50	61	70	78	79	89	183	
30	20
3	5	7	9	15	16	18	21	33	35	36	39	40	46	48	53	66	70	124	183	
22	18
4	5	6	14	15	20	21	27	28	30	32	35	39	41	48	49	52	82	
24	18
0	5	9	11	14	21	22	23	25	35	36	38	40	50	52	59	77	124	
23	18
7	12	13	15	16	18	26	27	35	36	38	39	42	61	77	78	82	89	
22	17
4	5	6	13	15	16	20	23	25	35	36	40	48	49	70	79	89	
23	18
6	7	8	9	13	16	19	21	22	23	24	30	38	46	49	52	53	69	
23	17
4	5	9	12	14	15	16	19	25	29	30	34	38	59	73	78	183	
25	19
3	8	9	12	13	14	18	22	23	26	32	39	41	42	46	52	73	78	124	
24	17
6	8	13	16	20	21	22	23	34	35	46	48	52	53	61	78	89	
19	16
3	11	12	16	20	23	28	29	31	33	36	40	41	50	53	79	
23	19
5	7	15	16	18	21	23	25	30	31	32	33	35	38	40	49	50	66	73	
26	18
4	9	10	13	16	18	22	31	32	34	38	48	49	53	77	82	89	124	
23	17
5	6	7	8	10	14	16	22	29	30	31	36	38	49	52	82	183	
22	19
0	7	9	10	12	15	23	25	26	27	32	34	35	36	38	40	73	77	78	
25	17
4	5	6	19	21	22	23	25	33	40	41	49	59	70	77	78	183	
26	18
6	8	15	16	18	25	28	32	33	34	46	49	52	53	59	73	79	82	
22	17
3	4	5	8	12	13	15	25	31	33	35	36	49	52	59	78	89	
24	19
3	7	10	12	18	23	25	26	28	30	35	36	41	42	46	48	50	53	66	
26	18
0	3	4	15	19	20	21	27	28	29	41	49	52	70	79	82	89	124	
24	18
15	19	22	27	28	29	32	33	36	38	40	42	50	59	69	70	73	79	
26	17
3	4	15	19	22	23	27	36	39	49	52	70	73	77	79	89	124	
21	18
4	5	6	7	11	12	16	23	24	25	27	30	32	35	36	41	69	124	
28	21
3	7	8	9	11	12	19	21	27	29	32	34	35	36	40	41	46	53	59	89	183	
23	19
0	3	4	6	11	12	16	18	19	20	24	25	26	27	28	46	50	70	77	
27	18
3	8	9	12	14	19	22	26	28	29	41	42	46	70	73	79	124	183	
29	20
0	8	10	12	13	14	24	32	33	38	39	40	42	52	53	61	70	73	78	183	
29	17
3	11	21	23	29	31	35	41	52	59	61	66	69	78	79	124	183	
27	19
5	6	7	16	21	22	26	28	33	36	41	46	48	49	50	53	59	66	73	
26	18
6	7	8	18	19	20	31	32	35	36	40	41	49	61	73	77	79	183	
24	19
3	5	6	8	13	15	19	20	21	25	30	32	34	35	41	42	70	89	183	
25	18
0	6	7	14	21	26	28	32	33	35	40	41	42	49	50	59	82	183	
30	19
3	12	15	19	20	24	31	34	36	48	49	50	59	61	66	70	73	82	124	
25	18
3	4	9	10	12	19	23	28	29	33	35	41	42	48	61	82	89	183	
26	20
4	5	7	8	18	20	22	23	30	32	38	40	41	42	46	49	50	69	70	78	
23	17
3	4	6	7	11	15	16	31	32	35	40	41	48	50	77	82	124	
25	20
4	6	8	9	13	16	18	21	22	24	25	31	32	34	39	49	69	73	78	82	
26	16
3	5	8	11	22	30	34	35	49	52	66	70	73	78	82	183	
23	19
3	4	5	7	8	11	12	19	21	22	27	29	31	32	36	52	61	69	89	
24	18
6	11	12	15	18	24	25	29	33	35	39	42	52	66	69	70	77	89	
28	20
7	8	9	12	13	26	28	29	31	35	38	39	41	50	66	77	78	82	89	124	
25	17
0	3	13	14	15	21	24	25	29	41	48	53	61	70	73	77	124	
23	17
0	4	5	6	10	19	21	23	24	26	30	31	35	46	52	77	183	
24	18
3	4	15	23	24	26	29	31	32	33	40	41	66	69	70	78	79	89	
28	18
3	7	8	10	20	22	24	25	30	33	40	49	53	66	69	70	124	183	
26	19
5	6	7	9	12	14	16	18	22	24	27	28	34	41	46	69	70	89	183	
24	19
0	7	9	11	12	14	15	19	20	26	27	35	36	38	41	46	79	82	124	
29	17
3	9	11	14	15	20	31	35	48	50	53	61	66	73	89	124	183	
22	17
5	6	11	12	15	19	26	28	29	31	34	35	50	59	77	78	82	
24	18
6	9	11	12	13	14	18	19	20	27	30	32	48	53	61	73	78	89	
23	17
3	5	6	10	13	16	19	22	25	32	33	49	53	59	73	77	78	
24	18
3	4	6	9	10	14	18	19	25	30	32	34	36	41	42	66	124	183	
26	18
3	8	10	16	23	25	29	30	33	40	41	48	53	59	73	77	78	124	
25	18
0	3	5	8	15	21	23	28	30	31	33	34	42	48	52	78	89	183	
26	16
0	6	13	14	19	25	26	32	40	50	59	66	78	82	124	183	
27	17
3	5	15	18	21	23	31	34	35	50	52	53	59	61	73	79	183	
27	18
3	4	11	12	16	28	29	30	38	41	48	49	52	70	73	77	79	124	
30	20
4	6	8	16	18	22	23	27	28	30	33	40	42	46	48	52	66	73	124	183	
25	18
3	8	11	15	20	21	24	28	29	34	36	38	40	41	50	79	124	183	
28	17
4	6	8	10	18	20	39	41	48	61	66	69	70	73	78	79	183	
26	18
3	11	13	18	22	29	32	33	34	40	50	52	61	69	73	79	82	89	
22	18
5	12	16	18	19	25	26	28	29	31	38	39	40	41	53	59	61	79	
26	17
5	6	10	19	22	24	25	27	35	40	42	53	66	73	77	124	183	
27	20
8	10	11	19	20	22	23	29	31	33	34	36	38	40	41	49	50	53	89	183	
19	16
3	4	5	6	8	11	16	19	22	25	34	38	39	49	50	70	
25	19
0	6	9	10	13	15	20	22	24	30	31	32	40	49	53	59	61	66	73	
24	18
0	3	5	6	19	20	22	28	29	34	38	40	42	49	50	53	78	124	
23	18
0	4	6	8	11	12	19	23	24	25	27	28	30	33	34	49	59	183	
23	18
3	4	7	9	12	18	19	24	28	31	34	36	42	49	53	59	61	73	
24	18
6	8	13	14	15	18	21	22	28	32	38	42	48	52	59	66	78	89	
26	19
3	7	9	13	15	21	24	26	29	33	34	36	40	46	53	59	73	89	124	
25	17
3	9	10	13	19	21	22	23	33	35	39	46	49	77	82	89	183	
23	18
5	6	8	10	14	16	21	22	25	26	33	35	42	49	53	70	82	89	
22	17
0	7	11	13	14	16	19	22	31	35	36	38	53	59	77	78	79	
26	18
0	3	9	11	23	25	31	32	33	34	41	42	50	53	61	73	89	183	
26	18
4	6	12	15	16	21	26	29	30	33	34	52	53	61	70	77	82	124	
23	17
4	6	12	13	22	27	28	29	30	31	35	48	52	61	77	82	89	
23	17
0	4	8	11	12	13	16	18	22	24	38	48	49	66	70	79	89	
24	19
3	9	10	15	16	20	22	24	29	30	33	34	38	41	49	59	70	73	89	
25	19
4	6	8	9	10	12	13	14	19	20	21	28	31	36	42	69	70	82	183	
24	18
3	6	8	9	10	11	19	25	28	29	32	36	42	48	50	79	89	124	
29	18
4	5	6	12	19	22	32	34	35	42	50	66	73	77	78	79	124	183	
26	20
0	6	10	12	13	15	16	24	27	28	31	36	38	39	40	48	50	53	82	124	
26	18
3	4	10	14	15	16	21	28	29	32	38	42	46	50	66	82	89	183	
23	17
3	14	16	18	21	23	27	28	29	35	40	52	53	59	69	70	79	
27	19
3	9	11	13	16	19	21	22	24	32	36	39	41	46	53	66	73	77	183	
26	17
5	6	9	12	13	16	28	33	40	42	49	53	66	73	77	79	183	
26	18
5	6	7	14	15	19	21	30	33	38	41	48	52	59	70	77	82	124	
21	17
0	5	9	12	13	19	23	26	29	35	38	39	40	52	59	70	79	
27	18
10	15	16	18	21	28	29	30	36	38	39	48	52	70	77	79	89	183	
28	19
6	7	9	13	22	26	28	29	34	39	42	49	59	61	69	73	77	82	124	
22	16
5	6	8	9	10	12	19	31	32	34	36	40	53	66	82	183	
