1000 
40	29
0	1	5	7	8	12	14	15	17	18	22	25	35	37	41	44	48	49	50	62	63	67	73	80	81	84	88	93	112	
40	29
1	9	10	12	14	15	20	21	25	27	28	31	32	34	35	36	38	41	51	52	56	62	65	66	69	73	89	112	122	
46	30
0	2	3	5	8	9	10	11	15	24	28	32	35	37	38	40	45	52	56	58	63	65	68	75	81	97	107	112	122	125	
42	30
0	1	3	4	6	9	18	20	22	24	29	32	35	36	40	48	50	52	59	64	65	66	68	69	75	78	81	88	89	96	
42	30
4	7	9	10	11	12	15	18	20	24	27	28	30	32	36	37	38	44	50	51	58	59	63	68	73	78	84	94	125	133	
51	32
1	5	8	9	10	17	19	22	28	29	30	31	32	35	38	45	48	56	59	61	65	67	69	75	77	80	96	97	107	112	125	149	
48	33
0	6	10	12	14	15	18	19	21	22	28	29	36	39	40	41	45	51	52	54	61	66	69	73	75	78	81	87	89	93	94	133	149	
47	32
1	2	3	5	12	14	15	17	18	24	28	31	32	39	41	43	44	54	58	64	65	66	68	69	75	77	81	87	88	93	97	125	
50	30
3	6	14	18	21	26	30	31	32	34	39	43	50	51	56	62	63	65	66	67	68	73	78	84	88	97	107	112	125	149	
44	29
1	4	7	9	15	18	19	24	26	31	36	41	44	51	54	56	58	64	65	66	67	68	69	73	80	87	93	97	133	
44	31
1	3	5	6	8	11	12	15	18	21	22	32	35	36	37	39	40	43	45	48	52	56	62	63	65	75	88	97	112	125	133	
54	33
3	4	6	10	11	17	20	21	29	32	34	36	42	43	45	50	51	56	61	69	73	77	80	81	84	87	96	97	107	112	125	133	149	
43	31
0	6	7	8	10	17	21	24	25	26	27	30	34	37	40	41	43	48	50	52	54	58	61	62	65	75	80	93	96	107	125	
45	30
0	4	5	6	7	10	16	21	26	27	28	29	43	45	48	50	59	61	62	65	68	69	73	75	78	80	87	94	96	122	
41	30
2	4	5	7	9	11	12	14	24	25	27	37	39	40	41	42	44	45	50	51	56	59	61	65	75	78	80	81	94	125	
44	29
1	4	7	8	10	12	14	15	16	25	26	27	28	31	34	36	52	61	63	68	69	77	80	84	89	93	122	125	149	
47	31
9	10	11	12	15	16	18	21	22	25	34	37	40	42	43	44	48	50	52	61	64	67	69	81	94	96	97	112	122	125	149	
40	30
0	2	3	4	7	9	10	15	17	20	24	27	28	30	32	38	41	45	49	50	51	56	62	69	75	78	81	89	94	133	
46	33
0	1	2	5	12	18	21	24	25	26	28	30	34	36	37	40	42	43	44	50	54	56	61	62	65	69	78	80	81	87	89	94	149	
49	31
2	3	4	10	12	16	18	20	22	24	28	35	37	40	50	51	56	61	63	68	75	77	78	80	81	88	89	94	107	122	133	
46	31
1	5	8	10	16	19	25	26	30	31	35	37	39	41	42	49	50	51	52	59	64	65	69	75	77	78	81	87	112	125	133	
42	31
0	3	4	5	6	7	8	9	10	11	14	18	22	24	27	30	31	34	39	40	44	48	62	69	73	80	88	89	97	122	125	
42	32
1	2	3	5	7	11	12	15	17	18	20	22	24	26	35	36	38	39	42	43	44	45	48	56	68	69	73	75	84	94	97	125	
43	29
0	1	3	4	7	8	9	22	24	25	30	36	37	39	48	49	51	56	59	64	65	73	75	89	93	94	97	122	133	
52	33
8	9	12	14	18	21	22	27	28	36	38	40	43	48	49	50	51	62	63	64	65	68	69	73	77	87	88	89	93	94	107	133	149	
43	31
9	11	12	14	18	19	21	27	28	35	36	37	39	41	43	44	45	50	51	52	56	62	63	64	65	67	68	87	89	94	107	
38	27
0	6	9	10	12	15	19	26	28	32	34	36	37	38	43	44	48	51	52	58	64	81	84	89	107	125	133	
48	30
4	5	6	7	8	12	14	17	22	31	34	42	44	50	51	52	61	62	63	66	68	73	87	88	89	93	107	122	125	149	
48	29
1	3	7	15	24	27	34	41	44	45	51	52	58	59	61	62	63	64	66	67	68	77	80	87	88	89	93	107	122	
51	33
0	2	14	17	18	20	27	29	34	36	38	39	40	44	49	51	52	56	58	59	61	63	66	67	69	75	77	78	94	96	97	107	149	
45	32
2	6	7	12	14	15	16	17	19	22	27	29	31	34	35	39	42	44	45	48	51	52	59	63	69	81	89	93	94	112	122	125	
43	32
0	1	2	3	5	6	9	10	18	19	24	25	26	27	28	31	34	35	36	43	44	51	59	63	67	69	75	81	93	94	96	133	
48	31
0	1	3	5	11	12	14	28	31	32	35	37	41	42	43	44	48	58	61	63	65	67	68	73	78	80	84	93	107	122	125	
44	29
0	1	3	4	5	9	11	12	14	16	20	28	48	50	52	56	58	59	64	65	66	75	77	78	80	81	88	89	125	
42	31
0	2	3	4	6	7	8	11	14	17	20	27	28	29	30	35	37	38	43	44	48	49	56	61	66	75	87	94	97	107	112	
44	31
0	3	4	5	7	8	9	10	12	14	15	16	19	22	27	28	30	35	51	52	56	58	61	65	68	77	78	93	94	107	125	
43	29
0	2	4	10	17	18	20	21	26	27	28	30	37	38	43	50	51	54	56	59	64	69	73	75	89	94	125	133	149	
43	27
0	1	5	8	12	14	17	20	24	25	29	35	36	40	44	56	61	62	64	65	73	80	88	112	122	125	149	
44	29
2	3	4	5	8	9	12	22	28	32	34	35	37	43	48	49	58	59	61	62	63	64	69	73	84	96	97	125	149	
48	31
3	4	6	10	11	12	21	22	24	29	30	34	35	43	45	50	51	52	59	61	69	75	77	84	87	88	96	107	112	125	133	
49	31
2	6	10	15	18	20	22	25	31	32	34	38	39	41	44	45	50	58	59	61	66	68	75	77	78	80	89	107	112	122	133	
43	29
1	2	4	5	6	7	9	14	17	20	24	25	26	27	35	36	45	48	51	56	62	64	65	73	93	107	122	133	149	
41	30
0	2	3	4	5	6	14	17	21	24	26	27	28	29	32	43	45	48	51	56	58	61	62	65	68	69	73	78	87	97	
48	30
0	1	6	7	10	15	16	25	26	27	28	35	43	44	52	61	62	63	64	66	69	73	77	81	94	96	97	107	125	149	
45	30
0	5	6	7	9	11	14	15	17	19	20	25	31	34	35	36	37	39	43	52	64	66	67	68	84	107	112	122	125	149	
45	31
0	5	8	14	15	19	26	27	28	29	35	38	40	42	43	49	51	52	58	61	63	65	69	73	75	77	80	93	94	96	122	
40	29
0	3	6	7	8	9	11	12	16	21	24	29	31	32	34	39	41	48	50	54	56	58	77	80	84	93	97	107	133	
43	30
0	1	2	3	6	7	8	14	17	18	20	30	31	34	35	36	51	54	56	59	61	64	67	69	87	88	89	96	97	125	
46	31
0	1	5	6	7	10	12	15	18	20	29	32	37	42	44	51	52	54	56	59	61	63	64	66	73	75	77	94	96	125	133	
41	30
1	5	6	10	11	15	18	20	21	25	30	32	34	35	36	37	39	44	48	49	56	59	61	62	65	66	75	81	87	149	
51	33
7	11	15	21	26	27	28	30	31	34	36	38	41	44	45	48	52	56	58	61	65	66	75	77	80	81	84	87	89	96	97	125	133	
42	28
0	1	2	3	8	9	14	16	18	19	21	24	27	28	34	40	49	59	64	68	75	80	84	87	97	107	112	133	
44	29
0	1	8	10	12	14	16	17	22	25	26	27	29	31	37	39	40	49	64	68	69	73	81	84	97	107	112	125	149	
45	32
1	3	6	8	11	14	15	19	20	24	25	28	29	30	32	36	37	43	44	45	58	61	65	68	69	73	78	80	84	88	93	122	
46	31
0	3	6	10	15	18	24	26	27	30	31	34	39	43	45	49	51	52	58	59	61	67	69	75	77	78	80	88	94	107	125	
46	30
0	2	3	4	5	10	15	26	28	30	31	35	37	39	40	52	58	61	63	64	67	68	73	77	78	80	89	94	112	125	
43	31
2	6	9	10	12	14	16	19	21	26	28	31	34	37	38	39	41	43	44	45	48	51	84	87	89	93	94	96	107	125	149	
46	31
3	4	9	11	12	15	16	18	27	28	31	35	36	37	39	41	43	45	48	56	65	66	73	77	81	87	96	97	122	125	133	
48	32
1	4	6	7	10	11	12	14	19	27	28	30	31	36	45	48	50	52	62	64	66	67	69	75	81	84	87	93	94	97	112	149	
43	30
2	4	6	9	10	12	14	17	25	28	29	34	35	38	41	43	45	50	56	58	62	64	65	69	73	81	87	94	97	112	
47	30
0	4	5	8	10	15	16	19	28	29	35	39	41	44	48	51	54	56	61	62	64	65	66	75	80	89	107	112	122	125	
39	29
0	1	3	4	6	7	9	12	15	18	27	34	35	36	38	40	44	45	48	51	56	59	64	66	67	69	81	97	112	
43	31
5	7	8	9	10	11	12	14	16	17	19	21	34	38	42	43	45	48	49	54	56	61	62	65	67	75	77	80	81	93	125	
39	29
0	1	2	5	8	11	12	14	15	16	17	18	22	27	28	31	34	37	42	48	49	59	61	62	63	64	97	112	125	
45	31
5	6	8	10	16	17	20	21	22	24	25	26	29	38	39	41	44	48	50	52	61	63	64	65	73	78	80	81	112	125	149	
45	32
4	7	8	9	14	17	19	24	26	28	34	35	36	38	41	43	45	48	51	52	54	56	59	63	69	77	87	89	93	94	107	122	
39	29
1	4	5	8	10	11	12	15	18	20	25	36	38	39	40	41	42	43	50	51	56	58	59	69	73	80	81	94	112	
45	33
0	2	3	5	7	10	11	18	19	22	25	27	28	34	35	36	38	40	41	43	45	51	52	59	65	67	80	87	88	94	96	125	133	
42	30
0	1	3	6	8	10	12	14	19	21	22	25	30	32	35	38	42	44	49	52	61	62	63	64	75	80	84	96	107	112	
45	30
0	2	4	5	11	14	16	18	27	31	34	35	37	39	40	44	50	59	61	65	67	68	73	78	80	81	96	97	107	149	
48	31
4	5	8	11	12	14	21	27	34	35	36	39	41	45	48	52	56	59	61	66	69	73	75	78	80	84	89	93	97	107	149	
46	33
3	6	9	15	16	19	21	22	24	25	27	34	36	39	40	41	44	48	49	50	51	56	58	61	67	69	75	77	87	88	93	97	122	
40	31
0	1	2	3	7	8	9	12	15	16	22	26	27	28	31	36	37	39	40	48	49	51	59	68	69	73	75	78	87	94	97	
40	29
0	2	3	5	6	8	9	10	18	21	25	26	28	30	32	34	39	48	49	52	56	67	75	77	78	80	84	107	125	
48	33
3	6	8	11	15	17	19	25	27	29	30	35	36	37	39	42	49	51	52	61	63	64	65	67	69	75	78	88	89	93	94	97	112	
45	30
3	6	10	11	15	18	25	26	27	30	35	39	41	45	50	52	56	62	65	67	69	73	75	77	81	87	88	89	94	112	
40	29
0	7	8	9	12	14	15	18	24	27	31	32	34	37	39	42	44	45	48	50	67	73	77	80	93	94	97	122	149	
45	30
0	3	6	9	10	15	18	20	27	31	35	36	37	38	50	51	56	62	67	69	73	75	77	78	80	81	89	94	97	125	
42	31
4	5	6	7	9	11	12	15	17	18	21	22	26	27	35	36	38	42	45	48	49	62	64	65	68	69	73	88	94	97	125	
42	31
2	5	9	10	12	14	17	19	20	21	25	29	34	35	36	37	38	42	43	44	48	56	64	67	68	77	78	84	87	88	125	
46	31
0	1	2	4	8	9	15	17	21	24	26	28	34	38	42	45	48	51	54	56	58	66	75	77	78	80	89	96	112	122	125	
47	30
3	6	9	11	12	17	21	24	29	34	38	41	45	49	51	52	58	62	63	64	65	68	73	84	88	93	97	107	112	149	
48	32
3	6	8	9	10	14	15	16	18	21	25	27	29	36	39	40	43	49	50	59	65	68	73	75	80	84	87	93	97	112	122	133	
47	30
0	2	3	4	6	9	10	14	18	24	30	32	39	41	45	51	56	62	64	65	67	69	73	80	81	84	96	107	112	133	
47	32
0	2	6	7	10	25	26	27	28	29	30	34	39	41	42	44	45	51	52	58	61	62	63	65	66	75	84	89	93	96	107	112	
45	31
0	1	6	8	14	16	17	20	22	25	27	28	30	31	35	37	40	42	52	59	61	62	64	66	67	68	73	78	97	122	125	
39	29
0	4	7	8	11	15	16	18	21	22	24	28	30	34	36	39	43	45	48	50	54	56	59	65	69	80	96	112	149	
47	30
0	4	5	6	11	18	19	29	31	36	37	41	45	51	56	59	61	63	65	66	67	68	69	75	80	87	89	96	97	122	
46	29
0	1	3	4	12	15	25	26	28	31	32	36	39	45	48	56	61	64	65	66	67	75	81	89	93	97	107	112	125	
46	31
3	4	5	9	12	14	16	22	25	26	29	34	35	37	39	41	48	51	52	58	66	68	69	78	80	81	89	93	107	122	125	
43	30
0	3	4	5	7	10	17	21	25	26	28	29	31	32	34	38	39	43	51	52	56	59	61	73	75	78	81	107	112	125	
45	30
0	1	5	6	7	8	9	11	12	14	16	19	22	28	36	39	44	51	59	62	64	65	68	73	78	81	97	112	125	149	
45	32
4	5	6	7	9	11	18	20	21	24	25	27	28	34	39	41	45	48	54	56	58	59	62	66	68	73	77	80	81	87	94	97	
46	32
1	2	6	11	16	18	21	22	26	27	30	34	35	36	37	39	40	42	45	56	61	65	68	69	73	77	84	89	93	94	97	125	
42	30
0	3	4	5	8	12	15	18	21	25	28	34	35	40	42	48	50	52	58	59	61	65	67	69	75	78	80	89	94	96	
46	31
0	1	2	9	14	16	17	18	19	21	25	28	36	43	44	48	51	52	59	64	67	75	78	80	87	89	94	96	97	125	149	
46	33
1	5	9	11	12	14	15	21	24	26	27	28	29	34	36	39	40	41	42	45	51	59	62	65	66	67	68	73	78	80	84	93	122	
50	30
0	3	10	15	18	21	22	25	28	30	34	35	37	38	50	56	59	62	66	67	75	77	80	88	97	107	112	122	125	133	
47	30
0	4	5	7	10	15	16	17	18	19	31	38	43	45	51	52	59	63	65	69	73	75	80	84	89	93	94	112	125	133	
46	31
0	2	5	9	14	15	17	18	20	27	28	30	35	36	37	42	45	50	51	56	61	63	64	73	77	84	89	97	112	125	149	
50	33
0	3	6	16	18	20	24	29	30	36	37	44	45	50	51	52	54	56	58	61	62	64	65	67	69	73	78	80	84	89	94	97	149	
42	31
0	2	3	4	5	8	10	11	12	16	17	18	26	30	35	37	38	40	42	50	51	54	56	58	61	62	68	93	94	125	133	
47	30
0	3	5	6	9	11	20	21	24	28	29	34	35	39	48	49	56	58	62	65	67	68	69	73	93	94	96	107	122	149	
44	30
3	5	6	7	8	10	11	12	15	18	20	21	28	34	35	38	43	48	49	50	56	58	65	69	78	93	107	122	125	149	
40	28
0	1	6	7	8	9	12	16	24	25	26	27	28	35	36	37	48	58	59	62	64	65	66	67	69	73	97	112	
45	30
3	4	5	7	9	10	12	15	18	25	27	29	31	34	35	37	52	61	62	64	67	69	77	78	80	87	94	96	122	133	
45	31
0	5	9	10	11	15	17	18	19	22	27	35	36	39	41	43	48	49	50	52	58	59	61	75	80	81	88	93	107	125	133	
49	31
2	3	4	10	12	14	18	22	25	26	32	34	35	45	50	56	58	61	62	65	66	67	69	75	78	81	87	88	97	122	125	
47	31
2	4	6	7	10	14	20	21	22	30	31	34	38	43	44	50	51	54	63	65	66	69	75	77	80	89	93	96	107	125	133	
35	26
1	2	3	6	7	12	14	16	18	27	30	35	36	40	44	45	49	50	56	59	61	68	84	88	93	122	
39	31
0	4	5	6	7	11	15	17	18	21	24	26	27	35	39	40	41	42	44	45	48	49	51	52	58	65	67	69	89	97	125	
39	28
0	1	3	6	8	11	14	16	22	24	25	30	32	34	41	50	52	54	56	58	61	62	64	69	73	93	94	125	
48	28
0	2	8	10	12	14	16	17	24	28	39	40	50	56	61	63	64	66	68	75	77	93	97	107	112	125	133	149	
43	29
0	6	7	10	15	17	18	19	24	26	27	30	32	37	39	45	51	52	58	59	62	65	68	75	77	88	107	112	122	
49	30
0	2	4	5	6	8	9	14	15	16	18	28	44	45	49	56	58	61	67	68	73	78	80	84	87	96	122	125	133	149	
45	32
0	1	2	8	15	17	21	24	28	29	30	35	36	42	43	44	50	51	52	54	56	59	61	64	69	73	77	78	81	84	87	149	
52	32
2	4	10	15	19	21	24	27	28	30	32	41	44	45	49	52	61	65	66	67	68	75	77	78	80	84	87	94	107	112	125	149	
43	29
9	11	12	14	16	18	24	28	31	32	34	38	39	40	42	50	51	56	61	63	65	66	75	81	88	93	97	122	125	
49	32
1	5	7	10	14	15	16	18	22	27	31	35	36	38	43	44	50	51	52	61	65	66	67	69	73	87	93	94	107	112	125	133	
44	32
0	3	10	11	12	14	17	18	21	22	25	29	30	31	32	37	41	44	45	48	49	52	56	58	61	65	67	69	80	89	125	149	
42	31
2	4	5	9	10	12	14	15	16	17	21	25	28	29	31	34	35	38	43	48	52	63	64	75	77	78	87	89	93	94	133	
42	29
3	4	5	6	8	10	12	27	28	35	37	41	43	48	49	50	51	52	58	59	61	65	66	69	73	80	96	125	149	
42	27
0	9	11	12	15	27	28	36	39	42	43	48	49	52	59	63	64	67	69	75	81	84	87	89	97	112	125	
48	32
2	4	12	14	18	19	25	27	28	29	34	36	39	40	43	45	48	50	63	64	65	66	69	75	80	81	87	89	93	94	122	133	
49	31
1	2	4	8	11	15	18	20	24	35	38	43	45	48	50	58	59	61	62	67	68	73	75	77	80	81	84	89	93	125	133	
40	28
2	3	5	6	7	9	12	14	18	21	29	32	34	35	42	44	45	49	56	61	62	68	69	81	84	97	122	133	
43	29
0	5	7	11	12	15	18	22	25	27	28	37	39	44	45	50	54	58	59	62	64	67	68	69	73	84	87	107	125	
45	30
0	12	15	17	19	20	21	24	27	29	30	32	34	35	37	40	44	51	52	58	61	63	65	77	78	81	107	112	122	149	
43	29
2	10	12	15	16	18	25	26	27	28	39	42	43	44	51	54	61	62	63	64	69	75	78	81	84	87	89	94	107	
42	30
0	7	8	12	14	16	17	18	22	24	35	38	39	40	41	44	48	49	50	52	58	61	63	77	78	84	94	97	112	133	
42	31
0	3	4	5	6	9	11	12	14	16	18	24	29	32	34	37	38	41	49	50	51	56	61	62	77	78	81	88	94	97	112	
47	33
0	2	3	9	10	12	14	16	20	26	27	34	35	36	38	39	41	43	45	49	50	58	59	61	65	68	75	87	88	93	97	122	125	
48	30
1	2	6	7	8	12	14	16	22	24	25	27	36	42	43	56	58	59	61	62	65	67	68	78	80	93	97	125	133	149	
42	29
3	4	5	7	9	12	14	15	18	26	27	34	37	39	45	48	50	52	59	63	64	66	77	78	80	88	93	107	125	
46	32
0	3	8	9	15	16	17	18	19	20	22	27	29	30	34	36	37	39	40	48	50	51	58	67	73	77	78	81	107	125	133	149	
45	31
1	2	3	4	5	7	11	14	17	18	19	28	31	34	35	41	43	44	48	50	54	59	63	69	77	81	96	107	112	125	149	
42	29
0	1	3	4	7	10	11	14	15	22	25	27	28	30	31	32	41	49	56	61	62	64	67	77	89	94	97	107	125	
47	32
0	2	3	4	7	10	11	14	21	22	25	29	32	35	40	44	45	48	52	54	59	61	64	66	67	77	81	93	97	107	122	149	
43	31
0	1	5	8	15	16	19	20	21	25	26	27	30	31	35	36	39	40	41	42	62	64	68	69	73	78	87	89	94	97	122	
43	28
0	1	5	6	7	8	12	14	21	26	27	31	34	36	43	51	56	59	64	67	68	69	87	89	94	122	125	133	
47	30
2	3	6	7	8	10	14	26	29	31	32	34	37	38	39	49	62	65	66	68	75	77	78	80	88	93	97	107	112	125	
42	29
0	7	11	14	17	18	19	20	27	29	30	34	36	37	39	40	49	51	52	58	59	61	63	67	68	97	107	133	149	
46	34
1	4	5	8	9	10	12	16	19	20	22	26	28	29	32	35	37	39	44	48	49	51	52	56	58	62	63	64	69	77	81	88	89	149	
45	32
0	4	5	6	7	9	12	15	16	17	18	19	29	31	32	35	36	38	40	48	50	56	59	67	75	77	78	81	93	94	107	125	
39	30
1	2	5	6	7	9	10	14	15	18	26	28	29	32	35	36	40	43	45	48	49	50	65	69	73	77	80	87	88	149	
47	30
1	6	7	8	9	14	20	27	28	31	34	35	41	44	48	50	56	58	62	63	65	66	68	81	87	93	97	107	122	125	
40	29
0	1	2	3	4	6	7	10	14	16	22	28	29	30	31	38	44	50	51	63	64	69	77	80	81	88	96	97	122	
46	30
4	6	11	14	16	17	24	25	27	28	31	38	41	45	49	51	56	58	61	62	63	67	68	75	78	89	94	97	133	149	
48	31
4	6	9	10	14	17	22	24	25	27	29	32	36	41	44	49	51	56	59	61	64	69	75	78	80	87	88	89	112	125	149	
46	31
5	12	14	15	16	18	21	24	25	26	28	31	34	35	37	38	48	50	51	54	65	73	75	77	78	88	89	107	122	125	133	
46	32
1	2	4	6	9	11	12	15	19	21	24	26	27	28	30	31	32	35	36	42	48	58	64	65	67	75	77	87	88	112	122	125	
41	30
0	2	6	7	9	10	15	18	19	28	30	34	35	36	39	43	44	45	49	50	52	58	59	62	64	80	87	88	112	125	
42	30
5	7	8	9	10	12	18	19	20	24	27	28	32	36	37	39	45	50	51	52	56	62	64	65	75	81	84	87	112	133	
49	31
2	3	4	6	11	12	14	15	17	18	25	30	31	35	38	40	49	58	62	63	65	68	69	75	78	81	89	122	125	133	149	
43	33
1	2	4	7	9	12	18	19	20	22	25	26	27	28	29	30	36	37	40	43	48	50	54	56	58	64	66	69	73	75	80	93	96	
47	30
0	1	7	8	10	14	15	16	24	26	28	29	35	36	50	51	56	59	61	63	64	68	75	77	93	94	97	112	122	133	
46	32
1	2	3	4	6	7	9	14	15	16	19	25	30	31	35	36	41	48	50	51	56	61	62	67	68	69	78	81	88	93	112	122	
44	31
2	9	10	14	17	20	24	25	27	28	29	32	35	36	40	41	45	48	51	59	61	62	63	65	66	73	80	89	93	97	149	
41	28
0	1	2	3	4	5	6	10	11	16	18	19	28	31	35	40	48	50	61	67	75	78	81	94	96	107	112	133	
41	31
1	9	10	11	12	16	17	18	19	22	24	25	26	27	28	30	37	40	41	44	45	52	58	61	64	66	68	73	77	78	107	
42	29
0	1	2	3	5	6	10	12	16	18	22	24	25	29	32	34	36	37	43	45	61	64	68	80	84	112	125	133	149	
47	31
2	3	6	10	14	16	20	22	24	25	31	34	37	39	44	48	52	54	64	66	73	80	81	87	88	93	96	97	107	112	149	
44	30
2	4	6	11	12	14	15	21	26	28	31	32	36	37	39	40	43	50	51	56	58	62	68	69	73	84	97	107	122	125	
43	29
2	5	6	7	8	9	11	15	17	24	26	28	29	31	35	36	37	38	56	62	65	67	68	75	78	80	112	122	133	
48	30
3	6	8	14	15	17	24	25	28	29	32	35	42	44	52	59	61	62	66	67	73	75	77	80	88	89	97	112	125	133	
42	29
0	1	2	5	6	11	14	17	19	26	28	29	36	37	43	50	51	54	56	58	59	61	62	65	67	87	96	107	125	
49	32
0	3	5	6	8	10	12	16	17	18	24	27	29	36	41	42	45	51	56	61	62	64	66	68	73	77	80	88	94	107	112	133	
38	29
0	1	2	4	6	10	14	20	24	25	28	30	40	41	43	44	48	49	50	51	52	58	61	65	68	73	89	93	107	
42	29
0	2	3	5	9	10	11	12	25	29	36	37	39	40	42	43	48	50	56	61	63	67	68	77	80	87	93	125	149	
46	30
0	1	5	8	11	12	14	15	17	18	31	32	36	37	41	50	51	56	59	62	63	65	68	81	84	87	88	107	112	125	
46	31
6	10	12	14	16	28	29	32	34	39	40	42	43	44	45	49	51	52	56	58	61	63	65	66	73	78	81	93	97	112	149	
46	31
0	2	3	4	5	7	14	15	16	18	26	28	29	31	39	40	49	51	59	61	62	66	68	69	78	80	81	84	87	122	125	
41	29
0	1	2	3	4	5	6	7	9	11	12	18	29	34	40	41	45	51	56	58	61	67	68	69	77	84	89	96	122	
41	28
4	5	8	10	12	17	19	25	26	27	28	36	40	43	45	51	52	61	64	66	68	73	87	89	93	96	125	149	
41	29
2	3	4	6	14	16	20	25	29	32	37	39	41	43	44	45	48	50	56	61	63	66	67	75	80	87	89	96	125	
49	33
1	9	10	17	18	24	26	29	30	31	32	37	39	40	42	44	48	52	54	59	61	62	63	64	65	67	69	73	78	84	88	112	149	
43	28
0	1	2	5	6	7	12	14	16	18	22	34	35	37	41	50	58	59	66	67	68	69	73	75	80	112	125	149	
43	32
0	2	9	10	14	15	17	18	19	21	22	24	29	30	32	35	39	40	42	43	49	51	54	59	62	66	69	75	87	93	112	125	
44	29
2	4	5	6	8	10	16	20	24	25	27	38	39	43	44	45	51	61	63	64	65	66	73	87	89	96	112	125	133	
39	29
1	3	4	6	9	10	12	18	24	25	27	28	32	36	37	39	44	45	50	52	56	62	64	65	67	78	81	97	133	
45	32
5	8	10	15	16	17	21	25	26	28	30	32	34	36	38	41	42	45	48	49	52	58	61	64	65	75	77	93	94	97	125	133	
44	31
3	4	6	9	10	12	14	15	19	20	21	29	34	38	40	44	48	51	56	59	65	68	69	73	77	78	84	87	88	89	94	
44	31
0	5	7	16	17	18	24	25	28	29	30	32	36	37	38	40	44	51	52	56	59	61	62	64	67	68	78	84	96	97	112	
41	30
2	4	5	7	9	10	14	17	18	19	27	34	35	36	39	41	42	44	50	54	56	59	62	63	69	80	81	93	96	125	
44	31
0	2	4	6	10	12	15	18	19	22	26	29	30	31	32	37	38	40	44	50	51	56	64	77	81	84	88	94	112	122	125	
44	31
0	1	2	6	9	10	12	14	20	25	27	30	31	40	41	42	44	48	49	50	61	62	64	65	73	80	88	93	94	112	122	
48	32
1	5	7	9	10	15	16	18	19	24	26	27	36	37	39	44	51	54	59	62	64	69	73	80	81	84	87	88	89	94	112	125	
44	30
1	2	4	6	9	10	11	12	16	18	21	22	28	29	38	48	50	56	59	62	64	67	69	75	78	84	94	96	97	149	
48	29
8	11	18	22	32	36	38	40	42	43	44	50	51	56	59	61	62	64	67	68	75	78	80	84	88	97	107	122	125	
36	27
0	8	10	11	14	15	17	19	20	24	25	35	36	37	40	41	45	52	54	61	62	64	66	73	75	89	112	
41	28
0	3	4	6	10	11	14	25	28	31	34	37	38	39	41	52	54	56	61	64	66	68	89	93	96	97	107	112	
43	32
0	1	2	5	6	7	8	10	12	15	18	22	24	25	30	34	36	37	40	45	50	52	54	56	59	61	62	80	84	93	133	149	
43	29
0	4	8	10	12	18	19	21	24	25	26	27	29	36	37	39	40	58	62	64	67	73	80	87	88	93	97	122	125	
43	28
0	2	4	10	12	15	16	17	28	37	40	42	43	44	52	61	64	66	67	68	73	75	77	84	89	96	107	112	
45	29
7	10	11	14	15	17	18	19	20	27	28	31	35	45	51	56	61	62	63	65	73	75	78	80	81	89	94	107	149	
46	33
0	1	2	3	7	8	9	11	12	15	20	21	25	27	35	38	42	43	44	45	50	51	58	61	65	66	77	80	89	93	96	122	133	
48	30
0	2	6	10	18	19	21	24	26	30	31	36	40	48	49	52	61	62	63	64	65	67	73	80	88	93	107	112	122	125	
42	30
0	1	2	11	14	17	18	19	22	24	28	29	34	35	36	39	41	49	50	56	58	59	61	62	66	69	75	84	97	112	
45	29
0	1	3	5	11	14	15	17	25	28	30	31	34	41	43	50	61	64	65	67	68	73	81	84	88	89	112	125	149	
41	29
0	1	3	4	10	11	12	17	18	20	21	22	24	29	30	32	37	40	51	52	64	67	69	77	84	89	122	125	133	
50	32
1	2	4	5	8	14	15	16	18	20	26	30	39	40	45	48	50	56	61	64	69	73	77	80	84	88	93	96	97	122	125	133	
43	30
1	4	9	11	15	17	20	21	25	27	35	36	37	39	41	42	45	49	50	51	56	64	68	75	84	93	97	107	112	125	
46	29
0	3	6	7	8	10	15	18	21	27	30	32	37	39	43	50	51	59	65	67	73	77	80	88	107	112	125	133	149	
38	29
0	1	2	3	10	14	15	17	19	21	24	25	28	31	32	35	36	37	39	43	51	69	73	77	78	84	89	94	122	
48	33
1	7	9	12	15	16	18	19	24	25	26	27	28	32	36	40	43	49	50	51	61	65	66	73	77	80	81	84	87	88	97	133	149	
42	31
0	1	3	7	11	14	15	17	18	22	25	28	30	34	35	36	40	49	50	52	54	65	66	67	68	69	75	84	94	97	133	
39	28
0	1	4	6	7	8	12	14	17	19	25	30	31	42	43	48	50	54	59	64	65	73	75	77	78	88	96	133	
44	32
2	3	5	6	7	10	11	12	18	19	24	27	28	34	38	39	40	41	44	45	49	50	51	67	68	78	84	88	96	107	125	149	
44	29
0	1	4	5	11	14	19	26	28	30	31	36	41	43	45	50	51	59	61	64	66	69	73	84	89	96	107	112	149	
46	31
0	9	12	15	18	24	27	29	31	35	36	37	38	41	44	51	52	61	63	64	65	69	73	80	81	84	87	94	96	97	112	
49	32
5	6	9	10	11	14	18	22	26	28	29	30	36	45	49	50	51	52	56	61	62	63	65	69	75	80	93	94	96	112	133	149	
47	30
1	2	5	6	8	9	10	11	21	25	27	39	43	44	50	51	56	59	61	65	67	73	78	81	87	88	97	107	125	133	
44	30
0	4	5	9	12	15	16	24	25	26	27	36	41	42	44	45	51	52	61	62	69	73	75	78	81	87	88	93	122	125	
45	29
0	1	8	12	14	17	22	25	29	31	32	35	39	42	44	50	61	63	65	66	67	68	73	75	78	89	112	122	133	
44	31
0	1	4	8	9	14	15	17	18	26	27	30	31	32	37	38	45	48	50	51	65	73	75	78	81	84	93	96	97	112	125	
44	30
0	1	2	3	5	7	10	15	16	18	24	26	32	39	41	48	49	56	58	59	61	63	64	65	67	77	78	80	87	125	
48	30
0	1	5	10	11	15	22	24	25	27	29	30	37	42	48	56	59	61	62	63	66	68	75	78	80	84	93	112	122	133	
44	30
3	5	6	9	10	20	21	22	25	29	32	35	36	38	42	43	44	51	62	64	65	66	67	69	73	75	78	80	112	125	
39	28
0	1	2	3	4	5	7	8	9	11	12	14	15	17	18	25	31	34	51	56	63	68	69	73	77	93	112	122	
44	29
0	6	9	11	14	18	22	25	31	34	36	38	39	41	49	50	56	61	66	67	68	69	75	77	80	93	97	122	133	
38	30
0	1	2	3	6	7	8	10	12	14	20	27	28	30	32	35	36	37	39	44	48	49	56	59	61	62	67	77	81	97	
43	30
1	7	8	10	15	16	19	21	25	27	30	32	35	36	38	39	41	43	44	49	56	59	61	68	69	93	94	122	133	149	
46	30
2	6	7	8	9	10	11	18	25	36	37	39	40	41	45	58	61	62	63	65	66	69	78	80	81	87	88	89	96	112	
43	29
6	7	8	9	10	12	14	15	17	25	32	34	35	37	38	42	49	56	59	62	64	65	69	81	84	96	97	112	149	
38	30
0	2	3	4	5	6	9	11	12	14	17	18	19	21	24	30	31	34	38	41	48	50	51	58	66	73	78	88	94	125	
45	31
2	3	4	6	7	9	11	15	25	27	28	35	36	38	40	43	44	50	51	56	59	66	68	73	75	77	78	94	97	107	122	
41	30
2	4	6	7	8	9	15	17	18	26	27	31	35	36	37	39	45	48	51	52	66	67	69	73	80	84	93	94	97	149	
40	30
0	1	2	7	8	11	14	15	17	19	25	26	28	29	30	31	42	45	48	49	50	64	66	67	75	77	78	84	88	133	
43	29
1	10	12	14	16	17	18	19	24	25	28	31	32	37	41	48	50	59	61	63	65	73	75	77	78	80	97	133	149	
41	29
0	8	9	11	12	14	15	16	17	27	28	34	37	39	42	48	50	52	54	65	69	75	80	81	89	94	96	125	149	
40	29
0	5	7	8	11	12	14	15	17	18	27	28	30	37	38	42	44	45	49	51	52	56	65	68	88	97	107	112	149	
42	29
2	4	5	6	7	9	16	20	24	25	26	27	28	38	40	48	50	52	58	61	64	65	77	87	88	89	97	112	122	
47	31
1	4	6	10	11	14	17	18	30	31	36	45	49	50	51	52	54	56	61	63	64	66	75	77	78	80	81	88	93	107	133	
45	30
0	4	7	10	12	15	19	26	29	31	32	34	37	38	42	43	44	51	65	66	67	69	73	75	87	96	97	107	112	125	
42	31
0	1	3	11	14	15	16	19	22	26	30	31	34	35	36	37	39	40	45	48	50	56	58	67	73	78	81	87	88	93	125	
49	31
0	1	3	4	7	9	11	14	19	20	24	28	29	34	35	48	52	59	62	63	66	68	84	89	94	96	97	107	112	125	133	
43	31
0	1	2	4	6	7	9	12	17	18	22	25	26	34	35	36	39	42	43	45	48	50	58	68	75	81	89	96	107	125	133	
51	31
0	1	6	14	15	18	19	25	30	31	32	35	39	40	48	52	61	63	65	66	69	75	78	81	88	94	107	112	122	125	149	
43	32
0	1	2	3	6	7	12	14	16	17	18	22	24	26	28	29	30	32	36	43	48	50	54	59	64	69	73	81	84	93	125	133	
48	30
0	1	2	4	11	15	18	19	24	27	30	36	41	43	45	48	64	66	67	75	78	81	87	88	89	94	112	122	125	149	
42	30
0	2	5	6	11	12	15	18	22	24	34	36	37	40	41	43	50	51	54	56	59	61	62	64	67	68	78	84	97	107	
44	31
1	3	9	10	11	14	15	17	22	25	28	30	31	35	39	40	42	48	49	56	58	59	62	65	67	75	78	81	87	94	125	
36	28
0	1	2	3	4	6	8	11	12	15	18	22	24	25	30	32	41	42	48	50	58	64	65	69	75	78	81	89	
43	29
4	7	8	9	10	11	12	17	18	25	27	32	37	39	41	45	56	59	62	63	64	65	67	87	89	93	94	97	107	
44	32
1	2	3	5	6	12	14	15	16	17	19	20	22	24	26	34	36	39	41	42	44	45	56	61	62	73	80	84	87	93	122	125	
46	32
1	4	11	14	15	18	19	26	28	32	36	40	41	44	48	49	50	51	52	64	65	67	68	69	73	80	81	87	93	96	97	125	
49	31
2	6	7	8	9	17	25	26	27	29	37	39	41	44	48	50	56	58	61	67	69	73	75	80	87	88	93	97	112	125	149	
44	30
3	8	9	11	15	17	19	25	31	32	36	37	39	41	43	51	54	56	61	64	65	67	75	78	80	87	89	96	97	107	
39	30
0	1	3	4	8	11	14	15	19	21	22	24	28	29	31	32	35	41	48	50	54	56	64	69	73	75	77	78	88	89	
45	30
0	3	7	9	10	12	15	19	24	29	30	34	35	38	39	42	48	50	54	56	59	63	69	78	87	96	112	125	133	149	
46	31
2	3	6	10	12	14	17	19	24	25	27	30	32	35	42	44	50	51	56	61	62	64	66	73	75	81	87	88	93	107	125	
49	30
3	5	7	9	15	19	21	24	28	34	38	39	45	48	58	59	62	65	66	73	75	77	80	84	87	88	94	107	122	133	
44	31
1	2	3	5	6	8	9	11	14	18	24	27	31	35	37	39	48	49	54	59	63	64	65	67	77	78	80	81	88	97	107	
47	32
2	3	4	6	8	9	12	15	19	24	25	28	30	32	34	36	37	39	41	44	61	64	68	69	77	78	81	87	94	107	122	125	
48	29
0	2	6	7	12	18	25	32	35	37	44	45	56	58	61	62	63	65	66	67	73	75	80	81	89	96	97	107	112	
49	31
0	1	2	5	6	14	21	22	25	28	32	35	37	43	44	45	51	54	61	63	66	67	88	89	93	96	107	122	125	133	149	
41	27
0	1	2	3	6	7	8	14	19	25	30	31	34	36	43	51	52	58	59	62	63	68	88	112	122	125	133	
41	31
1	2	3	9	10	12	14	15	21	25	27	28	31	34	35	36	37	41	43	44	51	52	56	65	69	73	84	87	88	89	133	
43	30
0	7	9	10	11	14	15	18	19	22	24	29	31	35	36	40	48	49	56	61	62	64	65	67	69	77	87	89	94	125	
47	31
5	9	10	14	15	20	25	27	30	32	36	37	38	40	43	44	49	51	54	56	62	65	67	80	81	84	96	122	125	133	149	
40	30
1	2	3	6	7	12	14	18	20	21	22	26	27	30	34	35	36	48	50	51	58	61	62	63	65	66	67	68	69	89	
48	31
2	4	6	8	10	12	14	15	24	25	26	27	30	31	34	45	49	59	61	62	63	64	65	66	69	75	78	94	112	125	149	
46	31
0	3	5	9	15	17	18	24	25	27	30	31	36	37	39	48	49	51	62	66	67	69	73	80	81	87	93	94	97	133	149	
43	31
1	6	7	9	10	11	15	18	21	24	25	26	27	32	35	37	41	43	44	49	52	58	62	63	67	69	84	89	93	107	125	
42	30
7	8	9	11	12	18	19	21	24	25	30	31	34	35	36	38	39	44	48	56	62	65	68	69	84	87	88	96	97	112	
46	31
0	4	11	15	17	22	25	28	30	36	37	38	40	41	43	45	52	54	59	61	64	66	67	68	75	77	78	94	96	122	149	
44	30
1	4	6	7	10	11	12	17	18	25	27	29	30	35	40	43	45	51	56	58	64	66	69	75	81	87	89	96	107	112	
45	29
1	2	6	8	16	18	21	24	25	28	34	38	43	44	45	50	56	58	62	64	68	73	84	88	89	94	107	112	125	
44	30
0	1	2	5	10	12	14	16	17	19	28	32	36	41	43	44	48	50	51	61	62	73	80	81	88	89	93	112	125	133	
42	29
0	2	4	5	7	12	15	17	18	25	28	34	35	38	41	45	50	51	56	58	59	61	69	73	75	94	96	122	125	
48	31
4	14	18	19	22	25	30	31	34	36	38	39	43	44	50	56	59	61	62	63	66	67	75	78	80	84	87	88	93	94	122	
42	30
4	5	8	10	12	16	22	25	27	28	35	36	37	39	40	43	45	48	50	59	61	64	67	69	73	75	84	88	94	112	
47	33
1	3	5	6	11	16	21	22	24	25	29	31	32	35	36	37	44	48	50	52	54	64	66	69	73	75	78	81	87	88	97	112	122	
42	31
1	3	4	7	8	9	10	12	14	15	20	27	29	32	34	35	38	39	43	51	56	63	65	66	68	69	73	78	80	88	89	
45	31
0	1	3	7	9	10	15	21	27	28	30	36	39	43	44	50	51	52	54	62	64	65	66	67	68	73	80	84	89	107	122	
41	29
1	5	7	8	11	12	14	17	18	20	21	24	28	29	35	37	44	51	54	64	65	67	68	73	87	88	97	107	149	
51	31
0	2	3	10	12	19	25	26	27	29	30	34	39	48	52	61	62	66	67	68	73	77	80	84	88	93	96	107	122	125	149	
47	33
0	1	2	5	8	9	10	12	17	20	21	25	26	32	34	35	36	39	40	48	56	65	67	73	75	81	84	87	88	89	93	97	149	
43	28
0	1	2	8	10	11	14	15	16	22	24	34	38	40	42	51	56	61	63	69	73	77	81	93	97	122	125	133	
41	28
4	5	7	15	17	26	27	28	29	30	34	40	41	50	51	52	58	61	65	66	78	81	87	89	93	96	97	149	
46	29
11	12	14	16	25	27	29	35	39	40	41	44	48	52	58	61	63	65	67	69	73	81	87	93	94	96	97	125	149	
43	30
3	6	7	10	11	12	15	17	25	27	28	31	35	36	38	43	44	51	52	56	64	66	67	68	81	88	89	97	122	149	
43	30
4	5	8	10	11	12	25	28	29	31	32	39	40	41	43	49	51	52	64	65	68	69	75	80	81	84	87	89	96	112	
40	30
3	6	7	8	12	14	16	17	18	20	22	26	30	35	36	37	40	41	44	50	51	52	61	62	75	84	93	94	112	125	
41	29
1	4	5	10	11	12	17	20	22	25	26	28	37	38	42	43	45	51	52	61	64	69	73	75	78	80	94	112	125	
43	29
0	7	11	12	14	15	24	27	28	30	31	32	36	37	39	41	51	56	58	65	66	68	69	80	81	87	94	107	122	
46	31
0	4	5	11	12	16	17	19	25	26	27	29	31	32	38	41	44	52	58	64	66	68	69	75	78	81	84	89	97	112	125	
45	30
0	2	3	4	7	8	10	11	14	15	22	27	28	30	38	45	48	50	56	61	64	69	78	84	93	94	96	122	125	133	
50	30
3	4	9	10	14	19	20	22	25	27	31	39	42	56	59	62	64	66	67	73	75	77	78	81	87	94	97	107	125	133	
47	30
0	1	4	6	8	10	14	18	22	30	31	41	43	44	51	52	58	61	63	67	69	73	77	80	81	89	93	112	125	133	
43	31
0	2	5	6	9	16	17	25	27	28	32	35	36	37	38	43	50	51	52	59	61	62	65	66	73	75	80	89	94	96	97	
45	29
2	5	9	10	15	16	19	21	27	28	31	34	36	38	43	44	45	56	64	65	68	73	87	89	93	107	112	122	125	
39	30
6	7	8	9	12	14	18	22	25	27	28	34	35	39	40	41	44	48	49	50	52	56	59	62	63	64	75	81	88	97	
45	30
0	1	6	7	8	10	18	21	26	27	31	34	36	43	51	54	56	58	61	62	69	75	80	81	87	88	89	96	97	125	
45	31
0	2	3	4	9	10	15	20	24	25	27	30	31	37	39	40	44	45	52	59	63	64	66	68	73	78	81	84	94	133	149	
45	31
0	1	2	5	6	7	8	9	12	24	25	26	27	29	30	32	34	36	37	56	65	67	68	73	78	80	88	96	97	122	149	
42	28
1	4	7	10	12	16	24	27	28	29	31	35	37	45	50	51	56	58	61	63	65	75	78	81	89	94	112	133	
46	32
2	4	7	9	10	12	15	18	27	31	32	35	38	39	40	41	44	45	49	52	56	58	59	65	67	68	73	93	96	97	125	149	
49	31
3	6	8	10	14	16	21	22	24	28	35	36	40	41	48	50	54	59	61	62	65	67	73	75	77	78	97	107	122	133	149	
38	27
0	1	3	5	7	8	15	20	21	24	25	28	34	35	36	39	48	52	61	65	66	75	78	88	93	112	122	
46	29
0	2	9	10	11	15	20	21	22	25	27	30	39	41	49	56	64	66	67	68	69	75	77	78	87	89	112	125	149	
46	30
1	6	10	16	17	18	21	24	28	30	31	35	37	44	45	51	52	54	56	58	64	69	78	84	96	97	107	112	125	133	
45	31
0	1	2	3	5	6	11	14	18	20	22	28	29	31	36	39	49	50	52	58	59	61	62	64	67	73	87	88	96	107	112	
41	30
0	1	2	3	4	7	10	15	18	27	31	34	36	37	39	41	44	50	51	52	64	69	80	81	87	93	94	96	97	122	
44	31
0	1	2	4	6	10	15	17	21	22	25	26	28	30	31	43	48	50	56	58	62	63	64	65	68	69	73	78	87	96	97	
42	29
4	6	9	10	11	12	21	22	29	34	35	36	37	38	40	43	48	51	52	62	64	69	75	84	89	97	112	122	133	
37	29
0	1	3	4	10	12	16	18	19	21	25	29	30	31	35	37	38	40	41	48	52	61	64	67	78	80	81	88	93	
41	29
1	2	3	4	6	7	9	19	20	27	31	34	36	38	44	48	49	51	59	62	65	68	75	78	88	93	96	97	107	
46	29
2	5	10	11	12	14	17	21	24	27	28	30	32	35	44	56	61	62	63	64	66	73	78	87	88	93	107	112	149	
50	33
1	5	8	10	12	16	17	18	19	22	29	32	38	39	41	45	50	51	58	61	62	64	65	68	73	77	78	87	89	93	97	112	133	
45	29
0	3	7	12	14	15	17	24	28	31	34	36	41	44	50	51	56	59	61	65	69	78	87	88	89	94	107	112	149	
39	29
1	3	6	7	9	10	11	12	15	18	20	21	24	32	38	39	40	41	48	52	56	65	68	77	80	81	84	97	149	
40	29
0	2	5	9	15	17	20	21	25	26	27	28	30	34	36	38	41	44	45	48	51	61	62	66	75	93	122	125	149	
47	30
0	2	3	4	5	10	14	17	18	19	21	24	30	35	38	40	59	62	64	67	69	73	77	87	89	93	94	122	125	133	
44	29
0	1	8	9	11	12	15	16	21	24	25	27	31	35	36	43	50	59	64	68	73	78	84	88	89	94	122	125	149	
42	29
1	3	6	11	12	14	20	22	25	26	27	30	32	36	37	39	43	44	51	56	59	61	64	67	75	88	107	122	125	
48	31
0	11	12	15	18	21	22	25	27	29	32	36	39	43	45	48	52	63	65	69	73	77	80	81	84	87	88	89	112	122	125	
45	31
4	8	15	16	21	22	24	25	26	27	31	36	37	39	48	49	50	52	54	59	62	64	67	69	78	84	87	88	89	112	149	
47	33
1	2	3	6	14	16	17	19	22	24	28	31	32	35	36	37	39	40	48	51	54	58	61	65	68	69	77	80	93	96	97	107	149	
47	31
2	10	12	16	19	27	30	34	36	37	39	41	43	44	48	49	51	54	59	61	64	65	68	69	87	89	93	96	107	125	133	
41	28
1	3	7	8	10	11	12	17	21	24	25	31	34	35	37	42	54	56	58	59	65	67	68	69	88	89	125	149	
47	30
2	3	7	8	9	10	27	31	34	35	38	39	41	43	48	50	56	59	63	65	67	68	69	73	77	89	94	107	122	149	
45	30
0	3	5	7	10	12	14	18	20	25	26	28	34	39	42	45	51	52	56	62	63	69	77	78	87	89	94	112	133	149	
44	29
2	6	7	8	14	16	20	27	28	37	41	43	44	45	49	50	61	65	68	77	78	80	84	87	89	93	96	107	112	
47	32
0	4	5	6	10	14	15	17	21	24	27	29	31	34	35	38	43	51	58	62	63	65	66	67	73	75	81	84	88	93	94	122	
47	32
2	9	11	12	16	17	18	19	24	25	28	29	32	36	37	40	44	45	49	58	61	62	65	73	77	78	80	89	96	97	112	125	
38	28
0	2	4	5	6	7	11	12	19	20	27	34	36	39	44	45	48	50	52	59	61	62	64	68	75	81	84	112	
49	33
9	10	12	15	18	19	20	24	28	29	30	32	35	36	37	38	40	41	44	51	56	59	62	65	69	77	81	88	93	96	122	125	149	
38	29
0	3	4	7	8	10	11	12	15	16	17	18	21	24	27	30	31	36	38	43	50	51	69	73	84	89	94	125	133	
42	31
4	7	9	12	15	16	22	24	25	35	36	37	39	40	41	42	43	45	48	51	52	58	68	69	75	77	80	84	93	97	112	
41	29
0	1	3	5	7	8	9	12	14	15	16	25	29	30	31	39	44	50	51	56	63	66	67	68	87	88	89	107	122	
48	31
0	9	15	17	19	21	24	25	26	27	28	29	30	34	36	38	43	56	62	65	67	68	75	77	78	80	96	97	107	133	149	
41	29
6	7	10	12	14	15	19	22	28	29	30	34	35	42	43	44	50	51	54	56	61	64	66	81	84	87	96	107	125	
42	32
0	1	3	4	5	7	8	14	15	18	20	21	26	28	30	38	40	41	44	48	49	50	52	59	62	69	73	78	80	81	87	133	
46	30
1	3	4	6	9	10	11	18	22	24	30	37	38	40	48	49	50	56	61	64	65	75	77	84	89	93	97	107	133	149	
43	31
1	2	3	4	5	7	9	14	15	16	18	20	26	27	28	29	31	37	38	43	50	56	68	73	77	80	84	89	96	107	149	
42	32
0	1	3	6	9	12	14	21	22	24	25	26	27	29	31	32	34	35	39	41	43	52	54	58	63	67	68	75	78	81	97	133	
42	29
0	5	7	8	9	10	12	14	15	16	17	25	27	30	34	36	37	39	52	58	62	64	66	67	69	97	125	133	149	
46	31
1	5	6	7	8	10	11	17	18	19	20	22	24	25	36	37	38	40	51	52	58	64	65	67	69	73	78	112	125	133	149	
47	30
0	4	7	8	11	12	19	24	27	30	34	36	39	41	42	45	51	52	61	64	73	77	78	93	94	107	112	122	125	149	
44	31
1	4	6	7	10	11	12	14	18	21	22	25	28	30	35	41	44	45	52	54	58	59	62	63	64	65	66	88	93	107	149	
46	30
0	2	4	5	6	10	11	19	27	30	31	34	36	39	43	44	49	52	59	64	68	69	73	81	88	97	107	112	125	149	
48	31
1	2	3	5	7	8	10	15	16	25	26	30	36	37	39	43	48	50	58	61	65	69	75	80	81	89	93	112	122	133	149	
48	30
8	10	17	20	25	28	34	35	37	43	44	45	48	50	56	58	59	61	64	66	67	69	73	78	81	89	93	96	107	112	
40	27
0	1	5	6	10	15	17	21	25	26	28	30	31	36	43	50	64	67	68	69	73	77	89	94	96	112	122	
46	32
1	2	4	6	8	10	11	14	15	17	19	20	22	30	34	35	36	39	48	49	56	58	59	61	62	75	78	81	84	96	125	149	
36	27
0	1	7	8	10	11	12	14	15	16	17	22	25	27	31	32	42	44	54	58	62	64	69	73	84	89	125	
43	32
0	1	7	8	9	10	11	14	15	17	19	22	24	25	27	29	30	32	34	39	42	51	56	64	69	73	75	77	81	88	97	149	
44	30
1	5	7	8	9	11	15	18	24	26	29	32	36	37	41	43	48	51	52	65	67	68	77	80	81	84	87	112	122	133	
37	28
0	1	4	7	9	11	12	16	17	18	24	28	32	36	38	41	48	49	50	56	59	62	64	65	66	73	80	89	
45	30
4	10	12	15	20	21	25	26	27	29	32	38	39	40	41	44	50	51	56	61	64	65	66	73	81	89	93	112	122	125	
47	32
0	8	14	15	21	24	25	28	30	31	35	37	38	41	43	48	49	51	54	56	58	65	69	73	75	78	80	87	93	97	107	125	
41	32
4	5	7	10	14	15	18	19	20	21	25	26	27	29	31	34	36	38	39	43	44	49	52	62	66	69	80	84	88	89	93	97	
51	33
1	2	4	7	10	17	19	24	25	27	31	32	37	38	39	45	49	51	58	59	64	65	66	69	77	78	84	89	94	97	112	125	133	
43	29
7	10	12	14	17	27	28	29	34	35	39	41	43	44	48	51	52	61	63	65	66	67	69	77	78	89	93	125	149	
47	32
0	1	2	3	5	7	10	15	18	20	22	25	28	29	30	34	39	42	48	49	51	64	66	67	87	88	89	97	112	125	133	149	
44	31
7	9	10	12	14	16	17	27	28	29	35	37	40	41	44	45	48	49	50	51	52	61	65	69	77	78	89	96	112	133	149	
51	31
1	2	10	12	14	15	16	18	22	25	36	43	44	45	50	56	58	61	67	68	73	78	80	84	87	93	97	107	112	125	133	
40	29
0	1	5	7	11	12	17	18	20	28	29	30	31	35	42	44	48	50	51	56	58	59	62	64	78	81	88	96	125	
43	31
0	2	3	5	6	7	9	12	14	22	25	26	28	34	36	38	40	43	48	50	51	52	62	73	75	88	89	97	107	122	149	
44	30
0	6	7	8	10	11	15	18	21	24	32	38	39	40	41	43	49	50	51	56	58	62	67	68	73	88	97	107	112	125	
44	30
2	3	5	8	11	15	18	28	30	32	37	39	41	43	45	48	49	52	58	65	66	67	73	77	80	81	84	88	122	125	
45	31
4	6	7	10	11	24	25	27	29	30	35	36	37	40	41	50	51	54	56	59	61	62	65	75	77	80	81	88	94	96	125	
44	31
0	1	8	12	14	16	18	19	20	21	25	27	28	31	38	40	43	44	50	63	64	65	68	69	73	80	87	89	93	94	107	
43	29
0	2	3	5	6	7	9	10	12	15	16	17	27	28	35	48	49	50	56	58	61	63	66	67	80	96	107	125	149	
46	31
0	1	5	6	7	11	17	18	21	27	30	32	34	36	38	42	43	45	48	49	56	62	65	69	80	96	97	107	112	125	149	
44	30
1	11	12	14	16	18	20	21	25	27	29	34	39	40	41	43	44	45	56	63	66	68	69	73	80	87	93	97	125	149	
41	29
2	3	4	5	6	7	10	12	14	16	19	22	25	26	30	40	48	51	61	68	69	77	78	80	87	93	94	97	122	
46	31
2	3	5	6	8	9	19	24	25	29	31	34	36	37	39	41	48	51	54	56	65	67	73	75	81	87	89	97	112	133	149	
43	29
0	1	2	4	5	6	14	18	21	22	25	26	28	30	32	40	50	62	64	67	68	69	73	77	88	93	97	112	125	
50	34
2	5	6	8	11	14	17	18	21	24	26	28	30	34	39	41	42	43	45	48	51	59	65	66	67	75	77	87	88	93	94	107	122	149	
38	28
2	4	5	8	11	12	14	16	18	19	25	27	28	43	44	45	50	51	56	61	63	65	68	69	73	78	89	97	
47	31
2	5	9	10	15	18	20	25	30	31	32	36	37	39	44	45	49	51	59	62	65	67	75	80	81	87	93	96	107	112	149	
45	32
1	3	4	5	7	12	14	15	16	19	20	22	25	32	40	41	42	44	48	51	52	61	67	68	69	77	78	80	88	89	122	149	
41	30
0	4	5	6	7	9	15	16	17	24	25	26	27	29	35	37	38	40	49	52	58	63	64	67	68	73	84	93	97	107	
38	27
0	5	7	11	12	16	17	18	21	24	25	28	30	31	37	40	45	50	51	56	58	61	65	97	107	112	122	
50	32
2	3	9	12	15	16	18	20	24	26	29	36	38	40	44	48	51	61	62	64	65	66	67	75	77	87	88	93	97	112	125	133	
44	32
1	2	3	5	9	10	12	14	17	18	24	29	31	32	37	39	42	44	45	52	54	56	58	59	62	63	64	67	81	84	93	107	
45	31
2	3	6	10	12	14	16	17	18	20	27	28	31	39	41	44	49	52	58	64	65	66	68	73	77	81	88	89	93	94	125	
45	28
2	10	16	18	22	24	28	32	37	38	41	44	45	56	59	62	64	68	75	80	81	84	87	88	96	97	107	112	
48	30
2	4	5	15	19	20	21	26	27	28	36	39	44	45	48	52	61	62	64	65	66	73	80	87	93	94	107	122	133	149	
48	31
2	3	6	8	12	14	18	19	22	25	29	34	38	39	41	49	52	56	59	61	62	65	66	75	78	80	81	89	122	125	133	
47	32
0	1	2	4	5	7	8	11	12	14	15	19	26	28	35	38	44	45	51	52	58	59	61	69	80	81	87	93	96	112	122	149	
44	28
0	1	4	11	14	15	18	20	25	26	28	30	31	44	50	59	61	62	63	64	67	73	75	77	80	112	125	133	
44	31
0	2	4	5	10	11	12	19	21	27	29	31	34	35	38	39	44	48	50	52	56	61	66	68	73	81	84	87	93	112	149	
49	31
1	4	8	10	14	16	18	20	22	24	28	30	31	36	40	51	52	59	61	63	68	73	75	78	93	94	97	107	112	133	149	
43	29
1	3	6	8	9	11	12	16	17	21	24	25	27	29	38	41	44	56	58	64	67	68	75	84	88	89	96	112	122	
47	30
4	10	11	21	22	25	27	30	31	32	34	36	39	48	52	59	62	64	66	67	69	73	75	77	87	89	93	94	122	133	
43	31
1	2	4	6	8	9	11	14	21	24	25	27	29	32	34	35	36	37	42	50	58	62	65	67	68	69	75	88	96	97	112	
40	30
2	3	5	6	9	10	18	19	20	24	25	34	35	36	37	38	42	44	45	50	54	56	61	62	64	68	81	88	96	125	
45	30
3	4	7	12	14	18	20	22	25	29	31	34	41	43	48	51	52	61	63	66	67	68	69	77	78	87	89	97	133	149	
43	30
0	6	7	8	9	10	14	20	22	30	34	36	38	41	44	50	51	52	56	59	63	65	67	69	78	80	84	89	96	112	
46	32
0	1	2	4	9	10	12	14	21	22	29	34	37	40	41	42	43	45	50	51	56	59	63	65	67	69	80	89	94	97	122	133	
42	29
2	5	6	10	11	12	14	16	18	21	22	24	27	40	41	44	48	50	52	58	61	75	77	80	84	93	125	133	149	
48	30
1	2	4	12	15	16	18	22	34	37	42	43	44	45	51	58	59	63	64	67	68	69	81	84	88	89	96	107	122	125	
42	31
6	7	8	10	14	15	16	19	21	25	26	27	31	35	38	41	44	45	48	50	52	65	75	77	78	80	88	89	93	96	112	
42	29
0	1	3	8	11	12	14	18	19	22	25	27	34	35	42	50	52	56	61	62	63	64	75	80	88	89	93	97	122	
44	32
3	4	5	6	7	9	10	11	14	19	21	25	26	31	39	44	45	48	49	50	52	63	64	69	77	80	87	88	93	96	97	122	
46	31
4	5	8	9	10	12	14	21	24	25	26	37	38	40	43	45	50	51	56	58	59	64	67	73	75	80	88	89	96	107	112	
47	33
4	8	9	10	11	12	17	18	19	20	21	26	31	35	37	38	42	43	45	51	52	56	63	64	65	66	67	75	78	80	97	107	122	
45	30
0	1	7	8	9	11	18	21	24	25	27	29	30	34	36	43	48	49	51	56	59	65	67	73	84	94	122	125	133	149	
40	29
0	1	2	7	9	10	12	14	17	18	20	30	32	35	36	37	41	44	48	58	59	61	62	65	67	89	93	94	112	
42	30
2	4	6	9	12	14	15	16	17	18	20	21	29	30	35	38	40	42	50	58	63	64	66	68	75	77	78	93	96	112	
45	33
2	3	4	6	7	9	10	18	19	21	25	27	29	30	34	35	36	38	39	40	41	49	52	58	59	62	65	77	81	96	97	112	149	
43	30
2	5	6	9	10	14	15	18	24	26	28	31	34	35	36	45	49	50	51	52	59	61	65	67	75	78	88	107	112	133	
39	29
0	1	2	3	6	7	10	14	17	20	21	29	30	31	34	35	39	42	50	54	56	62	63	64	67	88	89	96	107	
48	32
1	2	3	4	8	12	14	16	21	24	34	35	38	39	42	44	45	50	56	58	61	62	65	75	78	88	93	94	96	97	107	112	
49	34
1	6	8	9	11	14	16	18	21	24	25	26	30	31	37	39	40	41	45	54	56	63	64	65	66	68	73	75	77	80	84	89	97	125	
39	27
2	3	4	6	7	9	11	12	15	22	25	28	34	36	39	48	49	56	64	69	75	87	89	93	94	122	125	
47	30
2	4	8	15	17	22	25	26	27	35	36	37	40	45	50	61	63	64	66	67	68	73	78	80	81	93	96	97	133	149	
46	30
0	1	2	3	6	9	14	16	24	28	29	30	31	35	36	51	52	59	61	63	65	67	73	84	89	93	97	107	122	133	
44	29
2	6	8	10	14	15	16	21	25	27	28	30	35	43	51	52	56	61	65	67	69	73	75	78	80	88	89	107	112	
45	32
0	3	11	14	18	19	22	24	25	28	32	35	37	39	41	43	50	52	54	56	59	61	62	63	69	80	81	87	88	89	94	96	
50	32
1	2	8	14	15	16	17	19	20	21	24	25	26	29	30	31	51	59	62	63	65	67	68	69	75	84	89	93	94	107	112	122	
45	32
3	6	7	8	9	11	15	18	21	22	27	28	36	38	39	41	44	45	50	51	52	61	62	63	67	68	78	80	84	89	112	122	
42	30
0	1	2	3	10	12	15	18	25	26	27	29	30	32	37	39	41	49	51	54	64	67	68	69	80	81	87	88	112	125	
38	28
0	7	9	11	12	14	15	17	24	25	31	32	34	36	37	39	43	48	52	58	64	67	69	77	84	96	97	112	
46	31
6	8	9	10	11	14	15	26	27	28	35	37	39	41	43	44	48	52	59	64	66	69	73	80	81	84	89	93	96	107	112	
48	30
9	10	11	14	15	22	27	32	34	36	38	51	52	56	63	64	65	67	69	75	77	78	80	81	84	87	89	93	96	125	
45	29
1	3	5	8	14	17	24	25	29	31	35	36	40	48	56	58	59	62	64	65	66	67	73	78	81	88	89	97	125	
53	34
0	2	3	5	6	8	16	18	20	22	25	27	28	36	37	38	43	45	48	54	56	62	64	65	81	88	89	94	96	107	122	125	133	149	
40	31
1	3	6	10	11	16	17	18	19	20	22	25	28	30	32	36	38	41	45	49	50	54	56	58	61	62	64	65	73	78	84	
42	30
0	1	2	3	7	9	10	12	17	19	20	24	28	29	30	34	42	43	44	48	62	63	64	69	78	81	88	94	125	149	
48	32
0	1	5	6	11	14	26	27	28	31	34	35	36	42	44	45	48	49	52	59	65	66	67	75	77	78	81	88	89	107	122	125	
45	30
2	9	10	14	15	16	17	18	24	25	27	28	31	32	35	37	45	52	59	61	62	64	65	75	93	96	97	107	112	149	
45	30
0	2	3	5	8	12	14	19	27	34	35	37	43	45	49	50	52	58	59	61	62	65	68	73	75	80	87	88	107	112	
45	32
1	4	10	11	15	18	19	22	24	26	29	30	32	36	39	40	41	48	51	54	58	62	65	68	69	73	77	81	87	89	93	125	
44	30
4	6	7	10	11	18	19	21	26	30	31	36	37	39	40	45	50	51	52	61	62	63	69	75	88	93	96	107	112	122	
42	29
0	1	2	3	4	5	7	9	12	14	18	20	25	26	29	30	32	40	52	56	63	64	68	69	75	80	112	122	125	
47	30
1	2	4	6	7	8	10	17	28	30	31	32	36	37	41	42	58	59	64	65	66	67	68	69	93	96	97	107	122	133	
46	31
0	7	10	11	12	15	18	22	27	28	30	37	38	40	41	44	51	52	58	59	61	63	66	67	68	77	80	89	94	122	133	
44	31
0	3	4	9	10	14	15	16	19	26	27	29	34	35	37	39	41	44	51	52	61	63	66	67	73	78	80	88	89	107	125	
43	31
2	3	4	5	6	8	12	15	16	17	18	21	25	26	28	37	38	40	45	48	49	52	58	59	64	68	77	88	112	122	125	
46	31
0	7	8	9	12	14	15	17	18	26	27	31	34	36	37	38	49	50	51	52	58	68	69	78	81	84	97	107	122	125	133	
43	30
1	2	4	5	6	7	9	15	17	18	19	20	24	26	29	34	35	37	39	43	58	62	63	68	75	77	81	122	133	149	
46	29
0	2	3	4	6	7	8	9	16	28	29	34	35	36	39	48	52	56	58	75	80	88	96	97	107	112	122	125	133	
48	32
0	7	8	14	19	20	22	24	26	27	28	29	31	32	38	40	41	51	54	56	59	61	62	66	75	88	89	93	96	107	122	125	
42	30
0	1	4	6	8	12	14	15	16	21	22	25	26	30	31	42	48	50	51	52	64	66	67	69	75	80	89	97	107	112	
42	30
0	2	3	4	5	6	12	14	16	18	21	22	26	27	29	36	37	38	41	48	50	59	64	75	88	93	96	122	125	133	
38	29
1	3	5	6	8	10	11	12	15	18	25	26	27	30	35	37	38	43	44	49	50	51	52	59	69	81	107	122	133	
45	30
0	1	2	4	6	7	14	20	22	24	26	28	31	34	36	43	51	58	59	64	67	68	69	84	87	88	89	94	122	125	
37	27
0	1	2	7	8	14	18	21	24	25	28	29	30	32	35	42	44	54	59	61	62	64	65	69	73	80	122	
47	31
5	7	8	9	12	14	19	25	27	35	36	37	38	42	44	45	48	51	56	58	59	61	67	68	73	77	87	88	122	125	133	
46	32
3	4	7	10	12	14	15	17	19	24	29	32	34	36	37	39	40	50	51	54	56	58	61	63	66	69	81	89	93	97	107	133	
43	31
1	4	10	12	16	19	24	26	27	28	32	37	39	41	42	44	45	48	49	50	58	61	64	65	73	78	87	93	96	97	125	
39	30
5	7	8	9	10	12	17	20	21	25	26	27	30	32	37	38	42	44	48	49	52	56	64	67	68	77	78	84	88	97	
44	30
0	2	3	5	6	12	15	16	22	25	27	30	35	36	39	44	48	52	58	61	63	66	67	69	73	78	96	97	125	149	
51	30
7	8	9	10	25	27	29	32	37	39	41	44	56	59	62	63	64	65	66	75	77	81	87	88	89	94	97	107	122	149	
46	31
1	2	5	6	8	9	10	11	17	18	24	25	32	34	35	36	37	42	58	64	65	67	68	73	77	81	88	89	97	112	122	
43	28
0	1	2	3	4	6	7	9	10	11	28	32	37	38	45	51	56	58	64	66	75	78	87	93	97	107	122	125	
45	31
0	2	4	6	7	12	14	18	26	30	31	32	35	36	40	48	50	52	61	63	64	65	66	69	73	75	80	84	87	88	112	
43	31
6	8	9	10	14	15	16	20	21	24	25	26	27	35	40	41	44	48	49	50	52	54	61	75	81	93	96	97	107	125	133	
43	29
0	1	4	5	8	10	22	24	25	29	32	35	37	39	45	48	51	56	59	61	62	64	65	66	73	75	81	112	122	
49	32
1	2	6	10	12	21	22	25	27	30	31	42	44	48	50	52	59	63	64	65	66	67	73	78	80	84	87	88	89	93	96	112	
41	29
0	1	3	6	7	11	12	14	15	22	25	29	30	31	32	35	37	42	45	56	58	63	65	66	68	88	93	122	125	
45	31
0	3	5	9	12	15	16	17	18	19	27	29	35	36	37	38	44	48	49	52	58	62	63	64	77	81	84	97	122	133	149	
47	31
1	5	6	9	10	11	12	16	18	21	24	27	36	41	44	48	59	61	62	64	65	66	68	69	73	78	84	87	89	94	125	
48	32
1	3	5	6	7	8	10	12	14	18	20	22	34	39	41	48	49	50	58	61	62	65	66	73	75	78	80	93	96	97	112	133	
44	29
0	1	18	19	20	24	25	29	32	35	36	37	42	45	48	50	56	59	61	62	64	68	75	78	81	87	89	107	122	
41	29
1	5	6	7	8	14	16	19	24	25	26	27	30	31	34	36	40	51	64	65	68	73	77	80	88	89	93	97	149	
43	31
0	1	2	3	6	7	8	14	15	19	20	21	28	30	31	32	35	36	40	48	50	62	65	67	73	80	88	89	94	107	133	
46	28
5	8	11	12	25	27	28	32	35	37	41	44	45	56	58	59	61	62	65	66	73	78	89	93	96	107	112	122	
46	32
0	5	9	14	15	18	19	21	24	25	27	29	32	35	39	40	41	42	44	54	58	62	67	68	73	87	93	94	96	97	112	125	
42	30
0	1	3	6	10	11	15	17	19	21	22	28	30	31	32	37	38	43	48	52	64	67	73	77	84	88	89	94	107	125	
48	31
7	14	15	16	18	19	21	24	28	34	35	39	42	44	45	48	52	56	62	63	64	78	80	81	87	88	89	94	107	122	125	
43	29
0	3	5	6	7	8	9	10	11	15	21	27	28	34	35	39	43	50	51	56	59	66	67	89	96	107	112	122	133	
50	33
1	3	5	6	7	8	11	16	21	25	32	35	36	39	40	41	44	45	52	56	61	65	67	68	77	84	87	89	93	97	107	122	125	
45	31
1	4	7	9	10	11	15	25	27	28	30	31	35	38	41	43	44	45	49	52	58	59	68	69	77	81	87	88	107	125	149	
50	32
0	2	3	5	10	14	16	18	19	28	29	31	35	36	37	38	51	58	59	61	62	64	65	69	73	78	80	89	94	107	122	125	
47	31
0	8	9	12	17	21	25	26	27	32	36	37	39	40	45	51	52	62	63	64	65	66	68	77	87	89	93	94	97	107	133	
44	28
1	2	7	9	15	18	24	26	28	34	36	40	48	49	51	56	58	59	63	65	87	88	89	93	97	112	125	149	
44	30
0	2	4	6	8	14	16	17	18	19	30	31	35	37	40	42	49	52	56	58	61	65	67	68	75	89	93	97	107	112	
46	30
0	2	3	5	9	10	12	16	17	21	28	30	38	42	44	48	49	56	62	64	66	68	75	77	80	84	97	107	112	149	
43	31
0	7	10	11	14	15	17	19	24	27	28	31	36	37	38	41	48	50	51	52	56	58	62	67	69	73	75	78	89	94	149	
43	29
0	1	2	3	4	5	7	8	10	11	19	20	31	34	36	38	43	51	59	68	69	80	84	89	94	96	112	122	149	
45	30
2	3	4	5	12	15	20	22	25	29	34	35	36	39	41	42	43	51	59	61	66	69	75	78	80	81	87	112	122	125	
38	27
0	1	2	3	6	7	14	16	19	20	24	28	35	37	39	43	44	49	56	59	61	62	63	78	97	107	112	
40	27
0	1	3	4	5	8	12	14	15	21	22	25	31	35	37	44	48	52	56	63	69	73	89	122	125	133	149	
50	33
1	2	9	10	16	17	19	22	24	25	26	31	34	37	38	43	48	50	56	58	59	63	64	65	67	75	81	84	87	89	93	107	122	
41	29
1	2	3	4	6	8	10	15	16	21	22	25	28	30	31	38	39	45	48	64	69	75	77	78	87	93	94	122	133	
51	32
6	8	11	17	20	21	25	28	31	34	35	38	41	42	50	54	56	58	65	66	67	68	69	73	75	77	78	87	97	107	112	125	
38	29
0	1	4	5	6	8	9	12	14	18	19	22	25	26	34	35	37	42	43	44	52	58	62	65	68	69	81	96	122	
40	30
0	1	2	6	7	10	12	14	15	17	18	24	28	30	31	35	37	42	52	54	59	61	63	64	67	68	73	75	77	81	
41	30
1	4	8	10	12	14	15	17	20	25	26	29	31	34	36	38	40	50	51	52	63	65	66	67	73	81	88	89	93	112	
40	29
0	1	2	6	11	14	15	18	24	25	27	28	36	37	38	39	41	43	56	61	62	65	69	73	75	80	89	94	97	
46	32
0	8	15	18	19	21	27	28	29	31	32	34	35	39	42	45	48	49	50	52	54	58	67	69	75	77	80	81	97	112	122	149	
41	29
0	4	5	7	8	10	11	15	17	18	21	28	38	41	45	50	51	54	56	58	59	63	67	69	75	78	80	96	125	
42	28
0	6	8	10	14	22	25	27	31	32	37	38	39	41	42	44	61	62	64	65	66	67	73	89	93	94	107	112	
48	31
0	3	7	8	9	12	18	20	21	24	27	29	30	32	35	36	44	48	50	56	61	62	65	66	75	97	112	122	125	133	149	
47	31
2	4	8	11	12	18	20	24	26	30	32	34	36	38	41	44	45	51	61	64	65	66	67	75	84	87	88	97	107	112	125	
50	33
4	5	8	11	12	24	27	28	32	34	35	36	37	40	41	42	48	49	50	56	59	61	63	65	69	78	84	94	96	97	112	125	149	
44	30
1	4	7	9	10	15	20	26	27	28	29	32	39	40	45	48	50	52	63	64	69	73	77	78	80	84	87	97	107	149	
46	30
3	4	10	12	14	15	16	25	26	30	31	35	40	43	44	50	51	56	59	61	63	65	66	67	75	80	81	112	125	133	
39	31
0	3	4	5	6	10	11	12	15	16	17	19	21	25	27	28	30	31	37	38	39	41	49	51	52	63	78	88	94	112	122	
44	29
0	7	9	10	11	12	15	27	28	30	34	39	42	44	48	49	56	62	63	64	66	69	78	84	87	89	96	112	125	
40	31
4	5	8	9	11	12	17	21	24	26	27	30	31	32	34	36	37	38	41	44	45	48	50	56	65	66	67	78	80	93	125	
45	28
0	4	8	10	12	22	25	27	34	36	37	39	49	54	56	59	61	64	68	69	84	87	93	94	97	125	133	149	
48	31
5	9	12	14	17	18	26	27	28	34	39	40	43	48	49	50	59	63	64	65	67	69	73	75	78	81	84	88	94	107	149	
43	31
0	6	8	10	19	24	25	26	28	31	32	34	35	36	37	38	45	49	51	52	54	61	64	65	67	77	87	94	97	122	133	
42	30
0	2	7	10	11	12	15	17	24	25	27	28	31	35	37	39	42	50	52	56	59	61	62	65	78	84	87	94	97	112	
48	32
1	3	6	9	12	16	17	18	22	25	28	29	34	36	37	38	41	44	52	58	61	64	67	68	75	78	84	93	97	112	125	149	
42	30
2	3	5	6	9	10	16	24	25	27	31	32	37	38	39	40	41	48	50	51	64	65	73	75	80	81	84	97	112	133	
45	33
1	2	3	6	9	11	15	16	18	20	25	27	31	32	34	36	37	38	44	48	50	54	61	64	66	69	73	78	80	89	93	96	133	
45	30
2	3	6	9	10	15	18	20	21	24	25	30	32	34	35	38	41	56	59	62	65	73	77	78	81	88	93	96	112	149	
45	32
1	2	3	6	10	11	12	15	16	18	27	28	32	38	39	40	43	44	49	51	56	65	66	67	73	77	78	81	84	88	97	107	
44	30
2	7	10	11	12	15	17	27	28	31	38	40	41	45	49	51	52	54	56	59	65	67	68	75	88	89	93	96	107	125	
40	29
0	1	3	5	10	11	17	19	24	28	30	31	32	35	37	39	44	45	48	52	59	61	67	75	78	84	96	107	112	
47	31
0	1	6	10	11	14	17	18	20	22	30	31	32	41	42	44	48	50	58	62	64	66	69	73	81	87	89	93	112	125	149	
38	29
0	2	4	10	11	15	19	22	24	26	27	28	29	30	31	32	39	41	45	48	50	61	64	68	75	78	88	96	112	
45	29
1	6	10	11	12	14	16	22	27	31	32	34	36	38	51	52	62	65	66	69	75	78	81	84	89	93	107	125	133	
40	27
3	4	6	10	12	14	16	18	24	25	29	30	40	41	50	51	61	65	68	73	77	78	81	89	94	122	133	
48	32
0	2	3	4	7	8	14	15	18	19	29	34	39	41	43	44	48	51	56	63	64	66	67	77	78	84	87	88	93	97	107	122	
43	29
1	4	8	9	10	14	15	21	24	25	28	30	37	39	44	49	51	54	56	59	65	73	75	78	93	94	107	112	125	
42	30
1	2	3	7	10	16	17	19	24	25	30	32	35	36	37	39	41	48	51	56	59	61	62	65	69	75	80	93	96	107	
43	32
1	2	3	4	5	11	12	17	18	22	25	26	30	37	39	40	41	45	48	50	52	58	59	61	63	64	66	69	75	77	81	94	
45	31
3	11	12	14	17	19	20	21	30	34	36	37	40	41	44	45	48	52	56	59	61	64	67	68	77	81	84	87	89	97	107	
43	29
0	2	4	5	12	14	15	16	17	18	19	25	31	32	34	42	50	52	61	64	68	73	75	77	78	94	122	133	149	
42	29
3	4	10	11	12	16	22	25	27	31	32	37	39	41	45	50	52	56	62	64	68	81	84	87	88	89	93	96	125	
50	31
2	7	10	11	15	16	19	24	25	26	27	34	37	44	45	51	61	65	67	68	75	87	89	93	94	96	97	107	125	133	149	
42	31
0	2	9	15	18	22	24	25	26	28	30	31	34	37	41	43	45	50	51	54	56	58	61	63	64	67	78	87	88	96	97	
42	31
0	1	3	8	10	12	16	19	20	25	27	29	30	35	36	37	41	42	44	45	49	51	61	66	73	75	77	87	96	107	133	
46	33
0	2	6	11	12	14	15	16	17	24	26	27	31	34	36	37	38	39	42	45	48	52	61	62	78	80	88	93	94	96	97	122	125	
41	30
0	1	3	6	8	9	10	12	16	18	19	21	27	29	30	32	35	39	43	44	51	56	64	75	77	88	89	94	107	112	
44	31
0	1	2	3	4	7	10	12	16	19	25	34	39	40	41	42	44	50	51	54	61	66	67	73	78	87	89	93	96	125	149	
45	31
0	6	10	12	14	15	16	17	18	19	21	25	26	27	30	31	37	39	40	49	58	62	73	78	80	88	94	97	107	133	149	
44	30
4	6	10	11	18	21	22	25	35	36	38	39	40	41	42	48	52	54	62	64	66	69	75	77	78	88	89	96	107	112	
48	32
2	3	4	9	10	14	20	21	22	25	27	29	30	38	43	44	45	50	51	59	64	66	67	73	75	84	89	93	94	107	125	149	
45	30
4	6	8	10	12	14	17	18	22	26	27	31	32	35	40	51	52	61	62	64	65	66	68	75	77	81	89	97	107	112	
40	29
5	7	8	10	15	16	17	18	26	27	30	31	37	39	41	42	48	49	52	62	64	65	66	69	81	84	87	97	133	
39	27
0	3	5	6	7	8	12	14	15	17	26	27	28	39	43	49	50	51	61	66	73	78	88	97	107	125	133	
41	28
0	1	3	5	6	8	9	10	16	17	22	25	26	28	30	41	51	52	59	61	62	66	67	75	96	112	125	149	
47	30
2	6	7	10	20	21	25	26	27	30	34	36	38	41	45	51	61	62	65	66	68	69	75	78	87	89	96	107	112	125	
45	30
0	1	3	5	8	11	14	16	17	18	21	27	28	38	39	43	51	56	59	61	65	75	77	78	81	89	96	97	107	149	
48	33
3	5	6	7	8	9	10	12	19	25	27	31	32	35	37	40	41	42	50	52	59	61	62	65	75	77	80	81	89	96	97	122	133	
49	31
1	2	8	14	15	16	17	18	22	24	28	32	34	41	43	51	59	61	62	65	68	73	77	78	87	89	93	97	107	112	133	
43	28
4	10	11	18	19	21	22	28	29	30	37	38	43	44	48	50	59	64	67	69	73	78	80	81	84	112	125	149	
46	30
0	3	4	7	8	12	15	18	19	21	24	25	35	36	41	45	52	56	61	62	64	65	73	80	87	89	96	107	122	125	
40	31
0	1	2	3	5	6	7	9	14	15	16	17	18	20	21	24	27	29	30	31	35	36	50	61	62	67	73	81	87	89	133	
47	30
0	1	12	14	16	18	19	21	24	32	34	37	39	41	45	50	51	58	59	63	68	73	78	88	96	97	112	122	125	133	
42	28
0	2	7	10	16	17	18	20	24	35	36	37	39	41	45	50	56	59	62	64	68	78	80	88	96	97	107	112	
39	30
0	1	3	4	5	7	9	10	15	17	19	20	26	28	35	36	37	38	42	45	48	52	58	61	62	65	73	80	89	149	
46	31
0	1	6	8	10	11	12	16	17	21	25	27	29	39	40	43	44	48	56	59	61	65	69	73	77	80	89	93	94	107	125	
49	33
4	5	6	7	8	10	11	27	31	34	36	37	39	40	41	45	49	50	51	52	56	59	65	68	69	78	80	84	87	93	107	112	133	
42	29
0	1	2	8	9	10	11	14	15	16	17	21	28	30	31	35	42	44	56	62	65	67	69	73	78	89	94	112	125	
43	31
0	2	8	9	11	12	14	15	20	24	27	28	31	35	37	38	41	45	48	50	52	56	59	62	78	81	87	93	97	107	112	
41	30
0	2	6	7	10	12	16	17	18	26	27	28	29	34	35	36	37	38	49	52	61	62	65	66	81	84	87	96	97	149	
45	30
6	7	9	15	18	19	22	25	31	32	36	37	38	39	43	44	50	56	59	65	67	68	75	78	80	88	89	97	107	122	
47	31
0	3	5	6	10	18	19	20	28	29	34	35	36	39	41	45	48	51	52	56	62	68	75	78	81	88	89	107	112	122	149	
43	29
1	3	6	10	11	12	18	19	20	29	36	37	39	40	43	49	51	58	62	63	64	65	73	81	88	93	97	112	149	
46	30
5	7	14	17	18	19	21	25	27	29	34	35	40	48	52	59	61	65	66	67	78	80	81	84	88	89	93	96	97	107	
49	31
1	4	5	10	11	18	24	25	28	29	30	31	37	41	42	43	56	59	61	65	66	68	73	75	77	80	84	94	107	112	149	
46	32
0	1	3	6	9	10	12	22	24	25	27	29	30	34	35	40	43	44	45	52	56	58	59	62	65	75	77	78	81	97	107	125	
43	30
0	1	5	6	7	8	9	10	12	26	28	30	35	41	44	45	48	50	51	56	59	62	63	64	73	87	88	96	112	125	
47	31
0	3	4	5	6	8	9	10	27	32	34	35	37	43	45	48	52	54	56	61	64	67	68	69	77	93	94	96	107	122	149	
41	29
0	7	8	10	14	15	17	18	19	21	24	29	34	35	37	38	41	48	50	56	75	77	80	88	93	96	97	107	133	
41	29
0	1	2	3	5	6	9	15	17	18	19	24	28	32	34	35	36	37	49	54	56	59	61	62	77	81	122	125	149	
40	30
0	4	5	8	12	14	19	22	25	28	29	30	31	35	39	40	43	44	45	50	51	54	61	68	73	88	89	93	112	122	
39	32
0	1	2	4	5	7	8	10	11	15	17	20	21	22	26	27	28	30	35	36	39	41	48	49	50	61	62	64	65	68	93	94	
45	29
1	3	4	7	8	10	11	14	15	25	31	35	36	49	51	56	61	62	64	65	66	67	69	80	84	89	97	112	149	
43	30
3	5	8	12	14	16	19	21	25	26	28	31	34	38	40	43	45	49	51	56	62	65	68	73	78	88	94	96	107	122	
46	32
4	8	9	12	14	18	21	24	25	30	34	37	39	41	44	45	48	49	51	56	63	64	65	66	67	69	78	80	87	96	97	112	
41	29
2	7	9	14	15	16	17	18	21	22	24	28	30	36	38	44	45	48	50	56	62	64	65	75	80	93	96	125	149	
50	33
0	3	5	7	9	10	12	14	17	18	19	20	21	25	28	31	34	35	52	56	59	61	64	66	67	68	75	78	81	87	107	112	125	
41	28
0	1	3	4	8	9	12	14	16	21	25	27	29	32	43	45	48	58	62	64	65	68	73	78	84	89	122	133	
42	30
0	3	4	8	10	12	17	18	22	25	27	28	32	37	39	45	51	52	54	62	64	65	68	69	81	84	88	96	97	133	
44	31
2	8	9	14	17	19	24	25	26	27	28	35	41	42	43	44	45	48	51	54	59	61	62	63	69	73	80	89	93	112	122	
44	29
4	8	10	14	15	17	27	28	31	35	38	42	43	45	50	51	56	63	64	66	67	73	75	81	88	94	97	107	112	
43	31
0	4	7	8	9	10	15	24	26	28	29	32	35	39	40	43	48	51	52	54	56	62	63	65	69	80	81	84	96	97	149	
44	31
1	2	4	5	7	8	14	15	16	20	21	25	30	31	39	40	44	50	51	67	68	77	78	80	84	88	89	93	94	96	122	
44	30
2	5	14	15	17	25	28	32	34	36	37	38	41	43	50	51	52	54	59	61	65	66	78	80	81	84	88	96	125	133	
52	34
4	5	9	12	15	16	21	28	29	31	38	42	43	44	45	49	50	51	52	58	62	63	65	68	75	77	78	80	84	88	96	107	112	122	
52	30
0	1	4	6	8	10	15	32	34	36	38	48	51	52	61	64	66	69	73	84	87	88	94	97	107	112	122	125	133	149	
40	30
0	1	3	7	8	15	17	20	22	24	25	28	31	34	35	36	40	45	48	50	54	58	61	63	66	73	77	93	97	149	
43	29
0	6	11	15	16	17	18	25	27	28	30	34	36	43	44	50	52	59	61	63	64	68	75	78	81	87	96	112	125	
40	27
0	3	7	8	9	12	15	19	24	27	29	34	35	36	37	38	48	52	59	63	73	89	94	107	122	133	149	
44	31
1	8	9	14	16	19	21	24	25	26	27	31	35	38	39	41	43	48	52	59	63	64	65	68	75	77	80	84	89	93	122	
44	30
3	4	5	8	10	12	16	19	22	25	37	39	40	41	44	45	49	50	61	62	64	68	69	73	87	88	93	94	122	149	
47	31
0	2	6	12	15	16	22	25	27	35	42	45	48	49	50	52	58	61	62	63	64	68	69	75	80	81	84	88	96	97	112	
47	31
0	3	6	9	15	17	22	26	31	32	34	36	37	38	45	48	51	52	56	61	62	67	68	75	77	88	89	94	107	122	149	
43	29
0	2	3	6	7	8	9	12	16	22	25	27	28	36	38	40	41	48	64	66	67	68	77	87	89	96	122	125	133	
41	30
1	2	5	8	9	10	12	15	16	21	24	25	28	35	37	41	44	48	50	51	62	63	69	73	75	78	87	93	97	112	
36	28
0	5	6	7	8	10	12	16	18	19	24	26	27	28	36	39	40	41	44	51	52	62	63	64	69	93	94	149	
46	31
0	1	4	8	14	15	16	17	19	26	27	34	39	40	44	45	48	49	52	58	61	65	73	78	80	87	89	94	122	125	149	
43	32
4	10	11	12	15	17	19	26	27	28	29	30	31	35	36	38	39	45	48	51	52	54	58	61	63	67	69	73	77	78	94	149	
47	32
3	4	6	8	18	24	25	28	29	34	37	38	39	41	44	45	48	52	54	56	58	64	66	67	69	78	81	87	89	94	122	149	
48	32
1	2	4	5	6	9	11	12	18	28	30	31	38	39	44	45	48	51	52	58	64	65	73	77	80	81	84	96	97	107	112	149	
44	29
0	4	5	8	9	12	14	15	22	28	35	36	45	50	51	52	59	61	62	64	68	69	73	78	80	94	96	122	125	
46	29
0	4	8	11	14	17	21	22	25	30	32	34	40	42	52	56	58	59	61	62	64	67	73	75	84	93	112	122	125	
39	27
2	4	5	7	11	12	14	17	25	27	28	32	35	44	45	50	56	61	65	68	69	77	78	87	93	96	125	
46	31
0	5	6	8	9	12	16	25	29	32	34	36	37	38	44	49	50	51	54	56	58	61	64	66	80	94	96	97	112	122	133	
43	28
2	3	5	6	7	10	16	18	24	32	34	35	36	37	38	52	62	64	65	66	75	80	81	88	96	107	112	149	
43	28
0	6	10	11	14	24	27	30	34	35	36	40	44	50	51	58	59	61	62	63	65	67	68	73	78	81	107	125	
43	33
2	3	5	7	8	12	14	17	18	20	21	22	24	25	28	29	32	34	38	44	50	51	52	54	63	66	67	68	77	80	88	97	107	
42	29
0	1	2	3	9	14	16	19	21	26	27	28	36	37	40	43	49	59	61	68	69	73	77	80	87	88	89	97	107	
49	30
1	2	4	8	14	16	18	22	24	25	28	37	38	42	43	51	54	59	61	65	69	77	84	97	107	112	122	125	133	149	
40	29
1	3	8	9	12	14	16	17	24	25	31	32	37	38	39	41	44	48	50	56	58	61	63	64	65	77	81	89	133	
43	31
1	7	8	14	15	16	17	18	19	21	26	27	29	30	31	35	39	41	43	44	48	49	69	73	78	84	88	93	122	133	149	
43	29
0	2	3	5	6	9	12	15	22	26	27	30	34	35	36	37	48	50	58	61	66	67	68	75	80	96	125	133	149	
49	33
0	1	2	4	5	6	7	10	19	20	24	25	26	31	32	34	38	43	51	61	63	64	68	69	78	81	84	88	93	94	97	122	149	
41	29
1	4	7	8	11	12	14	15	26	28	29	31	36	39	40	41	51	52	65	67	68	69	77	80	84	89	94	96	122	
48	30
6	10	14	15	17	22	25	30	34	35	36	43	50	52	54	61	62	64	65	66	67	73	75	84	87	88	97	107	112	125	
45	30
0	2	10	15	17	19	20	24	25	27	30	36	40	43	50	52	59	61	63	64	66	68	73	75	77	78	80	87	94	133	
42	29
1	2	3	9	15	17	20	24	28	32	35	37	42	43	44	48	51	54	58	61	62	63	64	69	73	80	97	107	112	
48	29
0	1	5	14	16	18	20	22	32	36	37	38	44	51	56	59	61	64	65	73	77	78	84	96	97	107	122	125	149	
44	31
0	3	8	9	14	15	17	21	25	30	31	35	36	38	39	40	45	49	52	62	66	67	68	69	73	77	78	87	88	97	112	
44	31
4	10	11	12	16	17	18	24	25	26	31	32	34	37	39	48	50	52	56	64	66	68	69	75	78	80	81	88	89	96	97	
48	32
4	5	9	10	12	18	19	25	29	34	35	36	42	44	45	48	51	52	56	61	62	64	67	69	73	78	84	87	89	96	112	133	
43	30
0	1	7	8	10	11	12	15	17	19	21	24	25	26	27	29	30	37	44	56	59	61	63	64	68	81	93	94	107	112	
46	32
0	3	5	8	9	14	15	18	25	26	28	34	35	37	38	42	43	45	48	49	56	61	65	67	75	77	80	87	94	96	122	133	
45	29
0	3	4	7	9	11	12	19	25	26	31	32	36	39	48	52	56	59	62	63	64	66	67	75	80	89	107	122	125	
43	30
2	4	5	7	9	14	17	19	24	27	28	31	32	35	37	44	45	51	52	54	59	61	65	68	69	78	94	112	122	149	
50	31
0	1	2	3	6	7	8	10	15	18	28	30	32	35	37	62	63	64	67	75	77	80	81	87	88	89	93	96	107	112	149	
50	32
2	5	9	10	14	19	25	31	34	37	38	39	43	44	45	49	51	54	59	61	62	63	65	66	69	87	93	97	107	112	125	149	
45	30
2	4	6	7	8	9	11	12	18	22	26	36	37	39	40	45	54	61	62	63	64	67	69	84	87	88	96	97	133	149	
41	30
1	3	4	5	9	12	15	16	21	24	27	28	34	36	37	40	41	44	48	49	51	56	61	63	68	78	93	97	107	149	
40	29
0	1	3	7	11	18	19	28	30	34	36	37	39	43	45	48	49	50	51	56	59	65	67	69	75	80	84	87	125	
48	32
0	1	2	5	6	7	17	18	24	31	32	37	38	39	42	44	50	51	52	58	61	65	67	69	73	75	78	80	96	107	112	125	
41	30
0	9	11	12	14	15	17	19	21	24	25	30	31	32	34	38	41	43	48	50	63	64	69	73	75	78	84	88	96	112	
42	30
1	4	6	9	11	12	18	26	32	36	38	39	41	44	45	50	51	52	54	61	62	63	64	65	68	75	87	93	97	107	
44	29
0	5	6	9	10	12	15	18	19	24	31	34	37	38	41	51	52	59	61	64	68	77	84	94	96	97	107	112	133	
45	31
0	1	6	7	10	18	19	21	22	24	26	34	35	36	39	40	43	48	52	56	63	64	67	69	78	80	88	89	96	107	149	
46	31
2	3	6	7	9	10	15	17	21	22	24	26	28	37	38	40	42	50	51	56	65	67	69	73	75	80	84	97	122	125	149	
46	30
1	2	4	7	9	10	15	26	27	28	32	36	37	39	40	43	59	62	67	69	77	80	81	84	87	89	93	96	122	149	
38	29
1	12	15	16	17	18	21	25	30	31	32	34	36	37	39	43	44	50	51	54	56	59	61	64	67	69	78	88	89	
43	28
1	2	4	7	11	12	14	17	18	24	28	34	35	37	54	56	61	62	63	77	80	87	88	89	93	97	107	149	
43	28
4	7	8	10	11	12	15	21	27	28	39	42	48	52	58	61	63	64	66	69	75	77	81	87	93	96	97	112	
42	29
0	2	5	6	9	10	12	14	16	17	22	24	29	32	34	35	43	44	52	58	59	61	62	66	73	88	107	112	125	
47	31
0	3	5	6	7	8	16	18	20	21	26	27	28	39	42	43	51	56	58	59	62	64	68	78	81	87	88	89	97	107	122	
46	33
1	4	14	17	19	21	24	25	26	28	31	34	35	36	41	42	43	45	48	50	54	59	64	66	69	73	78	84	87	89	93	96	112	
42	30
0	1	3	5	7	9	12	15	16	17	20	22	34	35	36	38	41	44	48	49	50	58	61	69	73	81	97	112	125	149	
41	27
0	1	2	3	7	8	9	10	12	14	21	29	34	35	42	56	58	59	62	65	67	69	84	87	89	112	122	
46	30
2	6	10	12	16	18	22	26	30	34	37	39	42	43	49	51	52	64	65	68	69	81	84	89	93	96	97	107	112	125	
41	29
4	5	7	9	12	14	17	27	28	29	30	35	37	41	44	49	50	51	61	62	65	69	73	75	78	80	84	94	107	
50	32
2	4	5	9	11	12	15	17	21	26	31	34	35	36	37	39	43	50	58	68	73	77	78	84	87	89	94	96	107	122	125	133	
43	31
0	3	4	5	7	10	14	15	17	18	20	21	27	28	38	41	43	44	45	51	52	59	66	69	73	84	87	88	94	107	125	
43	31
3	4	5	7	10	11	14	17	19	25	26	28	30	40	41	42	45	50	51	52	56	59	61	68	69	73	77	78	88	96	112	
53	32
0	1	8	12	14	15	16	19	26	28	31	38	43	48	51	62	65	67	69	73	75	80	81	87	88	89	96	97	107	112	125	149	
51	32
3	6	18	19	21	24	29	32	35	36	37	38	40	42	50	51	56	64	65	66	67	68	69	73	77	78	81	88	97	107	112	125	
45	31
2	6	8	9	12	14	16	22	25	30	32	34	37	38	41	43	44	51	52	56	65	68	73	78	80	81	87	88	89	112	122	
38	29
0	1	3	5	7	9	11	12	15	17	19	20	24	25	29	31	35	36	37	48	54	56	65	67	68	80	96	97	149	
42	31
0	2	3	4	5	6	9	12	15	21	22	25	26	35	36	38	39	45	48	50	51	64	68	73	80	87	89	93	94	97	125	
47	30
4	9	10	11	15	17	25	27	28	32	34	39	43	48	52	54	59	61	64	69	73	77	78	84	87	96	97	107	125	149	
49	32
0	1	2	4	6	8	9	11	14	17	21	22	26	28	30	32	38	44	52	64	65	67	68	75	78	80	87	94	107	112	122	149	
43	27
1	7	11	12	14	18	25	27	29	31	35	37	44	45	56	61	63	67	68	69	73	88	89	93	107	122	125	
42	28
0	2	3	5	7	11	12	14	17	18	19	22	25	31	34	43	51	54	61	62	64	66	68	87	107	112	122	125	
41	30
0	2	4	7	10	12	14	17	18	19	24	26	29	30	32	36	38	44	50	54	58	61	62	64	66	80	84	93	97	149	
39	29
0	1	3	6	7	8	10	15	18	20	22	25	26	28	30	32	38	41	43	45	51	52	61	64	66	93	122	125	133	
48	32
1	2	5	9	12	14	15	16	17	18	24	25	26	31	36	40	44	52	58	59	63	66	67	68	75	80	81	84	94	97	112	125	
51	33
0	3	8	9	10	12	16	17	18	21	22	27	30	31	32	40	41	51	52	61	63	66	68	75	77	88	93	94	96	107	112	125	133	
44	30
0	1	2	8	11	14	15	17	18	20	24	26	29	37	38	39	42	44	56	61	65	66	67	68	75	80	96	97	107	112	
44	32
0	1	2	10	12	14	16	21	22	24	25	26	27	29	30	31	36	45	48	52	54	58	63	64	66	73	84	87	88	89	93	125	
47	28
0	4	8	12	24	25	27	30	36	40	43	44	45	56	59	61	62	63	64	65	68	73	78	96	122	125	133	149	
45	31
0	3	4	7	8	9	10	11	12	14	24	27	28	30	38	40	43	48	51	56	59	62	64	66	67	68	81	88	89	112	149	
46	30
0	3	4	6	8	9	10	18	20	24	35	39	41	45	51	52	62	64	65	66	68	73	77	80	81	93	96	97	107	122	
42	30
0	1	6	7	8	11	19	20	22	26	28	31	34	35	36	38	48	51	62	65	67	68	69	73	75	78	80	89	96	97	
45	32
1	2	3	9	12	16	17	20	24	25	31	32	36	38	39	40	42	44	48	51	56	61	64	65	73	75	78	84	88	89	97	107	
46	31
0	4	7	10	11	20	25	27	31	35	37	39	40	44	48	52	54	59	61	64	65	66	67	69	75	81	87	89	96	97	107	
42	29
0	1	2	3	4	7	9	12	14	16	18	25	27	31	32	37	44	50	56	58	62	63	64	65	68	73	97	125	133	
45	29
3	4	6	7	10	11	18	25	30	34	36	37	38	45	50	52	62	64	65	69	75	77	81	87	89	94	107	122	133	
48	31
1	5	11	15	18	19	28	30	31	34	40	42	43	44	48	49	52	58	65	73	78	80	81	87	88	93	96	97	112	125	149	
41	31
0	1	6	10	14	15	19	20	21	25	28	29	30	31	32	36	37	42	43	44	49	50	51	62	65	67	69	73	88	122	149	
45	30
0	1	5	9	11	12	18	19	21	27	29	30	35	36	37	38	39	51	56	59	62	64	68	69	81	94	96	122	125	149	
47	32
1	3	7	8	11	15	24	25	26	31	37	39	40	41	43	44	45	49	52	56	58	68	75	80	81	87	88	94	96	97	122	125	
44	30
1	2	4	6	10	12	16	17	18	28	29	32	34	38	41	50	51	52	56	62	64	65	69	73	78	81	93	97	112	133	
44	31
0	2	6	9	10	12	16	17	19	26	27	28	32	34	39	42	43	49	50	62	66	68	75	77	80	81	88	93	96	97	107	
46	29
1	5	9	14	18	24	25	28	35	37	41	43	44	45	50	56	59	64	67	68	73	75	77	78	81	96	122	125	133	
43	29
3	4	8	12	14	18	21	22	24	34	37	38	42	48	50	51	52	56	63	66	67	69	81	84	88	89	96	125	133	
45	31
3	9	10	11	15	21	26	27	28	30	31	37	38	41	42	43	44	48	49	54	56	64	66	67	68	84	87	89	107	112	149	
45	29
2	5	6	7	8	14	22	26	27	28	31	32	35	37	39	44	62	63	64	66	68	69	89	93	96	97	107	112	149	
45	29
1	2	3	5	8	9	14	16	24	34	35	37	39	42	45	49	59	65	68	69	75	80	81	87	89	97	107	112	149	
43	29
0	1	2	3	4	5	6	7	8	10	12	15	16	18	19	22	35	43	45	62	63	66	77	88	96	112	125	133	149	
42	29
1	2	5	8	10	11	15	17	19	21	34	35	37	39	40	43	44	45	56	61	63	68	73	75	89	93	96	107	112	
46	32
1	5	8	14	18	20	21	22	24	26	27	29	36	38	39	41	44	45	48	56	58	59	61	66	67	69	73	75	78	80	84	122	
46	30
0	2	4	10	11	17	18	19	20	26	27	35	36	41	44	59	61	64	65	68	69	75	78	80	87	89	93	94	96	125	
45	31
1	2	3	4	6	8	9	16	18	20	21	22	31	36	38	42	43	44	50	63	64	65	67	68	75	87	93	94	97	107	122	
47	29
0	2	4	5	6	12	14	16	18	24	27	29	42	45	52	56	61	62	64	65	66	73	75	78	93	107	122	125	133	
43	31
0	1	2	6	7	10	16	17	20	22	24	28	30	31	37	38	40	43	44	49	52	61	64	67	68	75	78	80	94	107	112	
45	31
0	2	4	8	9	11	12	14	16	17	19	25	34	35	38	44	45	50	52	67	68	75	80	81	84	88	89	93	96	112	133	
41	31
1	6	7	8	12	15	16	17	21	24	26	27	28	30	31	38	42	44	48	50	51	56	58	66	67	68	75	78	84	88	89	
50	32
0	1	5	7	9	15	21	24	25	27	29	32	35	36	37	40	43	48	51	58	61	63	68	69	73	80	88	107	112	122	133	149	
45	30
0	2	5	9	10	12	15	16	18	24	26	27	37	39	41	45	48	59	61	62	63	67	77	78	80	87	93	97	107	149	
54	34
3	8	12	20	25	27	29	30	32	36	38	39	43	44	45	49	51	52	56	58	61	63	66	67	69	75	77	81	88	93	122	125	133	149	
41	29
0	3	9	11	14	20	21	24	25	27	34	35	37	39	41	43	45	50	56	59	62	63	65	67	68	75	88	97	122	
42	27
4	9	10	12	15	20	25	27	30	32	37	39	44	45	52	58	59	61	62	63	64	69	78	87	112	133	149	
40	30
1	2	5	6	8	10	12	15	16	17	18	24	25	28	32	36	37	41	45	49	54	56	59	61	64	65	68	77	81	133	
49	31
0	1	5	9	14	15	16	25	27	31	35	36	37	40	48	56	59	62	67	69	75	78	80	81	87	89	93	94	96	112	122	
46	30
4	7	8	12	14	22	24	25	27	28	30	31	35	40	49	50	51	58	61	63	66	73	88	89	93	96	97	107	112	149	
42	29
0	6	7	9	10	12	16	18	25	26	29	32	34	37	39	41	50	56	58	62	66	67	69	75	78	80	84	89	112	
44	34
0	1	6	14	16	17	19	20	21	22	25	27	30	31	34	35	37	38	39	40	41	45	49	50	52	63	65	68	75	78	81	88	94	125	
43	28
0	2	7	12	14	16	19	24	27	34	36	37	41	45	49	51	59	61	65	66	80	87	89	93	97	107	125	133	
44	31
3	6	7	8	9	10	14	19	22	26	27	28	30	31	35	36	40	44	48	49	51	56	59	61	62	63	69	73	112	122	149	
44	28
0	1	9	14	15	18	24	25	28	31	32	35	37	42	54	56	61	62	63	64	65	75	77	94	97	107	112	122	
44	29
0	1	6	10	12	15	16	17	18	19	24	25	30	31	35	37	52	61	62	65	66	67	75	77	78	88	107	112	133	
39	29
1	3	4	7	8	9	11	15	19	24	25	26	31	34	35	37	39	40	48	49	52	58	63	68	88	93	97	107	112	
42	29
4	5	7	8	14	15	18	29	31	32	35	36	40	41	48	51	52	61	63	65	66	67	69	73	77	80	88	97	149	
43	31
5	10	12	14	15	16	19	22	25	27	28	29	30	32	35	36	37	38	44	49	52	54	61	62	64	66	67	87	107	125	149	
43	32
0	1	2	3	6	8	12	18	19	20	21	24	26	27	30	31	32	34	36	42	43	51	62	64	68	69	75	78	80	81	97	107	
44	30
1	2	3	6	9	12	14	19	25	28	29	30	34	36	37	43	45	48	59	61	62	65	68	80	84	87	89	93	122	133	
44	29
2	4	7	8	10	11	14	17	18	19	21	35	40	41	45	56	59	61	62	63	67	68	69	77	80	89	93	97	122	
43	31
0	1	2	3	5	8	10	11	12	17	18	19	20	24	28	37	39	40	52	54	61	62	66	69	73	75	77	80	94	96	107	
45	29
1	2	3	5	7	8	12	14	18	26	28	30	34	37	41	62	63	65	66	67	68	69	77	80	87	93	97	112	125	
45	32
0	3	7	8	9	10	11	15	21	24	25	26	27	30	34	37	39	41	45	48	49	62	73	80	81	84	87	88	94	96	112	122	
44	29
4	7	8	10	12	14	16	22	27	31	34	36	39	43	44	50	51	56	58	59	62	68	69	84	89	94	107	112	125	
46	32
0	1	2	5	7	8	12	17	19	20	21	25	32	36	38	39	41	42	45	48	49	61	62	64	65	66	78	87	96	112	122	133	
46	30
1	2	3	5	6	9	12	14	19	21	24	34	39	42	43	44	45	58	61	62	63	64	67	75	80	87	93	107	112	122	
46	31
1	2	4	9	10	11	12	15	18	20	21	24	27	28	35	44	48	49	52	56	64	65	73	80	87	88	89	97	112	125	149	
49	31
0	1	7	8	9	11	14	16	17	18	22	27	32	34	36	49	51	56	58	59	62	66	67	68	87	88	97	107	125	133	149	
43	29
0	4	11	14	21	22	24	27	31	34	37	38	39	43	48	50	52	59	63	65	67	68	69	73	75	80	89	112	125	
44	29
6	7	8	9	17	18	25	28	34	39	41	44	45	50	54	56	58	59	61	62	64	69	87	88	89	93	94	96	107	
46	30
3	5	10	15	16	21	24	28	31	39	43	44	45	48	49	50	56	59	62	67	68	75	78	80	84	87	88	89	107	112	
46	30
5	6	7	11	12	14	16	18	24	25	28	36	37	38	40	41	49	62	64	65	66	68	69	73	75	96	97	107	122	133	
48	31
0	2	3	4	5	10	12	28	34	35	37	38	39	49	51	54	56	58	59	61	62	63	64	67	69	75	80	88	94	107	149	
44	28
2	4	10	12	14	16	17	18	20	22	24	32	37	39	50	59	61	63	66	68	77	80	93	96	97	122	125	133	
44	30
0	3	4	8	9	10	12	19	24	26	30	34	37	38	40	41	45	51	52	61	62	77	78	81	87	88	96	112	125	149	
50	31
2	3	7	15	21	27	28	30	31	35	40	41	48	49	52	58	61	63	65	66	73	75	77	78	87	89	94	96	107	122	149	
45	30
0	7	9	14	15	16	19	27	28	29	31	34	36	40	48	49	50	56	61	64	66	69	73	80	87	88	89	97	133	149	
44	32
0	3	4	11	12	15	19	21	26	27	29	31	34	35	36	37	39	43	44	48	52	59	61	73	77	78	84	88	89	94	97	107	
43	28
0	2	4	5	7	12	14	17	21	26	32	34	43	45	50	51	61	65	68	69	77	84	89	93	97	122	125	133	
41	29
2	4	7	8	9	11	12	14	18	27	28	30	32	34	38	39	41	44	50	51	65	66	68	77	80	84	112	125	149	
44	30
0	3	5	8	11	14	17	18	19	21	27	35	40	43	45	48	49	52	59	61	65	67	73	77	78	93	96	97	107	149	
46	31
0	2	8	9	10	15	16	17	21	26	27	30	31	32	34	38	48	52	59	63	65	68	73	77	78	80	89	93	97	107	149	
45	32
2	4	10	14	15	18	20	25	26	27	30	31	34	37	39	40	42	44	50	51	54	58	61	66	80	84	88	93	96	97	107	112	
45	32
2	8	9	12	14	15	17	18	21	24	26	28	30	32	38	40	41	43	44	50	54	61	62	66	75	80	84	93	94	97	125	149	
50	32
1	4	7	9	10	12	15	18	24	26	28	35	40	43	44	49	51	56	61	64	65	68	73	80	81	87	88	96	97	112	122	125	
45	28
0	8	9	10	12	15	21	24	25	28	30	40	48	51	52	61	64	65	66	73	75	87	93	94	107	112	125	133	
46	30
1	2	3	7	10	12	16	17	20	22	25	28	35	38	41	50	51	58	59	61	65	67	69	77	88	89	96	112	125	149	
45	30
2	3	4	5	14	15	18	20	25	26	28	30	32	38	40	43	48	50	61	64	65	66	73	77	81	87	93	112	122	133	
45	30
4	5	9	10	14	15	18	20	22	24	25	27	28	29	35	36	38	45	56	62	65	66	69	73	80	81	89	112	122	125	
50	33
0	1	9	15	17	19	21	22	26	27	28	30	31	34	35	36	43	44	48	49	56	58	59	64	69	75	80	94	96	112	122	125	149	
41	29
0	1	4	5	7	10	14	15	16	19	34	36	38	40	42	43	44	51	52	54	61	65	69	73	75	93	107	125	133	
39	28
0	2	3	4	5	7	8	10	15	26	27	28	37	39	41	43	50	56	59	61	62	63	73	75	78	80	87	94	
49	30
1	3	5	6	7	8	12	14	15	16	20	28	31	36	40	48	56	63	64	65	66	77	81	88	93	112	122	125	133	149	
47	33
1	3	4	7	8	10	12	16	18	19	26	27	28	32	35	36	37	38	43	45	48	49	58	61	63	64	68	73	81	97	122	133	149	
46	34
1	4	6	7	9	11	18	19	21	24	25	26	31	32	34	35	36	37	39	40	41	45	50	67	68	69	73	80	89	93	94	96	97	112	
44	30
0	1	3	4	11	14	15	18	20	27	35	36	37	41	43	44	45	51	58	59	61	65	67	69	73	75	80	97	125	133	
48	32
0	1	3	5	9	12	14	15	17	18	19	22	28	31	34	36	39	44	48	56	59	64	65	66	75	81	93	94	96	122	125	149	
45	28
0	2	4	5	7	10	15	24	25	27	32	39	43	44	56	61	63	64	68	69	73	81	87	88	93	112	125	133	
48	30
1	2	3	6	7	8	9	14	18	25	28	30	34	45	50	56	63	65	67	68	75	77	80	87	89	94	97	107	122	133	
51	34
0	3	4	9	11	18	19	22	25	27	28	29	30	32	35	43	44	54	58	59	61	63	64	68	69	73	77	84	87	93	94	96	97	125	
43	30
1	2	4	5	6	7	9	11	14	15	17	18	19	20	29	30	31	40	44	50	64	65	68	77	78	93	94	122	133	149	
45	31
0	4	5	11	12	14	17	21	25	27	28	29	30	31	35	36	38	39	45	56	58	61	62	69	73	88	93	96	97	125	149	
41	31
2	3	4	5	8	9	14	15	18	22	26	27	28	31	32	38	42	45	48	49	50	51	61	65	75	77	80	81	93	97	107	
42	30
1	4	9	10	11	12	16	20	22	27	34	35	36	37	39	42	44	50	51	56	59	62	63	64	68	75	80	81	97	107	
42	30
0	3	4	7	8	10	12	14	15	17	18	27	28	34	37	38	41	50	51	56	59	64	65	69	78	89	93	94	96	133	
53	32
4	8	16	17	21	24	28	30	32	35	40	43	44	51	56	58	59	61	65	69	73	77	78	84	87	88	93	94	97	112	125	149	
40	28
0	1	2	4	7	8	10	12	16	19	24	25	31	35	38	40	41	51	58	61	75	80	81	88	89	96	112	133	
49	31
1	6	8	9	10	14	21	24	25	29	34	39	40	41	45	49	51	56	65	66	67	75	78	87	88	89	94	112	125	133	149	
47	31
1	3	12	14	15	16	20	24	34	35	36	37	41	44	45	48	50	51	52	61	66	67	69	80	84	87	89	112	125	133	149	
49	32
3	4	6	7	10	14	17	26	27	28	31	32	39	40	45	49	51	56	58	61	62	66	69	78	84	87	88	89	93	97	107	125	
41	29
0	1	3	4	8	9	12	14	15	18	21	29	32	35	36	40	51	52	63	64	66	67	68	75	80	84	88	97	112	
42	30
1	4	5	6	7	15	17	18	19	20	21	26	36	38	39	40	43	45	48	52	62	65	66	73	80	88	93	97	133	149	
42	30
1	2	4	6	7	8	12	14	20	22	25	26	34	38	41	43	48	50	51	59	61	65	66	68	69	81	87	96	97	125	
46	31
0	7	12	14	17	18	20	21	24	29	34	35	36	37	38	42	43	48	50	56	64	67	69	77	78	84	89	96	107	125	133	
42	30
0	4	8	9	12	18	19	20	24	25	26	28	30	35	38	41	42	51	52	58	59	61	64	69	73	78	80	94	97	112	
41	28
1	4	10	12	15	18	21	25	27	34	35	36	37	42	43	56	59	62	65	66	67	69	75	77	78	80	89	96	
52	33
0	3	7	9	11	15	16	17	21	27	28	32	37	38	39	40	48	52	58	59	61	62	63	64	67	68	69	81	89	107	112	122	149	
43	28
0	3	4	5	6	8	14	18	27	28	34	38	41	43	50	51	52	61	62	65	66	73	93	96	107	112	133	149	
38	29
0	2	3	5	6	7	8	10	11	12	18	22	24	27	31	34	35	37	42	45	48	61	62	66	88	93	96	97	107	
45	30
0	5	8	9	12	15	19	20	30	31	34	35	36	37	39	42	49	51	52	58	65	68	69	81	84	89	112	122	125	149	
51	31
0	4	5	6	10	11	15	18	24	27	29	30	39	48	50	56	59	62	67	73	75	80	81	88	89	93	94	112	125	133	149	
45	34
5	8	15	16	18	20	22	24	26	27	29	30	35	36	37	38	41	44	45	48	51	52	54	58	63	64	66	67	69	80	81	87	96	97	
51	32
1	8	15	16	18	21	24	25	28	30	31	34	38	39	44	48	54	56	58	59	64	65	73	77	78	80	88	96	107	122	133	149	
46	31
0	6	7	8	9	12	14	20	22	24	30	32	34	35	36	51	52	54	56	58	59	61	65	67	69	80	84	93	97	107	149	
48	31
2	4	10	12	14	15	18	24	25	26	27	29	36	39	40	48	51	56	58	66	67	73	78	81	87	88	89	94	112	125	149	
48	31
3	6	9	12	14	17	25	29	34	35	37	38	42	44	50	51	56	62	63	64	66	68	69	78	81	84	88	89	96	112	149	
42	31
1	3	5	6	8	9	12	17	18	19	21	22	25	30	34	35	36	41	42	49	52	61	62	65	67	75	87	89	96	97	112	
42	31
2	5	7	9	10	11	12	15	16	19	21	26	27	28	35	36	38	42	44	45	48	58	66	69	73	78	84	87	93	96	125	
49	32
2	3	9	12	15	17	20	21	24	28	30	36	37	40	44	49	51	52	59	61	65	67	73	77	78	81	93	94	97	112	125	149	
44	32
0	1	2	3	6	9	11	12	16	24	25	27	35	37	39	41	43	44	45	48	49	58	59	63	64	65	75	81	89	94	97	125	
45	29
2	6	11	12	18	22	24	26	29	30	36	37	40	42	50	52	58	61	64	65	66	67	68	78	93	96	112	125	133	
45	31
0	3	4	5	6	8	9	10	15	16	17	19	27	28	30	34	35	38	43	51	52	59	62	65	66	73	81	112	122	125	149	
44	30
2	5	9	11	12	21	24	26	27	28	29	32	36	39	41	42	45	50	58	64	65	67	68	73	77	87	89	93	122	125	
42	27
2	4	7	11	12	14	15	17	18	20	28	30	34	35	39	62	63	67	68	69	77	93	94	97	112	125	149	
44	31
0	1	5	6	7	8	9	10	21	22	24	26	29	30	34	36	41	43	51	54	56	58	62	65	67	68	75	89	96	107	133	
43	29
0	2	3	5	9	10	15	16	18	24	27	29	36	39	48	51	62	63	66	68	73	75	77	80	81	87	93	94	133	
38	28
0	2	4	5	6	7	9	10	11	14	15	17	18	26	27	28	30	34	38	42	62	64	66	89	96	97	112	125	
43	30
0	2	3	5	7	9	10	16	19	20	25	28	29	39	40	44	48	49	51	59	64	66	77	78	87	88	93	97	107	149	
43	30
0	9	10	15	16	17	18	21	24	26	27	31	35	39	41	45	48	49	50	56	58	62	63	65	68	75	77	97	112	125	
37	25
4	7	8	12	14	16	17	25	27	28	31	36	38	50	56	58	59	62	64	66	67	68	88	97	133	
46	30
0	2	5	6	10	11	16	17	18	20	22	27	31	36	38	43	50	59	61	62	64	68	75	78	84	89	94	107	112	122	
42	29
0	1	2	3	5	6	7	10	15	22	24	28	29	31	34	35	40	48	49	56	61	64	65	77	93	97	107	125	149	
45	32
0	2	7	9	12	17	18	21	24	28	30	31	35	36	38	42	44	48	52	58	59	62	64	65	73	75	78	80	84	93	94	97	
45	31
0	2	3	6	7	10	17	18	19	20	21	32	34	36	38	41	42	49	51	54	56	61	62	64	75	77	81	89	107	125	133	
43	29
1	3	4	6	9	14	18	21	22	25	27	30	34	36	43	50	52	63	68	69	75	77	78	80	81	88	96	125	133	
47	31
6	9	10	12	14	15	16	21	24	30	34	35	37	39	43	44	49	51	56	63	65	67	73	75	78	87	89	96	107	112	125	
43	30
0	7	8	9	11	12	14	16	17	24	28	34	36	38	41	43	48	50	56	58	59	67	69	77	80	84	87	88	97	149	
52	33
10	11	15	24	26	27	30	31	34	35	39	40	41	43	44	51	56	63	65	66	68	69	75	77	78	81	84	87	88	96	97	107	125	
38	28
0	4	5	6	7	8	9	10	12	15	25	32	34	37	39	41	42	44	45	51	52	62	65	68	97	107	112	149	
43	28
1	2	3	7	9	10	12	14	15	20	30	34	36	41	44	51	63	67	68	69	73	75	93	94	96	112	122	125	
42	30
0	4	5	6	8	11	12	14	17	26	27	29	34	36	37	38	39	44	48	50	56	61	64	66	75	89	93	97	107	133	
46	32
0	3	8	11	14	15	17	22	24	25	26	31	32	35	39	40	43	48	49	50	56	58	62	66	67	69	75	81	93	97	107	125	
43	29
0	2	10	14	16	17	22	27	28	35	36	39	43	44	50	52	56	58	59	61	62	66	69	73	78	80	89	94	125	
40	28
0	1	2	4	5	6	7	8	14	18	24	25	28	30	32	34	37	39	45	56	61	62	64	84	97	112	122	133	
41	30
0	4	6	9	10	11	14	15	19	21	27	28	30	31	32	36	37	38	43	50	51	56	58	63	67	69	75	77	122	125	
50	33
3	5	7	8	14	16	17	26	27	28	35	37	40	43	44	48	49	50	54	56	59	61	65	66	73	75	84	88	89	97	107	112	125	
49	31
6	9	10	11	12	16	18	19	25	26	36	37	39	44	48	52	59	61	63	64	65	75	78	80	87	88	89	93	107	112	125	
45	31
0	3	4	8	10	11	14	15	20	21	27	28	29	30	37	38	41	43	51	56	61	62	65	66	67	68	73	81	93	107	112	
46	30
1	5	7	10	11	12	15	17	19	25	30	31	37	38	39	41	43	51	56	62	65	68	81	87	88	97	107	112	125	149	
41	29
4	7	8	9	10	12	15	16	27	28	31	35	38	40	43	44	48	50	54	56	59	63	65	77	81	88	97	125	149	
49	33
0	6	7	10	11	14	15	16	17	18	19	20	24	31	36	40	49	51	52	56	61	63	64	68	73	75	80	81	84	87	97	107	122	
49	30
2	4	9	18	22	24	25	30	34	35	38	42	43	50	58	59	63	64	66	67	68	73	75	81	87	88	93	112	122	125	
47	30
1	5	6	10	11	14	18	20	24	28	34	35	39	40	43	44	51	56	59	62	65	75	81	88	89	97	107	112	122	125	
50	33
8	11	14	15	18	22	24	25	28	29	30	32	37	39	40	43	44	45	51	56	62	65	68	75	81	87	88	89	94	96	107	122	133	
47	30
0	6	7	10	11	12	15	18	27	30	38	40	43	44	49	50	51	56	62	65	66	77	84	88	89	94	107	112	122	149	
45	32
0	3	7	8	12	14	16	17	18	19	24	29	32	40	41	42	44	48	49	50	52	59	61	62	67	80	84	88	94	97	112	122	
44	31
0	1	3	6	9	11	12	19	22	28	29	36	39	40	43	48	51	52	59	61	62	65	68	75	77	78	81	89	94	96	97	
43	31
1	3	6	10	11	12	16	17	24	25	29	31	35	37	40	41	48	50	51	56	59	62	64	65	73	75	81	88	89	94	96	
42	28
0	5	7	8	10	12	17	18	21	24	25	30	34	43	44	51	52	58	61	64	65	67	68	69	80	107	112	125	
41	28
0	1	3	5	7	9	15	18	21	26	27	31	32	35	36	37	39	43	48	56	59	66	75	93	107	122	125	133	
37	28
0	1	6	7	8	12	15	26	27	28	29	35	36	39	40	44	48	50	51	56	61	63	64	67	73	75	78	89	
45	30
1	2	5	9	12	16	19	24	25	27	31	32	34	37	41	44	45	50	58	59	61	63	67	68	80	87	96	122	133	149	
45	29
3	4	5	10	14	16	18	25	26	28	32	34	40	41	45	51	59	61	65	66	68	69	73	77	78	87	107	112	133	
49	32
2	3	5	7	10	11	15	16	20	21	25	28	29	39	40	48	49	58	61	65	66	68	77	78	80	81	84	87	89	94	107	122	
46	31
0	2	4	5	8	12	14	16	21	25	31	34	38	39	44	51	52	54	58	59	61	62	64	65	69	75	89	93	97	125	133	
45	30
0	1	6	8	15	19	22	25	28	34	39	41	43	44	51	52	54	58	59	61	67	75	77	78	80	84	87	89	122	133	
40	30
1	5	7	8	12	14	16	17	18	20	21	24	28	34	38	42	44	50	51	52	54	63	65	67	68	81	87	88	93	149	
45	29
1	2	4	5	12	14	16	17	18	22	25	31	34	41	50	54	58	61	66	67	68	75	77	78	80	84	107	125	133	
43	30
4	6	7	11	12	14	17	18	19	20	25	28	30	31	38	40	41	50	52	56	58	61	62	63	67	68	80	97	122	149	
46	31
0	7	8	10	12	18	19	22	26	27	28	36	40	41	42	45	49	51	54	61	62	64	68	69	73	88	96	97	107	122	133	
46	30
0	1	4	6	8	18	21	27	28	32	41	42	44	48	51	52	54	58	64	65	66	69	73	78	87	96	97	107	112	125	
48	31
0	3	4	8	10	12	15	21	22	24	25	30	31	34	38	40	41	52	62	64	69	75	77	78	81	89	96	112	125	133	149	
47	31
2	4	5	7	8	11	14	17	22	28	31	32	34	35	42	50	54	58	59	61	62	63	66	69	73	75	80	84	93	122	125	
44	31
5	9	11	17	21	24	27	28	32	34	35	37	38	40	41	44	45	48	51	52	56	58	59	67	69	73	84	88	97	107	112	
47	30
5	7	12	16	17	18	22	28	30	34	36	39	41	42	44	48	52	63	64	69	75	78	87	93	94	97	112	125	133	149	
41	30
6	8	9	11	12	14	15	16	17	21	22	25	26	30	39	40	41	44	48	49	50	56	61	64	75	77	88	89	112	122	
38	30
1	2	4	8	9	14	15	16	17	20	21	22	24	26	28	30	31	35	37	48	49	52	54	58	59	78	84	93	97	125	
45	29
0	1	7	10	11	14	15	22	28	31	35	36	37	43	44	51	52	58	66	67	69	80	81	84	89	112	122	125	149	
42	31
2	4	9	10	12	14	21	25	26	27	30	31	32	34	37	38	39	41	43	44	50	51	56	63	64	65	66	80	93	107	125	
44	29
1	2	6	7	11	14	15	17	26	28	39	42	43	44	50	61	62	63	64	66	69	75	77	80	81	84	87	89	122	
44	30
1	2	4	5	6	7	9	10	12	14	16	22	27	28	39	41	45	50	51	62	63	64	69	80	81	93	97	107	133	149	
45	30
0	4	5	8	9	12	14	17	19	26	29	34	36	37	39	43	48	58	62	65	67	68	69	73	77	80	81	89	122	125	
44	30
1	2	4	6	10	14	17	18	21	22	25	27	28	30	35	40	44	48	61	65	66	69	73	78	81	84	93	94	112	149	
38	29
0	3	5	7	9	11	12	14	16	17	19	24	27	28	31	35	37	38	45	48	52	56	64	89	93	94	96	97	107	
43	30
0	3	4	7	10	14	15	19	22	24	26	28	40	44	45	49	50	51	61	65	68	69	73	78	80	87	93	96	97	122	
46	31
0	5	6	7	14	15	17	19	25	28	30	34	37	40	41	42	43	49	51	52	58	61	65	66	68	73	75	107	112	122	133	
45	30
0	3	5	7	9	11	12	19	25	26	27	28	30	36	37	45	52	54	59	61	62	64	65	78	81	87	96	107	122	125	
51	31
5	6	7	8	17	22	26	28	31	34	35	37	39	41	48	56	58	59	61	62	64	65	66	67	69	75	78	107	122	125	149	
44	32
0	2	3	7	8	9	15	18	20	27	28	30	36	38	41	44	45	49	50	52	56	64	65	66	68	69	73	75	87	88	93	97	
45	30
0	2	7	8	11	12	14	18	21	25	27	28	30	32	34	39	43	44	64	65	67	68	69	81	87	94	97	107	125	149	
41	29
3	4	9	10	12	14	15	17	21	24	28	31	34	35	37	45	51	52	54	56	61	67	69	73	81	84	89	107	125	
46	32
0	5	6	8	10	22	24	26	28	29	30	31	34	38	41	45	48	50	51	52	56	59	62	64	68	69	73	81	84	97	112	149	
49	32
6	10	14	16	18	20	24	26	34	36	37	40	45	50	51	52	54	56	59	61	65	77	78	80	81	84	87	89	94	96	107	149	
43	32
2	4	8	10	11	14	15	17	19	24	28	30	31	36	37	39	40	42	44	49	50	51	54	58	66	69	78	81	84	94	107	125	
45	31
2	4	8	15	18	25	28	32	37	39	42	43	44	45	49	51	54	58	59	62	64	66	67	68	69	80	81	84	87	94	97	
50	31
2	4	6	7	9	12	16	18	29	31	32	36	38	40	43	44	56	61	62	65	68	80	84	87	88	94	97	112	122	125	149	
44	29
0	1	3	4	7	8	10	11	15	16	24	28	31	34	35	48	50	56	58	61	63	64	78	81	89	94	107	122	149	
44	29
0	3	4	7	11	20	24	29	30	34	36	44	45	48	49	51	56	59	61	62	65	67	68	69	73	75	97	125	149	
46	30
1	3	4	8	10	12	15	16	20	25	26	37	39	42	52	54	61	62	66	67	69	75	77	78	80	84	89	96	133	149	
46	32
0	1	14	15	16	17	20	21	24	25	26	27	31	34	36	41	42	44	51	58	63	65	66	67	68	69	73	75	87	89	97	112	
47	30
1	3	4	6	7	10	17	19	25	28	31	32	35	37	38	45	61	62	64	65	66	67	73	78	84	87	97	107	122	133	
48	31
0	2	9	10	15	18	20	29	30	35	37	39	40	42	44	49	54	62	64	67	69	73	78	81	87	93	94	96	112	122	149	
49	30
5	8	10	11	12	16	18	19	22	24	34	39	45	48	56	59	65	68	73	80	81	87	88	89	93	96	97	107	122	125	
43	30
0	1	4	5	8	11	15	17	25	31	37	38	39	41	43	44	49	50	54	56	58	61	62	65	67	78	80	81	112	125	
41	31
0	2	3	7	10	12	14	15	16	17	24	26	28	31	32	34	38	42	50	52	54	59	62	64	66	78	84	88	89	93	94	
40	29
0	2	4	10	12	16	17	18	22	25	26	27	29	37	40	41	42	52	61	63	64	66	68	69	77	80	81	96	97	
45	31
2	4	8	9	10	12	15	17	20	21	24	26	28	35	36	37	39	40	42	62	64	67	68	73	80	81	84	89	93	122	125	
40	31
6	7	9	14	15	16	17	22	25	26	28	30	36	40	41	42	43	44	49	50	51	54	56	58	59	61	66	73	75	81	97	
48	30
0	1	8	10	21	24	25	27	29	34	42	43	48	51	58	59	61	64	65	67	68	73	80	84	87	93	94	97	125	133	
41	29
0	1	6	7	9	10	11	12	16	18	19	21	25	34	36	38	41	44	52	59	62	65	68	80	81	89	96	107	112	
47	30
0	5	7	12	15	18	19	20	28	39	40	41	44	45	48	51	52	56	58	63	65	69	73	77	94	96	112	122	125	149	
45	30
0	1	2	4	6	7	8	12	14	16	24	27	28	30	35	36	43	50	56	59	61	62	64	73	78	80	81	122	125	133	
45	31
2	3	9	10	12	18	22	24	25	26	30	32	39	40	41	44	45	50	51	59	61	67	69	75	77	78	81	87	96	112	133	
43	30
0	1	2	3	4	5	6	7	14	22	24	25	28	35	39	41	43	45	50	61	62	66	68	69	73	89	93	94	112	125	
46	31
0	1	2	10	11	12	15	16	18	20	21	24	28	31	40	44	48	54	59	61	64	65	68	73	75	78	93	96	97	107	122	
45	30
2	3	5	7	8	10	12	14	16	21	25	29	31	32	34	35	39	44	45	56	59	62	66	69	87	89	107	112	125	149	
42	31
2	3	4	5	9	11	14	15	17	26	27	28	29	30	31	35	37	39	48	54	58	61	65	66	69	73	78	87	89	93	97	
46	30
0	3	9	10	11	19	20	21	24	34	39	41	42	48	52	54	59	62	64	66	68	75	77	87	88	93	96	97	107	112	
44	32
0	1	6	7	8	10	11	14	15	20	32	34	35	37	39	41	44	51	52	54	56	58	61	62	66	69	73	75	78	80	89	94	
44	29
0	3	4	10	12	22	24	29	34	35	37	38	40	48	50	52	54	61	69	77	78	80	88	89	94	96	112	133	149	
47	31
2	3	4	6	7	9	10	14	16	26	28	31	38	40	41	42	50	52	62	64	65	66	75	78	80	84	87	89	107	112	122	
44	30
0	2	4	7	8	11	12	14	16	17	19	26	27	28	30	40	50	51	59	61	64	78	84	88	89	94	96	97	112	125	
47	31
1	2	4	6	7	8	10	11	18	19	20	26	30	36	37	40	42	45	49	52	62	64	69	80	84	96	107	112	122	125	149	
42	31
0	1	3	4	7	8	10	12	16	17	20	27	30	32	34	38	44	48	51	52	56	58	59	61	65	66	68	75	77	81	84	
45	31
2	4	6	7	9	14	16	17	19	24	25	27	31	32	36	38	40	45	51	58	63	64	65	67	68	73	84	87	97	107	133	
43	29
2	3	4	7	8	9	12	14	22	27	28	29	32	35	37	40	52	58	61	62	64	81	84	87	93	96	97	107	133	
43	31
0	4	7	9	11	12	15	18	20	25	26	27	29	30	31	36	37	38	50	51	56	61	63	66	67	69	73	80	81	93	125	
47	30
0	3	4	5	6	7	12	14	18	20	25	29	34	35	39	45	49	56	59	62	65	66	68	69	78	89	112	122	125	133	
43	32
0	1	6	8	10	11	12	15	17	19	20	21	25	28	31	37	38	39	42	44	45	51	52	59	69	77	78	84	89	93	112	125	
44	29
0	1	4	5	14	15	17	25	27	29	35	42	43	44	45	48	54	61	69	73	78	80	93	94	96	97	125	133	149	
44	28
0	7	9	11	12	14	17	27	28	31	39	42	43	48	50	56	59	63	64	67	75	81	84	87	89	125	133	149	
48	30
4	7	9	12	14	17	21	24	25	27	29	30	34	39	40	41	56	58	63	68	75	77	78	80	81	87	107	112	122	133	
51	32
1	2	4	5	7	18	19	21	29	30	34	39	41	42	43	48	58	59	62	64	65	66	69	75	78	80	81	87	93	112	122	133	
49	32
3	6	8	9	10	11	12	15	18	19	21	24	27	28	30	31	38	45	48	50	56	64	65	66	75	84	96	107	112	122	133	149	
46	30
1	4	7	8	12	14	15	16	17	18	19	22	36	41	43	51	52	58	67	68	69	75	77	80	84	94	97	112	133	149	
44	30
0	2	4	7	8	9	11	12	15	21	22	25	27	37	39	44	50	51	54	58	59	61	65	67	75	89	93	122	125	133	
45	31
1	2	3	7	11	12	15	19	26	28	31	35	36	38	40	43	45	48	58	63	65	67	73	75	80	87	88	89	93	97	125	
46	29
0	6	10	14	18	21	24	29	30	34	44	45	48	51	52	56	59	61	62	65	67	73	75	78	89	93	107	112	125	
43	31
0	2	3	5	6	9	10	12	14	20	21	24	25	34	37	39	40	41	42	44	45	48	65	67	73	80	87	93	107	112	149	
45	33
0	2	3	6	8	9	10	14	16	18	19	20	22	25	27	30	34	35	36	37	39	48	52	58	59	73	80	81	93	96	97	125	133	
44	31
2	3	7	8	9	11	15	16	17	18	21	27	28	29	34	35	38	43	44	49	58	59	62	63	68	78	93	94	97	107	133	
44	31
4	6	12	14	15	17	18	21	25	28	30	32	35	36	37	38	41	50	52	54	58	59	64	66	67	68	69	77	80	125	133	
41	30
1	3	6	7	8	11	12	14	15	20	31	34	35	36	37	40	43	44	49	50	51	56	59	63	68	75	88	97	107	112	
44	31
0	1	2	4	5	6	11	14	18	20	22	32	35	36	37	40	43	44	50	52	54	58	61	63	65	68	93	96	107	125	149	
48	32
2	4	5	6	7	8	9	28	30	34	38	44	45	48	50	51	52	56	58	59	62	65	66	68	69	73	81	87	89	93	94	149	
45	32
0	1	4	5	8	10	19	22	24	28	29	38	41	43	44	48	50	51	52	58	59	61	63	64	69	73	81	87	88	89	93	96	
43	28
0	2	3	8	12	14	16	18	21	24	28	32	34	39	42	45	56	61	62	64	73	78	81	84	97	107	122	133	
46	32
1	5	11	14	15	17	18	22	24	25	28	29	30	31	32	34	37	41	42	48	54	56	61	64	65	68	81	94	97	112	122	149	
46	31
1	2	4	5	10	11	15	20	25	31	32	34	39	41	42	43	44	48	51	58	61	69	75	77	87	88	96	97	107	112	125	
41	30
0	4	6	7	8	10	11	12	14	17	21	22	28	31	32	34	35	38	39	48	50	63	65	69	73	77	81	97	125	133	
40	28
0	4	7	10	12	14	15	17	26	27	28	30	31	32	37	39	43	50	51	56	68	69	75	84	93	107	112	125	
47	31
2	4	7	10	12	14	18	22	24	25	27	28	30	34	38	43	49	51	52	58	61	63	66	75	77	80	96	107	112	125	133	
48	33
4	6	7	9	10	11	14	17	19	21	25	28	29	32	34	35	38	40	43	58	65	68	69	73	75	77	80	87	88	89	94	96	122	
43	30
0	2	3	4	7	9	10	19	24	25	28	34	39	44	48	50	51	56	59	62	66	75	77	81	84	87	89	94	96	97	
40	29
0	1	2	3	4	5	11	15	17	28	30	31	34	39	41	45	48	49	51	52	58	61	66	75	93	94	97	107	133	
44	31
0	2	3	5	9	12	17	20	21	22	26	28	30	34	37	38	39	42	48	49	58	62	63	64	67	69	75	84	97	107	122	
43	30
1	6	7	9	10	11	16	22	24	25	27	28	30	34	35	41	44	50	56	59	62	64	67	69	73	77	81	87	94	125	
40	30
0	5	6	8	9	10	14	16	17	21	24	25	27	29	34	35	36	38	41	43	50	51	56	66	73	77	89	93	112	122	
46	31
2	6	9	10	14	16	22	29	32	34	35	36	41	43	44	50	51	52	54	58	61	66	73	77	84	88	93	97	107	112	125	
43	30
2	3	4	6	7	9	10	12	14	15	16	18	25	29	30	39	40	49	50	52	59	64	68	69	84	88	93	107	112	133	
45	32
0	2	3	7	8	11	12	17	18	20	21	22	25	27	30	31	39	43	44	49	50	51	58	61	67	78	80	84	96	107	125	133	
50	33
3	8	9	11	15	17	18	20	25	30	31	36	39	43	44	49	50	54	56	64	65	67	68	69	73	75	78	80	81	87	88	125	133	
49	31
1	3	4	6	7	10	15	18	19	26	30	31	34	37	39	42	48	56	59	65	66	75	78	80	88	93	94	107	112	122	125	
41	30
0	1	3	4	7	8	11	12	17	18	19	22	30	35	38	40	42	43	45	51	56	58	59	61	65	67	75	81	97	112	
51	31
1	3	7	10	11	12	17	24	25	27	31	34	35	41	52	63	65	67	68	81	87	88	89	93	94	96	97	107	112	125	149	
44	28
2	4	6	7	10	11	12	18	28	30	34	38	41	43	51	56	58	65	69	81	84	87	89	94	97	112	125	149	
45	30
4	5	7	11	12	14	15	18	20	22	25	29	30	35	39	40	44	50	56	58	61	63	64	68	69	88	93	122	125	149	
38	27
1	3	4	5	6	8	10	12	16	19	25	26	28	32	37	45	52	61	62	64	68	81	87	88	93	96	122	
44	31
0	5	6	11	16	17	18	19	24	29	30	31	34	35	37	41	43	48	52	54	58	61	64	66	67	73	78	93	97	107	112	
48	31
1	5	7	8	10	15	17	19	22	24	25	28	31	35	41	44	45	52	56	62	64	66	69	73	78	84	87	112	125	133	149	
47	31
1	6	8	10	16	18	21	22	24	26	27	32	35	37	44	45	51	54	59	63	64	65	69	73	89	93	96	97	107	125	133	
47	32
1	5	6	9	10	12	16	19	21	25	28	32	36	38	39	41	43	44	51	52	59	64	65	66	73	78	80	81	94	122	125	149	
44	31
1	4	5	11	12	14	17	18	19	20	25	36	37	38	42	45	48	49	51	52	61	64	67	73	77	81	88	94	96	122	125	
40	31
0	1	2	3	6	7	8	10	11	14	19	20	21	24	27	28	35	40	42	44	52	54	56	59	61	62	63	69	73	78	89	
44	31
1	2	6	7	9	10	12	15	17	18	28	30	31	32	36	38	39	40	48	52	54	59	63	65	67	75	80	93	125	133	149	
42	29
0	2	3	5	9	14	15	18	21	26	28	32	36	37	39	40	49	50	56	59	64	68	75	78	80	87	94	107	112	
45	33
0	1	2	4	5	10	11	12	16	17	18	21	22	24	29	34	37	39	41	42	43	45	50	58	62	78	80	88	93	96	97	112	133	
53	32
0	3	4	5	9	14	20	24	25	28	29	30	31	32	38	40	56	59	61	62	65	75	78	80	84	87	97	112	122	125	133	149	
49	32
0	1	5	6	10	14	15	18	19	22	24	31	36	38	40	45	49	51	52	58	62	68	73	75	80	81	88	89	112	122	125	133	
43	31
10	11	12	14	16	17	19	21	27	28	30	31	34	35	38	39	42	45	51	52	54	62	65	69	75	77	80	81	93	107	125	
46	29
0	2	3	4	11	14	18	19	21	28	30	34	39	43	54	59	62	63	66	67	68	69	75	78	80	94	122	125	149	
41	29
0	1	6	11	12	14	16	17	21	25	26	27	31	42	48	49	50	59	61	63	64	65	73	77	78	81	93	96	97	
46	31
1	2	6	10	18	19	20	22	25	30	32	35	37	38	39	42	44	51	58	61	66	67	69	75	77	78	81	94	96	112	125	
46	31
0	1	3	8	14	15	17	18	19	22	24	25	29	32	35	38	44	50	56	58	61	62	64	75	77	81	93	96	97	107	112	
46	29
0	3	5	7	10	12	15	16	17	24	25	30	36	48	51	52	61	63	64	65	66	68	69	80	84	112	125	133	149	
48	32
0	2	5	6	9	12	15	18	21	24	25	28	34	35	36	37	38	40	45	59	62	63	64	66	68	73	75	80	97	112	133	149	
45	30
4	10	12	15	17	19	22	26	27	28	31	32	36	39	40	48	56	58	61	62	64	65	66	73	78	80	84	87	89	125	
49	32
1	3	5	8	10	16	19	21	25	26	28	35	38	42	43	44	45	49	50	59	61	64	68	69	73	77	78	94	107	112	122	125	
48	30
0	1	10	12	15	16	21	22	25	27	28	35	36	39	41	52	61	68	69	73	77	80	81	89	93	96	112	122	125	149	
47	30
2	3	5	6	7	9	10	14	17	22	25	26	28	30	34	35	44	61	66	67	68	69	78	81	87	93	107	122	125	133	
44	31
0	1	3	8	14	16	17	19	20	24	25	29	34	35	36	37	38	48	51	52	56	59	61	63	73	75	84	89	97	125	133	
39	28
1	4	6	8	14	15	16	20	25	27	30	32	34	44	45	49	50	59	61	64	68	73	78	81	84	87	88	93	
53	33
1	3	7	15	16	25	28	29	31	36	39	42	43	45	50	52	59	61	62	64	65	67	75	77	78	81	87	88	89	94	107	122	133	
49	33
1	3	4	9	10	17	18	19	24	28	29	31	32	35	37	41	45	48	52	59	61	63	64	69	75	78	80	81	88	89	96	133	149	
42	30
0	1	2	3	6	9	10	11	12	21	22	24	25	29	35	36	37	45	52	54	56	63	64	67	68	75	96	97	125	133	
40	29
1	2	5	6	12	14	15	16	18	24	27	29	30	34	35	36	40	44	45	50	61	62	63	73	84	93	94	133	149	
45	28
0	2	4	7	10	11	20	24	27	28	32	39	41	42	45	56	59	61	64	68	73	84	87	97	107	122	125	149	
44	33
4	6	9	12	14	16	17	20	28	29	36	37	39	40	41	42	43	44	45	50	51	52	54	56	61	65	77	78	81	93	96	97	107	
44	29
6	8	9	10	21	22	25	27	28	30	32	35	36	37	38	44	59	61	62	64	65	69	73	84	89	94	97	107	133	
51	31
4	9	10	11	14	15	18	20	21	24	29	39	48	52	56	59	62	65	67	68	69	73	80	84	87	88	94	97	112	125	133	
44	30
2	5	6	7	10	11	12	15	18	26	34	37	38	39	40	42	45	49	52	62	65	67	68	69	80	93	97	112	125	149	
41	29
1	6	7	9	11	12	15	18	27	28	35	36	37	39	40	41	42	44	48	56	59	61	65	67	93	96	97	107	125	
40	30
1	3	4	5	7	8	10	11	15	17	18	21	25	30	31	32	39	41	48	52	64	66	67	69	77	78	87	88	89	96	
49	32
0	2	7	8	9	18	21	22	24	26	27	30	35	42	45	48	54	58	59	61	62	64	67	69	73	75	80	84	89	93	112	122	
40	31
0	1	3	5	7	8	11	14	15	16	22	24	26	31	34	36	43	44	45	50	51	52	54	65	68	69	78	87	93	96	112	
41	29
4	5	6	8	12	14	16	21	24	25	27	31	38	41	44	49	50	51	52	54	58	61	64	65	73	93	125	133	149	
43	29
3	6	7	9	14	15	18	24	25	29	30	36	39	44	50	51	56	59	61	62	64	66	67	68	73	77	80	88	112	
46	30
6	7	8	9	10	11	16	24	25	26	34	37	39	44	49	51	54	56	58	64	65	67	80	87	88	93	97	107	133	149	
55	32
3	7	9	15	21	25	30	31	32	35	38	40	43	56	58	59	63	65	67	68	73	75	78	81	87	88	89	93	107	112	122	125	
42	31
0	1	6	7	8	9	12	19	21	27	31	34	35	41	42	43	44	48	50	52	58	59	61	62	64	69	77	81	89	94	96	
39	29
0	1	6	8	9	10	12	14	16	19	21	25	28	29	39	42	44	48	51	52	58	64	75	78	80	81	87	89	149	
50	31
5	6	9	10	15	17	18	21	22	32	34	35	37	42	48	52	61	62	64	65	68	69	75	89	93	96	97	107	112	122	149	
45	29
0	3	4	5	6	10	15	16	17	18	19	24	29	30	48	50	58	61	62	73	75	77	80	89	93	94	122	133	149	
49	32
2	3	5	7	10	11	12	17	22	31	34	36	39	40	41	44	49	50	56	58	59	61	62	66	67	68	80	84	87	107	112	125	
51	33
0	1	2	9	10	12	15	16	18	19	21	22	30	31	34	41	44	48	51	52	63	67	75	77	89	93	94	96	112	122	125	133	149	
46	31
2	9	10	14	15	16	17	18	21	26	27	29	32	38	42	43	49	52	56	65	66	67	68	75	77	80	81	89	93	107	125	
53	34
0	5	6	8	9	14	16	25	26	28	32	36	42	45	48	51	52	54	56	58	61	62	63	64	69	73	80	84	87	93	96	122	125	133	
47	31
0	3	4	6	10	14	15	17	18	19	22	26	27	29	35	39	51	56	61	62	64	69	73	84	88	89	93	94	96	107	133	
45	29
0	1	2	5	11	14	19	21	24	25	26	28	30	43	45	51	54	59	61	64	65	67	75	88	89	107	112	122	125	
39	29
1	5	6	8	9	11	12	14	16	20	21	22	24	25	27	29	37	38	40	42	48	64	65	73	88	96	97	125	149	
47	31
4	5	6	16	20	21	24	25	26	27	29	32	34	38	39	41	51	56	58	61	62	63	65	67	75	77	78	87	89	122	125	
46	31
1	2	6	7	8	9	10	14	15	16	17	22	26	28	31	32	38	48	51	58	62	65	66	75	77	89	93	96	107	125	149	
46	31
1	3	6	7	8	9	11	12	16	22	25	27	28	29	40	41	48	56	58	64	65	66	69	75	81	84	87	93	96	97	125	
39	29
2	3	4	5	6	7	9	12	18	22	25	26	28	36	37	38	39	40	43	48	59	64	68	73	75	87	93	94	122	
45	32
2	4	6	7	8	11	12	14	17	18	24	25	27	29	32	35	37	40	41	44	51	52	61	65	69	81	89	94	96	122	125	133	
39	30
1	2	4	5	7	8	9	12	14	20	21	24	25	28	32	37	38	41	44	50	51	54	58	61	65	77	78	88	93	133	
45	32
4	6	7	9	10	11	17	22	25	26	29	30	37	38	39	40	42	43	44	45	52	59	63	64	65	66	68	69	77	87	112	122	
50	33
1	2	4	7	10	12	15	17	19	20	21	25	26	29	32	35	43	49	50	52	61	65	66	67	68	80	87	96	97	122	125	133	149	
40	31
0	1	3	6	7	8	15	16	19	20	21	30	32	34	35	36	38	41	43	44	45	48	49	50	56	61	66	73	75	107	125	
46	29
0	2	4	7	8	12	15	24	25	27	30	31	37	44	50	56	58	59	61	65	68	73	78	80	88	94	112	122	149	
47	30
0	2	5	7	9	12	18	24	26	27	28	32	35	38	43	44	45	56	58	61	62	77	87	88	89	97	107	112	125	149	
40	31
1	2	4	6	7	10	11	12	14	15	16	18	20	30	35	36	38	40	43	44	49	50	54	58	63	67	68	80	88	96	149	
45	29
0	1	2	3	7	14	15	16	18	24	29	35	42	50	54	56	58	61	62	63	64	67	77	78	87	89	93	107	122	
45	29
0	5	6	8	9	11	12	21	22	24	25	32	39	43	48	51	52	58	59	64	67	69	75	80	84	107	112	122	149	
43	31
0	4	5	7	8	9	14	15	18	24	25	27	29	30	32	39	40	44	51	52	62	63	65	67	68	69	77	87	93	94	122	
49	32
0	7	9	14	15	16	17	19	21	27	31	34	36	38	42	44	45	48	56	58	61	62	65	66	67	75	80	94	97	107	122	125	
50	30
6	7	8	10	14	21	29	31	32	34	35	36	45	51	52	58	61	62	63	64	65	66	69	80	97	107	112	122	125	149	
41	28
1	2	4	7	10	16	18	24	30	38	43	44	45	50	54	56	58	59	62	64	67	69	73	75	78	84	89	93	
44	31
0	2	8	10	11	12	14	15	19	28	32	35	37	43	44	45	49	50	51	54	59	61	65	67	80	84	87	89	94	107	125	
51	32
1	10	14	15	16	18	21	24	25	28	31	32	34	35	44	48	59	61	62	64	65	66	67	73	77	81	89	93	96	107	122	133	
43	31
4	6	7	10	11	15	17	18	20	27	29	30	36	37	38	41	42	43	50	51	52	63	66	69	73	77	81	93	97	112	125	
44	30
0	7	10	12	16	17	26	27	28	30	36	38	42	48	50	51	52	56	58	59	61	64	73	78	80	81	88	89	94	125	
42	28
0	3	5	14	15	21	24	28	31	32	35	37	39	45	48	50	58	59	66	69	73	75	80	84	89	97	107	122	
39	28
0	4	6	7	10	11	12	14	15	16	17	27	28	29	31	38	44	51	52	63	65	66	69	73	88	89	107	125	
46	30
0	2	6	11	17	19	24	25	26	27	30	36	40	42	43	45	48	50	61	64	66	67	73	88	89	93	107	125	133	149	
43	30
0	1	6	11	12	14	15	16	17	24	27	31	32	34	36	37	44	48	52	61	62	63	64	66	69	81	88	89	122	125	
41	29
2	3	6	7	9	12	15	18	19	25	26	31	32	36	38	39	40	48	49	56	61	62	63	64	65	67	97	122	125	
41	28
2	4	5	15	17	21	22	24	25	26	28	36	39	40	43	48	61	64	66	67	68	73	77	78	84	87	97	133	
42	30
1	3	4	8	9	10	15	19	21	24	25	27	29	35	36	37	40	41	45	61	67	68	73	77	78	80	88	89	93	149	
43	30
1	3	6	8	9	11	12	14	20	22	25	34	35	37	41	44	48	50	52	58	62	66	75	77	81	89	93	96	107	112	
47	31
0	1	4	5	8	9	10	11	12	20	25	26	35	38	44	48	51	52	56	61	63	68	69	75	78	80	88	93	112	133	149	
