1000 
41	30
1	3	4	7	8	11	12	13	14	17	19	28	31	32	33	36	38	40	46	51	52	55	66	73	74	86	89	103	110	117	
48	32
0	2	4	6	8	10	13	19	25	27	28	31	33	34	42	46	47	49	54	56	59	61	66	67	76	82	91	96	103	106	108	110	
46	29
0	2	4	6	7	9	15	21	30	31	34	37	41	47	51	56	58	59	60	61	71	73	78	91	104	106	108	112	118	
45	31
0	1	3	7	8	9	10	20	21	23	25	28	39	40	42	43	47	49	54	58	61	67	68	70	71	73	74	84	86	107	108	
44	30
0	4	9	13	18	19	22	24	27	28	29	31	32	34	35	41	42	50	54	55	56	57	59	68	73	91	103	104	118	130	
57	35
4	5	6	7	12	20	26	28	29	36	43	45	49	50	51	52	55	58	59	60	61	70	74	76	78	86	89	91	96	103	106	107	108	110	112	
49	31
2	3	8	9	10	12	19	24	28	30	37	38	42	43	49	52	58	59	60	67	73	76	78	82	89	91	103	106	110	112	130	
46	30
1	3	4	5	7	12	18	20	22	23	27	29	31	32	36	45	47	54	55	58	60	79	82	86	89	91	106	108	110	112	
44	32
1	5	6	10	12	17	18	19	24	25	26	27	30	31	33	35	37	38	41	42	50	57	58	61	66	68	76	79	84	86	89	117	
46	32
0	2	4	7	8	11	12	13	18	19	23	26	27	28	30	34	38	43	45	50	51	60	61	66	67	70	73	79	106	112	118	130	
43	31
0	2	6	13	14	15	17	18	25	28	30	32	33	35	36	41	42	43	47	54	55	58	67	70	73	78	79	91	96	103	106	
44	30
0	1	7	9	10	13	21	22	26	27	31	32	34	36	37	39	43	46	47	55	56	60	68	82	89	104	106	110	117	130	
47	33
0	4	5	7	9	11	12	17	23	25	27	34	35	36	38	39	41	46	50	51	54	55	58	61	66	68	74	76	82	91	103	106	108	
48	33
2	7	8	18	21	22	31	32	33	34	35	37	38	39	41	42	47	49	52	55	57	58	60	67	70	71	76	79	82	84	89	96	130	
47	29
0	7	9	10	11	13	14	17	20	25	32	33	35	39	42	54	56	57	60	61	71	73	86	104	106	108	112	117	130	
43	29
0	1	2	6	10	12	14	15	17	18	22	29	33	35	41	42	43	55	57	60	67	68	82	86	91	96	107	108	117	
46	30
1	3	4	10	18	19	20	23	25	27	29	30	31	36	38	40	41	47	56	58	70	73	76	82	86	103	110	117	118	130	
44	32
1	2	4	8	9	11	12	17	21	23	25	26	28	31	34	36	37	38	42	43	52	54	55	59	60	68	71	78	82	91	107	118	
50	31
4	5	6	10	21	26	28	29	36	37	38	43	46	49	50	52	55	58	59	60	70	73	74	78	79	82	106	108	112	117	130	
42	31
8	10	11	15	17	18	20	23	25	29	31	32	33	34	35	37	42	43	47	52	55	56	58	61	67	70	76	78	86	91	106	
42	32
2	3	6	10	12	13	14	15	18	20	23	25	27	28	32	35	37	38	40	42	43	46	51	61	70	73	76	78	82	91	103	118	
43	30
0	5	6	10	13	18	19	20	27	33	34	37	38	39	41	42	46	51	54	56	57	60	61	66	68	73	76	91	107	108	
43	29
0	2	9	11	12	14	15	20	21	23	28	29	30	34	42	43	50	52	55	57	59	60	71	76	82	106	117	118	130	
53	34
6	9	10	17	18	22	23	26	27	36	37	38	41	45	46	47	50	52	55	58	60	61	73	76	79	82	86	89	96	103	107	108	110	112	
54	34
3	5	6	11	13	14	18	19	21	25	28	29	35	36	47	49	51	55	59	60	68	71	74	78	82	86	91	96	103	104	106	108	117	130	
44	31
1	2	4	7	8	14	15	19	20	21	25	26	31	33	35	37	41	43	45	52	58	61	71	78	82	86	89	91	106	108	110	
43	31
0	1	2	10	13	18	19	20	21	23	24	27	32	33	36	37	38	40	42	43	46	56	57	60	61	68	74	84	91	110	118	
47	31
0	2	4	6	12	17	26	27	28	30	31	33	35	39	40	42	47	52	55	56	57	59	61	67	70	76	79	86	108	110	112	
46	31
2	4	7	9	10	12	20	21	22	23	25	27	32	33	40	42	49	54	55	58	61	70	71	76	78	82	86	89	103	104	117	
44	30
0	4	5	6	11	13	18	22	24	26	31	32	33	36	41	46	47	51	54	55	57	61	68	86	91	96	103	107	108	110	
46	32
2	4	6	9	10	13	14	18	20	21	25	27	36	37	38	39	40	42	49	52	58	61	67	71	73	74	76	78	79	96	112	130	
48	32
3	6	9	11	13	21	24	25	26	30	31	32	37	42	47	49	51	52	58	59	61	73	74	78	82	86	89	91	104	106	112	117	
44	29
0	2	5	6	8	11	14	15	20	28	29	30	32	34	42	49	50	54	57	58	59	60	61	66	71	78	112	118	130	
47	31
1	2	4	5	7	10	13	18	23	26	32	34	36	41	42	47	50	59	60	61	67	68	70	71	73	74	91	104	106	112	117	
43	30
0	5	6	8	10	11	12	13	14	17	19	25	28	34	39	45	47	50	57	59	60	68	71	73	76	79	84	89	96	108	
47	32
0	1	4	5	6	10	13	19	20	21	22	26	28	32	33	34	37	47	50	51	58	59	61	68	70	78	91	96	104	108	110	112	
46	32
0	1	2	4	7	10	13	17	19	21	26	27	36	40	41	43	45	46	50	51	54	58	67	71	74	91	96	103	106	107	108	110	
41	27
0	1	2	4	5	7	8	12	26	29	30	31	33	37	39	46	55	68	71	78	86	91	96	103	108	110	117	
48	32
3	5	8	10	11	15	18	21	23	26	31	34	36	37	41	42	43	46	50	54	55	56	58	60	73	76	86	89	104	108	110	118	
45	32
0	1	3	8	9	11	13	20	21	22	25	27	30	31	32	33	40	43	49	55	57	59	61	66	67	70	71	78	79	84	96	103	
49	32
6	13	15	18	20	21	25	33	35	37	38	40	41	42	46	47	51	56	57	58	60	61	66	82	86	89	91	96	104	106	108	110	
47	31
1	2	3	6	7	15	19	20	21	28	29	30	31	42	43	45	52	54	55	56	57	67	74	76	78	84	86	104	106	117	118	
48	29
1	2	9	12	14	15	25	26	33	36	39	41	43	55	58	59	60	68	71	73	74	79	84	91	103	104	110	117	118	
44	28
1	3	5	7	8	12	17	25	26	31	33	34	38	41	45	55	60	61	66	68	74	78	84	96	107	108	110	117	
46	33
1	12	14	18	19	23	27	28	29	30	31	32	33	34	35	36	37	40	45	46	49	51	52	55	57	59	82	89	103	107	108	112	117	
51	33
0	8	10	12	13	14	18	21	22	24	32	33	35	36	37	45	47	49	50	55	57	60	66	67	82	86	89	96	103	108	110	112	118	
46	30
0	3	4	12	17	19	21	27	28	29	34	38	39	42	45	50	54	56	58	59	67	71	73	74	82	86	89	103	108	118	
39	29
1	3	4	5	7	8	9	13	17	19	20	23	26	28	32	34	36	41	42	43	49	55	60	66	74	84	107	112	117	
46	31
1	3	4	5	11	12	14	17	18	23	24	27	28	29	31	33	42	47	49	50	59	61	70	74	82	103	107	110	112	118	130	
47	33
2	5	6	9	10	11	14	17	18	19	25	26	28	29	30	31	33	41	49	50	51	52	55	60	61	70	74	76	79	106	112	118	130	
43	31
0	2	5	6	7	8	15	17	20	21	26	28	29	31	33	34	37	38	39	46	47	55	61	67	76	82	96	106	107	117	118	
44	31
1	5	8	10	18	19	23	28	29	32	33	34	35	37	40	43	46	47	49	50	54	56	60	67	70	73	89	91	107	117	118	
42	32
0	3	6	7	10	11	12	13	14	20	21	32	33	35	37	38	40	41	43	45	46	52	55	58	61	71	73	86	91	96	106	107	
43	30
0	2	6	12	18	19	25	27	30	31	34	37	38	39	42	45	46	47	51	54	55	58	66	68	71	73	76	106	108	110	
46	31
0	1	4	7	9	11	12	14	18	19	20	28	29	30	33	39	42	49	55	56	58	60	66	68	70	76	79	89	104	108	130	
42	31
1	3	7	8	12	13	17	19	20	21	22	23	28	29	32	35	37	38	39	40	42	54	56	59	60	70	79	86	89	103	110	
46	31
1	3	7	10	11	15	19	21	22	23	27	28	29	34	36	39	40	45	54	56	58	60	66	67	70	73	79	89	96	108	117	
46	32
0	1	3	4	6	9	11	12	13	14	15	18	25	27	32	33	36	37	46	54	55	57	58	59	60	66	86	89	91	103	107	130	
46	31
2	3	5	6	7	9	10	13	15	19	21	23	28	36	37	46	47	59	60	61	71	73	74	76	78	89	96	103	104	106	118	
45	30
5	7	8	13	17	20	21	24	26	28	31	32	33	34	37	42	50	55	57	60	68	71	74	78	86	103	104	107	112	118	
44	31
1	2	5	7	8	10	11	13	14	20	23	29	30	33	34	35	38	49	50	58	59	61	71	73	76	89	96	103	106	107	118	
46	32
0	2	4	5	6	9	11	15	17	22	25	26	27	28	29	39	40	42	47	49	52	57	59	61	68	70	73	86	91	110	118	130	
45	30
2	4	6	7	12	17	18	19	21	24	25	26	33	39	41	47	49	56	58	60	61	66	67	78	86	89	96	104	108	112	
45	30
0	1	2	3	4	6	7	8	19	24	29	32	34	37	41	50	51	55	58	61	68	71	74	76	79	82	91	103	110	117	
43	30
0	2	4	5	6	8	10	12	17	18	22	25	29	33	36	41	42	43	46	55	57	66	67	73	82	84	86	106	108	130	
40	28
0	3	6	8	15	18	19	20	22	25	28	30	34	37	39	42	49	50	54	57	60	61	67	76	78	79	108	112	
45	31
1	4	8	11	13	18	19	23	24	25	26	31	33	40	41	42	43	45	46	54	56	60	61	68	74	84	91	103	107	108	130	
49	31
1	3	5	9	11	13	18	21	25	26	28	29	32	36	42	45	55	58	61	66	68	70	71	73	79	82	86	103	110	117	130	
44	31
2	7	8	11	12	13	14	21	23	26	27	31	33	34	35	38	39	40	50	52	55	58	60	61	67	68	79	91	104	110	118	
47	30
0	3	4	7	10	11	12	22	29	35	36	37	41	43	47	49	54	58	59	61	66	68	78	86	103	104	107	108	117	118	
45	30
0	1	6	12	18	19	21	27	28	29	32	33	36	39	40	43	47	54	55	58	61	66	67	70	71	73	78	103	110	112	
42	29
1	2	4	7	10	12	13	20	26	32	33	35	36	40	43	46	47	51	54	56	58	61	67	74	76	86	104	108	118	
44	30
1	2	6	8	9	10	11	12	15	20	26	30	32	33	35	41	49	54	58	59	60	61	66	67	70	78	86	96	104	130	
46	30
7	11	15	20	21	27	33	34	35	37	39	41	42	43	45	47	49	55	57	58	59	60	66	71	96	104	106	108	110	112	
48	33
1	2	3	8	9	10	11	14	15	18	23	25	28	29	30	31	37	39	41	47	49	57	58	60	61	66	89	96	103	106	108	112	117	
45	31
1	3	4	8	12	14	19	21	24	27	29	34	36	37	38	39	42	43	45	54	55	56	57	58	59	66	73	79	86	110	112	
48	30
0	4	7	13	21	24	27	28	35	38	42	45	49	50	52	54	58	60	61	76	78	79	89	91	103	104	107	108	110	130	
49	30
0	3	10	18	19	21	26	33	34	37	40	42	43	45	49	55	56	57	61	71	73	82	91	104	106	107	108	112	117	118	
49	33
3	4	5	7	12	14	15	18	19	20	27	30	31	35	36	39	41	45	47	56	61	70	71	73	76	78	79	86	89	96	103	110	118	
48	33
3	5	10	11	13	15	19	20	21	22	23	24	25	27	29	37	41	42	46	51	57	59	60	66	67	73	78	79	82	86	107	117	130	
45	30
2	3	11	12	14	15	17	18	19	20	26	27	28	33	36	40	43	47	54	58	61	67	71	73	79	86	107	108	110	118	
47	31
1	6	7	9	10	11	17	21	22	27	28	29	31	32	33	38	39	58	61	66	67	70	71	74	76	86	89	96	104	108	130	
46	30
0	1	4	11	19	23	31	33	36	37	39	40	41	43	49	54	56	57	58	59	60	61	68	74	76	79	82	103	104	112	
46	31
0	4	6	7	8	10	12	14	20	31	33	34	35	38	41	42	43	46	54	58	59	61	73	82	84	86	89	91	106	110	130	
48	33
0	1	2	3	7	8	11	13	23	24	25	33	35	36	38	43	45	47	49	50	54	61	66	67	68	70	73	76	82	103	106	112	118	
43	30
0	1	4	6	9	12	14	18	19	20	26	30	32	33	37	38	39	41	43	50	55	66	71	74	76	103	104	110	112	117	
44	31
0	1	4	5	7	10	13	18	20	21	22	25	27	28	31	32	33	34	35	36	55	56	60	61	66	73	78	91	103	110	130	
50	32
4	6	10	13	14	17	18	19	21	27	30	32	33	34	39	45	49	55	56	57	66	67	68	71	73	76	79	84	106	110	112	130	
47	31
2	4	9	11	15	18	19	20	21	27	31	32	35	36	40	42	43	47	57	58	61	66	67	70	74	78	86	107	110	118	130	
38	29
0	1	2	7	8	9	12	13	17	21	28	31	32	33	34	41	43	45	46	51	52	55	57	60	73	79	91	96	108	
46	32
4	6	9	11	12	13	15	17	18	24	26	29	33	36	38	39	42	43	50	51	54	55	59	68	73	78	79	89	91	104	108	130	
42	30
0	1	2	3	6	7	8	10	13	14	15	19	20	24	27	36	37	42	43	61	66	70	71	76	82	84	96	104	106	118	
42	29
1	3	9	10	11	12	17	23	25	26	33	35	39	40	42	43	45	51	55	59	61	66	68	73	74	76	103	110	117	
47	31
1	2	4	9	11	17	18	20	29	30	31	32	33	36	37	42	46	49	51	58	61	68	79	82	86	104	107	108	110	117	130	
44	29
3	5	7	8	11	12	14	20	22	24	32	33	37	47	49	52	55	58	59	60	61	66	68	74	96	103	104	108	112	
48	30
0	1	8	12	21	23	24	27	28	32	35	37	42	51	52	55	59	60	61	74	76	79	82	89	96	103	107	108	117	130	
44	31
1	3	4	6	9	10	12	17	19	20	23	25	26	33	34	40	43	47	56	59	66	68	73	74	78	79	84	91	103	104	107	
45	33
2	3	5	6	9	12	15	25	27	29	31	32	33	37	39	40	42	43	46	47	52	55	58	59	61	66	67	71	73	74	91	96	104	
47	30
2	6	7	9	25	26	27	28	31	37	39	41	43	49	50	54	55	56	57	60	61	66	68	70	78	79	82	89	108	130	
47	31
0	1	3	4	8	19	20	21	24	25	26	28	31	38	39	40	41	42	56	58	59	60	66	73	74	79	82	89	108	112	117	
49	32
0	2	7	9	10	12	15	22	26	27	29	30	32	34	36	37	52	55	58	61	71	73	76	78	79	82	86	91	103	104	108	117	
44	30
1	5	6	12	19	22	25	26	27	28	29	30	31	33	39	43	45	46	47	54	56	58	59	84	91	106	107	108	110	117	
46	28
1	3	5	8	9	10	11	13	18	19	20	31	36	42	43	57	58	71	78	82	89	103	107	108	110	112	117	118	
50	32
0	1	2	6	11	19	20	24	29	31	34	45	47	50	51	52	56	57	59	60	66	67	70	71	73	76	84	89	104	106	117	118	
44	30
0	7	9	10	11	13	18	21	26	33	34	37	38	41	42	47	50	54	55	56	59	60	74	76	84	86	89	91	103	117	
48	32
0	1	2	4	9	17	26	32	34	35	38	39	42	43	45	46	51	55	57	59	61	66	67	73	74	76	78	79	86	89	96	130	
46	31
2	5	6	7	8	10	19	25	26	28	33	34	35	37	38	41	47	52	54	61	66	67	70	76	79	89	96	103	106	117	130	
47	32
1	2	3	6	8	9	14	17	22	25	28	30	31	33	37	40	41	43	45	55	59	60	61	66	74	79	84	89	91	107	112	117	
46	29
0	1	5	6	11	15	17	18	26	33	39	41	42	46	55	56	60	61	66	67	70	73	76	84	86	91	106	108	110	
48	33
1	2	3	6	8	10	13	15	18	21	23	24	25	30	35	37	41	49	50	51	54	60	61	68	70	76	78	82	84	89	104	110	117	
48	29
1	6	10	13	18	24	27	31	33	35	42	43	51	55	56	57	59	68	70	78	82	84	86	91	103	107	108	117	130	
44	29
0	1	3	4	8	9	10	11	23	26	29	32	33	34	35	43	55	56	58	59	74	82	84	86	89	91	106	117	118	
40	30
0	3	5	11	13	18	20	21	22	23	24	26	30	31	32	37	42	47	49	51	52	55	57	60	70	76	82	86	106	112	
41	31
0	3	5	6	7	9	17	19	20	21	23	24	27	28	29	32	33	37	38	43	47	49	56	58	59	61	66	68	71	78	112	
41	30
0	3	4	7	8	12	17	19	21	22	23	24	27	28	32	33	34	42	43	46	47	54	66	67	74	78	91	104	108	112	
47	31
4	5	7	10	11	13	17	20	22	33	35	39	41	42	43	49	52	54	55	57	58	60	61	67	71	76	78	91	107	108	118	
50	31
1	2	4	5	7	8	10	12	17	19	23	24	26	28	30	34	37	59	60	67	71	76	78	89	104	107	108	110	112	118	130	
44	29
0	1	2	3	4	12	14	15	19	23	24	31	33	39	41	42	51	54	56	59	66	71	74	91	103	104	108	117	130	
45	32
0	1	7	12	13	14	17	25	27	28	29	30	31	32	34	35	37	41	42	52	55	57	58	68	70	71	73	78	79	91	104	130	
46	29
0	4	6	7	8	9	10	17	20	21	26	31	36	37	42	47	54	57	59	61	66	67	68	76	86	108	112	117	118	
43	32
2	3	8	9	10	11	15	20	21	22	24	27	28	29	31	32	33	37	41	42	43	46	52	55	58	59	60	73	96	104	110	130	
39	29
0	2	8	10	12	14	15	20	23	24	28	30	33	35	38	40	43	45	46	49	54	55	59	61	86	89	91	107	118	
44	32
0	1	5	9	12	14	18	20	23	25	26	27	29	37	38	40	42	47	49	50	51	61	66	70	71	73	74	82	96	104	106	130	
47	28
0	1	3	4	5	8	11	20	26	33	39	41	42	46	59	61	66	68	70	78	84	86	89	108	110	112	117	130	
49	34
0	2	5	7	8	12	13	14	22	23	24	27	30	32	34	38	39	43	45	46	47	51	55	59	60	66	70	78	79	82	86	110	112	130	
39	28
0	1	2	6	7	12	15	19	22	26	28	30	34	35	37	39	42	43	46	54	59	60	67	84	96	104	108	118	
46	31
3	6	7	9	13	15	20	23	25	28	29	32	37	42	43	47	49	51	55	58	61	67	68	70	71	74	79	89	96	110	112	
45	30
15	18	23	24	28	29	30	33	34	35	37	39	41	42	47	52	54	55	58	61	67	70	71	76	79	86	89	104	107	117	
43	30
1	3	6	7	8	9	12	13	18	19	20	28	30	31	36	39	42	43	45	52	57	67	71	78	89	106	107	108	110	112	
43	29
0	1	2	4	5	17	18	19	20	27	28	31	32	37	38	39	41	42	47	54	58	60	82	86	106	108	110	112	117	
47	32
0	1	3	4	8	9	10	15	19	23	25	29	31	32	34	35	43	45	51	54	56	57	59	67	74	76	86	89	104	107	117	118	
45	30
0	1	3	5	13	15	17	20	22	26	27	31	33	39	42	51	52	54	55	58	59	67	74	78	79	84	86	96	108	130	
46	30
1	5	6	7	14	19	20	25	26	28	30	33	34	35	40	42	43	54	55	59	61	70	73	84	89	103	107	108	110	117	
44	31
2	4	5	6	11	12	18	21	24	28	30	31	34	37	38	39	43	46	50	51	55	59	60	61	68	70	84	96	104	112	118	
44	28
1	3	9	10	11	14	15	18	20	21	23	26	42	43	51	55	56	66	73	74	76	79	86	104	106	108	112	117	
42	30
0	6	8	9	14	15	20	22	23	24	26	28	30	38	39	40	45	46	47	49	54	55	59	60	66	91	103	104	110	118	
42	28
0	2	4	6	8	14	17	18	19	23	26	33	34	35	37	43	47	54	55	59	67	86	103	104	106	108	112	118	
46	32
2	5	6	7	12	13	19	20	21	23	25	27	29	30	31	33	34	37	39	46	50	55	59	67	68	82	84	86	107	112	117	118	
41	30
0	1	2	4	6	17	18	20	21	24	27	29	32	33	34	35	43	46	47	50	54	55	56	57	59	60	67	68	76	112	
47	30
0	2	3	10	13	14	19	20	24	27	30	31	32	39	42	51	54	55	58	59	61	71	78	79	82	89	103	112	118	130	
48	32
3	10	15	20	29	30	31	33	35	37	41	42	43	45	49	50	52	56	58	59	60	61	67	68	70	71	73	86	96	104	107	108	
42	30
4	7	8	9	10	11	12	17	18	20	21	22	26	28	33	40	46	47	49	57	60	61	68	70	73	76	91	96	103	117	
47	29
7	8	12	17	18	19	24	25	33	34	37	42	43	46	47	55	61	66	68	73	76	82	84	86	96	112	117	118	130	
51	33
0	1	2	6	7	8	11	17	19	21	23	24	28	33	35	36	40	43	52	56	59	61	70	71	74	76	78	79	89	110	112	117	130	
47	31
2	3	4	6	7	15	17	18	19	20	25	29	32	33	36	46	50	56	57	61	66	67	74	76	78	82	86	104	106	118	130	
41	31
1	4	7	8	9	10	11	12	18	20	22	24	26	28	29	31	33	37	40	43	47	50	54	58	60	61	66	67	70	106	110	
47	29
1	2	3	5	8	9	10	18	23	28	31	34	37	43	47	55	67	71	74	76	78	79	89	104	107	108	112	118	130	
41	31
1	3	4	5	6	7	8	9	11	12	22	23	25	28	29	30	32	34	37	50	52	60	61	66	67	70	71	82	103	106	107	
42	28
1	9	10	12	15	18	20	21	23	30	33	34	36	39	43	50	51	55	57	60	61	67	71	82	104	112	117	118	
47	31
0	2	6	7	8	9	10	13	14	15	17	21	22	28	32	33	42	55	57	58	67	70	71	78	84	89	91	103	107	108	118	
44	31
1	3	5	6	7	8	14	19	23	26	27	32	34	37	38	43	46	49	51	54	56	60	66	68	70	79	84	89	103	106	118	
46	29
6	8	9	11	13	14	20	23	29	33	36	38	41	43	47	56	59	61	66	71	73	74	79	89	104	107	108	112	130	
45	27
0	1	5	6	11	19	20	22	27	31	34	47	51	58	59	67	71	76	91	96	103	104	106	108	110	112	118	
46	31
0	1	3	4	12	18	19	25	26	28	29	33	34	36	38	39	47	50	54	55	57	60	68	71	76	82	86	103	106	117	130	
45	32
0	2	3	5	6	13	17	18	20	21	24	25	26	29	32	33	34	37	38	50	52	58	61	67	79	86	96	103	104	106	108	118	
41	29
0	1	2	5	6	7	8	10	13	14	19	24	33	35	39	41	45	46	47	50	56	59	67	68	70	76	108	112	130	
46	31
2	8	9	10	14	19	21	23	26	28	29	35	39	40	42	43	47	49	58	59	66	71	74	76	79	84	91	103	104	112	117	
43	31
1	5	9	11	13	17	19	20	24	25	26	27	31	37	38	40	42	43	46	51	54	57	59	68	71	76	86	89	96	106	110	
41	29
1	3	5	8	9	11	12	13	22	25	28	29	30	31	33	34	42	45	49	54	55	59	66	68	73	82	106	108	110	
47	32
0	1	2	3	10	12	13	14	15	19	25	27	29	30	32	33	36	40	52	55	57	59	60	67	68	76	78	84	103	107	112	117	
49	31
0	7	12	13	14	20	24	26	31	33	35	37	39	41	42	50	55	58	60	67	71	74	78	84	96	103	104	106	112	118	130	
47	30
1	2	5	6	7	12	13	14	22	23	27	29	30	33	34	40	46	55	56	60	68	73	74	79	82	107	108	110	112	130	
41	31
2	3	5	6	11	13	18	19	23	24	27	28	29	30	31	35	36	37	40	42	43	46	50	56	68	71	76	79	86	112	130	
48	28
1	5	10	15	18	23	25	28	31	34	36	43	51	54	55	58	59	60	61	67	74	78	107	108	110	112	118	130	
43	30
0	6	7	8	12	14	17	19	22	25	26	30	31	33	38	41	45	46	47	58	60	68	73	74	76	79	91	107	108	110	
45	30
0	2	4	5	12	15	18	21	22	24	28	29	30	32	33	37	40	42	47	55	58	67	84	86	103	104	110	117	118	130	
43	29
1	3	5	7	8	9	10	12	13	17	19	28	29	31	37	43	47	56	68	73	79	82	86	89	103	104	106	108	130	
45	29
1	2	3	4	8	9	10	17	20	23	25	28	29	42	49	51	55	59	60	70	73	76	79	82	89	103	112	117	118	
43	29
1	5	7	8	11	12	13	15	24	26	30	32	33	34	36	42	49	54	55	57	60	66	71	76	78	89	91	108	112	
43	31
0	1	2	3	6	8	10	13	15	18	19	20	24	26	29	30	32	36	37	42	54	55	57	60	68	73	78	84	91	104	110	
45	30
1	4	7	10	11	13	17	20	21	25	29	33	34	35	38	42	46	55	56	57	58	66	68	74	76	89	104	107	112	118	
50	33
1	2	3	5	6	7	8	20	24	28	29	30	33	35	36	39	43	49	54	56	57	61	68	71	73	76	78	79	84	89	96	110	118	
44	30
2	6	7	11	12	13	18	29	32	33	34	35	37	39	40	50	51	52	54	55	58	70	71	82	91	96	103	104	117	130	
54	34
5	6	7	11	13	15	28	30	33	37	40	41	43	49	50	52	54	56	57	58	60	61	67	68	71	73	76	78	86	89	104	107	118	130	
51	32
2	4	6	7	9	10	22	24	25	26	32	33	34	40	41	45	54	55	56	57	61	70	71	78	79	82	89	103	107	108	117	130	
46	30
0	1	2	3	4	8	9	10	15	17	20	22	28	30	33	39	40	51	55	59	67	70	84	89	96	104	110	117	118	130	
49	31
3	6	9	12	14	17	20	26	29	33	34	40	41	43	47	54	55	57	59	60	67	71	73	76	79	86	89	96	103	108	130	
45	31
0	1	3	4	6	7	8	9	12	14	18	20	29	30	31	32	36	46	47	56	57	58	61	66	67	70	76	79	86	117	118	
43	29
0	2	5	6	8	9	10	12	14	17	18	23	27	28	29	30	46	51	55	57	60	68	73	82	89	107	108	110	118	
46	31
3	6	7	8	9	12	13	14	20	21	23	28	37	38	41	42	47	52	57	60	61	66	67	68	74	78	79	89	107	110	112	
44	30
1	2	4	5	8	14	15	18	21	23	26	27	28	31	32	34	45	46	49	50	61	66	73	76	82	91	108	110	118	130	
43	30
1	3	4	5	7	8	9	10	12	20	21	25	27	34	36	38	42	45	51	57	58	60	61	68	78	82	84	107	110	112	
46	32
0	2	5	9	14	18	23	26	27	32	34	36	37	38	39	40	42	45	46	47	52	55	58	61	71	79	96	103	106	110	112	130	
53	32
0	4	13	17	18	19	26	31	34	36	37	38	42	47	49	54	57	59	60	66	68	70	71	73	74	103	104	107	108	110	118	130	
48	29
0	3	9	10	13	17	20	22	24	26	33	37	42	51	55	58	59	61	66	67	68	71	76	78	96	108	112	118	130	
47	30
4	5	7	20	21	24	26	27	29	33	36	42	43	45	46	49	50	54	55	57	61	66	71	74	82	106	108	110	112	117	
43	30
0	1	2	8	9	13	20	24	30	31	32	33	38	40	41	45	47	54	55	56	57	59	61	68	73	74	76	82	89	104	
41	29
1	2	3	5	6	7	10	12	15	18	19	29	34	36	37	39	43	47	52	55	56	58	67	71	76	89	106	110	130	
45	32
4	5	9	10	12	14	17	18	20	21	25	26	27	36	38	40	43	46	50	52	55	58	60	70	71	73	74	82	89	91	106	112	
45	30
0	5	12	13	15	17	20	26	27	29	34	35	36	37	43	49	50	55	56	58	59	66	68	71	74	76	84	91	108	117	
45	29
0	2	3	4	6	7	8	9	10	14	21	23	36	37	43	45	54	55	56	57	78	86	89	103	104	106	108	110	112	
42	29
1	2	7	15	19	20	21	23	24	27	32	36	37	38	41	43	46	55	56	58	60	66	68	70	73	74	78	84	130	
44	31
0	1	2	3	4	8	10	19	21	23	26	28	32	34	35	36	37	38	45	49	52	55	56	57	59	76	86	106	112	117	130	
41	30
2	3	5	6	7	11	13	15	17	19	23	27	28	32	37	40	42	49	50	54	58	66	67	68	70	71	78	84	104	106	
43	30
1	4	6	11	12	13	18	19	25	28	33	36	39	40	42	43	49	51	54	55	56	58	61	66	67	70	73	79	103	117	
46	29
1	2	6	7	8	12	19	20	28	32	33	36	37	40	47	54	55	58	67	70	71	79	86	96	103	104	110	112	130	
39	29
1	3	7	9	12	14	17	21	24	26	30	32	33	34	36	38	41	43	46	51	54	55	57	58	68	73	91	104	130	
43	30
1	2	4	7	14	15	20	28	32	35	36	38	39	41	43	45	46	51	55	56	58	59	66	70	71	79	89	91	103	130	
40	29
3	6	10	13	14	17	22	23	24	26	30	31	32	33	35	41	45	49	50	55	57	59	68	70	73	84	89	91	108	
51	31
0	3	5	9	10	12	13	15	20	28	36	37	43	49	51	55	56	58	59	66	68	70	71	74	84	89	107	108	110	112	118	
41	31
2	3	7	8	9	11	12	13	14	20	21	24	29	30	31	37	38	39	40	42	43	50	51	54	55	57	86	91	106	117	118	
46	29
2	4	5	11	12	15	17	18	20	21	26	29	36	42	50	55	57	59	60	61	73	74	86	96	104	106	108	110	118	
40	28
0	4	7	11	13	17	19	20	24	26	27	31	33	40	42	43	46	47	54	55	67	71	74	76	78	86	110	130	
42	29
0	2	3	5	6	7	8	10	15	24	28	29	31	32	36	37	41	43	46	54	55	56	58	60	73	84	110	112	130	
44	32
0	9	11	12	14	15	18	19	20	22	23	26	29	30	31	33	34	36	40	42	47	49	52	55	71	84	89	96	106	108	110	118	
45	31
2	4	7	12	13	15	17	18	19	22	23	24	26	32	33	34	36	40	42	46	47	68	73	84	104	106	107	112	117	118	130	
43	29
0	1	7	19	21	23	24	27	28	33	36	42	45	46	51	52	54	56	60	67	70	73	79	86	91	103	104	106	108	
44	30
1	2	3	4	7	9	11	15	17	20	22	23	27	28	31	33	36	38	47	54	55	60	78	89	103	106	107	110	117	118	
45	29
4	5	6	10	13	14	15	18	23	30	33	37	39	41	45	54	55	56	57	58	67	70	78	86	89	104	106	108	110	
47	29
2	5	12	18	24	27	31	32	33	35	36	37	50	55	56	57	58	59	60	73	74	82	86	91	103	104	107	108	118	
46	31
1	4	6	15	17	19	23	28	29	32	34	36	38	42	43	45	46	47	50	57	58	59	61	66	71	74	104	106	110	112	117	
48	31
2	4	6	9	10	17	23	26	28	30	37	39	41	45	46	47	52	55	56	58	59	60	67	71	79	86	89	104	108	110	112	
47	31
1	2	3	4	6	8	9	17	18	22	23	25	28	40	42	43	50	56	59	60	61	67	70	76	79	82	84	89	104	108	118	
46	31
1	3	4	5	6	10	11	13	15	18	20	22	28	30	33	34	40	43	51	54	55	56	60	66	70	74	104	106	117	118	130	
48	31
1	3	5	6	9	10	15	17	18	19	23	28	29	30	32	42	43	51	55	59	66	67	70	71	74	76	104	110	112	118	130	
45	29
1	2	3	5	6	7	9	12	13	14	20	27	30	36	51	54	57	60	61	68	70	78	79	82	84	89	107	110	118	
45	33
0	1	2	6	8	12	13	17	18	19	26	27	30	31	36	38	39	41	45	46	49	52	56	57	58	79	84	86	91	104	106	107	117	
50	30
0	2	4	6	10	25	27	29	34	35	43	46	51	54	55	58	59	60	66	71	76	78	79	86	103	106	107	117	118	130	
46	30
1	3	7	13	19	21	22	23	24	27	28	36	37	39	43	46	52	54	58	59	60	61	68	70	84	86	103	110	117	130	
46	30
0	3	5	8	10	14	24	25	30	33	34	39	40	41	42	51	54	55	56	57	58	59	61	68	76	82	89	91	108	117	
49	30
1	3	8	15	18	23	27	30	31	32	33	34	35	43	55	60	61	67	71	78	79	82	89	91	103	106	107	108	117	118	
49	33
3	5	7	9	13	14	17	20	22	23	25	27	28	31	32	34	36	42	46	50	56	57	59	60	61	68	71	73	86	106	110	118	130	
44	31
0	3	6	7	9	10	13	17	20	21	22	26	37	41	43	46	47	51	52	54	56	58	61	68	71	73	76	86	104	106	108	
50	33
0	3	6	10	11	18	24	25	28	35	36	37	38	40	41	43	45	49	52	54	55	61	66	70	79	84	89	91	96	106	108	112	117	
44	31
1	3	10	12	13	14	15	17	18	19	27	28	30	31	32	33	34	36	43	56	59	67	73	74	79	82	84	89	103	107	118	
48	30
2	3	4	7	8	10	11	13	14	19	20	42	43	49	51	56	57	66	67	68	70	74	76	82	84	89	104	108	110	118	
40	30
2	3	4	6	7	8	10	12	13	14	17	19	21	23	28	32	33	36	40	41	43	46	51	55	56	66	70	110	112	130	
48	32
0	2	3	5	6	7	13	15	18	19	22	28	37	42	45	47	49	51	55	59	60	67	68	70	71	82	84	89	104	107	108	130	
43	32
0	1	5	6	7	8	10	15	19	21	22	23	25	26	28	30	32	33	35	43	45	46	50	51	54	57	89	104	106	108	112	117	
47	31
2	4	5	6	10	11	13	18	22	27	34	35	36	46	47	49	51	54	55	57	58	60	73	86	89	96	103	106	107	118	130	
46	32
4	7	10	11	17	18	19	20	22	26	31	33	34	35	36	39	41	42	43	51	55	59	61	66	74	78	86	103	106	107	108	117	
47	29
1	3	6	7	9	10	11	15	23	28	37	39	42	51	54	55	58	60	68	70	74	79	91	96	103	104	108	112	117	
41	30
6	9	17	18	19	20	21	23	24	25	26	29	32	33	34	37	38	43	47	50	55	56	59	68	73	78	82	84	89	110	
46	30
3	4	18	23	24	27	31	34	35	41	42	45	46	49	50	51	54	55	56	58	61	66	68	76	78	79	96	107	108	110	
50	32
0	4	6	18	19	23	26	27	29	30	31	33	38	41	43	49	50	56	57	59	61	66	70	71	78	82	86	89	106	108	112	117	
46	30
0	1	2	10	11	13	14	15	17	20	23	31	33	35	36	46	51	55	58	59	60	74	79	86	96	104	106	108	118	130	
48	33
1	5	7	8	11	13	14	17	21	22	25	26	27	32	34	37	39	42	45	46	47	51	55	66	73	82	86	103	107	108	110	118	130	
43	29
0	1	3	8	9	10	12	15	19	20	21	28	29	33	41	42	52	56	58	59	60	66	67	68	70	76	106	117	118	
42	29
11	13	14	19	20	21	23	27	28	30	34	35	37	39	42	47	49	56	58	59	61	67	68	70	73	76	79	89	117	
43	29
1	5	7	12	17	19	23	26	27	28	29	31	32	34	36	43	46	56	57	58	67	68	74	78	79	89	91	110	112	
45	30
4	6	7	10	11	14	17	20	31	33	35	38	40	41	46	47	50	55	57	58	68	70	73	82	86	89	104	107	108	110	
46	30
0	1	2	3	4	5	8	11	20	22	23	27	30	33	41	43	52	56	58	59	61	73	79	84	86	103	107	110	117	130	
44	31
3	9	10	13	15	19	23	24	28	29	30	32	34	35	37	38	42	49	50	54	57	58	59	60	68	70	73	74	79	104	108	
48	32
0	3	4	5	7	10	11	12	13	14	20	22	28	29	31	34	36	41	47	57	58	61	67	70	73	78	86	104	107	110	118	130	
41	30
3	4	6	7	8	9	13	19	22	23	24	26	28	30	35	37	39	40	42	49	50	52	54	59	89	96	106	108	117	130	
46	31
3	5	13	15	18	21	22	24	28	30	32	34	37	38	40	41	42	43	50	54	56	57	60	61	74	84	103	104	110	117	130	
46	32
0	1	2	12	15	17	20	24	26	27	28	31	32	33	35	40	41	42	47	52	55	59	61	67	71	73	79	89	91	106	108	117	
50	30
1	3	5	7	8	11	15	17	18	28	32	33	36	40	41	54	55	56	61	66	71	74	84	96	103	108	112	117	118	130	
46	30
0	2	6	7	12	15	23	25	33	34	35	36	37	43	47	55	58	60	68	71	73	74	76	79	86	96	103	104	107	130	
51	30
1	2	4	13	20	26	28	30	32	35	39	42	46	56	59	61	67	71	76	79	86	89	96	103	104	107	108	110	118	130	
44	31
4	6	7	13	14	15	18	19	20	22	25	27	37	41	43	46	50	51	56	61	66	67	68	70	76	86	89	91	96	104	106	
44	31
0	1	2	3	5	6	10	12	15	18	22	23	24	25	28	29	30	31	42	52	55	68	74	86	89	91	96	104	107	110	118	
46	31
0	2	3	10	12	19	21	23	27	28	30	35	37	38	40	42	46	52	59	60	70	71	73	78	79	89	91	103	107	110	112	
45	32
0	1	3	7	8	10	12	17	18	19	22	26	27	28	31	34	43	45	47	50	52	54	59	61	67	76	79	82	86	96	110	130	
52	32
2	6	12	13	14	18	19	23	25	26	27	32	36	45	50	51	52	55	56	60	66	70	82	86	104	106	107	108	110	112	117	130	
41	30
1	2	3	5	7	8	11	12	14	20	24	26	27	31	33	39	40	42	52	54	55	57	58	68	76	78	84	86	103	104	
47	30
1	6	8	15	18	24	26	31	33	35	37	38	40	42	47	51	54	55	56	57	61	70	76	79	86	89	91	108	112	117	
51	33
4	8	9	11	12	13	14	21	26	30	31	39	41	49	50	51	52	58	59	60	61	66	67	68	73	76	79	82	91	103	107	112	118	
44	30
6	7	10	14	17	20	23	25	27	30	32	33	34	35	41	42	49	51	54	56	57	61	66	71	84	89	103	107	112	130	
48	30
3	5	7	8	10	12	15	28	31	34	36	37	41	42	43	46	55	57	61	68	70	71	82	89	103	106	108	110	118	130	
41	30
1	2	3	4	6	7	11	13	14	17	19	23	24	25	29	32	33	36	40	43	47	61	68	70	74	86	104	107	118	130	
42	29
1	2	5	8	11	12	13	17	20	23	25	28	31	35	38	42	43	51	52	59	60	61	67	68	76	91	108	118	130	
42	31
0	1	2	4	7	8	9	19	26	31	33	34	35	36	38	41	42	43	46	47	50	51	56	66	70	86	91	103	106	108	117	
43	29
0	1	3	6	8	9	11	20	23	24	26	30	32	33	34	38	41	43	55	56	59	66	71	79	91	103	112	117	130	
43	30
1	2	4	6	7	12	14	18	20	22	23	27	28	29	33	34	35	37	47	51	60	61	68	76	79	96	107	112	118	130	
46	30
0	1	6	11	12	13	14	17	19	26	30	32	33	37	39	40	46	55	59	66	70	74	76	82	86	89	106	108	110	130	
48	29
0	5	6	8	14	20	31	33	34	38	39	40	41	47	55	56	59	61	66	68	71	86	103	104	106	108	110	112	118	
46	30
0	4	10	11	12	14	17	19	20	23	27	28	29	30	31	35	42	46	59	60	73	82	86	89	103	106	108	112	117	118	
45	30
0	6	8	10	12	13	14	18	19	22	24	26	27	30	32	33	36	37	41	54	55	67	76	86	91	96	110	112	118	130	
42	30
0	1	3	6	7	9	10	13	15	17	23	25	27	32	33	35	39	42	47	56	60	61	68	71	78	89	91	106	107	112	
46	30
1	2	3	5	7	8	11	13	22	23	25	29	30	33	41	42	56	58	60	61	66	67	70	71	78	79	103	106	110	117	
48	31
0	3	6	8	9	11	12	14	15	17	24	33	34	35	39	50	57	58	59	60	61	67	71	74	76	91	96	106	107	117	118	
45	30
4	6	7	10	13	20	21	25	27	28	32	34	35	36	39	49	54	55	56	57	58	60	61	66	67	70	84	89	91	118	
43	30
0	1	5	7	10	12	13	19	20	22	24	27	29	32	34	38	42	43	51	56	60	68	70	71	91	104	106	107	112	118	
44	30
0	2	8	11	12	15	19	23	29	30	31	36	37	39	40	42	47	54	55	58	59	60	71	74	78	79	82	89	103	112	
48	32
10	12	14	15	22	24	27	28	30	31	33	34	35	36	38	40	41	43	52	54	55	57	59	60	61	82	96	103	107	108	117	130	
48	30
1	5	8	9	13	18	20	23	30	33	35	37	41	49	52	55	58	67	71	76	79	82	86	89	104	106	107	108	110	118	
45	32
1	3	6	13	15	18	19	20	23	27	28	31	35	37	40	42	43	45	46	47	49	56	67	71	76	78	84	86	91	96	108	118	
43	32
0	6	8	10	12	15	18	21	24	28	29	31	32	33	34	35	36	37	39	43	47	49	50	54	57	61	67	73	78	96	112	130	
43	31
0	1	3	5	8	9	11	12	14	22	29	33	34	37	39	43	45	47	49	50	52	54	58	59	61	67	68	89	107	108	130	
46	29
1	5	8	12	17	18	19	21	22	25	26	28	29	34	37	46	55	59	60	68	73	86	91	96	107	108	110	117	118	
43	31
1	3	4	7	10	12	13	15	19	22	24	25	28	30	31	34	35	36	45	46	54	57	67	70	76	84	89	96	104	106	117	
43	32
1	2	4	5	8	9	10	12	13	19	20	22	23	24	28	36	38	41	42	45	47	49	52	59	60	61	67	73	84	106	110	112	
46	29
0	2	5	6	8	9	13	14	18	19	24	26	30	35	36	49	50	59	61	67	68	70	76	82	108	110	112	118	130	
49	31
1	6	11	17	18	19	20	23	32	33	36	39	40	41	51	54	55	58	61	66	71	73	74	78	82	86	103	104	106	117	130	
47	30
3	7	9	11	14	19	20	23	30	33	34	41	42	43	46	50	55	56	58	67	68	78	84	89	91	104	107	108	110	130	
41	29
0	2	6	9	12	15	19	22	26	27	28	29	34	37	39	42	46	47	52	58	59	60	67	73	89	96	106	108	110	
52	35
0	1	7	8	10	15	19	20	24	25	28	29	31	32	33	37	41	43	46	49	52	54	56	57	60	71	73	76	86	89	91	107	108	110	130	
47	30
1	3	5	6	7	9	12	17	25	26	31	40	47	51	52	54	55	60	61	68	74	76	82	86	89	91	96	107	108	118	
51	32
3	7	8	12	13	14	20	21	25	29	33	35	41	42	47	52	57	60	61	66	68	70	71	78	84	89	96	106	107	108	110	118	
43	29
2	4	6	9	10	18	21	22	26	29	31	36	39	40	43	47	51	54	55	58	59	67	71	74	84	89	103	117	130	
41	29
0	4	6	7	12	14	17	19	22	24	26	27	28	33	38	39	43	46	47	51	54	55	58	59	103	104	108	110	112	
39	27
0	1	2	3	5	6	11	12	14	18	22	25	27	28	37	42	51	58	61	66	67	71	76	84	107	112	117	
42	29
1	3	6	7	9	11	13	18	21	28	29	30	32	36	37	39	42	46	54	55	60	66	82	91	104	106	107	108	110	
45	31
0	5	6	8	9	10	13	14	18	19	22	28	30	39	40	42	47	49	50	56	59	66	67	74	78	82	96	106	107	112	130	
49	30
1	12	13	17	19	20	23	25	26	28	30	33	36	39	41	52	58	59	67	70	71	74	86	89	104	108	110	112	118	130	
43	29
1	2	3	4	7	10	11	19	23	27	28	30	35	36	43	45	46	49	56	61	68	78	79	89	103	106	108	112	118	
47	32
1	4	8	10	14	17	19	22	23	28	31	32	34	36	37	41	43	46	55	57	58	59	66	67	70	71	74	76	79	89	104	110	
47	31
1	4	10	14	15	17	18	24	29	30	31	35	36	37	41	43	52	55	56	59	70	76	78	86	89	91	96	103	106	108	110	
52	34
5	7	8	9	10	14	17	20	23	28	29	36	37	38	41	42	43	47	55	58	59	60	66	68	70	71	76	78	79	82	96	106	110	130	
49	30
1	3	7	9	11	13	14	17	23	27	32	33	39	42	54	55	56	58	60	61	66	70	71	76	84	89	103	110	117	130	
47	30
1	2	3	9	18	20	23	26	28	29	30	37	38	42	50	52	55	56	61	67	71	73	76	78	86	106	107	110	112	130	
46	31
1	4	7	8	12	21	27	31	32	33	34	35	38	39	42	43	46	52	55	57	58	68	78	79	82	84	86	91	106	108	110	
49	31
0	1	2	3	6	8	15	23	26	35	36	37	38	39	45	56	57	58	59	60	61	70	71	74	76	78	79	84	89	110	118	
47	30
0	1	2	3	6	8	9	13	18	21	23	26	32	33	36	49	50	54	58	60	61	67	71	84	89	96	108	110	112	130	
51	30
0	1	2	3	6	9	14	15	18	22	34	36	42	51	57	61	66	70	71	76	79	82	89	103	104	108	110	112	118	130	
47	30
2	3	4	6	7	11	19	20	21	22	29	31	34	36	39	50	54	56	57	58	60	67	71	84	89	91	104	112	117	118	
43	30
6	7	10	12	13	14	15	17	18	19	23	25	26	27	36	41	42	45	50	56	60	68	71	74	76	84	89	106	117	130	
49	32
0	2	14	18	21	23	27	29	30	32	33	34	35	42	43	46	47	55	58	66	67	71	76	78	79	82	84	86	103	107	117	130	
40	30
1	2	4	7	8	9	11	12	15	19	20	23	25	30	33	34	35	36	38	43	52	66	67	71	76	78	89	91	103	112	
47	30
0	1	6	7	9	10	14	21	23	25	26	29	33	38	50	52	54	56	58	61	67	73	76	86	89	96	104	108	110	118	
45	30
0	1	4	7	11	15	19	22	23	26	30	31	33	35	36	39	40	50	60	67	71	74	82	96	103	104	106	108	117	118	
47	33
2	7	9	10	12	14	17	21	25	26	32	33	34	36	38	41	43	45	46	50	54	55	56	57	60	70	71	73	76	78	86	106	130	
51	32
0	1	2	5	6	8	9	10	12	15	30	31	32	34	35	36	42	49	56	59	61	67	71	79	89	91	106	108	110	112	118	130	
49	32
0	4	7	9	11	18	19	29	31	32	33	34	37	39	40	42	49	50	57	58	67	70	74	79	82	86	89	104	107	108	118	130	
38	27
1	3	5	7	8	13	18	20	21	23	25	27	28	32	33	43	45	50	56	57	60	61	66	78	89	108	112	
48	32
4	7	9	11	12	14	20	21	26	27	30	31	36	37	38	40	41	45	50	54	56	57	61	70	78	86	89	106	107	108	110	118	
46	31
1	4	5	8	9	11	13	17	18	24	29	33	34	35	36	38	49	50	51	55	58	67	73	74	76	86	103	107	112	118	130	
43	28
1	2	3	7	8	9	10	21	22	25	28	34	39	40	43	46	49	55	56	57	58	61	67	76	108	112	118	130	
47	31
15	24	25	26	29	32	33	34	35	37	38	41	42	43	46	50	51	52	54	55	59	67	70	73	78	86	89	91	108	110	112	
45	29
0	2	4	6	8	11	20	22	26	32	33	34	35	42	47	52	54	57	59	61	66	67	78	86	89	103	112	118	130	
49	30
0	1	8	9	11	13	19	21	23	30	33	43	49	51	56	58	59	60	61	66	71	73	78	82	89	103	106	108	112	130	
48	32
1	2	5	6	7	8	10	12	24	26	28	32	34	36	37	41	43	47	52	56	59	61	67	71	76	78	84	89	96	110	117	130	
49	32
1	3	5	6	8	14	23	26	29	30	31	32	37	41	49	51	52	54	55	56	57	58	59	60	68	70	74	78	84	89	112	117	
50	30
2	4	5	8	11	12	18	28	30	37	38	50	51	54	55	59	60	73	78	79	82	86	89	91	96	103	107	108	110	130	
47	32
3	6	13	17	18	19	21	23	25	27	28	34	36	37	39	40	49	50	54	57	60	67	73	74	78	79	89	91	103	106	107	108	
44	30
0	1	3	5	8	9	10	11	12	14	18	19	20	24	28	32	42	47	49	50	56	57	58	61	66	67	110	112	117	118	
46	33
4	6	7	9	13	19	21	27	30	32	34	35	36	39	40	42	43	47	49	50	52	56	58	67	71	73	74	78	79	82	91	104	118	
41	28
0	3	4	7	9	13	19	20	27	31	34	37	39	42	49	50	51	54	59	60	68	70	71	76	82	84	108	112	
45	32
1	2	3	5	7	10	12	13	15	17	20	21	22	24	26	28	36	38	39	40	52	54	55	56	57	60	67	86	91	96	118	130	
44	30
0	1	2	3	4	12	14	17	18	24	26	29	31	32	35	36	39	46	47	54	55	66	67	76	86	91	103	112	118	130	
42	30
2	6	7	9	10	11	14	17	20	21	29	30	32	33	34	36	38	49	52	55	56	61	66	74	86	91	104	106	107	130	
53	33
2	4	6	7	13	17	19	21	25	26	30	37	38	41	47	51	52	54	55	56	57	59	60	68	71	73	91	104	107	108	110	118	130	
44	31
0	3	4	5	8	10	12	13	15	23	24	28	30	31	34	37	49	50	51	54	55	58	59	60	70	74	79	84	96	107	118	
44	31
4	5	10	11	12	18	20	22	24	25	26	27	30	32	33	34	41	42	43	47	55	58	66	68	70	71	79	84	104	108	110	
49	30
0	1	4	15	18	21	27	33	35	39	40	41	42	54	58	59	60	61	66	67	71	73	82	86	91	103	104	106	108	112	
38	29
3	4	7	10	11	12	15	17	18	22	24	27	28	29	31	32	33	34	35	36	51	54	55	58	67	70	74	89	117	
45	30
0	1	3	6	12	15	17	19	29	31	33	36	37	41	43	46	51	54	55	58	59	61	67	71	76	78	82	86	108	110	
44	31
1	2	5	7	9	11	12	13	21	26	29	31	33	36	37	39	46	47	49	50	54	55	60	67	71	76	78	103	107	108	112	
47	30
1	6	7	9	10	23	24	27	29	31	32	36	37	40	46	47	52	55	56	66	71	74	76	82	96	106	112	117	118	130	
46	31
0	4	6	8	9	10	17	18	19	23	28	30	32	35	37	40	42	45	55	56	59	67	70	73	76	79	89	103	104	118	130	
46	32
2	3	5	8	12	13	17	18	19	20	23	28	29	37	40	41	42	43	46	47	51	54	56	71	73	76	78	79	91	108	110	117	
42	29
0	1	2	5	6	7	11	12	13	17	24	25	26	30	31	36	39	42	49	55	59	67	70	71	79	91	108	112	118	
39	29
0	1	2	7	8	12	14	15	17	20	26	28	30	33	35	38	41	42	46	51	55	61	66	67	89	91	106	107	130	
48	32
0	1	2	5	6	8	10	12	13	15	26	32	33	39	40	42	51	56	58	59	61	66	67	70	71	73	74	78	82	84	104	118	
48	31
8	9	11	12	14	17	18	20	25	29	30	31	32	33	40	43	47	56	57	59	61	66	67	68	73	86	106	107	108	118	130	
47	33
0	3	6	8	9	10	17	19	21	22	23	24	26	28	33	35	36	37	43	46	51	56	59	60	61	66	73	74	78	84	106	110	130	
48	32
0	5	10	12	13	14	19	22	24	26	30	31	36	38	41	45	46	50	54	55	59	60	66	67	73	74	86	89	103	106	108	112	
48	30
0	4	6	8	9	10	14	18	20	22	23	25	28	36	41	55	56	57	59	67	68	73	74	76	84	91	104	110	117	130	
39	29
2	8	15	18	20	21	23	24	26	27	28	31	32	35	37	38	41	42	47	51	55	61	68	70	86	89	103	106	117	
46	30
0	1	3	9	11	13	19	20	26	27	28	31	33	42	49	50	52	57	59	60	61	67	70	73	76	96	104	110	112	130	
51	32
2	12	14	15	18	25	26	28	33	34	35	36	39	40	47	51	54	58	60	61	68	70	71	73	79	86	89	96	104	108	117	130	
48	31
0	1	3	8	9	12	13	18	21	25	26	31	34	36	39	41	45	54	56	57	58	61	78	84	86	89	91	104	110	112	117	
51	31
0	2	4	11	13	19	26	27	34	35	36	38	42	47	49	55	57	58	59	60	68	71	73	76	91	103	104	108	110	117	118	
45	30
2	5	9	11	12	15	19	23	29	33	36	37	39	40	45	47	54	58	59	61	70	71	73	79	86	96	103	104	107	117	
41	32
2	3	4	6	7	10	13	19	24	26	27	29	32	33	35	39	40	41	43	45	46	50	51	52	56	68	73	78	91	103	107	130	
41	31
4	5	7	9	10	11	13	15	17	19	20	21	22	24	26	27	30	34	35	36	37	42	54	57	60	68	71	73	76	79	117	
41	30
1	4	8	9	12	18	21	24	26	27	29	31	32	34	36	37	41	42	43	47	49	51	54	55	61	74	86	112	117	118	
42	30
1	9	12	15	19	20	24	26	27	28	31	33	34	38	40	42	43	47	49	54	55	56	59	60	61	66	70	103	106	110	
44	29
2	3	6	7	9	15	23	29	31	32	36	37	39	40	47	52	55	56	57	61	67	71	74	79	89	91	104	108	118	
42	32
2	3	4	6	10	13	18	19	21	22	23	25	26	29	31	36	37	38	39	40	43	47	49	55	58	66	67	70	71	79	91	130	
45	32
2	3	5	7	12	13	18	20	21	26	31	32	34	36	37	38	39	45	49	50	52	55	60	61	70	71	96	103	106	107	110	112	
50	31
0	3	15	17	18	19	21	28	29	31	34	37	42	43	47	67	68	71	73	79	82	84	86	89	96	103	104	106	108	112	130	
44	31
1	2	4	8	10	12	14	15	18	19	22	23	24	28	29	31	33	34	47	49	51	59	66	78	82	103	104	106	108	112	118	
43	32
0	2	3	5	6	7	8	10	14	17	18	23	26	28	29	30	32	35	36	40	46	49	50	55	57	58	66	71	84	106	108	118	
47	32
3	4	6	12	15	17	18	19	21	22	28	29	35	37	39	42	49	50	54	55	60	61	66	67	68	73	78	86	96	104	107	118	
48	31
0	3	4	6	8	9	12	14	21	22	23	25	36	37	40	41	47	54	58	59	60	61	66	74	76	86	89	91	110	112	118	
47	32
1	8	10	12	13	15	17	18	19	22	23	27	28	30	38	39	40	46	49	55	59	66	71	73	74	76	86	103	106	107	117	130	
47	30
4	7	9	10	12	13	15	18	19	21	27	28	35	36	37	39	41	58	60	71	73	74	82	89	96	103	108	110	112	118	
42	30
0	1	4	5	10	12	17	18	19	20	23	25	27	28	29	33	34	36	43	47	55	60	66	70	74	78	91	106	108	130	
40	31
0	1	4	6	9	11	12	14	17	18	23	24	25	26	28	30	31	32	33	35	41	43	47	52	55	61	79	96	106	108	112	
47	31
1	2	5	7	10	13	18	19	20	21	26	27	29	30	31	36	39	43	46	55	58	60	70	71	84	91	106	108	110	118	130	
45	30
2	5	6	7	14	20	21	23	27	28	29	30	31	32	33	40	42	50	55	58	70	71	82	89	91	104	106	112	117	118	
47	31
1	2	3	4	8	15	20	23	24	29	31	35	37	42	43	47	51	52	56	57	59	61	68	86	91	96	103	106	108	117	118	
46	31
2	3	5	6	7	8	9	10	13	19	21	22	32	34	36	37	46	52	56	58	60	70	73	74	82	84	86	91	96	108	130	
47	30
3	7	9	10	13	14	17	19	22	23	24	26	33	42	43	59	60	61	68	73	74	79	84	86	91	103	104	107	117	130	
45	32
0	1	2	4	5	6	7	8	13	18	24	28	29	30	41	42	43	45	49	51	55	58	59	61	66	68	73	76	79	103	107	130	
47	30
0	2	3	4	8	10	11	12	15	18	26	28	30	35	37	42	46	57	58	61	73	76	89	103	106	107	108	112	117	118	
47	30
0	1	2	4	7	8	18	19	23	24	26	27	28	41	43	46	49	59	61	76	78	79	84	91	103	106	110	112	117	118	
45	33
0	2	5	7	9	10	13	14	15	17	20	22	23	27	33	34	35	36	38	42	50	51	56	60	61	68	70	71	74	79	91	107	117	
45	31
6	7	12	17	18	22	26	28	29	30	32	33	34	35	36	37	41	50	51	54	55	56	58	68	71	79	82	89	96	112	130	
46	31
0	2	3	6	12	14	19	22	26	30	31	32	37	45	46	47	51	52	55	58	59	60	68	73	74	76	91	96	104	108	118	
44	32
0	4	8	9	15	18	19	20	22	27	29	31	33	34	36	39	40	42	43	47	49	52	55	56	57	60	67	71	96	106	108	110	
47	30
3	4	9	14	15	18	24	28	30	33	34	40	41	42	50	51	54	55	57	61	66	68	74	86	91	104	107	108	117	130	
41	29
1	3	5	7	9	10	11	13	14	27	28	33	34	35	39	40	42	43	47	55	58	59	66	67	76	82	107	117	130	
42	31
2	3	4	5	7	9	11	12	21	23	25	26	28	30	34	35	36	37	39	43	50	54	58	60	61	68	70	79	91	104	108	
49	31
2	4	11	12	14	18	19	24	29	31	33	34	36	39	50	52	54	57	66	67	76	78	82	86	89	91	104	106	117	118	130	
50	32
0	1	2	4	5	8	12	22	23	24	28	29	36	39	43	45	46	49	54	55	57	58	59	60	84	91	96	103	108	110	112	130	
43	30
0	2	5	12	13	14	18	19	20	21	24	26	30	32	33	41	42	47	54	55	58	59	74	84	86	91	96	103	104	117	
48	30
0	1	2	3	7	9	15	25	27	32	42	43	46	51	58	61	66	67	68	73	74	76	78	79	86	89	103	107	117	130	
44	31
0	2	3	6	7	17	18	19	20	26	28	32	33	35	37	40	41	49	50	51	56	59	60	67	68	70	79	103	104	112	130	
50	33
2	6	7	8	10	13	14	19	22	26	27	28	30	31	39	40	46	47	52	56	60	61	66	67	68	76	78	89	96	107	108	118	130	
48	31
0	2	3	4	6	8	9	17	20	26	28	29	30	31	36	38	50	54	55	59	60	66	67	70	76	78	89	107	108	110	118	
44	31
2	3	4	7	13	15	17	19	23	24	25	29	36	37	38	39	42	45	50	55	57	60	66	70	71	76	78	79	103	104	130	
47	29
1	4	9	11	20	22	27	29	31	35	36	37	39	49	50	54	55	57	58	59	70	71	74	89	106	108	112	117	118	
48	32
3	4	5	7	12	17	19	20	26	28	29	35	36	38	42	43	46	49	50	54	55	57	58	67	70	71	89	91	106	117	118	130	
47	30
1	2	3	7	8	9	12	13	19	22	24	33	34	35	37	51	52	57	58	67	71	82	86	89	96	106	108	112	118	130	
39	29
2	3	4	6	9	13	15	18	22	23	28	29	30	32	37	38	39	42	43	47	60	61	66	67	70	71	104	106	110	
46	31
0	1	2	5	10	13	14	18	19	22	23	27	29	30	36	38	41	45	50	58	67	68	71	73	82	103	106	107	110	112	117	
45	29
0	1	2	6	7	8	9	20	22	23	28	33	36	40	43	45	47	58	61	67	71	78	79	103	106	108	110	112	118	
46	31
6	8	14	17	18	23	29	31	33	34	35	37	40	41	47	49	51	52	55	58	60	61	67	71	76	82	84	89	106	117	130	
48	34
0	1	2	5	8	10	12	13	14	17	19	23	28	33	34	41	46	47	49	50	52	56	58	59	70	73	79	82	86	91	96	103	106	117	
47	31
0	1	2	3	5	7	8	12	17	18	23	25	27	29	33	34	43	52	60	61	66	71	74	76	84	89	96	107	108	110	118	
49	30
6	7	8	10	13	22	25	28	34	35	37	41	46	52	55	58	59	67	68	70	73	76	82	84	89	96	107	108	112	130	
47	32
1	3	8	12	18	19	21	25	26	27	28	29	31	32	34	36	46	51	52	54	56	57	58	60	66	71	79	86	89	91	117	118	
52	32
2	6	10	15	17	18	23	24	27	35	36	37	40	46	49	55	56	58	61	70	71	82	84	86	89	91	104	106	107	108	117	118	
40	30
0	1	2	3	5	7	8	9	10	14	19	23	24	28	29	30	32	33	37	42	43	55	58	68	71	74	78	91	103	117	
50	30
1	3	7	9	12	13	15	23	28	29	31	36	39	40	55	57	59	60	66	70	73	74	79	82	103	104	108	110	112	130	
52	31
0	2	5	6	10	26	32	33	34	35	37	43	45	52	54	56	57	58	59	60	61	71	73	79	91	104	106	108	112	118	130	
43	32
0	8	10	12	14	17	18	19	22	23	24	25	26	28	29	30	31	32	33	37	40	46	49	51	60	66	76	96	103	110	118	130	
42	30
0	1	8	9	10	13	15	20	23	26	31	32	34	36	40	41	50	51	52	55	59	70	71	74	78	79	84	89	103	117	
47	32
0	1	2	3	5	7	10	19	25	26	27	28	31	35	42	46	47	57	58	60	68	70	71	73	74	76	78	79	91	103	104	107	
44	30
0	4	6	7	8	9	12	17	19	22	24	32	33	35	37	38	42	43	46	50	54	56	57	60	74	86	108	112	118	130	
45	31
0	2	3	4	5	8	9	11	12	15	23	29	30	33	38	43	50	51	57	59	60	61	66	78	82	86	89	91	103	107	112	
47	30
0	2	4	10	11	12	15	19	22	23	29	34	36	43	46	55	57	58	59	60	66	70	82	84	86	91	103	106	117	118	
46	30
0	1	4	15	18	23	25	26	27	28	29	30	34	35	36	37	38	41	54	55	70	74	76	82	104	106	110	117	118	130	
46	30
1	5	7	17	18	23	25	26	27	34	38	39	40	42	46	51	56	57	59	60	61	66	67	76	82	86	91	106	108	118	
43	30
1	4	7	10	13	18	23	26	30	32	33	34	35	36	39	42	43	47	52	55	59	60	61	70	71	82	106	107	112	117	
47	30
3	6	9	10	11	17	19	23	24	26	28	32	34	37	39	40	45	55	59	66	71	82	84	86	103	104	108	117	118	130	
46	31
7	8	10	12	15	17	19	23	25	28	31	34	37	39	40	42	47	54	55	59	60	61	66	70	71	78	82	86	103	104	118	
52	32
0	1	11	12	14	15	19	23	26	29	34	36	38	39	41	54	55	57	58	59	60	61	68	78	79	82	89	91	103	117	118	130	
47	32
0	1	4	6	8	13	14	17	19	20	22	23	25	29	33	34	41	46	47	57	58	59	67	68	73	76	89	96	103	104	110	112	
51	30
1	5	7	12	14	17	20	21	26	30	33	41	42	54	55	57	60	61	70	71	73	76	79	86	104	106	110	112	117	118	
42	31
2	4	6	7	8	9	11	12	17	19	27	29	30	32	33	35	39	40	46	47	51	52	55	60	61	71	74	82	89	108	130	
41	30
0	4	5	7	8	10	12	14	17	20	21	25	26	27	28	31	34	38	40	45	52	54	55	71	78	79	86	107	110	117	
45	30
0	1	2	5	8	12	14	19	25	30	31	34	40	41	42	45	46	51	54	58	59	61	71	79	82	96	106	108	112	117	
50	32
4	6	7	8	12	15	17	20	23	29	34	35	39	47	51	52	55	56	57	59	60	61	70	71	74	76	82	84	86	106	110	118	
45	30
0	4	6	8	10	12	14	19	30	32	33	34	39	40	43	49	51	52	54	55	57	59	61	82	84	86	96	108	110	112	
44	31
1	3	6	7	10	12	13	15	19	21	22	23	25	27	30	31	33	34	41	46	54	58	60	66	68	70	84	104	106	108	117	
49	32
0	4	11	17	23	26	27	28	32	35	36	38	41	42	46	47	51	54	55	58	59	60	70	73	74	82	91	103	104	107	118	130	
47	29
1	3	4	5	8	13	17	20	21	23	27	28	38	42	52	59	60	61	71	73	74	76	79	86	103	110	112	117	130	
44	32
1	8	18	19	21	22	23	24	27	28	29	30	31	37	41	43	47	49	50	51	52	56	57	61	67	78	82	89	91	103	106	130	
52	31
1	4	5	8	14	18	20	23	24	30	32	33	36	43	47	54	56	57	61	68	74	79	84	91	96	104	108	110	112	118	130	
48	29
1	2	11	14	15	18	19	23	26	29	34	36	37	43	54	57	59	60	68	78	91	103	104	106	107	108	112	118	130	
44	30
0	1	2	7	8	11	12	18	19	26	27	28	29	30	33	45	46	49	55	57	60	66	68	73	76	78	91	103	108	110	
47	30
1	4	8	10	11	20	21	22	24	27	30	33	35	37	42	43	46	55	57	58	59	68	82	86	104	107	108	110	112	118	
48	32
1	8	12	14	18	19	21	24	25	26	27	28	34	35	36	39	40	43	45	59	60	66	67	70	71	82	86	104	106	108	110	117	
40	29
2	4	5	7	10	15	18	20	21	23	25	26	27	28	34	38	40	42	54	55	60	71	73	74	76	78	103	106	107	
48	31
4	5	15	22	23	24	25	26	28	35	38	40	41	42	43	47	55	59	60	66	68	70	71	74	76	79	82	103	104	108	112	
43	29
2	4	5	7	8	10	11	12	15	20	21	23	27	28	34	35	50	57	58	60	61	68	71	74	76	106	107	117	130	
47	30
2	8	9	10	11	14	18	19	32	33	35	40	42	43	46	54	56	57	58	59	60	61	66	71	74	76	103	104	108	130	
41	29
1	2	3	4	6	8	9	10	11	18	22	23	28	29	35	36	41	45	49	51	61	67	103	104	106	107	112	118	130	
45	32
3	4	9	10	14	17	19	20	22	23	25	27	29	30	31	33	42	47	49	50	51	59	60	66	70	71	74	78	89	106	110	130	
46	32
0	1	3	5	7	9	12	17	22	23	26	28	30	32	34	38	41	42	43	46	49	55	66	68	71	78	89	91	107	112	117	118	
46	32
1	3	4	5	8	9	13	21	23	24	25	30	31	37	42	50	51	52	56	57	59	61	67	74	76	82	84	86	89	96	103	104	
45	31
5	7	11	12	13	14	15	20	23	26	27	37	40	42	46	49	50	51	54	55	56	57	58	70	74	79	86	89	106	107	117	
49	32
1	4	6	9	10	21	23	24	26	27	33	36	37	39	40	45	46	50	59	61	66	67	70	73	74	78	82	86	89	108	112	130	
45	31
0	3	4	5	7	8	12	17	21	25	34	38	40	43	45	46	49	50	51	54	55	56	58	60	66	70	71	76	106	108	112	
42	28
0	1	5	6	7	8	12	13	19	20	23	26	27	31	33	40	42	60	61	67	68	78	84	91	107	110	112	118	
44	30
0	4	6	7	8	9	10	12	13	18	20	21	23	28	30	33	34	39	41	50	55	58	60	76	79	91	108	112	117	118	
47	33
4	7	8	11	18	19	20	23	31	33	34	35	36	38	41	42	45	49	50	51	54	57	58	67	73	76	78	84	86	89	91	104	130	
40	31
0	3	4	8	10	11	12	17	19	20	21	22	26	29	36	38	41	42	43	49	51	52	54	55	59	60	70	74	86	96	106	
50	30
2	4	6	7	8	11	19	26	27	29	36	43	47	57	60	66	67	70	71	78	82	86	89	91	103	104	106	108	110	118	
47	31
1	6	9	11	12	14	24	27	28	31	37	39	41	42	45	47	49	54	58	59	60	61	66	67	68	73	78	82	89	112	118	
41	30
5	9	12	14	17	24	26	28	29	30	31	32	33	34	36	37	38	43	47	49	51	55	57	59	61	67	68	89	117	130	
48	29
0	1	2	5	10	14	15	20	21	22	26	36	40	54	55	58	59	60	61	66	67	68	70	73	74	106	110	112	117	
43	31
7	9	10	11	13	14	19	20	21	23	24	25	29	31	33	39	41	42	43	50	54	56	59	71	73	76	78	89	103	104	110	
51	33
1	2	3	6	9	13	15	18	20	27	28	29	31	36	39	41	47	51	54	55	67	74	76	78	79	86	89	91	96	103	110	112	117	
46	31
3	6	8	13	17	18	19	25	26	27	28	31	37	42	45	46	47	49	52	57	66	82	84	89	91	103	104	106	108	110	117	
49	31
1	2	6	7	11	12	15	17	19	22	24	29	33	35	43	52	57	58	59	67	68	71	82	84	86	91	104	107	108	117	118	
45	31
0	3	4	7	12	17	19	22	24	27	30	32	34	36	41	42	46	47	50	54	56	61	67	68	74	76	91	103	106	108	130	
50	31
0	1	2	7	10	19	22	27	28	32	34	37	39	42	45	50	54	56	57	58	60	61	67	70	74	89	91	110	112	117	118	
44	31
3	4	5	7	8	9	12	14	17	19	23	24	28	34	37	38	39	40	42	50	54	60	68	70	79	84	86	89	106	108	118	
47	31
0	1	2	6	9	10	11	15	19	22	25	29	31	32	33	34	39	42	57	58	59	67	68	70	71	78	91	104	108	110	112	
47	30
5	6	10	14	22	23	27	28	32	33	36	41	47	49	50	58	59	60	61	66	67	68	70	73	82	84	106	107	112	130	
48	29
1	3	6	11	12	14	18	19	21	28	33	36	40	46	54	56	58	59	61	67	78	86	89	104	106	108	110	112	130	
50	32
1	2	4	6	9	10	11	12	15	24	27	31	32	34	35	36	42	49	57	59	60	61	67	71	73	89	91	104	110	117	118	130	
43	32
6	8	9	12	14	17	18	21	22	23	25	26	27	28	31	32	33	34	46	47	50	54	55	58	67	73	76	82	86	103	104	107	
45	31
0	4	5	6	7	15	23	24	26	27	28	34	36	38	43	47	49	50	51	56	59	61	67	68	70	76	78	82	91	112	118	
40	29
0	1	2	3	4	7	8	10	12	13	15	19	20	24	28	31	32	37	46	51	55	57	68	76	89	96	104	110	118	
45	30
1	3	5	7	8	10	15	18	20	21	23	28	33	35	38	39	49	55	56	58	59	60	66	68	70	78	82	86	108	130	
48	32
0	4	5	6	7	12	17	21	23	26	27	32	38	41	42	43	49	50	51	58	60	61	66	74	84	86	89	96	106	110	112	130	
48	30
1	2	3	6	7	8	12	22	29	31	33	35	45	51	55	56	58	60	66	68	74	78	82	89	96	103	106	107	108	112	
44	30
1	3	7	11	17	19	21	22	23	30	31	34	36	39	42	46	47	49	54	55	61	74	76	86	91	96	104	106	108	117	
51	31
1	2	4	5	14	20	23	27	30	33	34	36	38	43	49	57	58	59	61	68	73	76	79	82	103	106	107	112	117	118	130	
47	31
1	7	8	12	18	19	20	21	22	26	27	30	31	35	36	39	45	55	57	66	68	70	78	79	82	86	91	96	104	108	110	
41	31
1	5	7	11	18	20	22	23	27	28	30	31	32	35	38	39	41	42	45	47	49	54	55	58	61	67	73	76	84	91	107	
47	30
1	3	4	6	9	14	15	17	19	21	30	33	42	43	52	56	57	59	60	61	67	71	74	82	91	96	104	106	108	112	
45	32
0	2	7	8	10	11	13	19	21	22	28	30	31	34	37	40	42	46	51	52	55	56	59	67	70	73	79	82	89	91	107	112	
50	32
0	4	7	9	11	17	19	20	21	23	27	31	36	42	43	46	50	54	56	60	66	68	73	74	78	79	82	104	106	108	118	130	
46	30
4	10	13	19	23	24	27	33	34	36	37	39	41	42	49	51	54	56	59	60	70	71	73	74	79	89	103	106	108	112	
47	32
0	7	8	11	13	14	23	28	29	30	31	32	34	35	38	39	41	42	43	50	54	56	57	59	60	61	67	91	106	117	118	130	
45	31
2	3	4	9	12	15	18	21	24	26	29	31	34	36	38	42	43	47	49	54	61	66	68	74	76	82	103	104	106	108	117	
46	32
2	3	5	6	9	11	19	20	21	27	28	29	33	34	37	43	45	50	52	55	58	59	61	71	76	79	89	96	103	104	107	117	
40	30
6	7	10	14	18	21	23	25	26	27	28	29	32	33	35	37	40	42	49	50	54	58	61	67	68	70	71	84	89	91	
48	31
1	6	11	12	14	15	17	19	22	28	30	32	34	36	43	45	47	59	61	66	67	70	74	82	84	89	103	104	110	117	118	
49	32
2	3	5	7	8	12	13	14	19	20	23	26	28	35	36	43	47	49	55	57	61	70	71	74	82	89	103	104	107	117	118	130	
42	31
0	4	6	7	10	18	19	20	21	23	26	27	28	29	32	36	38	41	42	49	50	52	58	60	70	76	91	106	107	110	118	
40	30
0	1	4	9	10	12	18	19	20	22	24	26	29	30	33	34	38	42	43	47	51	54	55	56	66	68	70	104	107	110	
50	33
0	6	9	14	17	21	22	25	26	31	32	34	35	36	38	45	47	52	55	59	60	66	70	71	74	76	79	86	89	103	104	108	130	
49	32
1	4	8	10	15	19	21	23	24	28	29	34	35	39	40	47	49	51	54	57	58	59	60	71	74	76	78	79	104	112	117	130	
47	31
1	2	5	7	8	10	11	12	13	14	19	20	22	23	27	30	45	47	51	54	55	60	68	71	76	78	79	108	110	112	130	
47	32
0	1	2	3	4	5	7	14	15	17	20	23	31	33	35	36	38	43	46	47	55	56	58	60	67	71	74	76	96	117	118	130	
43	31
0	2	3	5	7	8	9	14	19	24	26	28	29	33	38	40	42	46	47	51	56	58	66	67	74	86	89	91	103	107	108	
49	31
0	4	8	10	17	18	22	24	31	32	33	35	38	42	46	51	55	56	60	66	68	70	74	76	86	89	103	107	108	118	130	
45	31
6	7	9	11	17	18	19	24	31	32	33	35	37	40	42	45	46	50	55	56	57	58	67	68	70	71	73	74	91	104	108	
44	31
1	3	9	10	11	12	14	17	18	24	31	32	33	34	36	38	42	43	45	54	55	56	57	58	60	68	73	74	91	106	110	
45	30
0	2	5	7	8	12	19	24	26	32	33	37	39	41	45	47	50	56	60	61	67	70	71	79	82	84	86	103	108	118	
44	32
1	3	9	10	12	20	21	23	26	27	28	31	34	35	36	39	43	45	46	47	50	52	59	60	61	67	68	79	106	107	112	117	
44	30
3	6	7	10	13	17	18	19	20	21	22	26	28	30	33	37	42	49	55	57	60	61	68	70	71	73	104	107	110	112	
44	32
3	8	10	11	12	13	14	15	19	22	23	25	29	30	31	33	35	37	41	45	50	54	58	59	60	70	76	79	86	96	103	117	
50	31
0	2	4	6	13	19	20	22	24	26	27	33	40	42	43	50	57	59	60	68	70	71	76	78	79	89	91	108	112	118	130	
49	33
1	3	7	8	11	12	13	20	21	25	28	29	35	37	38	39	40	42	46	50	54	60	61	66	67	73	84	86	89	104	108	112	118	
48	30
1	4	10	15	18	20	27	29	31	35	36	39	45	46	47	50	54	55	56	57	58	61	67	73	86	89	108	110	112	118	
45	31
3	6	9	10	15	17	19	21	23	25	28	30	34	35	37	43	45	47	56	59	66	67	70	71	74	76	78	84	103	104	130	
47	31
6	10	13	22	23	24	26	29	30	35	37	38	40	47	49	51	52	54	55	57	59	67	71	78	86	89	104	106	107	118	130	
48	31
10	12	15	18	19	24	25	26	32	34	36	37	38	40	43	46	49	56	59	66	67	71	78	82	84	86	89	104	110	112	118	
51	32
0	3	4	5	7	9	10	11	12	19	20	27	31	42	43	49	51	55	66	68	70	71	74	76	84	89	91	104	108	110	112	118	
46	31
0	1	2	4	5	6	7	8	18	27	29	36	40	42	43	47	50	54	55	56	66	67	70	74	76	78	79	86	89	91	110	
49	31
0	1	3	4	5	7	9	11	13	15	19	24	29	30	42	51	58	66	67	74	76	78	82	86	89	96	103	104	117	118	130	
45	28
5	6	15	18	20	31	33	34	36	37	40	43	49	50	51	55	56	58	68	78	89	91	104	106	108	110	112	118	
47	33
2	4	8	10	12	13	14	17	18	19	21	22	24	25	28	29	32	34	37	38	49	59	68	70	71	73	76	79	84	91	96	117	130	
46	30
2	3	6	8	15	18	19	23	26	28	31	33	34	35	36	37	41	50	54	57	67	73	86	103	104	106	108	110	112	130	
53	34
2	4	5	10	12	14	18	20	22	26	36	38	40	41	43	45	47	55	59	66	67	68	70	71	73	76	78	79	84	86	89	103	108	110	
47	31
1	6	7	9	11	13	19	21	22	29	30	31	35	37	40	51	52	54	58	59	60	66	68	70	71	82	84	104	106	117	130	
45	30
2	4	5	7	10	12	17	18	23	24	26	29	30	33	34	36	40	43	55	56	58	59	60	61	68	76	79	108	112	130	
47	31
1	2	8	9	11	14	17	19	20	30	33	37	38	41	43	45	58	59	66	67	71	74	76	79	82	89	103	104	106	107	112	
43	30
1	4	6	11	12	14	15	18	25	27	28	31	33	35	39	40	42	43	57	58	60	61	67	68	70	73	79	82	103	108	
50	30
2	3	4	7	8	12	21	31	33	35	37	39	47	49	56	57	61	66	68	71	74	78	79	82	89	103	112	117	118	130	
43	30
1	2	4	5	12	15	18	20	23	26	27	29	31	32	36	40	45	46	55	57	58	61	66	67	86	91	96	106	107	110	
48	29
1	2	7	8	13	23	29	31	32	33	35	41	47	54	55	58	59	60	61	67	68	70	73	82	103	104	108	112	130	
40	28
0	1	3	4	18	19	23	27	29	31	32	34	36	37	39	46	50	51	54	59	60	66	68	70	76	82	108	118	
43	30
0	3	7	12	19	21	24	25	27	29	32	33	37	40	41	42	43	45	47	66	70	73	74	78	82	86	89	103	117	130	
39	30
3	5	6	9	11	12	13	14	18	19	20	22	29	30	32	33	34	37	40	43	47	49	50	68	74	79	96	104	108	112	
47	30
0	1	4	7	8	10	13	14	18	19	21	27	28	35	41	45	56	60	68	79	82	86	89	91	103	104	106	108	112	118	
43	31
0	1	4	5	8	11	12	14	17	18	21	25	28	31	33	34	35	39	40	43	50	52	60	61	70	73	82	86	108	110	112	
46	31
2	7	10	11	12	15	19	22	27	28	31	33	34	36	37	43	46	57	58	59	60	61	67	68	73	82	91	96	104	106	110	
45	32
6	9	12	14	17	18	19	26	32	33	35	36	40	42	43	46	47	49	51	52	55	56	57	59	60	61	70	73	74	86	106	130	
45	31
2	4	10	12	13	14	19	20	24	27	28	37	38	40	42	43	46	47	52	54	59	73	74	76	79	82	89	103	107	112	130	
40	31
0	2	5	8	9	15	17	18	19	23	26	29	33	34	35	37	38	39	42	43	46	47	50	54	66	68	71	84	86	96	108	
45	31
0	3	4	7	9	11	12	15	23	25	27	31	34	36	40	41	42	46	50	54	57	61	67	74	82	84	86	89	107	110	112	
53	33
0	6	8	9	18	19	22	24	32	33	37	42	43	45	49	50	54	57	58	68	71	74	78	79	82	89	91	96	104	106	108	110	112	
50	33
4	6	9	18	19	20	23	27	29	33	35	37	40	42	43	49	50	52	56	57	58	59	67	71	76	78	86	89	91	103	104	108	112	
46	30
0	1	8	12	15	17	18	19	21	22	23	27	28	30	31	32	38	40	58	60	61	70	76	103	104	106	110	112	118	130	
47	31
1	9	12	15	17	18	20	27	28	30	32	34	35	36	38	45	49	54	55	56	57	60	70	78	79	86	89	103	104	112	130	
48	29
0	5	8	12	13	14	25	28	30	38	39	41	45	50	54	57	58	59	60	61	71	79	91	103	107	108	112	117	130	
48	32
0	3	4	6	8	15	18	23	24	25	29	34	35	36	39	41	50	54	58	60	61	66	67	68	71	74	76	84	91	103	104	117	
48	34
3	6	7	8	12	14	17	18	20	21	28	30	31	32	34	35	36	38	42	45	47	52	57	58	61	66	76	78	79	84	96	104	112	117	
53	32
0	1	3	7	10	15	17	28	31	33	35	38	40	42	46	55	56	58	66	73	74	84	86	89	91	103	104	107	108	117	118	130	
50	33
2	6	14	18	19	21	26	27	29	30	31	37	39	43	45	46	50	51	54	55	58	66	71	76	86	89	91	96	103	106	107	108	110	
43	30
0	4	6	17	18	19	20	26	27	28	29	32	35	37	38	42	43	47	49	51	57	60	66	67	76	84	107	108	110	117	
45	30
1	5	7	8	9	11	14	18	23	24	26	29	30	33	34	35	41	43	55	57	66	71	76	78	82	89	103	108	112	117	
47	32
1	3	7	11	12	15	21	22	25	28	29	34	35	36	39	41	45	49	52	55	56	57	58	61	70	76	79	82	103	104	117	130	
47	31
0	1	4	12	18	20	23	24	27	28	35	38	40	42	45	47	51	54	55	56	57	59	61	67	70	76	79	84	89	117	130	
46	29
1	3	5	9	11	14	17	21	27	31	33	34	39	40	42	49	51	55	59	61	66	67	68	84	108	112	117	118	130	
42	29
1	2	5	7	11	13	18	24	26	32	33	35	40	42	49	50	52	55	59	60	68	71	74	82	84	91	96	103	108	
53	33
0	3	5	6	9	11	13	20	23	24	28	30	31	32	37	45	47	49	55	57	59	79	82	84	89	91	104	106	110	112	117	118	130	
47	30
0	1	2	3	5	6	7	10	13	15	22	30	37	39	45	49	51	55	56	68	70	71	78	79	86	104	112	117	118	130	
49	31
2	3	5	6	7	8	9	13	14	21	23	30	31	41	50	51	55	56	58	60	67	70	76	82	84	86	104	106	117	118	130	
42	30
1	5	7	8	9	10	12	13	20	22	25	26	28	33	35	41	42	46	52	54	57	58	61	67	78	82	86	89	107	117	
45	31
2	3	13	20	22	23	24	25	26	28	30	32	35	37	38	39	42	43	47	57	59	60	61	66	67	79	96	104	107	112	130	
43	32
0	2	5	6	11	12	17	18	20	21	25	28	29	31	34	35	37	38	42	50	51	54	55	56	59	66	67	70	71	76	79	104	
48	31
0	3	4	6	7	10	12	19	22	25	27	28	29	30	41	43	45	54	55	59	61	70	71	73	78	84	89	106	108	110	117	
41	31
1	3	7	8	9	10	12	14	17	20	21	23	26	28	31	37	38	39	41	43	47	51	54	55	56	60	74	79	82	96	112	
39	27
3	6	10	13	15	17	18	19	21	28	31	32	37	40	42	43	51	54	55	61	67	71	73	79	104	108	130	
46	29
0	4	5	10	12	15	17	18	21	24	29	31	33	34	40	42	55	58	68	82	89	91	96	104	106	108	110	117	130	
44	27
1	5	6	11	15	18	20	25	27	30	33	42	49	54	55	56	57	61	66	68	70	74	104	106	108	110	130	
47	30
1	10	11	12	17	22	23	24	28	29	34	35	37	39	42	47	49	55	59	67	70	71	76	86	89	104	108	112	118	130	
52	31
2	6	10	11	14	23	24	25	27	28	29	31	35	39	42	56	58	59	61	71	73	76	78	84	86	103	108	112	117	118	130	
44	30
1	4	5	6	9	11	12	14	17	19	22	26	27	30	31	33	39	42	52	56	59	61	71	86	89	91	103	108	110	112	
45	29
0	1	3	4	7	10	17	18	23	27	28	34	35	39	42	55	56	57	60	67	68	73	74	76	91	104	107	117	118	
42	31
0	1	2	3	4	6	10	11	13	15	19	21	24	28	32	35	37	40	42	43	46	52	55	59	68	76	79	96	103	108	130	
43	30
1	3	4	7	8	12	17	19	21	22	23	26	27	29	31	32	36	45	49	60	70	71	74	76	96	103	104	107	112	118	
49	32
0	3	6	11	13	14	17	19	20	21	23	26	28	30	33	34	38	50	55	56	59	66	67	70	78	84	86	89	107	108	110	130	
43	30
0	5	9	11	13	14	18	25	27	29	31	32	33	34	37	41	42	43	47	58	61	68	73	74	76	82	86	96	117	130	
45	28
1	3	8	9	17	18	24	26	33	35	36	41	43	47	55	66	68	71	79	86	91	96	103	104	106	108	112	130	
45	30
0	2	4	5	12	14	17	23	25	27	30	32	33	34	36	37	38	49	50	54	59	60	61	67	71	89	110	112	118	130	
44	30
1	3	5	6	11	12	14	18	19	23	30	33	34	39	41	43	46	47	54	57	58	60	66	68	70	76	79	104	112	117	
45	31
1	4	7	10	17	19	23	27	28	30	31	35	38	40	42	43	45	46	47	56	59	68	70	71	76	82	84	86	103	112	130	
47	29
0	5	7	10	12	13	14	24	26	27	36	41	46	47	54	55	58	60	66	71	79	86	91	103	104	107	108	110	118	
44	31
2	3	4	5	12	13	14	17	21	23	24	26	28	32	36	38	40	49	50	52	55	59	74	82	91	96	103	104	106	112	130	
45	31
6	7	8	9	14	17	18	19	20	21	26	29	32	33	40	42	43	47	50	54	58	66	68	73	74	78	79	89	103	108	110	
52	31
1	2	4	5	6	7	9	10	23	26	28	29	32	33	40	56	61	68	70	74	82	84	86	103	104	107	110	112	117	118	130	
42	31
1	3	7	9	11	12	13	14	20	22	24	25	26	27	29	33	39	42	43	45	52	55	57	58	67	78	79	82	84	86	117	
44	33
0	1	3	7	8	10	11	13	15	23	24	25	31	32	34	35	36	39	40	41	43	49	57	60	61	66	67	68	70	74	78	79	82	
42	30
3	4	7	9	11	14	18	20	25	26	28	29	36	37	39	40	42	47	49	52	55	56	58	61	70	79	89	103	108	110	
48	33
0	2	4	7	12	17	21	27	29	32	34	35	36	37	38	41	43	45	46	47	54	56	58	61	67	71	73	76	78	84	91	110	130	
43	28
1	2	5	7	8	10	12	17	20	22	23	25	28	35	37	49	56	57	59	60	61	67	82	96	107	108	112	118	
50	31
6	7	10	17	21	22	25	27	34	35	37	40	47	51	52	58	60	61	67	68	70	73	76	89	91	96	106	107	108	117	118	
46	32
1	3	4	5	7	8	9	10	12	14	15	21	22	26	31	32	37	38	39	51	54	55	57	58	70	74	84	86	91	103	117	130	
46	31
1	2	3	5	8	9	13	17	19	23	28	33	35	39	42	49	50	51	54	59	60	71	73	74	89	91	103	106	107	108	112	
43	30
0	1	2	3	4	6	7	8	9	15	19	20	28	32	36	38	42	43	47	49	57	58	60	79	82	103	107	112	118	130	
46	30
3	7	10	11	14	17	19	23	25	29	30	32	33	34	36	42	43	55	56	60	61	73	79	86	91	96	103	117	118	130	
47	30
0	2	4	18	21	24	25	27	31	33	35	40	41	42	46	47	58	61	66	68	76	86	91	96	103	104	106	108	110	130	
51	29
1	9	10	11	13	25	29	31	35	36	39	40	54	56	57	59	61	78	86	89	96	103	104	106	108	112	117	118	130	
47	30
0	4	5	10	11	12	14	23	26	30	34	36	38	45	49	51	55	58	59	60	61	79	82	84	86	96	106	112	118	130	
48	31
0	1	3	5	8	10	13	15	18	20	21	22	24	29	31	33	38	39	42	55	56	58	59	61	71	96	108	110	117	118	130	
44	31
1	3	4	7	9	17	21	23	25	26	27	28	31	32	33	36	39	43	45	51	61	66	68	79	82	89	103	106	107	112	117	
49	32
1	2	8	14	18	20	21	23	25	26	35	38	39	41	42	49	51	54	57	59	61	70	73	74	76	78	86	96	103	106	110	130	
52	34
1	3	8	10	14	17	18	19	20	22	26	31	34	36	37	38	43	45	50	52	54	57	58	67	71	74	76	89	96	107	108	110	117	118	
45	31
0	4	5	8	9	10	11	12	18	19	22	24	25	28	29	31	34	40	41	47	56	57	59	66	70	78	82	106	117	118	130	
49	32
0	8	9	22	23	24	26	29	32	33	34	37	42	43	46	49	50	54	58	59	60	61	68	78	84	91	96	103	106	107	108	130	
45	32
2	11	14	17	19	21	23	29	32	34	37	38	39	42	43	45	47	50	51	55	57	58	59	66	67	68	71	73	78	84	86	96	
43	31
1	7	8	9	17	20	21	22	23	25	26	33	38	40	41	42	43	46	47	52	54	59	61	68	74	82	86	91	96	106	130	
45	30
7	8	9	10	12	23	25	26	33	37	39	40	42	45	46	47	49	55	58	61	66	68	71	74	82	89	91	103	108	118	
46	29
0	4	5	8	10	11	20	27	28	30	31	35	37	41	42	56	58	59	61	66	68	78	82	89	91	106	108	112	117	
46	31
1	9	10	13	15	18	25	28	29	31	33	34	36	41	46	47	49	50	54	55	56	57	59	66	67	73	76	104	107	117	130	
46	31
1	4	6	9	11	12	14	20	25	26	29	30	31	33	34	38	40	41	43	50	55	58	59	67	68	71	106	108	112	117	118	
43	32
0	2	5	6	11	12	14	19	20	21	22	24	28	29	30	34	36	38	40	45	47	51	57	59	60	66	71	84	91	104	106	117	
45	33
0	3	7	13	14	15	17	19	20	22	24	27	28	30	31	32	34	36	42	43	47	50	56	57	61	66	67	68	74	78	79	86	112	
38	29
0	1	6	9	10	13	14	15	18	20	22	25	33	34	38	39	40	41	43	47	54	55	56	68	73	76	78	106	107	
43	30
1	2	3	4	7	11	13	14	15	19	23	24	28	30	34	42	43	52	54	57	58	67	68	71	74	76	79	104	107	108	
42	31
0	1	2	3	4	6	8	9	11	18	20	21	22	26	31	32	33	36	38	46	54	56	57	58	61	68	74	76	84	86	103	
41	30
1	2	4	7	9	13	15	20	22	23	26	27	28	31	36	41	42	43	45	46	51	61	66	68	74	96	104	106	110	112	
51	32
14	15	17	19	21	24	28	31	33	34	40	41	42	43	46	47	54	57	58	59	61	68	73	76	79	91	96	103	104	108	118	130	
47	32
0	6	8	10	21	22	23	28	29	31	33	35	36	37	39	40	41	50	58	59	60	61	66	67	74	82	91	96	103	104	106	117	
42	31
2	7	8	10	12	13	18	20	21	23	28	29	33	34	35	36	37	38	43	46	50	55	60	68	71	73	84	91	96	106	112	
48	31
1	5	9	14	17	19	20	26	29	31	32	33	34	37	40	42	47	49	58	59	66	71	74	91	96	104	106	108	112	117	118	
42	32
1	3	6	7	11	13	14	21	22	23	24	27	28	33	35	36	38	46	47	50	51	52	56	58	61	67	76	79	82	89	96	103	
48	29
0	1	4	7	8	9	12	15	25	34	36	43	46	47	54	55	58	59	67	70	76	86	89	96	104	108	110	112	118	
45	29
3	4	6	10	11	12	13	17	19	22	24	25	27	33	36	40	54	56	57	59	67	68	73	86	89	106	108	118	130	
46	31
0	3	5	12	18	19	24	25	27	28	29	32	34	36	37	40	41	50	56	57	58	59	60	66	67	70	76	82	84	117	130	
44	31
1	2	6	7	8	11	12	13	15	20	24	28	30	31	33	34	35	42	43	47	54	55	59	71	73	76	79	91	107	117	118	
47	30
2	6	9	10	12	14	15	18	19	25	28	29	34	43	46	56	57	58	59	61	66	67	74	76	89	104	106	107	112	117	
45	32
3	4	5	6	7	11	12	15	18	19	22	27	29	31	33	34	35	40	41	50	51	58	60	66	67	73	79	82	86	106	117	130	
42	29
0	1	9	13	18	20	21	22	24	25	26	28	30	32	33	37	42	49	55	68	71	73	76	84	91	96	106	108	130	
40	31
0	3	7	8	9	10	12	15	19	20	21	24	25	28	32	34	35	37	38	40	42	46	49	58	66	68	86	89	91	103	118	
46	31
2	3	5	8	10	12	18	21	25	28	29	30	37	38	39	40	45	47	54	57	58	61	66	67	71	86	103	104	107	112	118	
55	35
10	12	13	15	17	18	19	20	21	25	26	30	34	35	36	37	38	40	43	45	56	59	66	68	71	74	78	89	104	107	108	110	117	118	130	
45	32
0	1	2	5	10	14	15	17	21	22	23	27	28	29	30	31	34	42	46	50	54	56	59	61	66	68	74	79	82	91	107	112	
53	32
2	3	4	7	9	10	13	24	27	29	34	36	42	45	46	50	54	55	56	57	58	67	68	73	89	96	106	108	112	117	118	130	
39	29
1	6	7	8	9	12	13	14	15	17	19	20	21	24	25	31	33	39	41	45	46	66	68	78	89	96	106	112	118	
45	28
0	1	3	5	6	19	22	23	27	37	42	43	51	54	55	56	58	59	60	70	71	74	78	86	104	106	110	112	
48	32
0	1	6	7	12	13	14	25	26	29	30	33	34	35	39	45	52	55	58	59	60	67	68	71	78	82	91	96	104	106	107	117	
46	30
2	4	6	17	19	23	24	25	27	29	30	35	40	43	46	47	51	56	59	60	66	71	73	76	86	91	103	112	118	130	
43	31
0	3	10	12	15	17	18	19	22	24	25	27	28	29	34	36	37	38	39	45	54	57	58	61	66	67	78	89	104	106	117	
41	28
0	2	3	4	8	10	12	14	15	18	19	20	24	25	28	30	31	54	57	60	61	67	68	73	76	107	110	118	
45	30
0	1	3	5	6	8	12	14	15	27	28	32	33	34	37	38	39	54	55	57	59	66	70	71	78	96	106	107	108	130	
46	31
3	5	6	7	8	10	14	19	20	21	23	25	29	31	32	34	49	51	55	60	61	70	71	73	74	76	89	96	106	108	118	
41	31
0	5	8	10	11	12	13	14	15	20	22	26	30	31	32	41	46	47	49	51	52	54	55	58	59	60	74	78	79	86	96	
47	32
0	1	3	4	5	6	7	8	23	25	27	31	32	33	34	36	38	49	52	54	55	61	67	68	79	84	89	91	103	106	110	118	
45	31
0	2	10	14	17	18	19	20	21	22	24	27	28	33	34	38	40	42	47	51	55	56	58	78	89	103	106	107	108	112	118	
45	32
0	4	7	9	11	14	15	21	22	23	26	27	28	31	36	40	42	43	47	49	57	60	61	67	70	73	78	82	84	103	106	118	
45	32
0	2	7	8	14	15	19	20	21	22	24	27	28	30	37	38	39	40	41	42	45	50	58	70	71	79	104	106	107	112	118	130	
43	27
1	4	6	7	12	18	23	25	27	33	35	37	41	55	60	61	68	70	78	79	82	84	86	104	107	110	118	
44	31
3	4	6	7	10	13	15	17	19	20	21	22	26	30	35	37	41	46	51	56	57	58	60	68	70	71	73	89	104	106	112	
48	31
1	3	7	8	10	11	15	17	18	30	32	35	37	41	46	47	51	55	60	61	66	74	84	86	89	96	103	107	108	110	130	
47	29
0	1	5	6	11	13	18	22	34	37	39	46	51	54	55	56	57	58	59	60	66	71	73	91	103	104	106	112	118	
42	29
0	2	3	4	5	6	8	9	10	15	17	19	20	25	28	32	42	51	59	60	61	66	67	68	74	78	107	112	118	
47	31
1	3	4	8	18	19	23	30	31	32	33	34	35	36	39	41	49	55	57	61	66	68	76	79	82	84	89	91	104	110	112	
50	32
1	2	3	5	12	15	24	28	30	33	34	36	43	46	49	52	54	55	56	59	71	73	78	82	86	91	103	104	106	107	110	117	
42	28
3	4	5	7	8	12	13	14	18	20	33	34	41	43	46	50	54	55	56	58	59	67	71	76	84	89	108	110	
46	29
1	2	3	4	10	11	18	23	34	35	37	42	43	51	55	56	58	60	66	70	71	74	76	89	104	106	107	108	118	
49	31
0	2	3	5	6	11	14	17	18	23	25	29	34	50	51	55	56	57	60	61	66	67	70	74	78	86	89	104	107	108	118	
49	29
1	2	5	17	18	21	26	27	30	36	45	52	55	56	57	60	61	71	73	78	79	86	89	91	103	107	108	110	112	
47	30
6	8	9	15	21	23	24	31	32	34	36	37	38	41	42	50	54	55	56	58	59	71	74	78	79	86	89	112	117	130	
44	30
0	1	2	3	5	6	12	14	20	24	27	28	29	36	49	51	52	54	58	59	61	68	74	82	84	91	96	103	107	130	
45	32
0	4	9	11	14	15	17	19	21	25	27	28	35	38	39	40	42	45	46	49	50	56	59	60	66	71	76	96	103	106	108	130	
47	31
3	4	5	12	15	17	18	20	21	26	27	31	36	37	41	42	43	47	51	58	61	66	71	74	82	84	106	108	110	117	118	
44	30
1	8	10	13	14	17	18	19	20	21	22	23	26	28	33	34	49	51	55	61	66	73	74	84	103	104	106	107	108	130	
47	31
0	1	4	8	9	10	12	13	14	22	28	35	36	40	45	51	54	57	58	59	60	61	70	76	78	79	82	89	91	103	117	
44	28
0	3	10	11	15	17	18	19	20	22	28	34	37	42	46	54	57	60	61	66	67	68	86	104	106	108	110	112	
46	33
3	4	7	10	11	12	19	20	23	25	28	35	36	37	38	40	43	46	47	49	50	56	58	60	66	67	71	76	86	96	104	106	108	
45	31
1	3	7	9	11	12	13	14	15	20	22	27	33	39	40	42	45	47	49	50	61	68	74	76	84	103	104	106	108	117	130	
49	31
0	1	13	19	20	26	27	28	32	34	37	39	41	42	43	47	49	56	58	59	60	68	70	71	74	84	91	112	117	118	130	
43	28
1	5	8	13	20	22	31	34	36	41	43	45	47	51	55	56	59	67	68	70	71	78	82	84	89	103	107	130	
46	28
0	1	5	6	8	10	14	17	31	32	34	36	42	55	56	59	61	66	70	74	84	86	89	91	104	108	110	130	
46	31
0	4	6	14	15	17	19	23	24	26	29	32	33	34	39	41	45	47	54	57	59	61	66	67	70	71	76	89	104	112	130	
43	30
2	3	6	7	9	10	11	12	14	15	18	21	24	26	28	29	33	40	46	55	58	60	61	67	71	76	84	104	117	118	
42	31
0	3	4	5	6	7	9	14	17	18	23	24	25	27	31	36	37	38	39	40	46	47	55	61	68	70	74	76	86	118	130	
47	32
0	1	3	4	6	10	12	14	15	17	22	24	28	35	37	41	42	45	47	51	58	59	61	68	78	84	103	104	107	110	117	118	
49	33
0	8	9	11	12	13	17	21	23	24	26	27	33	34	37	46	50	51	52	54	55	57	58	59	66	67	68	71	76	84	91	110	117	
53	31
1	5	6	7	8	9	18	20	29	33	36	39	43	55	58	66	68	70	71	76	82	84	86	89	91	103	106	108	112	117	118	
46	30
0	1	6	7	12	14	27	28	29	31	35	36	39	41	43	45	47	54	55	58	67	68	70	71	78	84	86	110	117	118	
46	31
5	8	11	12	14	15	19	28	29	34	36	37	39	42	45	46	47	49	52	54	58	59	67	71	73	76	79	89	108	110	118	
48	31
3	4	6	17	18	19	20	22	27	29	31	33	35	37	39	42	50	54	57	60	61	67	76	78	82	86	96	106	108	112	118	
43	31
0	1	3	9	13	14	17	18	23	25	26	29	31	34	36	39	42	45	49	51	54	55	56	61	66	70	76	82	86	106	108	
45	30
0	1	3	5	6	7	8	12	26	31	33	37	39	45	51	52	55	56	58	61	67	70	73	74	79	82	84	86	103	118	
46	30
3	8	14	15	19	22	23	24	27	28	30	37	38	42	43	47	49	54	55	56	58	59	67	86	103	104	107	110	112	118	
48	33
0	1	3	4	6	14	19	22	23	27	28	36	37	38	42	43	46	47	50	51	54	57	58	59	68	71	74	76	78	79	86	110	112	
46	31
7	8	10	11	14	15	23	26	28	29	30	31	35	37	41	42	45	46	54	55	58	59	60	70	76	78	96	103	106	112	117	
40	28
2	3	7	8	10	11	12	15	22	23	26	32	34	35	37	38	39	43	51	55	56	60	68	76	96	108	112	118	
43	32
3	4	7	9	11	17	18	19	20	21	23	25	29	30	32	33	38	42	50	51	52	56	57	59	60	61	67	70	82	86	104	106	
48	32
2	4	5	7	8	10	11	12	19	20	22	23	26	28	31	33	34	38	46	56	59	66	67	82	84	91	96	106	107	108	110	118	
48	29
1	8	12	13	17	18	21	23	26	27	33	34	35	43	55	59	60	67	68	73	76	78	79	89	91	108	112	117	130	
43	29
0	2	3	6	7	9	10	22	26	28	31	37	40	41	45	46	52	56	58	61	66	67	76	84	86	89	104	108	130	
40	29
0	1	3	5	8	9	12	14	22	24	25	29	31	34	37	38	41	49	51	55	59	66	68	70	78	82	103	106	108	
44	31
0	2	4	7	10	15	17	18	19	20	25	26	29	31	33	34	36	41	42	55	58	60	68	71	74	76	82	84	103	106	117	
46	30
1	4	6	7	9	12	15	21	23	27	30	31	35	36	39	40	42	55	66	71	74	82	91	96	103	104	106	110	117	130	
44	31
0	4	6	7	10	12	13	17	18	22	23	24	27	28	31	34	35	37	51	54	58	61	67	73	76	89	91	96	103	106	130	
47	31
5	6	7	10	11	14	19	20	21	27	28	32	33	39	49	50	54	57	58	60	66	68	70	71	73	74	86	89	96	104	108	
46	31
0	1	4	7	8	11	12	17	19	20	26	29	31	33	34	39	45	52	54	55	56	57	67	71	74	76	86	89	96	110	118	
43	31
3	4	6	7	9	10	15	17	22	23	27	28	29	31	34	36	42	49	52	55	57	58	59	60	67	68	73	74	76	96	106	
49	30
0	1	3	4	5	6	7	10	20	27	30	33	34	46	52	55	56	58	61	67	68	70	76	103	106	107	108	112	117	118	
45	31
3	4	7	8	12	13	14	18	19	21	24	27	29	40	41	42	46	47	50	51	57	66	68	70	76	82	86	103	117	118	130	
45	31
5	6	7	8	9	11	12	13	14	18	20	24	33	38	39	40	41	47	52	56	60	61	73	74	79	82	86	89	96	108	112	
44	33
0	1	2	3	5	9	12	13	18	19	20	24	25	27	29	30	31	33	37	40	42	45	49	50	56	68	73	82	91	104	106	110	130	
43	29
0	1	3	5	7	8	10	14	15	20	25	29	34	38	49	50	51	55	58	61	68	73	76	84	103	106	107	108	118	
52	31
1	3	6	12	18	19	25	27	28	30	32	35	39	42	58	59	66	70	76	82	84	86	89	91	96	103	104	110	117	118	130	
46	30
0	1	3	4	7	8	10	18	19	23	25	30	31	33	34	41	55	56	59	61	68	70	74	76	78	82	104	106	110	112	
50	31
1	2	5	6	12	13	14	22	24	27	32	33	36	41	47	56	58	59	60	61	67	73	79	82	84	86	96	103	110	112	118	
47	30
0	5	8	14	18	20	25	29	31	33	40	41	42	46	50	51	56	58	61	66	71	82	86	89	91	106	107	108	110	130	
44	29
1	5	7	8	17	21	23	26	27	30	34	36	40	42	43	49	55	57	58	60	61	66	67	68	74	76	79	108	112	
43	30
1	4	5	9	12	13	18	21	27	28	31	37	38	39	40	42	49	50	52	56	57	60	61	74	78	79	82	103	110	112	
45	32
0	1	7	10	14	15	18	19	21	23	26	27	29	32	36	37	40	42	49	50	54	55	58	61	68	70	73	74	84	103	104	108	
48	32
1	2	3	4	6	9	13	14	23	26	30	31	32	33	37	38	42	49	55	59	60	66	68	76	79	82	96	103	104	106	108	112	
43	30
1	7	9	10	13	14	17	18	20	21	25	26	32	33	38	41	42	49	54	55	57	60	71	73	78	84	103	104	107	112	
43	31
3	5	6	8	13	14	18	19	20	22	23	28	33	34	35	36	41	43	45	50	51	54	67	74	84	89	103	104	106	117	130	
44	31
0	1	4	8	10	11	12	15	18	19	20	23	27	28	30	32	35	37	38	42	46	58	60	68	79	86	89	91	108	117	118	
47	31
3	11	12	15	17	18	20	22	28	30	32	34	35	37	41	42	49	50	57	60	61	79	82	84	89	91	104	106	110	117	118	
46	29
3	4	6	7	8	10	20	21	23	25	28	29	35	49	54	55	56	58	60	70	74	76	79	86	89	103	104	110	112	
54	32
0	1	7	8	11	18	19	24	33	43	45	47	50	54	55	56	60	61	66	67	68	74	76	78	82	86	91	103	104	108	117	118	
50	30
1	5	7	8	18	20	27	28	33	36	38	40	49	51	55	56	57	58	59	60	74	78	79	82	86	106	108	112	118	130	
43	30
2	3	5	6	7	9	10	13	14	17	20	21	23	25	27	32	36	41	50	55	57	60	67	78	86	89	96	107	112	118	
46	29
1	4	8	9	10	17	18	23	28	30	31	33	34	46	51	55	58	61	66	70	76	82	86	103	106	107	117	118	130	
49	32
1	3	6	11	12	18	19	20	22	23	24	26	28	34	39	45	49	51	57	58	66	67	70	71	76	82	89	104	106	112	117	130	
52	34
0	3	4	5	6	12	18	25	26	30	33	36	39	42	45	47	49	54	55	58	61	67	68	70	74	79	82	84	89	96	103	106	107	130	
45	31
2	3	5	6	7	8	14	19	20	22	28	29	30	33	36	47	49	51	52	54	55	57	66	74	76	78	86	96	106	118	130	
47	31
0	1	8	10	11	17	19	21	26	29	31	34	35	47	50	51	52	56	58	59	60	68	71	76	78	86	91	96	107	108	118	
44	30
0	1	5	6	8	9	11	12	14	17	20	21	24	28	30	38	41	42	51	54	57	59	60	61	67	76	89	117	118	130	
53	33
1	11	12	14	15	18	19	21	27	28	29	34	35	42	47	51	52	54	55	57	68	70	76	79	84	86	96	104	107	108	117	118	130	
47	30
1	2	5	6	7	21	23	24	25	27	28	30	33	39	42	54	55	56	57	58	67	71	74	76	79	89	96	104	108	117	
43	31
2	3	7	10	12	23	24	25	26	28	32	34	35	36	37	38	40	43	46	47	49	52	55	67	82	91	96	106	110	112	130	
53	31
1	2	6	8	19	21	24	34	36	46	49	52	55	56	57	58	59	61	66	68	71	73	74	76	84	91	103	106	110	118	130	
46	32
9	10	12	17	18	20	21	23	24	25	27	31	32	33	34	37	42	43	54	55	58	59	60	66	67	70	71	76	78	79	103	104	
48	30
6	7	9	11	14	17	19	22	23	25	28	29	33	35	39	47	56	59	67	71	73	84	91	96	104	107	108	112	118	130	
47	30
1	4	7	10	12	17	20	21	24	26	28	35	40	41	42	43	47	54	55	56	59	61	71	76	103	107	110	112	117	118	
45	31
4	7	13	17	19	21	22	23	24	27	29	31	33	35	38	41	42	47	50	56	59	61	67	68	73	76	78	91	103	108	110	
42	29
1	2	11	13	14	19	21	23	25	27	31	33	34	42	45	49	52	54	55	57	58	59	60	61	76	79	86	103	110	
40	29
0	2	6	7	10	11	17	23	24	26	29	30	32	33	35	37	38	41	46	56	57	61	66	67	71	74	78	104	130	
46	31
1	2	5	7	10	11	17	18	20	21	25	27	30	31	36	45	50	55	56	57	58	60	68	73	74	78	84	89	104	106	108	
54	33
7	12	13	14	15	18	19	23	28	29	32	36	40	41	45	47	56	57	59	66	70	71	74	82	86	89	103	104	107	108	112	118	130	
47	30
1	2	3	5	6	10	11	13	23	31	36	37	43	46	47	50	55	56	58	59	60	66	68	70	71	76	78	112	118	130	
45	32
0	1	2	3	4	6	7	10	13	14	19	20	21	22	26	29	31	40	47	50	51	55	58	67	71	73	74	96	104	106	112	118	
48	32
2	4	6	9	11	12	13	14	18	19	21	26	30	32	33	38	40	50	54	56	57	59	60	68	73	74	76	78	86	104	117	130	
43	29
2	3	7	8	9	10	12	13	14	20	23	24	25	29	31	33	37	50	54	55	57	86	96	103	104	106	110	112	130	
43	31
1	2	3	6	9	19	21	23	24	26	32	33	35	36	37	38	43	46	51	52	56	58	59	60	67	71	86	89	104	106	112	
48	33
0	2	4	7	11	13	20	22	27	28	30	32	35	39	40	42	46	49	50	52	55	58	67	73	74	78	79	82	89	103	107	117	130	
47	32
3	5	6	9	10	12	14	15	19	22	23	26	28	36	45	46	47	49	59	60	66	67	71	73	74	76	78	82	103	104	106	117	
39	29
0	1	3	9	10	13	18	21	25	26	27	32	33	35	37	38	40	42	43	52	55	59	68	70	78	82	91	103	130	
47	31
3	4	5	10	12	18	24	27	28	29	30	31	33	36	38	39	41	54	55	61	66	67	70	78	79	86	96	103	106	108	110	
39	32
3	4	6	8	10	13	14	17	18	19	20	21	23	26	27	28	31	33	34	35	39	40	46	47	51	52	58	73	76	86	89	110	
51	33
1	4	6	11	12	18	20	21	22	29	30	31	33	35	39	40	43	56	57	60	61	67	68	73	74	79	84	91	103	104	106	118	130	
46	31
0	5	7	10	11	12	14	18	22	28	29	32	34	36	38	40	49	51	55	59	66	70	73	82	89	91	96	104	106	118	130	
40	28
1	3	9	13	17	19	22	23	27	28	31	37	42	43	49	51	52	54	55	56	59	60	66	73	84	103	107	130	
46	30
0	1	3	9	15	19	23	24	30	31	32	33	34	36	41	50	56	58	59	66	67	71	74	78	82	89	103	104	112	117	
45	30
1	2	4	7	8	9	10	11	15	17	20	27	28	29	30	34	46	55	56	58	67	68	76	86	89	103	104	107	117	118	
45	32
0	1	7	9	11	13	15	19	20	22	24	26	27	28	32	40	42	43	45	47	50	54	56	66	68	71	84	86	96	104	110	117	
50	31
4	10	12	17	19	20	21	23	26	30	33	36	41	51	52	54	55	57	58	59	60	61	71	79	86	89	104	106	108	118	130	
44	31
0	3	4	7	9	11	12	13	14	22	25	30	31	33	34	36	39	43	45	47	49	54	55	56	57	67	73	86	108	110	112	
51	33
3	7	10	11	12	13	14	19	22	24	25	38	42	45	49	51	52	54	56	58	66	70	71	74	76	78	86	89	96	103	104	108	118	
48	31
0	2	3	4	7	8	12	17	23	26	29	34	35	36	43	50	51	55	56	58	60	70	71	76	79	91	96	103	117	118	130	
51	32
2	5	8	12	13	19	23	26	28	31	36	37	45	46	50	51	55	59	66	68	70	71	74	78	82	84	86	103	107	108	110	130	
45	31
1	3	4	7	11	12	15	20	21	24	25	29	31	32	35	39	42	43	51	55	66	68	70	71	76	79	86	89	96	117	118	
43	32
0	1	2	3	4	6	12	14	17	19	20	22	27	30	33	34	35	38	41	42	43	52	54	59	66	68	74	76	82	103	107	110	
48	32
4	5	10	12	23	24	25	26	34	36	40	41	42	43	45	46	52	55	56	57	59	61	67	68	71	73	76	82	84	86	103	108	
39	30
1	2	5	8	11	12	14	15	20	21	22	24	25	28	30	31	32	33	41	42	49	54	57	59	61	66	67	73	78	82	
47	31
0	4	6	8	9	10	18	19	21	27	28	30	32	33	34	39	42	49	54	57	58	61	66	67	73	79	86	89	108	112	130	
46	34
0	4	6	9	10	11	12	14	17	20	25	28	29	30	31	34	35	37	39	40	43	46	52	54	58	59	61	70	73	82	89	104	106	108	
43	31
5	7	8	10	12	17	20	21	23	26	27	28	29	30	36	37	38	40	43	52	55	58	60	61	67	68	71	86	89	107	118	
49	32
1	2	3	5	8	13	18	21	22	26	27	31	32	36	39	42	49	50	61	68	73	79	84	91	96	103	104	106	107	108	117	118	
47	31
0	1	2	3	5	6	7	11	14	15	19	25	27	28	32	38	40	49	54	57	58	66	67	71	74	78	91	106	108	112	118	
41	27
0	5	8	10	11	12	13	17	18	19	33	34	37	39	47	50	58	60	66	67	68	78	79	96	108	112	118	
50	31
5	7	8	12	13	14	17	18	19	23	26	41	45	50	51	52	56	57	59	60	67	71	76	79	82	91	103	108	112	117	130	
46	33
2	6	9	13	14	18	19	21	22	23	26	29	31	32	36	37	38	39	42	50	52	56	57	59	74	82	84	86	89	104	106	107	108	
44	30
0	2	5	6	8	10	14	15	18	20	22	30	33	36	39	41	49	54	55	58	61	66	70	73	82	86	89	91	106	118	
48	31
0	3	6	7	10	14	15	17	21	23	28	29	31	34	35	40	43	47	55	58	60	68	79	82	86	103	106	108	110	117	118	
48	31
0	8	10	11	13	17	23	30	31	35	37	38	39	41	42	51	52	55	56	59	60	61	66	68	70	76	103	106	110	117	130	
45	32
4	6	9	11	12	13	19	25	27	29	31	34	36	38	39	40	45	49	50	51	52	54	56	59	61	70	79	86	89	103	117	130	
43	30
0	1	3	7	10	11	13	15	19	20	25	27	30	33	34	37	42	46	50	55	58	66	68	76	78	82	103	106	110	117	
39	29
0	1	2	3	4	6	9	18	21	22	24	25	26	28	29	32	37	40	42	43	45	55	68	82	89	91	106	117	130	
47	32
2	3	5	7	9	14	15	21	28	30	32	33	34	35	38	40	42	50	52	54	56	58	61	71	79	86	91	96	104	106	108	110	
41	31
0	4	5	7	10	12	13	19	20	21	24	26	27	29	31	36	39	40	42	46	49	52	55	56	61	68	70	74	78	79	112	
47	32
1	3	4	7	14	18	22	23	24	26	28	30	32	34	35	36	37	38	41	54	55	57	58	68	76	78	79	82	89	91	110	117	
43	32
7	8	9	11	12	13	14	15	19	20	22	25	33	38	39	40	41	42	43	45	46	50	57	66	71	73	74	78	89	103	106	110	
45	30
0	1	2	3	5	6	18	20	24	25	27	29	31	32	36	37	38	39	55	60	70	76	78	79	84	86	103	112	118	130	
45	31
1	2	4	5	6	9	13	14	15	17	18	21	24	26	27	30	33	38	39	43	56	61	68	73	78	79	84	96	108	110	130	
44	31
0	1	2	3	8	9	10	11	14	15	17	18	21	23	25	28	34	35	45	50	54	58	61	66	73	103	104	106	107	108	118	
45	31
2	3	4	6	8	14	18	19	20	21	25	26	28	29	34	37	39	43	47	56	58	60	66	70	79	89	91	103	104	108	130	
45	30
0	1	4	5	10	12	13	25	27	30	31	34	35	36	37	41	46	54	55	59	66	67	68	71	76	78	84	96	117	118	
47	32
3	6	7	9	13	14	19	22	24	27	28	31	33	37	41	43	45	49	50	52	54	55	56	60	73	74	84	96	106	110	112	130	
39	30
1	4	5	7	8	9	10	12	15	22	23	24	29	30	31	33	34	35	36	46	49	55	56	58	68	70	74	82	96	107	
47	29
1	3	5	10	11	18	20	21	34	36	37	38	39	43	55	58	60	68	70	71	73	78	82	89	96	106	108	110	112	
52	31
7	10	14	19	23	24	26	27	33	34	39	41	42	56	60	61	67	68	70	73	78	82	84	89	91	96	106	107	108	110	130	
48	31
1	2	3	5	7	9	10	13	21	23	24	26	33	36	43	50	54	55	60	66	67	70	71	74	76	78	89	91	103	110	117	
50	32
5	6	7	10	13	18	20	23	26	32	35	37	38	40	41	47	51	52	55	59	60	68	78	82	86	96	103	107	112	117	118	130	
48	31
5	18	19	23	24	26	33	35	37	40	41	42	43	50	52	54	55	59	60	67	70	71	73	74	79	84	89	103	104	107	108	
47	30
0	3	5	6	7	10	14	15	28	29	30	34	37	38	42	49	54	55	60	70	73	82	84	91	104	106	107	108	110	117	
46	30
0	2	4	5	6	11	15	21	23	31	33	34	35	43	46	50	55	58	59	60	66	68	74	76	84	89	91	104	108	117	
39	29
6	7	10	12	14	20	21	23	24	25	27	28	29	33	35	38	41	42	46	50	56	57	58	61	68	76	89	91	117	
43	29
0	4	5	6	8	10	13	17	18	21	23	26	31	33	34	40	41	54	55	57	59	61	68	76	82	91	103	110	117	
47	31
1	3	5	6	13	17	18	22	24	27	28	29	31	32	34	35	37	42	57	58	61	67	73	86	89	91	96	104	108	117	118	
41	30
4	7	10	11	12	13	19	20	22	24	26	27	30	31	33	36	38	46	49	50	54	55	56	57	66	67	71	76	78	108	
40	29
1	3	6	7	9	10	15	22	23	29	30	35	36	37	40	42	43	52	55	56	60	70	71	73	74	78	82	86	106	
41	27
0	2	3	6	9	10	14	15	24	26	28	30	34	37	38	49	55	58	59	67	76	84	91	107	110	117	118	
43	31
2	6	8	12	15	19	22	23	25	26	30	31	33	34	37	41	42	45	50	51	54	58	59	60	61	70	74	76	84	86	110	
45	32
0	8	20	21	23	24	26	30	31	32	33	34	35	37	38	39	41	42	49	50	52	59	60	61	68	76	78	79	82	96	112	130	
45	33
1	2	4	6	8	10	11	13	18	22	23	25	26	28	30	31	33	34	35	36	42	46	55	58	68	71	74	76	79	82	86	107	118	
43	30
0	4	6	8	10	12	17	19	20	26	28	34	38	41	43	46	47	52	54	56	59	60	66	67	74	78	82	103	106	130	
50	33
1	3	8	9	10	11	12	14	17	18	31	34	39	40	41	45	49	51	52	54	55	57	61	67	71	76	78	82	89	104	108	110	118	
42	30
0	1	3	4	7	8	10	11	17	19	23	27	28	29	30	32	34	38	40	49	55	56	58	67	73	91	103	104	110	118	
44	32
4	11	12	14	19	20	22	23	25	27	28	29	31	32	33	34	42	45	46	49	50	51	54	58	59	66	67	89	103	107	118	130	
45	30
0	4	6	7	8	9	17	18	24	27	28	29	39	42	45	46	50	54	55	58	59	66	67	74	76	78	84	96	108	130	
47	30
0	2	3	6	7	9	10	11	17	25	28	29	34	37	39	43	45	49	54	55	56	57	67	71	78	108	110	112	118	130	
44	30
2	4	5	8	12	14	18	19	24	27	32	33	34	37	41	43	46	47	50	59	61	71	73	79	82	91	106	108	112	118	
50	32
2	4	5	7	8	10	11	12	13	21	25	28	29	32	34	40	41	54	57	59	61	66	68	70	73	76	104	106	107	108	118	130	
48	33
1	2	5	6	7	8	15	18	22	27	28	29	30	32	35	37	41	42	45	51	55	57	58	59	60	61	66	73	74	79	89	117	130	
48	30
2	4	7	8	10	14	19	23	26	28	32	33	34	38	42	43	56	58	60	66	67	71	74	84	103	107	110	112	117	130	
45	33
1	4	6	7	8	11	12	17	18	21	22	29	34	35	36	39	40	41	42	45	47	50	51	54	58	59	61	67	79	86	89	108	117	
43	28
1	2	3	8	14	18	19	24	25	28	31	33	35	38	42	51	54	56	57	58	76	78	86	103	107	112	117	130	
46	29
0	1	5	6	9	10	15	18	20	27	29	31	34	35	37	51	55	58	68	74	82	89	91	103	106	108	110	117	118	
47	31
1	3	4	5	7	11	13	19	23	27	28	29	33	35	42	46	49	51	54	58	68	70	84	86	89	91	103	106	108	112	130	
45	30
0	1	4	10	11	13	19	23	27	30	34	36	37	39	41	42	54	56	57	59	60	68	70	71	74	76	78	79	89	108	
46	31
0	8	9	11	13	14	15	18	22	26	28	31	39	41	42	43	50	54	57	59	60	61	67	70	74	78	79	96	103	106	130	
42	28
6	10	12	13	14	18	20	21	25	26	28	33	35	42	49	55	56	58	60	61	67	68	70	76	89	96	104	108	
42	30
2	8	10	11	12	15	18	19	20	23	25	26	27	30	33	34	37	38	43	54	55	67	70	74	76	78	86	89	104	110	
48	31
0	2	4	9	15	18	21	23	27	34	36	38	40	42	46	47	55	56	57	61	68	71	74	76	86	89	96	106	107	110	130	
45	34
0	1	6	8	10	12	13	14	15	18	22	23	26	28	30	31	33	34	35	36	37	42	50	51	55	56	68	73	79	82	86	89	106	118	
45	32
0	1	3	6	10	11	15	19	23	24	26	27	29	33	37	40	42	43	46	54	55	57	59	60	66	71	74	76	78	82	89	103	
39	29
0	2	8	10	11	12	14	17	20	26	27	30	31	33	35	38	40	46	47	49	54	55	59	61	74	76	86	89	130	
41	31
0	3	4	8	9	10	14	15	18	20	22	23	24	26	29	33	38	42	43	49	50	52	55	59	71	73	84	86	104	106	110	
42	32
0	1	2	3	5	9	12	13	14	15	28	29	32	34	35	37	38	40	42	43	49	50	51	54	56	59	61	70	89	104	106	117	
44	30
0	1	4	6	8	9	12	17	18	19	21	23	28	30	31	33	37	39	41	50	60	73	74	79	91	104	108	112	117	118	
45	30
1	2	3	6	7	8	10	13	14	27	28	31	32	35	36	43	46	52	57	58	61	67	71	74	76	86	89	108	118	130	
46	31
3	4	6	7	9	18	23	24	26	28	29	30	32	33	38	42	49	50	54	55	59	61	66	70	76	82	84	96	106	117	130	
49	30
1	3	7	9	10	12	13	14	15	17	20	33	42	43	45	51	54	55	56	59	60	66	70	86	106	110	112	117	118	130	
47	30
1	3	4	8	9	11	13	15	20	21	22	23	31	36	39	59	61	66	71	73	74	84	86	89	91	103	104	106	112	117	
43	31
0	2	5	6	7	10	14	15	18	20	21	22	24	29	30	32	39	40	43	49	51	55	57	58	59	67	78	82	86	117	118	
39	30
1	7	9	10	11	12	14	17	21	23	28	30	31	32	33	34	36	40	43	46	47	54	55	67	71	73	74	89	104	107	
50	31
0	6	10	11	14	15	17	18	19	23	31	32	33	34	47	54	55	56	58	60	66	67	68	74	78	86	104	106	110	117	118	
49	32
0	2	4	6	10	11	21	22	25	29	35	36	37	41	43	45	52	57	58	59	61	67	73	78	84	86	96	104	106	107	118	130	
47	31
5	7	12	13	14	23	26	27	33	34	35	38	41	42	47	50	51	56	58	59	60	61	66	68	70	71	82	86	106	117	130	
38	27
0	2	5	6	9	10	12	15	18	22	26	28	29	30	31	37	39	54	55	58	59	67	70	74	79	86	108	
43	30
1	4	5	8	12	13	14	15	17	18	20	24	28	30	32	33	37	40	42	51	54	55	61	79	86	96	104	117	118	130	
42	30
11	12	14	15	22	23	25	26	28	30	32	34	35	37	38	42	46	47	49	54	58	59	61	73	89	96	104	106	107	130	
43	31
1	3	4	8	9	10	11	14	18	19	21	23	25	27	28	34	38	42	45	46	50	60	61	76	78	82	86	104	106	110	118	
46	31
3	4	5	11	12	14	18	22	23	25	26	27	34	36	41	42	46	47	54	57	59	60	61	66	74	86	96	104	106	108	110	
41	30
0	2	6	7	13	15	19	26	27	28	31	32	34	37	40	42	46	47	50	52	55	58	67	70	73	84	89	91	107	110	
48	30
1	3	6	9	11	13	15	29	31	33	36	39	40	50	51	54	59	61	66	67	68	78	79	86	89	91	104	108	112	118	
48	31
1	2	6	7	13	14	19	21	22	26	30	33	39	40	41	42	54	57	58	59	61	67	68	70	78	89	91	104	107	112	117	
39	28
0	3	6	7	8	10	12	14	19	20	21	22	28	32	33	38	41	46	58	60	66	70	74	76	86	89	96	117	
44	31
3	4	5	9	12	13	18	19	22	23	24	25	26	28	30	32	36	43	49	50	54	55	70	74	79	91	96	103	104	108	117	
41	32
1	4	6	11	12	14	15	17	18	21	23	24	26	28	31	33	35	38	39	40	42	47	49	54	55	60	73	84	96	103	104	107	
46	32
0	5	6	7	13	14	15	19	21	22	24	25	27	28	29	38	39	41	45	47	52	54	55	56	57	61	67	78	91	108	118	130	
38	29
0	1	4	6	8	13	17	19	22	23	27	33	34	39	40	42	43	46	47	51	55	56	57	59	66	67	68	73	103	
46	30
2	6	10	19	21	23	24	26	28	29	30	32	37	39	40	54	55	56	57	59	60	61	67	68	76	84	86	89	104	112	
38	29
0	2	6	7	8	9	10	13	14	15	20	22	28	30	32	33	36	37	41	42	46	55	58	59	66	74	84	89	110	
46	30
4	5	8	9	20	21	23	24	25	30	40	42	43	49	50	51	55	58	59	68	71	74	76	78	84	89	91	104	108	117	
47	29
2	3	4	5	7	8	10	12	13	20	21	28	30	31	51	54	55	56	57	71	74	76	78	89	106	110	112	117	118	
41	30
0	1	5	6	7	8	9	10	14	21	23	26	28	33	34	35	36	39	46	58	61	66	68	71	74	76	82	89	96	103	
40	29
1	2	3	4	5	7	8	10	12	14	15	20	22	28	33	38	41	46	47	58	61	67	68	71	82	96	106	107	117	
43	29
3	4	5	8	14	17	18	23	28	34	35	37	39	42	47	49	56	58	61	67	68	70	71	73	74	79	89	107	108	
40	28
0	6	11	12	14	17	18	19	21	22	27	29	33	35	38	42	43	47	55	57	66	67	76	84	86	106	108	117	
45	31
1	2	4	5	6	11	12	13	17	18	23	24	27	31	36	41	42	43	51	54	55	57	58	67	70	71	84	91	107	110	118	
46	30
0	1	3	5	8	10	20	21	22	23	25	27	31	42	45	51	54	55	59	66	67	68	70	82	86	103	104	106	108	112	
43	29
0	2	4	5	10	12	17	18	24	25	27	29	31	34	36	38	39	50	51	54	55	59	66	67	71	108	117	118	130	
52	31
1	18	19	21	22	23	27	28	30	33	34	42	43	45	56	57	60	61	66	70	73	74	82	84	89	91	106	110	112	117	130	
39	29
4	6	7	8	10	12	15	17	19	23	25	28	30	34	35	40	43	46	47	54	55	59	60	61	74	76	78	79	104	
46	30
3	4	6	9	10	11	13	18	20	22	28	33	36	38	41	49	50	51	54	55	56	70	78	82	104	106	110	112	117	130	
44	31
0	1	6	11	12	15	18	22	24	25	27	28	30	31	33	35	42	47	49	51	54	57	61	67	76	82	91	106	107	108	112	
46	29
2	3	4	7	12	18	19	25	26	33	36	41	43	47	49	54	56	60	66	67	71	76	82	86	103	104	108	112	130	
40	29
0	2	5	6	14	17	18	19	21	26	27	28	32	33	36	37	38	39	40	46	50	57	68	73	91	96	108	110	130	
47	31
0	7	9	11	14	17	20	23	31	32	33	39	40	42	46	47	51	55	58	61	68	71	73	74	79	82	96	104	106	112	130	
44	32
0	2	5	9	11	13	17	18	20	21	22	33	37	38	39	40	42	46	47	49	54	55	56	58	60	66	71	74	76	84	104	106	
46	28
1	2	3	5	11	18	26	33	35	40	41	42	43	54	55	57	60	61	73	76	79	84	86	103	104	108	117	130	
46	32
0	4	7	8	9	10	12	13	17	18	19	20	22	26	29	32	33	37	38	40	50	58	60	70	71	84	89	91	104	110	118	130	
44	30
0	1	2	6	7	10	15	19	20	27	29	32	34	43	47	49	51	58	68	71	73	82	84	91	96	103	104	106	107	118	
45	32
0	2	3	4	5	7	11	19	20	24	25	26	29	31	33	35	39	41	42	45	50	67	68	70	73	82	84	86	103	104	108	117	
44	29
3	4	5	6	7	8	10	17	18	21	23	26	29	34	35	36	39	50	58	60	61	66	71	96	103	108	117	118	130	
43	31
0	2	3	4	8	14	17	18	19	23	28	29	32	34	38	39	42	45	47	50	52	57	59	61	66	71	91	104	106	110	130	
46	30
7	8	11	12	14	18	19	20	21	32	33	34	37	38	46	47	49	55	57	61	66	68	70	74	76	86	103	112	118	130	
48	30
2	3	8	10	13	20	22	23	24	25	28	33	35	37	42	43	51	58	59	61	73	86	89	103	107	108	112	117	118	130	
46	28
0	1	5	7	8	17	18	29	30	31	33	34	39	50	56	60	61	67	78	86	91	96	106	107	108	110	112	118	
45	30
0	1	6	7	8	9	13	20	24	29	32	33	34	36	41	47	51	54	55	56	57	70	71	78	79	82	89	103	117	130	
44	32
0	2	6	7	11	12	14	15	19	20	22	24	25	27	31	32	34	40	45	46	50	51	54	55	57	70	86	96	104	106	110	117	
46	31
0	3	4	6	15	19	22	23	24	25	27	29	30	31	37	41	46	47	51	54	57	59	66	67	70	76	82	86	112	118	130	
43	29
0	3	4	5	7	8	13	20	24	26	27	36	38	39	41	42	45	50	55	68	70	71	78	79	84	96	108	112	130	
52	33
4	9	10	13	17	18	21	24	26	27	28	30	31	40	42	46	51	58	60	61	67	73	76	84	86	91	96	103	106	107	110	118	130	
48	31
0	1	3	4	5	8	12	21	27	31	32	34	39	45	49	51	54	55	56	57	59	61	66	68	70	73	78	79	82	110	130	
40	31
1	3	5	8	10	11	12	14	15	17	23	24	27	31	32	34	35	36	38	47	50	52	55	58	59	74	82	86	103	106	107	
48	33
1	3	4	8	9	10	11	12	17	18	21	26	28	30	33	35	36	39	40	42	49	56	61	66	70	73	74	78	89	103	110	117	130	
47	33
1	2	7	8	9	10	11	18	21	23	24	26	27	30	32	34	36	38	46	49	50	52	60	61	68	70	86	89	91	106	112	117	118	
47	34
0	2	4	7	8	9	15	21	22	23	24	28	29	31	32	33	34	39	42	46	50	51	55	56	58	67	68	70	74	76	84	89	106	110	
48	30
8	17	19	25	28	30	32	34	35	37	42	46	49	50	52	57	58	59	67	71	74	76	78	84	89	104	107	108	112	130	
47	31
0	1	5	7	11	12	18	20	22	29	34	36	37	38	43	49	51	55	56	59	60	61	68	73	79	89	91	103	107	108	130	
47	30
0	5	8	10	12	14	17	20	23	25	28	30	33	38	40	54	55	56	58	59	71	73	82	86	89	96	104	106	108	110	
44	32
2	7	9	13	15	17	18	20	21	24	28	32	33	34	35	36	37	38	42	47	49	55	56	60	61	68	73	79	96	103	104	110	
40	29
0	2	5	6	10	12	13	14	17	19	20	22	23	24	26	27	33	36	41	47	59	60	66	67	71	96	107	112	130	
46	31
1	3	6	7	9	11	15	17	20	22	23	27	30	33	36	42	49	51	56	57	60	61	67	68	76	79	86	103	107	108	112	
45	30
1	4	6	7	14	22	23	27	28	29	31	35	37	41	42	43	45	47	57	58	60	61	74	82	89	91	106	112	117	118	
49	30
0	1	8	9	15	19	20	24	31	34	36	38	41	47	50	55	56	58	59	61	68	70	78	103	104	107	108	110	112	118	
49	32
0	1	2	3	4	5	8	17	18	20	21	26	34	37	39	46	49	51	57	59	60	61	68	70	76	84	96	104	107	112	117	118	
38	29
0	1	5	9	10	12	13	18	19	22	26	28	29	31	32	34	36	39	46	51	54	55	59	66	67	74	79	86	91	
46	30
4	6	9	10	13	22	23	26	27	28	32	36	41	42	43	55	58	59	60	61	67	68	70	74	82	84	89	91	104	130	
43	30
7	9	10	11	13	17	24	28	30	31	32	33	36	37	41	42	43	46	51	55	56	57	60	68	73	89	103	107	112	130	
50	30
2	3	6	7	8	9	10	18	26	35	37	39	42	51	57	59	60	61	68	73	74	78	82	84	89	103	108	112	117	130	
46	30
0	2	5	10	11	23	26	29	30	31	34	37	42	46	51	52	55	56	58	59	60	70	71	79	86	96	106	107	108	110	
40	29
4	5	12	13	20	21	24	26	27	29	31	36	39	40	42	46	49	50	51	54	55	57	59	66	71	74	76	106	117	
48	32
3	4	5	6	8	9	10	11	17	23	26	28	29	35	37	38	42	49	50	56	57	58	59	61	82	86	89	104	107	108	117	118	
53	33
8	12	15	19	20	24	25	28	30	31	35	37	38	39	41	47	54	57	59	67	71	73	74	76	86	89	91	96	103	107	112	117	118	
45	30
1	3	7	8	12	15	23	25	26	27	28	35	37	38	49	50	51	55	56	58	66	67	74	82	89	91	103	106	110	112	
44	30
0	1	6	7	15	17	18	19	22	28	32	33	35	39	41	45	46	56	57	59	60	61	67	68	71	73	91	104	107	108	
51	33
1	3	5	6	13	18	19	20	21	22	23	27	28	30	33	38	43	45	46	55	60	66	68	70	74	76	86	96	104	108	110	112	130	
44	29
0	2	4	8	10	12	13	20	22	23	27	28	30	33	35	40	42	55	58	59	67	68	70	71	73	76	108	112	130	
44	30
0	1	4	7	10	13	18	19	20	21	26	28	31	32	34	36	41	51	54	55	59	60	67	74	79	91	96	104	117	130	
43	30
3	7	11	13	14	19	20	24	31	32	33	34	35	40	42	43	49	50	52	55	56	59	60	84	86	103	104	107	112	130	
50	31
0	2	6	8	10	12	13	20	21	25	33	35	36	37	39	55	57	59	61	67	68	73	79	82	89	96	103	104	108	112	130	
50	33
9	12	17	20	21	24	25	27	29	31	33	34	36	37	39	40	43	46	47	57	59	61	66	67	70	74	79	86	91	103	112	118	130	
47	31
2	3	5	6	7	10	13	15	18	21	26	28	31	34	37	46	50	51	55	56	58	67	74	82	84	91	96	107	108	118	130	
45	30
2	3	6	7	11	14	19	22	23	25	28	30	33	37	38	42	43	50	54	71	74	76	78	79	103	104	107	110	112	130	
46	32
0	2	4	6	9	17	18	21	22	27	31	32	33	35	36	37	38	40	50	54	56	61	66	67	73	78	82	86	89	91	107	117	
47	31
0	13	14	18	26	28	34	35	36	37	38	39	41	42	43	46	47	54	55	59	60	67	71	73	74	76	84	86	103	110	130	
47	30
11	12	14	19	20	21	22	27	30	33	34	36	38	40	41	47	51	54	57	58	59	61	73	76	86	106	110	112	118	130	
47	31
1	3	7	14	15	23	31	32	33	34	35	36	38	39	40	42	43	54	55	56	57	58	60	70	78	86	89	96	106	110	112	
44	29
2	3	5	8	12	13	20	23	25	28	30	32	37	40	47	54	55	58	59	60	61	71	73	79	86	91	96	107	108	
52	33
1	4	5	10	13	15	18	21	22	27	28	29	38	41	42	46	47	56	57	61	68	76	82	84	86	91	103	104	106	107	110	118	130	
41	31
3	6	8	13	15	17	18	19	20	22	26	27	28	31	33	36	37	38	39	42	43	47	49	52	54	66	86	96	108	110	117	
45	29
0	3	5	8	10	11	19	23	28	34	35	37	42	45	49	59	60	61	66	67	70	76	79	82	84	86	89	117	130	
50	34
1	7	8	9	10	11	18	20	23	25	26	27	38	41	43	45	49	50	51	52	54	55	56	58	66	73	76	78	82	84	86	107	117	130	
49	31
3	4	5	6	8	17	18	22	24	31	33	34	35	36	40	42	47	49	55	57	61	82	86	91	103	107	108	110	112	117	118	
46	30
0	1	2	3	4	8	12	13	20	21	28	30	31	35	37	49	51	55	57	59	66	68	76	78	79	91	96	108	117	118	
45	31
3	4	7	8	11	12	17	19	21	24	26	28	30	36	38	41	42	45	50	52	58	67	82	84	89	91	103	106	110	117	130	
49	30
0	1	7	15	18	19	20	27	30	33	34	35	37	42	49	55	56	57	61	66	67	70	71	73	89	106	108	110	117	130	
48	29
0	7	8	14	17	19	20	21	22	24	32	33	42	47	54	55	56	57	61	71	74	78	82	86	89	108	112	117	130	
44	32
1	7	8	12	18	19	21	26	28	30	31	33	34	36	39	40	45	47	49	50	54	55	58	60	67	70	74	78	84	91	96	104	
49	31
0	2	4	6	7	11	13	14	18	19	20	22	26	27	32	33	47	54	57	60	66	68	78	79	89	96	103	108	110	112	118	
45	31
0	1	2	3	8	13	14	18	19	24	25	28	29	30	32	33	37	43	45	49	55	59	66	70	86	91	96	103	108	110	118	
45	30
0	1	5	9	13	14	20	22	24	27	28	31	32	42	46	51	54	55	57	58	59	67	68	71	74	84	86	96	104	108	
47	30
1	4	5	6	7	13	15	20	27	28	35	37	39	41	52	58	60	61	66	67	70	74	82	84	89	96	104	107	108	112	
45	31
1	4	5	11	12	14	18	20	26	27	31	32	33	36	45	46	47	49	51	56	58	59	61	67	68	76	82	84	86	108	118	
52	33
5	7	8	9	10	12	22	25	27	28	31	33	37	38	41	46	52	54	55	56	61	66	67	71	76	79	84	96	103	104	108	110	118	
50	31
3	6	8	10	12	15	17	18	19	23	26	28	37	39	41	42	49	66	71	78	82	84	89	91	96	104	108	110	112	117	130	
47	32
0	2	3	5	6	7	12	13	15	19	21	22	24	28	33	37	41	43	49	50	60	67	74	79	84	96	103	104	107	110	117	118	
51	32
1	6	13	14	19	21	24	25	26	27	28	30	39	40	43	47	51	52	54	59	61	66	71	73	76	91	103	110	112	117	118	130	
46	31
0	1	4	6	17	18	24	25	27	28	29	33	35	36	37	41	49	51	52	55	57	58	71	76	82	86	106	107	108	117	130	
40	30
0	3	4	6	9	12	15	17	18	20	23	30	34	37	38	41	42	43	45	47	51	55	68	70	71	79	82	84	106	110	
43	29
0	2	4	5	8	12	13	19	21	24	25	29	30	32	33	34	41	50	59	60	66	68	71	74	76	91	108	110	117	
51	32
1	5	7	11	13	20	27	30	31	32	36	40	41	45	46	55	56	57	58	60	66	67	70	82	84	86	89	103	106	107	117	130	
49	31
1	6	9	12	14	15	17	19	20	22	26	28	30	41	43	46	59	60	68	71	74	76	79	86	89	91	103	104	110	112	117	
40	29
0	1	4	11	12	18	19	22	26	27	29	31	34	37	41	42	47	50	51	54	57	68	71	73	76	79	84	86	108	
45	31
1	2	5	7	12	13	15	17	21	23	25	28	31	32	33	36	37	40	45	46	55	58	67	71	89	96	103	104	108	117	118	
50	31
0	1	4	9	12	15	18	20	23	28	33	36	38	40	51	52	56	58	59	61	67	74	78	89	103	104	106	110	112	117	130	
47	31
4	6	7	13	18	19	20	26	28	33	34	37	40	41	43	45	47	49	55	56	59	61	66	70	76	78	103	107	112	117	130	
49	31
0	1	4	11	12	18	20	25	27	29	32	34	35	36	45	46	55	56	57	58	61	70	74	79	84	86	103	104	110	117	118	
43	32
6	7	8	10	11	12	14	15	17	18	19	22	27	28	32	33	35	38	41	51	52	55	58	66	67	74	76	79	84	86	96	107	
42	30
0	1	7	9	13	15	20	26	29	30	31	32	33	36	37	39	40	41	43	50	54	57	60	61	68	74	104	107	110	112	
42	31
0	3	4	6	9	10	15	17	18	19	21	25	29	30	31	33	34	38	39	43	46	47	50	54	66	67	86	104	108	110	130	
46	32
0	2	9	10	12	13	18	22	24	26	28	29	30	31	33	36	37	38	40	45	52	55	56	68	76	78	79	89	103	110	118	130	
43	29
0	1	4	5	11	13	14	18	19	26	27	28	30	37	39	42	46	49	54	56	70	73	78	79	89	103	108	110	130	
41	30
0	2	7	10	12	13	15	20	23	24	26	27	30	31	32	35	36	37	40	43	46	54	55	57	61	68	82	84	108	112	
50	34
5	10	12	15	18	22	23	24	25	27	28	37	39	40	42	43	46	49	51	52	58	61	67	70	73	74	79	82	89	91	103	106	117	118	
49	31
0	7	17	18	23	25	27	32	33	34	35	37	39	42	45	47	54	55	56	57	60	61	66	67	71	82	89	96	108	112	117	
51	31
1	7	13	14	17	19	25	26	30	31	33	36	39	41	45	46	54	56	66	67	71	73	89	96	103	104	108	110	112	118	130	
40	30
0	2	5	6	10	14	17	18	19	20	21	23	24	27	28	29	31	32	34	39	40	51	56	66	74	78	82	106	110	112	
40	29
6	14	15	17	18	19	20	22	23	26	27	29	31	32	34	35	37	40	47	51	55	67	70	78	82	86	104	118	130	
42	30
2	4	5	7	8	11	13	14	17	19	23	28	30	32	34	37	42	46	50	58	59	60	66	74	82	84	89	103	107	108	
46	32
0	3	5	7	12	17	20	21	22	24	27	29	32	37	41	42	46	50	51	52	56	57	60	61	67	73	74	82	84	86	108	130	
46	31
5	8	9	10	11	17	20	26	29	30	36	37	38	39	40	42	47	50	52	55	59	60	61	68	73	84	86	89	108	110	117	
49	31
1	4	8	11	13	18	26	27	32	34	35	36	41	42	45	50	54	55	57	60	67	73	74	82	84	86	89	107	112	117	130	
43	29
0	1	3	4	5	7	11	12	19	20	23	24	26	27	28	29	33	42	51	54	70	78	79	89	106	110	112	117	130	
42	31
0	1	5	7	8	9	13	17	19	20	26	27	28	31	32	37	40	42	49	50	52	54	56	57	60	61	66	74	82	107	118	
41	29
0	1	2	3	5	6	7	9	11	12	17	18	27	33	40	43	46	56	57	58	61	66	67	71	78	84	86	89	107	
43	32
0	1	2	4	5	6	8	9	10	11	12	14	21	23	28	31	33	34	40	45	47	51	52	57	58	59	61	76	82	84	112	117	
48	31
7	10	13	17	19	20	24	26	27	28	32	33	37	41	42	47	50	54	56	57	60	71	84	86	89	96	103	104	110	117	130	
48	31
3	4	5	6	8	9	12	17	18	20	22	32	36	41	45	47	54	58	61	67	70	73	78	79	82	86	89	96	103	110	130	
44	31
0	1	3	5	6	10	14	17	18	21	23	25	27	31	33	37	38	41	42	52	57	60	61	76	82	86	103	106	107	112	117	
49	33
0	1	2	4	11	13	14	19	23	27	28	30	36	37	38	41	43	46	54	58	59	68	71	73	76	79	82	84	91	96	103	107	110	
48	30
2	6	7	15	19	22	24	27	28	32	37	41	46	47	52	54	58	60	66	67	70	78	82	89	91	96	104	112	117	118	
44	30
2	3	4	7	8	14	21	23	24	28	29	30	31	34	35	41	42	47	54	55	56	57	67	68	74	76	84	91	110	117	
44	29
3	6	8	10	15	18	19	20	23	28	30	34	37	38	42	49	50	55	60	70	73	79	82	89	106	107	108	112	118	
47	31
0	3	5	7	10	12	13	14	17	20	22	24	26	28	30	31	42	50	54	55	58	59	60	73	82	91	96	106	110	118	130	
45	32
1	4	10	11	12	22	23	24	25	26	33	34	35	39	40	42	43	45	46	47	54	55	59	61	66	67	71	73	74	96	107	117	
46	30
0	1	7	9	10	14	15	17	21	23	29	31	33	34	42	50	56	57	61	66	68	74	76	84	86	89	91	104	108	117	
41	30
0	1	2	7	8	9	10	12	15	21	24	26	27	32	33	38	39	43	45	46	54	55	57	59	60	86	91	96	103	108	
41	30
0	1	2	3	10	14	15	18	19	22	25	26	31	33	34	36	37	41	46	54	55	57	60	61	67	68	74	91	104	107	
54	32
4	5	8	10	15	19	20	26	28	33	41	42	52	55	59	60	66	71	74	76	82	84	86	91	96	103	104	106	107	108	117	118	
47	32
0	6	7	8	11	12	14	19	21	22	24	30	33	36	40	41	43	45	50	52	54	55	60	61	66	71	73	74	106	108	117	130	
46	32
0	1	2	3	8	10	12	14	15	18	19	22	23	28	29	30	33	39	43	46	51	55	58	66	74	86	89	103	107	108	110	118	
52	33
2	5	6	9	19	22	25	26	33	34	37	42	43	46	50	51	52	56	59	60	61	68	70	73	74	76	78	89	91	104	108	110	117	
42	30
0	3	4	5	7	12	13	15	18	19	21	24	27	31	34	35	39	41	42	50	51	54	60	68	71	82	104	112	118	130	
44	31
1	3	4	7	13	17	18	22	27	28	33	35	39	40	42	43	47	49	52	56	57	59	61	67	84	91	96	103	106	107	117	
45	29
2	4	5	8	14	21	22	23	24	29	37	38	42	47	51	54	55	56	58	59	61	73	76	78	84	86	103	108	130	
48	31
1	6	7	10	11	13	17	22	27	28	34	35	39	42	46	47	55	56	58	60	68	70	73	76	78	86	89	104	106	118	130	
42	30
0	2	3	7	11	12	15	18	22	31	34	35	37	39	41	42	43	47	51	54	55	58	59	61	68	76	78	79	103	117	
47	31
3	4	7	10	11	12	26	27	32	33	35	37	39	42	43	49	50	54	55	56	57	58	60	68	74	91	103	104	107	117	130	
46	33
1	4	7	8	10	12	14	18	19	21	22	26	29	30	32	33	34	38	43	45	47	51	56	60	61	66	68	70	82	89	103	118	130	
48	32
0	1	3	4	5	7	17	20	22	23	24	26	28	31	36	37	41	43	46	60	61	68	70	76	78	79	84	96	104	112	117	118	
46	31
4	5	7	12	17	20	22	23	26	30	31	35	36	41	47	49	51	55	58	59	61	66	68	70	71	74	78	82	103	106	130	
40	30
0	1	5	6	8	9	12	15	17	20	24	26	29	33	34	35	37	39	41	47	52	59	60	61	66	67	68	71	82	108	
45	31
0	3	8	10	11	14	15	18	19	20	24	27	30	37	41	42	43	46	51	57	58	60	61	66	68	71	76	86	91	108	118	
50	33
0	2	3	5	6	11	13	18	20	21	23	27	30	35	37	39	45	50	51	54	55	58	59	67	71	78	84	91	96	103	108	112	130	
51	32
1	2	4	21	24	26	30	31	32	34	35	37	39	42	51	52	57	59	60	61	66	68	70	73	79	82	84	86	104	112	118	130	
43	30
1	4	5	7	11	12	17	21	24	25	26	27	30	34	36	38	41	42	45	46	54	60	61	67	79	86	107	108	110	130	
47	32
3	5	6	7	11	14	19	22	23	24	26	32	37	38	39	41	42	43	46	50	51	54	56	60	86	89	103	104	108	110	118	130	
49	29
1	15	17	19	23	24	26	30	35	42	43	51	54	55	57	59	60	71	73	74	76	89	91	103	104	106	108	110	112	
44	32
0	1	4	8	11	12	13	15	17	23	26	27	30	31	35	36	37	39	40	46	52	55	59	66	67	70	73	76	79	86	103	112	
42	31
0	2	3	8	10	11	15	19	21	23	26	31	33	34	37	39	41	42	45	47	50	52	59	60	74	86	96	104	106	108	112	
50	31
4	6	7	10	13	14	20	25	27	28	31	35	38	40	41	55	57	58	60	61	67	68	70	76	89	103	104	107	112	118	130	
47	31
0	1	2	8	11	14	17	18	19	20	22	25	28	29	30	32	33	37	41	51	55	56	66	70	78	89	108	110	112	118	130	
53	34
2	4	7	12	15	19	20	23	24	26	30	32	34	36	38	39	45	50	54	56	57	59	61	68	70	74	79	96	103	104	106	110	118	130	
46	29
4	5	6	10	17	18	20	23	25	26	29	34	43	51	56	58	59	60	61	66	67	70	71	74	76	104	106	118	130	
47	30
6	14	15	18	19	23	24	26	27	28	29	30	31	32	34	49	50	54	55	59	66	67	76	78	82	91	108	117	118	130	
46	29
1	2	13	15	19	24	30	32	33	35	40	41	42	46	55	56	59	61	66	68	71	76	86	91	96	103	104	108	130	
42	31
0	8	10	12	17	18	19	20	21	25	28	32	33	35	36	37	38	40	43	46	50	54	56	66	68	71	78	86	89	107	112	
49	30
1	3	8	18	19	20	24	27	33	34	35	38	45	50	54	56	57	60	61	70	79	82	84	86	89	104	107	108	110	118	
50	31
3	4	6	11	15	18	21	22	31	35	36	39	40	47	49	55	56	58	61	67	68	73	74	79	82	89	91	104	108	110	130	
47	34
0	2	5	6	8	9	13	14	18	19	20	23	24	26	27	28	33	36	39	40	41	45	50	51	54	55	56	61	66	74	91	108	117	130	
47	30
0	2	5	6	9	10	11	12	17	18	19	30	33	37	43	55	56	61	66	67	71	78	79	82	86	103	104	106	108	112	
40	29
0	1	8	15	19	20	23	26	27	28	30	31	32	35	37	41	42	50	51	59	60	66	68	71	74	84	89	104	112	
47	31
6	7	10	12	14	15	19	25	26	29	30	32	33	34	39	41	52	55	57	58	60	61	67	68	71	82	89	91	107	112	117	
