1000 25	18
1	9	10	11	17	18	20	21	23	25	27	29	37	39	62	67	87	180	
33	20
6	11	18	20	27	33	34	35	36	37	39	40	41	56	59	69	85	87	124	180	
27	18
3	9	13	21	22	26	27	32	34	36	37	40	55	56	60	67	107	180	
27	19
0	3	4	6	8	9	13	17	23	26	27	29	33	35	55	75	81	124	180	
20	18
1	2	3	4	7	8	13	14	15	16	17	19	32	35	37	39	55	67	
30	17
0	4	8	10	16	18	19	26	47	61	62	69	75	84	85	136	180	
25	17
7	9	15	18	20	21	26	27	31	33	34	36	41	66	67	124	180	
28	18
2	5	10	11	13	14	15	17	23	29	34	53	56	59	81	87	131	136	
22	17
3	6	7	8	13	15	21	22	27	33	37	38	40	62	69	84	87	
30	19
2	8	10	12	13	14	29	32	33	34	38	47	59	60	66	69	85	87	131	
24	16
4	7	9	10	23	26	31	32	34	39	55	56	69	83	107	136	
24	17
1	2	9	14	23	25	29	31	34	39	40	56	60	69	75	83	107	
26	17
1	6	7	15	16	18	22	23	27	29	49	55	59	67	83	107	136	
31	19
7	8	9	11	13	14	16	22	25	31	36	37	69	81	83	85	124	131	180	
26	18
3	4	14	17	22	26	27	29	33	34	39	40	49	55	61	81	107	124	
31	19
4	8	9	27	29	36	37	38	39	41	49	53	55	59	67	75	83	107	124	
24	17
0	7	8	9	11	14	18	21	23	25	29	40	53	59	60	69	180	
26	17
1	3	6	7	8	16	25	26	35	39	47	49	56	61	66	85	131	
29	18
13	14	16	31	32	34	36	37	38	40	53	59	61	66	83	85	87	136	
32	18
0	1	4	10	11	16	29	33	41	53	56	60	69	75	83	87	136	180	
24	18
4	5	10	13	16	17	18	20	22	26	27	34	35	49	60	66	69	85	
23	18
2	3	7	8	11	13	14	15	16	19	26	27	36	39	56	62	81	124	
26	17
5	6	8	9	10	13	15	27	32	37	39	56	61	62	67	107	180	
26	18
1	4	8	10	11	13	14	16	17	26	36	47	55	56	59	62	69	107	
27	19
0	4	7	9	15	18	19	23	27	31	34	35	36	38	47	83	85	107	136	
23	17
1	8	9	12	15	16	21	22	27	31	35	36	55	61	67	81	107	
21	17
2	4	6	7	8	17	21	22	27	32	36	38	40	47	56	62	66	
30	18
0	1	3	11	16	17	26	32	49	60	62	66	67	69	81	83	85	107	
29	19
1	3	7	10	11	12	17	19	29	32	36	47	49	61	62	69	83	124	131	
25	18
4	11	12	15	16	17	18	21	27	31	33	38	41	49	55	60	81	85	
23	18
0	2	5	10	11	18	22	25	26	32	34	35	36	53	56	69	81	84	
26	17
0	1	3	6	9	13	16	17	20	25	36	41	55	62	69	87	180	
25	19
1	3	5	6	7	8	14	15	16	26	27	34	39	47	53	59	60	83	84	
23	16
0	2	3	6	7	9	10	16	19	20	41	61	62	66	84	87	
25	17
5	7	8	20	23	27	32	33	36	37	55	60	61	62	67	69	85	
33	19
5	7	11	17	21	27	29	31	37	41	49	61	69	75	84	87	107	131	136	
29	18
2	3	11	12	15	16	23	29	31	32	53	61	62	81	83	84	87	180	
22	17
0	3	5	10	11	16	17	19	20	25	29	34	35	56	61	75	85	
29	19
3	8	9	11	12	15	16	18	23	27	29	37	47	56	61	81	85	107	136	
24	18
4	5	10	13	14	15	19	21	22	23	25	29	33	38	53	59	83	180	
26	18
0	8	9	10	19	20	21	25	26	31	37	39	53	55	67	81	107	136	
23	17
0	1	5	6	11	13	16	22	23	32	33	38	47	55	61	83	87	
27	17
1	3	10	14	16	18	20	35	36	38	41	60	62	69	85	107	131	
25	18
6	7	11	16	17	19	22	23	25	26	31	33	34	53	67	84	124	136	
30	21
1	8	9	10	12	17	20	21	22	25	26	32	35	36	37	55	60	67	85	107	131	
25	17
8	9	15	19	20	27	31	33	36	40	41	67	69	81	83	84	85	
27	18
5	11	16	22	23	25	27	33	34	36	37	40	41	55	61	62	87	180	
28	18
0	1	2	5	7	10	15	19	23	25	27	47	62	67	83	84	87	180	
26	18
1	2	5	16	21	22	23	32	33	36	37	39	49	69	75	84	107	136	
30	18
2	3	9	12	13	17	18	19	27	33	47	53	56	61	81	107	131	180	
27	16
6	7	10	11	16	31	34	35	47	53	56	67	69	87	107	136	
27	17
3	6	8	15	18	21	23	26	29	34	38	47	56	69	124	131	180	
27	18
5	7	9	16	21	23	26	29	35	36	37	47	62	69	75	84	107	131	
23	17
7	14	15	18	21	27	33	34	35	36	38	39	60	66	69	83	107	
24	15
1	2	3	4	8	11	12	17	27	29	49	55	85	87	180	
27	19
6	10	14	18	20	26	27	31	34	37	39	40	47	49	55	56	59	84	136	
27	17
3	5	6	9	13	17	21	34	36	38	41	47	59	69	83	136	180	
31	18
3	7	12	21	22	32	34	36	37	47	49	55	83	84	87	124	131	136	
31	17
2	3	10	13	19	22	33	36	49	56	61	67	75	85	87	107	180	
26	17
1	5	10	15	16	20	35	36	37	38	41	55	56	61	69	85	124	
27	17
7	9	10	18	21	26	31	33	38	56	62	67	69	75	84	85	124	
24	17
1	2	4	6	10	12	15	19	22	32	33	38	56	60	61	85	131	
26	18
1	4	7	12	14	15	18	25	27	29	31	38	40	56	69	107	124	131	
30	19
7	8	14	16	17	23	27	31	38	39	47	49	55	56	59	83	84	85	131	
27	17
3	4	8	9	14	17	18	25	27	39	41	59	62	69	87	107	136	
26	18
0	4	5	21	23	25	26	27	32	36	39	47	49	55	59	66	84	131	
31	20
0	3	4	7	13	15	18	19	27	31	32	33	39	49	59	69	75	107	131	180	
24	16
1	2	4	7	12	17	25	32	37	41	49	56	62	69	81	136	
30	17
8	9	14	18	35	36	39	41	53	56	59	62	69	75	87	131	136	
25	16
1	5	7	8	21	27	29	33	34	39	47	55	56	59	87	180	
24	16
3	4	7	9	11	14	21	31	32	38	40	67	84	85	87	107	
31	18
3	9	12	14	15	18	25	31	41	47	53	60	67	69	84	87	107	131	
28	17
3	7	9	12	15	29	31	39	40	47	60	62	75	83	85	87	124	
27	18
4	6	9	13	15	18	25	26	31	33	34	53	56	60	61	81	107	136	
30	19
1	2	4	6	11	12	14	17	22	41	47	49	53	55	59	62	69	84	136	
29	18
0	1	4	5	11	16	23	36	40	41	49	53	60	61	62	67	85	131	
27	17
2	4	7	8	18	27	29	32	36	39	40	41	49	56	85	124	180	
24	18
2	3	5	6	9	10	12	14	18	22	25	29	34	49	61	81	83	87	
25	17
0	4	5	8	10	11	13	16	17	19	22	29	41	49	59	136	180	
25	17
4	12	14	16	18	20	21	23	26	36	39	40	41	61	85	87	131	
25	16
5	7	9	13	17	18	34	38	41	56	59	61	62	67	75	136	
29	18
4	8	11	13	16	18	19	23	29	33	38	49	53	61	62	131	136	180	
21	17
1	6	8	10	12	14	17	18	22	29	34	37	38	49	55	59	75	
27	16
2	4	9	18	27	33	34	35	36	37	47	83	87	107	136	180	
27	18
1	2	9	10	15	17	23	29	32	35	38	62	67	81	83	84	107	124	
24	17
1	5	6	7	8	10	18	20	21	25	27	32	33	67	75	107	180	
32	19
1	3	9	15	19	20	21	29	33	35	47	55	61	66	67	69	85	107	180	
33	18
2	4	14	15	16	27	34	37	39	55	56	60	62	85	87	124	131	180	
27	18
2	4	7	10	15	19	20	21	22	23	34	35	53	67	81	87	124	131	
26	16
2	3	4	6	13	21	23	29	37	49	59	60	61	83	87	180	
29	17
4	7	13	20	23	26	37	39	40	47	60	69	83	84	87	131	180	
31	18
1	4	5	8	9	16	17	21	32	33	56	66	67	83	85	124	136	180	
28	19
8	9	15	18	20	21	23	25	27	36	37	39	47	59	75	83	84	85	131	
30	18
3	10	12	13	19	31	36	37	41	49	55	56	61	62	75	81	87	136	
25	17
7	14	18	20	22	27	33	34	36	38	39	47	61	62	66	85	107	
28	17
3	5	11	17	20	29	37	39	49	55	56	59	62	83	84	87	131	
29	17
1	3	4	11	12	14	16	21	31	55	75	83	84	85	107	124	131	
30	19
5	7	9	13	19	21	22	33	34	36	40	49	56	67	83	84	87	107	124	
26	18
1	3	6	7	8	11	19	20	25	26	32	41	47	53	55	60	61	107	
22	18
4	6	7	8	10	13	15	16	20	21	22	23	33	37	39	60	69	136	
27	18
6	9	10	13	16	26	27	33	39	40	41	47	49	59	61	67	75	136	
27	19
0	1	3	11	14	20	21	26	27	31	32	35	36	56	62	81	84	85	131	
24	18
2	4	5	13	14	15	16	31	32	34	36	39	40	67	69	81	83	107	
27	18
2	5	12	16	18	21	23	29	36	37	53	56	59	66	69	81	83	87	
28	17
1	2	7	8	13	17	21	25	29	41	49	59	75	84	85	87	131	
25	18
4	6	12	15	18	19	22	26	27	29	32	36	38	49	81	84	131	136	
25	17
0	2	4	5	7	8	14	21	23	27	38	49	60	66	69	81	180	
28	19
13	14	16	18	20	21	22	26	33	34	39	40	47	55	60	67	83	85	131	
27	19
5	9	11	12	18	20	22	23	25	26	27	32	36	53	75	81	84	124	136	
26	16
0	1	2	3	4	9	10	12	13	16	66	75	87	107	124	136	
24	17
1	2	3	6	7	10	25	29	32	33	39	41	47	55	83	84	107	
32	19
0	8	9	14	15	19	26	36	38	41	49	53	56	60	67	81	84	136	180	
30	18
2	5	6	9	12	15	25	27	29	39	41	47	53	67	75	124	131	180	
28	17
0	1	4	8	10	16	18	25	39	49	61	67	69	75	85	124	136	
23	16
2	6	7	8	13	19	21	23	27	35	47	55	60	67	75	124	
27	18
0	1	2	8	12	14	16	18	23	36	37	55	56	69	81	84	85	87	
27	18
9	12	13	15	16	20	22	26	32	39	40	59	60	62	67	84	87	107	
27	17
2	3	5	7	10	11	27	32	34	35	49	53	56	62	87	107	136	
25	17
2	4	7	11	13	21	22	26	32	34	40	53	55	60	66	107	124	
28	18
9	12	17	23	26	32	36	37	38	40	41	47	53	67	69	81	131	136	
22	18
0	5	6	7	9	11	15	16	19	21	22	25	26	37	49	61	69	75	
29	18
5	7	13	15	16	21	23	25	27	31	39	41	55	59	75	85	107	180	
31	19
0	5	6	16	25	26	27	32	39	41	47	49	53	56	61	62	83	131	136	
30	19
0	1	12	14	15	16	21	22	34	38	39	41	55	60	67	81	83	131	180	
24	19
0	1	8	14	16	17	19	27	29	31	33	34	35	40	47	49	56	69	81	
28	19
1	6	7	10	11	18	21	25	27	35	38	53	55	62	66	67	69	84	136	
29	17
1	3	9	11	14	15	16	32	35	56	59	66	75	81	87	136	180	
30	17
8	9	11	13	16	29	41	47	53	56	59	60	67	75	83	131	136	
24	17
0	4	7	12	16	17	19	20	27	31	32	39	49	55	81	85	124	
28	18
2	7	9	12	14	17	18	20	29	31	38	53	59	69	75	81	87	180	
20	17
1	5	8	9	11	13	15	16	19	20	21	22	29	31	60	75	83	
27	17
2	7	15	18	20	29	32	33	39	40	47	56	59	62	75	107	180	
24	17
2	3	6	8	12	13	15	17	19	22	27	38	61	67	75	84	180	
23	18
1	4	7	8	14	17	19	20	21	22	32	33	38	41	49	55	56	75	
38	18
6	11	19	27	34	49	53	61	67	69	81	84	85	87	107	131	136	180	
22	16
1	2	3	9	10	11	17	21	27	32	36	37	55	62	85	131	
31	18
1	4	10	11	18	19	23	29	41	47	55	59	62	75	83	85	107	124	
25	17
3	4	14	17	18	23	26	31	32	33	36	37	49	56	62	136	180	
25	17
2	6	9	10	12	14	18	19	22	25	36	38	41	69	107	131	136	
27	17
2	3	6	8	12	20	23	31	39	40	41	49	59	62	85	107	131	
28	18
2	8	13	14	15	16	17	23	29	31	32	41	47	59	61	87	107	136	
27	16
3	6	7	8	16	29	33	38	53	56	66	67	75	85	124	136	
24	18
1	4	9	11	14	16	17	19	21	22	31	35	38	60	67	69	81	85	
29	20
1	2	7	9	10	12	15	17	18	22	25	26	36	41	60	67	75	81	85	107	
22	16
2	6	13	16	21	22	27	32	33	38	39	40	47	67	87	124	
30	18
0	1	2	3	12	15	23	25	36	40	53	55	66	69	83	87	136	180	
24	18
0	1	3	5	6	7	10	13	16	18	20	23	27	49	55	69	83	87	
25	17
2	3	4	7	8	10	21	22	32	34	36	60	62	69	81	85	87	
26	19
0	3	4	6	8	11	13	23	26	29	33	35	40	41	53	59	60	69	131	
31	18
4	7	10	12	13	22	29	32	34	36	49	55	66	83	85	107	124	180	
28	19
4	12	13	15	17	26	29	31	33	35	37	38	40	61	62	81	87	107	131	
25	16
1	7	8	9	13	14	18	27	29	47	59	60	69	75	83	180	
26	19
0	1	12	13	14	15	25	33	35	36	37	38	40	47	56	61	62	81	136	
29	17
10	16	25	29	31	33	36	38	49	53	59	60	61	66	87	107	131	
31	18
2	3	8	9	10	17	19	25	32	36	53	56	61	66	85	87	136	180	
25	17
0	1	2	6	12	13	18	22	23	31	36	41	56	62	67	87	136	
28	18
0	9	16	18	19	20	22	23	27	32	49	55	59	61	69	84	85	107	
21	17
0	2	6	7	8	10	11	14	16	21	25	33	35	59	60	66	69	
27	17
3	6	7	8	12	17	19	21	23	29	33	41	67	85	87	124	136	
26	19
1	4	5	6	16	19	26	27	31	32	33	35	47	55	61	66	75	81	84	
24	17
1	6	7	10	13	14	22	23	32	33	38	49	59	60	61	67	107	
24	16
1	5	7	9	10	18	19	23	33	38	49	55	75	83	107	124	
23	18
1	2	3	8	11	13	17	22	23	26	29	31	34	35	53	61	62	85	
25	17
0	2	3	7	20	22	23	26	27	32	39	55	60	67	69	84	180	
25	17
1	4	10	13	14	17	26	27	29	33	34	47	56	75	83	87	124	
24	18
2	3	6	7	8	18	25	27	29	31	34	36	40	47	61	66	83	124	
24	18
0	3	4	10	14	16	17	21	25	26	31	32	36	37	59	69	87	136	
30	17
5	7	13	20	21	22	33	36	49	56	59	61	81	83	85	87	180	
23	16
5	6	7	10	18	19	20	27	32	33	40	55	60	62	85	131	
27	18
3	6	10	17	19	21	22	32	33	38	41	49	55	56	60	62	83	124	
23	17
1	3	4	7	9	16	18	20	33	36	37	39	49	55	56	75	87	
25	18
2	8	9	11	15	19	21	26	32	36	39	41	59	60	66	67	69	83	
31	20
0	1	2	6	14	15	20	26	32	35	38	40	41	55	56	60	69	83	124	180	
23	18
2	4	6	7	10	13	16	18	19	20	23	27	29	35	36	56	87	124	
24	16
0	1	4	8	10	14	18	20	22	25	34	47	49	69	85	180	
31	19
0	4	8	11	14	19	21	23	29	40	41	47	55	66	83	84	85	124	131	
26	17
0	4	5	8	15	16	23	29	36	37	41	47	49	59	69	107	136	
31	18
0	1	3	7	9	11	21	25	41	49	53	60	61	66	69	87	107	124	
24	17
4	5	7	12	13	14	15	16	18	19	21	23	38	61	85	107	131	
28	18
1	2	9	17	18	21	26	29	35	36	38	40	41	67	83	107	131	180	
28	18
2	10	13	15	18	20	26	29	33	34	39	40	59	60	62	107	136	180	
26	17
0	7	8	17	20	32	33	34	36	47	49	56	59	61	75	81	85	
20	16
0	4	7	8	12	14	15	17	25	26	27	31	39	69	81	131	
24	16
1	3	7	8	17	19	20	22	32	33	34	56	61	85	124	131	
28	18
1	4	6	7	11	15	20	31	34	35	40	47	56	60	83	85	87	131	
28	18
2	3	18	19	22	26	27	29	34	38	39	47	53	56	60	67	136	180	
28	18
6	7	9	10	12	14	22	27	32	36	37	41	47	81	83	84	131	180	
22	18
5	6	7	11	14	15	18	19	20	21	27	29	36	37	40	49	69	85	
22	18
1	3	6	7	8	10	13	14	26	31	32	33	34	38	40	69	84	87	
21	16
0	2	7	14	17	18	20	22	31	32	38	47	56	59	62	84	
28	17
1	3	9	11	19	22	26	27	39	47	55	56	62	66	69	87	180	
24	17
2	4	7	8	11	12	18	20	21	27	29	36	40	75	85	107	124	
27	19
1	4	13	14	20	21	25	26	27	29	36	37	38	49	53	61	67	84	180	
22	17
2	3	6	7	10	12	19	23	26	34	36	38	39	41	55	66	136	
26	18
2	14	16	19	20	25	27	29	33	34	35	37	41	47	49	81	85	107	
26	18
6	11	12	16	18	19	22	25	31	38	39	41	47	55	66	67	83	131	
24	17
4	10	17	18	19	20	32	33	34	38	39	41	56	60	61	75	107	
27	18
5	6	7	10	11	15	21	27	31	36	39	41	49	55	60	61	85	107	
22	20
0	5	7	13	14	15	17	21	23	25	26	29	31	32	35	38	39	40	47	62	
29	19
2	3	7	9	10	12	15	18	19	22	27	49	53	61	67	69	83	131	136	
31	18
0	4	10	13	15	18	20	35	38	47	56	61	75	81	84	124	136	180	
22	16
0	2	6	7	8	12	15	16	17	29	33	47	67	69	75	136	
26	18
4	7	8	9	11	20	22	26	32	34	35	47	59	61	69	75	84	85	
24	18
1	8	12	14	16	26	29	32	33	34	35	36	56	66	69	75	81	84	
25	17
3	9	13	14	17	21	26	29	34	36	47	49	56	66	69	83	85	
30	17
1	7	9	18	25	27	32	53	59	62	66	67	81	83	85	87	136	
29	17
1	7	8	9	14	19	23	36	40	41	47	53	56	83	85	136	180	
23	16
1	7	9	10	14	15	19	23	31	32	36	56	69	83	107	136	
28	18
2	3	9	10	11	17	18	19	22	34	40	53	56	60	75	83	124	180	
25	17
6	7	11	14	16	19	20	25	29	34	35	47	61	66	67	87	131	
22	17
1	3	7	8	9	12	14	15	17	18	19	27	41	60	66	69	81	
33	19
1	7	12	14	18	22	27	38	53	55	59	66	67	69	81	83	85	87	107	
28	19
0	6	8	13	14	15	20	21	29	31	32	39	53	61	62	69	83	85	87	
25	17
3	6	11	13	15	22	25	26	31	33	34	53	69	83	84	87	131	
27	17
3	4	6	17	18	21	27	29	32	34	53	55	60	83	85	124	136	
28	17
0	5	6	7	9	17	18	19	20	27	49	59	60	61	85	124	180	
26	17
1	6	8	9	11	17	18	26	29	53	55	62	67	75	83	84	124	
25	17
2	3	8	9	10	12	13	16	19	21	31	41	47	56	75	87	107	
28	17
6	14	16	18	19	21	25	27	32	34	66	67	81	87	124	131	136	
27	17
5	6	8	14	15	18	23	39	40	47	49	59	60	67	75	85	107	
24	17
0	1	2	7	17	18	20	21	25	36	38	39	41	62	67	107	136	
21	16
1	3	6	15	19	25	26	27	29	36	39	41	47	59	61	75	
32	19
8	12	13	15	19	20	27	29	33	40	41	53	56	67	69	85	87	107	124	
26	15
9	14	15	23	38	39	40	41	49	53	62	69	85	107	136	
31	17
1	17	27	32	33	34	40	47	59	62	75	83	84	85	124	131	136	
29	19
2	7	11	12	14	17	20	21	27	34	35	55	56	61	67	69	75	107	131	
29	19
0	4	11	15	17	18	19	20	21	27	36	38	39	60	61	66	85	124	180	
25	17
1	2	3	5	7	10	13	23	27	34	36	38	39	49	107	131	180	
28	19
2	5	12	13	15	17	20	27	29	31	35	40	47	49	53	75	84	85	124	
24	17
4	6	10	13	15	18	23	29	33	34	35	37	56	62	69	131	136	
28	19
2	3	11	12	15	17	18	19	22	25	32	38	49	61	66	75	83	85	107	
26	18
11	14	15	17	20	22	23	27	32	33	35	36	47	62	66	75	107	124	
22	17
2	3	4	8	12	14	15	17	19	22	29	31	32	38	56	85	107	
28	19
3	5	8	9	10	18	22	23	25	31	32	38	53	60	61	66	81	87	136	
24	17
0	2	5	6	7	13	15	16	27	32	34	38	39	62	85	87	136	
24	17
6	7	8	11	12	14	17	25	27	31	34	40	55	69	81	124	131	
27	18
4	6	11	15	17	25	29	31	34	36	40	41	49	61	81	83	85	87	
28	20
0	2	8	13	14	15	18	20	25	29	35	36	37	47	49	59	66	69	83	87	
31	18
4	7	13	15	19	29	32	33	39	41	53	66	67	69	75	85	136	180	
24	16
3	5	6	12	17	19	21	27	31	33	47	59	66	75	85	136	
29	18
1	8	9	16	17	18	21	25	27	32	37	62	67	81	84	85	136	180	
27	17
3	6	16	20	21	25	26	31	33	34	41	49	81	83	85	107	131	
27	17
3	12	14	17	26	31	36	38	39	41	55	56	62	66	69	85	136	
29	17
4	10	13	20	22	26	29	36	41	47	49	59	67	81	85	107	136	
24	18
5	8	9	10	12	15	17	18	19	20	31	32	35	62	69	83	84	107	
26	17
3	8	12	17	19	20	29	36	37	38	39	47	49	56	81	136	180	
30	18
0	5	6	11	14	19	25	26	32	34	41	59	81	83	84	124	131	180	
25	19
0	1	3	4	15	16	17	18	19	20	27	31	32	41	47	53	55	69	75	
29	18
6	7	10	12	14	16	23	25	27	39	47	53	60	69	83	85	87	107	
29	18
0	3	10	13	18	19	21	32	38	40	41	55	56	62	67	107	124	131	
30	17
4	12	15	20	26	37	39	40	53	56	61	81	83	84	87	136	180	
25	17
0	3	9	11	17	23	26	33	34	40	41	49	55	60	61	66	85	
21	17
1	9	12	13	14	15	17	20	26	34	36	38	39	41	47	81	84	
27	16
8	9	14	18	20	25	29	36	53	56	62	66	69	124	131	136	
32	18
7	8	9	11	12	16	29	31	39	47	49	67	83	85	87	107	124	136	
28	19
6	8	14	15	17	18	23	26	29	31	36	37	41	55	56	59	81	85	107	
23	17
4	7	10	12	15	17	20	22	23	31	33	38	56	59	60	75	85	
25	16
10	12	15	23	27	29	34	35	39	49	55	56	59	75	87	124	
29	19
5	6	7	13	15	19	20	21	22	35	38	39	53	56	67	69	85	87	124	
25	18
4	5	6	11	12	15	17	21	32	33	36	38	41	59	62	83	84	107	
21	16
6	7	8	12	14	16	18	19	20	22	26	32	53	69	75	87	
32	19
5	7	18	21	29	31	34	36	41	49	53	56	60	61	66	67	84	87	131	
26	17
2	3	5	13	17	20	32	36	37	49	55	56	62	67	75	83	107	
25	17
2	6	12	13	15	16	17	22	26	29	47	59	62	67	69	75	136	
24	17
3	9	11	13	17	18	19	21	22	32	33	60	62	67	69	83	124	
26	17
0	6	7	10	11	16	18	20	21	31	33	60	67	75	85	124	131	
28	19
0	1	2	8	10	11	19	21	31	32	36	39	41	62	67	75	81	87	136	
28	18
1	3	8	9	11	21	31	33	34	35	38	41	55	66	75	85	107	136	
26	20
0	2	5	6	9	10	12	15	20	23	26	27	29	31	39	40	41	55	85	87	
31	19
0	4	5	7	13	16	22	26	33	35	41	56	60	61	62	66	75	131	180	
29	20
5	7	12	13	19	23	27	32	33	34	37	40	47	56	59	60	62	81	84	131	
26	17
4	7	8	13	15	17	18	19	20	31	37	47	60	62	69	131	180	
24	17
2	3	7	9	10	13	15	16	20	22	26	27	39	49	56	124	180	
28	18
1	5	6	9	10	11	15	16	17	25	37	41	53	59	69	81	87	180	
24	17
5	6	7	10	11	15	18	21	26	31	33	39	41	66	75	85	124	
31	19
6	11	12	14	19	21	26	31	40	41	47	49	55	66	67	81	84	85	131	
25	16
4	6	12	14	18	25	27	36	39	40	41	53	66	87	107	131	
26	17
6	8	9	12	16	18	20	34	37	39	53	59	60	66	67	85	107	
26	18
2	4	10	11	16	17	19	21	25	26	27	35	41	49	67	75	87	124	
30	18
2	5	16	21	23	25	29	34	35	37	47	59	60	62	87	107	124	131	
26	17
6	7	9	14	16	17	18	20	31	38	39	53	56	59	66	85	180	
24	16
0	1	7	16	20	26	27	29	35	36	41	56	62	67	85	87	
25	17
2	7	11	16	20	22	33	34	36	39	47	49	55	59	67	69	131	
26	17
3	9	11	13	14	16	22	32	36	40	49	55	60	62	75	85	107	
29	19
0	4	6	8	9	12	19	21	31	32	34	36	41	49	69	83	87	107	131	
25	17
0	2	3	6	18	22	23	26	27	32	38	47	53	60	67	87	124	
26	17
0	2	10	13	14	17	22	25	29	35	37	40	53	66	87	131	180	
33	17
0	3	11	13	22	25	37	53	60	62	69	83	87	107	124	131	180	
28	17
3	4	6	8	9	13	15	17	31	32	33	61	83	87	107	136	180	
25	17
2	7	9	14	15	17	20	29	32	33	37	40	56	83	85	87	124	
28	18
2	5	6	7	11	13	17	27	32	35	49	60	62	69	75	81	85	107	
28	19
1	3	8	10	15	20	25	31	32	33	35	40	41	53	55	69	81	107	136	
30	18
1	9	13	16	17	21	22	31	33	36	47	66	67	75	85	107	124	136	
27	17
2	6	10	12	25	27	29	34	37	39	47	59	60	66	84	87	180	
26	17
3	5	9	22	25	31	33	34	39	40	41	47	53	62	69	107	124	
27	17
6	8	13	15	16	20	23	25	33	34	37	59	61	69	87	131	180	
29	18
1	5	9	15	16	26	27	31	33	36	39	61	66	67	69	124	136	180	
24	17
4	7	10	11	19	20	21	22	25	26	31	35	49	53	55	124	136	
25	16
1	9	13	15	21	23	32	36	37	38	49	61	67	85	107	136	
31	19
0	1	11	12	16	18	25	29	32	35	36	40	59	69	75	87	107	131	180	
26	17
6	7	11	12	13	14	17	19	27	38	41	47	55	60	66	85	124	
24	17
6	7	8	14	15	19	26	27	29	38	39	41	53	62	69	81	124	
24	18
4	5	7	9	10	11	14	16	19	21	27	35	39	41	47	53	56	87	
27	17
5	6	7	8	13	14	15	23	26	36	41	47	67	75	85	87	124	
23	17
0	1	5	15	19	20	27	29	32	34	36	38	40	49	60	85	107	
27	18
7	11	15	20	21	25	29	31	35	36	38	47	53	59	66	75	81	180	
25	18
0	1	3	10	11	14	17	18	20	26	34	35	49	56	69	75	81	85	
27	17
3	4	7	10	13	18	19	27	31	35	40	53	66	85	87	124	136	
25	18
5	6	12	14	19	20	22	25	26	29	33	34	36	55	60	81	85	136	
29	18
1	2	3	4	17	21	22	26	35	49	56	60	67	75	81	83	124	131	
30	19
3	6	13	14	19	23	26	33	35	37	38	47	61	66	67	69	85	87	124	
33	19
5	8	11	14	21	26	29	32	40	41	47	59	62	67	75	83	85	107	180	
27	18
3	10	11	13	15	18	25	27	29	32	33	41	47	66	69	84	107	131	
26	19
1	2	10	12	14	15	16	17	20	21	22	26	39	47	49	56	62	84	136	
29	18
0	3	5	12	15	16	18	19	27	32	49	61	66	81	84	85	87	107	
25	17
0	4	7	8	11	17	20	22	26	27	31	39	60	61	67	87	180	
24	18
0	1	2	7	10	12	20	23	26	29	31	32	40	47	62	66	67	107	
25	18
1	5	6	8	11	12	14	16	21	26	32	38	41	47	53	60	75	107	
26	18
3	4	6	8	9	11	21	26	29	34	39	47	55	62	66	67	69	131	
27	17
6	8	12	18	21	27	31	32	35	39	55	56	67	75	87	107	124	
24	18
0	1	8	9	17	19	21	23	26	27	35	39	40	55	62	67	83	107	
24	17
0	1	4	5	7	16	20	26	38	39	40	53	59	62	66	84	107	
32	19
1	4	6	8	9	14	15	26	34	36	41	47	55	59	66	83	107	136	180	
29	19
5	7	11	13	15	20	22	23	31	32	33	35	39	56	60	62	107	131	180	
26	17
7	8	11	19	20	21	23	31	34	35	53	55	59	60	81	85	136	
27	16
2	4	10	13	16	19	22	31	32	41	49	53	60	85	131	180	
28	18
2	6	11	16	17	21	22	27	33	34	41	49	59	60	62	81	83	180	
27	16
0	2	3	9	14	17	21	40	41	56	59	60	69	75	85	180	
30	17
8	11	14	15	20	22	23	36	41	47	53	60	61	69	87	136	180	
30	19
2	3	5	11	15	23	25	26	31	32	34	39	47	62	83	87	124	131	136	
25	18
0	2	4	6	9	12	17	22	23	27	32	38	40	41	53	81	107	124	
27	18
1	4	6	7	8	9	13	15	23	25	27	33	60	61	66	87	107	124	
27	17
0	2	4	10	12	16	19	21	37	41	55	59	61	75	84	85	131	
33	18
7	11	14	19	20	25	36	37	55	59	60	67	84	85	87	107	124	136	
25	17
5	9	12	14	17	18	23	27	32	35	36	55	56	66	69	87	136	
28	18
3	8	9	21	31	32	33	34	35	37	38	41	53	62	69	84	107	180	
23	18
0	1	2	4	7	8	10	11	16	18	22	31	36	41	59	60	61	62	
24	19
1	2	5	6	8	14	17	26	27	31	33	34	36	37	38	47	55	66	87	
31	18
7	13	14	17	18	21	32	35	41	53	61	62	66	67	83	107	131	136	
28	17
6	7	8	11	12	14	16	23	38	49	53	60	61	66	87	107	136	
20	17
0	5	9	12	13	15	16	17	20	23	29	31	34	39	49	69	81	
27	17
3	4	14	15	17	26	33	34	41	47	49	56	60	62	69	83	85	
31	19
2	3	5	9	14	18	20	22	29	35	38	49	56	59	61	67	124	136	180	
28	19
0	4	5	8	12	15	18	26	27	31	32	40	41	49	53	66	81	107	131	
28	17
2	4	7	10	17	25	32	38	40	41	47	55	59	75	84	87	180	
20	16
2	4	6	8	11	12	23	25	26	27	33	38	39	47	75	87	
27	17
8	11	12	15	16	18	20	29	35	40	59	60	62	66	83	136	180	
32	17
3	16	18	21	25	27	35	36	49	61	67	84	85	107	124	131	180	
31	19
4	7	9	11	12	13	16	18	20	27	31	39	60	67	75	85	131	136	180	
29	18
2	4	6	12	15	21	31	32	34	36	47	55	60	69	75	85	87	136	
21	16
2	5	7	8	10	13	16	18	20	27	32	36	49	55	81	85	
28	17
2	3	4	6	7	9	16	34	38	39	41	53	56	59	85	131	180	
24	17
2	3	10	11	13	15	16	25	29	31	34	38	39	49	107	124	136	
23	17
2	7	8	11	14	15	17	19	23	29	32	34	47	56	67	83	85	
24	16
3	6	9	10	13	18	21	29	34	41	60	62	66	75	84	136	
26	18
4	5	8	12	13	17	20	26	29	33	35	36	41	59	69	81	85	107	
28	19
0	7	10	11	13	26	27	31	32	33	39	40	61	62	67	81	84	85	136	
29	17
2	4	12	16	20	21	22	26	37	38	66	81	83	85	87	136	180	
26	19
1	2	5	7	8	9	10	15	19	20	31	33	36	40	55	62	66	85	136	
24	15
1	7	13	14	18	20	32	33	38	41	53	62	85	107	124	
31	17
1	2	9	10	11	15	16	18	36	49	67	83	85	107	124	136	180	
26	18
3	6	7	8	10	11	16	19	27	29	34	47	61	67	81	83	84	85	
30	18
2	11	18	22	29	33	34	35	36	47	53	56	59	69	83	84	136	180	
25	17
0	1	9	14	17	31	32	35	36	38	56	59	60	61	67	75	124	
29	18
0	2	9	10	12	13	16	17	18	27	35	38	55	59	87	124	131	180	
31	18
0	10	12	14	15	18	19	41	49	53	55	59	66	69	83	84	87	131	
27	18
8	10	17	18	21	22	26	29	31	35	36	41	47	56	59	62	131	136	
28	19
1	2	3	5	6	12	13	16	20	27	32	37	40	47	69	83	87	131	136	
23	17
0	3	7	14	16	17	20	22	31	33	34	35	36	67	83	85	107	
23	17
2	3	4	9	12	15	16	17	18	20	33	35	40	47	56	107	136	
30	18
3	4	7	11	16	18	19	23	26	29	35	49	61	66	107	124	136	180	
26	18
14	15	17	19	20	25	26	27	29	33	36	37	39	47	49	81	131	180	
27	18
0	1	11	12	21	29	34	35	36	37	49	55	59	66	67	69	81	85	
30	17
2	3	9	17	18	19	21	31	36	56	62	69	84	85	87	136	180	
25	17
2	4	7	10	11	12	16	17	20	21	23	26	83	84	85	87	124	
32	19
6	10	17	18	20	25	29	31	35	36	53	56	59	66	83	85	87	131	136	
24	19
1	2	5	6	8	11	14	21	22	25	26	27	31	34	38	39	41	47	180	
28	18
3	13	15	17	18	19	21	22	26	31	35	38	55	69	83	124	136	180	
30	17
2	11	12	13	15	16	31	32	55	59	61	62	67	84	87	136	180	
29	17
3	7	8	16	19	20	23	27	39	47	55	61	84	85	107	131	136	
29	17
0	11	13	16	17	20	22	26	33	49	59	62	83	87	107	131	136	
28	18
0	1	2	3	11	14	16	18	20	22	25	27	35	87	107	124	131	136	
32	18
6	8	9	10	14	29	33	35	41	49	56	60	62	66	83	131	136	180	
23	16
0	2	7	12	13	32	33	36	37	47	49	59	61	62	66	81	
26	17
1	2	4	9	16	18	19	22	32	33	37	56	59	61	69	136	180	
28	18
4	7	12	17	18	19	20	21	27	31	36	41	49	53	67	75	87	180	
25	16
2	7	10	11	18	25	33	35	38	55	59	69	75	83	107	124	
21	16
1	7	8	9	11	13	14	16	20	22	33	34	36	49	55	180	
29	17
4	7	14	17	18	20	22	27	32	49	55	56	75	81	131	136	180	
30	18
11	12	13	14	18	20	22	26	27	36	41	49	61	75	84	87	124	180	
29	18
0	3	4	7	11	12	22	26	27	31	36	62	81	83	84	87	124	180	
26	18
5	6	8	13	15	16	19	23	32	34	37	39	60	62	81	84	85	124	
22	17
5	6	11	13	14	15	17	21	27	29	33	36	37	41	66	81	124	
28	18
0	1	10	13	21	31	32	33	38	40	47	56	62	67	75	84	124	136	
25	18
1	5	6	7	11	14	16	17	18	19	25	29	55	62	67	75	81	131	
31	19
0	1	4	5	7	17	18	19	23	25	40	47	66	75	83	85	107	124	131	
30	20
3	5	11	15	21	23	27	29	34	35	37	40	49	53	55	56	60	69	107	131	
24	18
0	8	9	11	12	14	15	19	23	27	32	34	36	39	49	81	124	131	
26	18
3	8	9	11	15	16	18	26	32	33	34	37	59	66	67	83	124	136	
27	19
1	2	3	7	10	16	21	23	27	32	33	39	49	55	62	75	83	84	136	
29	18
2	4	5	10	18	27	29	33	37	38	41	47	56	60	81	83	136	180	
27	18
0	1	2	3	4	8	14	25	27	29	32	37	41	47	69	81	131	180	
28	18
9	10	12	15	18	21	26	29	31	36	38	59	60	67	81	85	124	136	
30	17
3	7	8	26	29	34	39	41	47	53	55	56	59	67	81	136	180	
26	17
5	7	13	16	22	23	26	27	31	33	39	56	62	66	85	107	131	
25	18
1	6	9	10	12	13	14	15	18	23	25	29	32	62	67	84	107	131	
26	17
2	3	8	9	13	23	25	29	37	38	40	41	49	67	87	107	136	
27	18
2	4	7	8	13	14	18	19	23	33	34	38	59	60	66	69	124	180	
29	18
3	6	11	12	18	21	32	34	35	36	40	62	66	84	87	107	124	131	
25	15
6	7	20	29	31	32	33	40	53	56	67	81	85	107	131	
22	17
0	1	2	7	8	9	11	14	17	19	29	31	60	62	66	75	81	
24	18
0	3	7	9	12	15	18	20	23	27	34	37	47	55	66	69	75	83	
29	17
1	5	10	11	12	13	17	27	36	49	56	66	83	85	87	124	131	
27	17
1	6	12	14	18	19	20	29	38	47	49	56	60	67	75	107	131	
28	18
3	6	7	11	18	20	22	23	27	29	38	41	53	66	67	85	107	131	
26	19
1	7	12	15	17	20	21	32	33	34	35	36	37	38	47	59	62	107	124	
29	19
5	6	8	10	11	13	17	18	23	29	38	53	55	59	62	81	84	87	124	
27	19
1	3	5	7	11	12	13	15	26	29	31	33	36	39	41	53	62	85	180	
24	16
5	6	8	10	15	32	33	35	39	40	41	47	83	84	87	124	
29	18
1	5	7	9	10	11	19	22	32	41	47	49	61	62	81	83	107	131	
22	17
2	6	7	8	10	13	15	16	18	21	25	35	38	53	59	84	124	
26	17
7	13	14	16	20	21	31	33	34	35	41	53	59	60	62	67	180	
33	20
0	5	6	9	11	13	20	21	32	33	37	60	67	69	81	83	84	131	136	180	
29	19
4	5	8	10	12	13	18	25	26	33	39	41	47	55	59	61	83	131	136	
30	17
3	9	10	15	18	23	35	38	41	62	69	81	83	85	87	107	136	
21	16
0	6	7	13	18	20	26	32	34	37	38	41	47	59	62	84	
28	18
0	2	6	7	9	16	19	23	35	39	41	47	49	53	67	69	107	124	
22	17
2	4	8	10	17	18	19	21	26	27	29	34	35	36	60	124	136	
26	18
2	6	11	12	15	18	25	29	32	36	38	47	59	62	66	67	69	131	
31	21
3	12	13	14	16	27	29	31	32	33	34	35	39	49	59	60	61	62	67	131	136	
24	17
1	5	6	7	11	13	15	16	21	25	27	35	53	62	69	87	124	
32	18
4	7	10	18	26	27	31	41	49	53	60	66	75	83	84	85	87	131	
26	19
0	3	10	11	12	13	16	17	19	27	29	31	34	47	62	69	81	83	87	
24	17
0	1	4	5	7	10	15	16	18	23	38	47	49	61	66	69	136	
26	18
8	10	12	13	17	18	20	21	26	29	33	34	39	49	62	67	136	180	
27	18
2	6	7	8	13	15	17	18	21	31	34	36	60	62	67	85	107	124	
22	17
1	6	9	10	14	16	20	22	27	31	32	33	34	49	56	81	131	
26	19
0	2	4	7	11	15	19	22	23	32	33	36	37	40	60	61	62	67	180	
30	19
3	6	8	12	18	19	25	33	34	37	47	49	53	55	61	66	81	85	131	
24	16
1	5	10	11	14	21	32	34	37	38	49	55	56	59	84	180	
26	18
5	11	12	14	16	21	22	26	34	35	36	41	47	59	60	75	81	124	
27	17
0	1	4	7	13	14	18	29	33	38	47	59	60	61	62	107	180	
26	16
3	6	12	15	17	19	25	29	36	39	41	49	85	87	107	131	
25	17
1	4	6	12	15	23	26	29	35	39	41	53	55	59	62	75	107	
27	18
1	3	5	7	11	13	15	33	36	39	41	47	49	56	62	75	83	85	
23	17
0	5	9	14	16	17	19	23	26	34	36	37	38	41	56	69	180	
25	16
0	2	4	7	12	14	19	25	29	37	38	69	83	85	107	180	
33	18
1	8	12	13	15	16	39	49	55	59	61	66	81	83	85	87	107	136	
27	19
5	10	12	15	18	19	20	27	34	35	37	41	49	53	55	60	66	69	83	
27	17
0	10	14	15	21	22	23	37	38	39	55	60	66	69	84	85	180	
29	20
1	2	8	9	11	12	14	31	32	33	34	36	38	49	53	61	66	81	124	131	
28	17
2	3	5	12	13	27	29	35	40	47	59	60	69	75	84	131	180	
27	19
0	1	4	7	12	15	16	19	26	27	33	34	40	53	61	62	81	83	180	
24	16
2	3	7	9	10	11	14	18	19	22	37	49	53	67	107	180	
28	18
0	7	9	11	16	20	23	27	29	34	35	47	67	69	75	87	107	131	
23	17
3	6	7	8	11	13	14	16	29	33	34	37	41	53	60	61	136	
32	19
1	8	10	14	16	18	20	21	25	37	38	41	53	55	61	87	107	131	180	
25	17
5	10	12	14	17	20	22	25	29	34	36	37	49	83	87	107	136	
27	18
4	6	7	11	13	16	19	21	29	31	32	40	47	69	84	85	124	131	
25	18
0	4	6	12	21	26	29	33	36	37	38	39	47	53	62	66	69	85	
30	18
5	7	13	25	27	33	34	37	38	41	49	53	56	60	62	69	87	180	
30	19
3	5	11	13	14	18	23	27	33	37	39	59	61	62	69	81	84	131	180	
27	15
4	7	9	14	18	19	38	40	47	60	69	87	107	131	180	
29	19
3	5	6	11	13	20	22	23	34	36	41	47	49	56	66	67	75	83	85	
25	17
1	3	5	10	14	17	29	33	34	36	39	49	53	60	83	85	107	
29	17
2	3	13	18	19	21	23	29	39	41	53	56	66	85	87	107	131	
31	19
0	1	4	15	17	20	23	25	33	36	37	40	47	53	75	85	107	136	180	
24	18
3	4	5	7	8	12	19	22	26	34	35	38	39	41	59	61	69	136	
27	18
3	9	10	11	17	19	25	31	34	37	38	41	55	69	75	83	124	136	
27	18
1	4	7	14	22	23	27	31	38	39	40	55	59	62	75	81	85	124	
30	19
2	4	6	10	18	20	26	35	38	39	55	59	60	61	66	67	81	85	131	
30	18
13	14	18	22	25	26	29	35	36	49	56	61	67	81	83	107	124	136	
25	17
6	8	10	11	13	14	17	25	27	40	41	47	53	55	66	69	87	
23	18
1	6	7	14	15	17	18	20	21	25	27	29	32	34	36	66	67	180	
23	15
9	15	16	20	21	27	32	36	37	39	55	59	61	85	180	
25	18
0	1	10	16	18	21	22	25	26	32	34	36	39	61	67	69	85	136	
32	18
2	3	4	13	22	27	29	35	39	47	49	53	61	75	85	87	107	180	
27	17
1	5	9	11	12	22	27	32	36	40	49	55	66	84	85	87	107	
26	17
2	3	5	8	16	20	27	35	37	40	49	53	62	67	81	84	180	
23	17
2	6	9	12	14	15	16	25	31	32	35	38	53	56	61	69	85	
24	17
2	3	4	9	11	13	15	19	20	21	22	36	49	66	75	85	87	
30	19
2	5	13	16	20	22	26	32	34	38	47	55	56	61	69	83	84	124	136	
26	17
1	3	12	13	20	22	29	32	36	37	41	49	61	62	67	84	180	
28	17
1	4	9	13	17	18	26	36	47	49	53	55	62	69	83	87	124	
34	20
1	5	12	13	20	23	34	36	40	55	56	59	62	66	67	81	83	87	131	136	
26	18
0	7	15	19	21	26	27	36	37	38	39	40	41	47	49	67	85	124	
34	18
0	4	11	14	27	40	41	49	53	55	56	60	62	69	75	87	124	180	
26	17
3	6	10	19	22	29	31	33	34	35	49	55	61	62	83	107	136	
32	19
6	13	15	16	23	31	34	38	39	40	47	56	59	61	67	69	124	136	180	
27	17
3	8	9	10	18	19	21	22	27	41	47	62	67	75	83	85	136	
26	19
0	1	4	6	9	13	15	17	26	27	29	33	35	37	47	61	69	85	124	
24	17
1	2	5	10	19	22	25	29	32	35	39	41	49	66	81	83	107	
25	18
2	7	9	16	17	18	20	25	31	33	39	47	55	56	59	60	62	83	
28	20
0	2	3	4	9	12	16	22	33	36	37	40	41	47	49	60	61	62	69	84	
27	19
0	2	6	11	14	20	22	27	31	33	34	35	36	38	41	69	85	124	136	
27	18
3	6	7	8	9	10	11	21	22	23	29	32	67	69	83	85	87	131	
30	18
3	5	7	9	13	17	19	21	23	26	31	33	61	85	87	131	136	180	
26	19
0	1	3	5	6	10	13	17	18	27	31	36	40	55	56	62	66	69	87	
26	18
3	4	6	8	11	12	16	19	22	23	25	33	40	49	61	87	107	131	
27	18
1	3	7	9	10	14	15	17	35	36	41	47	55	62	67	75	83	136	
27	18
2	3	6	10	11	20	21	22	34	36	37	47	53	56	62	84	87	136	
26	18
0	3	4	5	7	8	10	15	17	21	25	33	37	53	61	81	136	180	
27	18
1	2	4	6	17	21	23	31	34	36	47	53	56	69	75	81	84	131	
19	17
1	3	6	8	10	11	12	13	16	17	21	26	27	34	37	55	67	
25	17
5	7	9	11	12	17	27	32	34	41	49	55	56	60	61	67	83	
29	18
4	5	10	13	15	18	20	21	22	32	39	40	47	62	107	131	136	180	
21	16
7	9	11	12	14	15	23	25	31	33	39	49	55	61	69	83	
26	19
0	3	4	7	10	13	18	19	21	23	26	31	38	41	75	81	83	84	131	
32	18
4	9	18	23	27	31	32	40	47	53	60	67	75	81	84	124	136	180	
23	18
0	5	7	9	11	12	18	19	20	22	26	34	36	38	53	56	83	136	
30	19
0	1	6	8	10	15	16	18	31	36	47	53	55	56	66	67	69	85	124	
31	19
1	7	8	10	11	14	21	25	27	31	35	41	47	49	62	75	85	124	180	
27	19
9	10	11	13	17	18	20	21	26	27	33	35	36	59	61	62	84	85	107	
25	17
2	4	5	6	9	15	17	22	27	29	39	49	67	81	83	87	136	
28	19
6	7	12	23	25	29	31	34	39	40	49	53	55	59	67	69	75	83	84	
28	17
3	12	16	20	21	26	29	33	37	40	55	62	84	85	87	107	131	
26	17
2	3	8	11	13	14	16	21	22	23	32	47	59	62	107	124	131	
25	17
3	5	14	15	18	20	22	27	34	36	39	47	49	67	75	87	124	
23	18
0	4	6	8	11	15	17	22	23	26	32	33	35	61	62	66	75	84	
27	16
2	4	9	10	12	15	17	37	40	56	69	75	83	87	136	180	
30	18
1	4	10	14	15	17	20	25	26	36	38	56	61	75	85	107	124	180	
29	18
5	10	11	13	15	16	18	19	20	29	35	69	81	83	85	87	107	131	
27	18
3	4	7	9	11	14	16	31	34	35	38	55	62	69	83	84	85	131	
28	18
0	1	4	5	9	10	14	34	35	38	39	41	56	59	60	69	131	180	
28	16
1	3	10	12	14	31	33	34	39	56	60	69	85	107	131	180	
25	17
2	3	11	15	18	29	35	37	39	40	47	56	69	75	81	83	131	
28	18
6	9	16	26	27	33	34	37	40	41	47	49	56	59	60	66	84	87	
27	17
3	7	8	15	25	26	27	29	31	39	47	53	62	81	85	107	131	
26	17
1	2	5	7	10	11	12	16	18	31	36	61	66	83	85	87	136	
30	18
3	7	10	11	12	21	23	26	31	47	59	62	67	69	81	84	87	180	
28	17
10	13	18	19	20	21	25	35	37	41	53	62	67	75	84	131	180	
22	18
0	3	4	6	9	11	13	17	21	26	31	34	36	40	49	53	61	81	
23	16
1	6	11	12	17	21	25	26	36	38	47	59	62	66	84	124	
24	17
3	5	7	10	15	18	19	20	21	32	36	49	61	62	66	75	107	
27	18
1	2	4	6	12	16	19	20	25	26	31	34	53	60	75	85	87	136	
26	17
0	1	2	3	5	8	10	12	13	14	17	26	62	84	87	136	180	
23	17
1	4	5	7	17	22	26	29	31	35	38	39	47	56	61	75	131	
28	17
5	6	7	23	25	27	32	34	39	41	53	61	62	66	67	107	180	
22	17
4	7	8	15	16	18	21	22	27	29	33	38	40	66	67	83	124	
28	17
2	3	6	10	11	16	19	23	29	47	61	66	67	84	87	107	131	
26	18
0	2	3	5	6	8	9	12	13	22	26	29	60	61	69	83	84	180	
28	18
4	7	10	17	19	22	32	33	38	40	56	59	60	61	69	83	85	124	
27	17
5	6	10	23	25	26	33	37	39	41	55	59	60	61	69	85	87	
26	18
2	3	5	14	17	18	20	23	27	33	35	36	47	53	62	84	107	136	
29	18
1	2	5	12	16	17	19	20	26	29	49	53	60	69	75	87	107	131	
22	16
0	2	3	6	7	8	19	20	21	23	39	41	47	56	60	85	
28	18
5	6	7	12	14	19	21	27	29	34	36	47	49	69	83	87	107	124	
32	18
3	6	12	17	21	36	37	41	47	49	55	59	60	67	75	85	107	131	
28	17
1	9	10	14	18	20	22	25	33	39	61	62	67	75	107	124	180	
28	18
1	9	10	12	14	15	19	22	25	29	38	39	41	61	62	107	136	180	
28	17
6	15	16	22	27	29	33	37	40	49	59	60	61	67	81	87	180	
29	18
1	5	7	9	10	11	22	23	29	39	49	55	56	67	83	84	124	180	
27	17
0	11	12	14	15	22	25	29	38	39	40	49	61	84	85	87	180	
27	19
0	2	3	4	13	17	18	20	27	29	35	38	41	53	59	60	62	67	107	
22	15
2	3	4	8	12	13	17	25	37	41	49	59	62	84	107	
25	18
5	8	9	10	16	19	20	22	25	27	32	39	41	47	55	69	83	136	
29	18
1	10	13	20	22	23	25	33	35	36	53	55	62	67	75	85	107	124	
26	17
3	4	7	8	9	11	19	21	29	31	33	38	53	69	85	131	180	
24	18
1	5	9	10	14	15	16	19	22	25	29	35	39	59	66	69	83	87	
31	18
2	3	6	8	10	16	17	20	22	40	55	67	75	85	87	107	124	136	
26	17
2	6	7	8	12	16	17	18	19	37	55	59	66	67	69	85	136	
24	18
4	5	8	11	22	26	29	31	33	35	36	39	41	47	59	69	75	83	
27	18
5	9	12	14	15	21	22	33	34	36	39	41	49	56	61	81	85	87	
28	18
1	3	4	6	11	20	23	27	32	37	41	47	60	61	62	67	81	180	
28	18
12	14	15	16	17	18	27	31	35	40	41	47	62	66	75	83	85	124	
32	20
0	2	4	7	8	11	15	19	23	37	39	41	49	53	61	67	75	81	136	180	
32	19
9	10	13	14	25	26	34	36	38	41	55	56	59	60	61	62	87	131	136	
30	19
1	2	15	18	19	23	31	32	35	40	41	53	56	62	67	81	83	85	136	
24	17
1	6	7	9	11	14	16	18	20	37	38	49	61	62	67	81	107	
30	19
4	10	11	14	17	19	23	26	35	37	38	41	49	53	61	69	84	85	180	
26	17
3	8	9	10	14	15	18	21	25	31	34	36	47	59	85	136	180	
30	18
0	4	7	13	14	15	18	25	38	47	49	55	62	81	83	87	131	136	
27	17
5	10	12	23	26	32	33	34	36	41	47	49	75	83	84	85	124	
23	17
0	1	4	9	10	17	19	21	22	23	31	34	36	49	60	85	124	
27	17
5	7	10	20	22	25	32	33	34	35	49	53	55	56	69	131	180	
29	19
0	1	2	3	4	8	12	13	16	21	33	34	37	60	67	84	85	124	180	
28	16
0	2	5	7	13	19	25	29	38	41	53	67	87	107	136	180	
24	18
3	4	6	10	20	21	22	27	29	32	34	38	39	49	53	59	81	124	
27	18
2	4	8	10	11	12	17	18	29	35	36	40	59	66	69	85	87	124	
31	18
5	9	13	16	18	21	22	27	41	53	55	56	59	62	67	85	87	131	
26	18
0	1	2	4	6	10	12	13	15	23	25	39	53	61	66	69	87	136	
28	18
4	7	9	12	15	17	26	37	38	39	41	49	56	60	61	81	87	136	
26	19
0	1	2	9	10	11	14	15	17	19	20	23	39	49	53	62	66	83	136	
28	18
0	4	6	12	13	15	18	21	29	32	41	49	53	61	66	81	83	180	
21	17
0	1	2	4	12	20	22	26	29	32	34	36	37	41	62	66	75	
27	18
2	10	11	14	15	25	26	27	32	34	35	47	56	60	62	81	85	87	
24	18
1	4	6	11	14	19	22	27	31	33	34	38	40	47	49	55	69	136	
26	18
0	2	5	18	22	27	29	33	36	39	47	49	53	55	61	69	83	84	
28	17
6	12	15	19	21	23	31	36	41	47	66	67	69	75	83	124	136	
25	18
2	4	10	11	14	16	18	22	29	33	36	37	38	49	61	62	131	136	
22	17
2	6	11	14	20	22	23	25	27	33	34	35	36	37	67	87	124	
32	18
10	14	15	16	20	21	22	27	36	53	60	67	81	84	87	131	136	180	
29	17
3	7	12	14	16	19	21	29	36	40	47	66	67	87	107	131	180	
22	16
1	3	5	8	12	16	17	18	19	27	32	47	59	60	84	85	
28	18
1	10	11	14	15	16	20	21	22	32	53	60	62	69	81	84	87	131	
26	19
7	9	10	12	15	19	21	27	34	36	37	38	39	56	59	81	83	84	107	
29	19
0	2	7	15	20	21	26	33	37	39	47	49	56	59	62	66	81	83	107	
21	17
0	5	6	8	10	11	12	14	20	22	25	27	36	41	47	53	61	
27	18
6	9	13	16	17	23	25	26	31	32	36	41	49	53	59	84	85	124	
29	17
2	5	7	13	18	22	23	27	36	41	56	69	75	83	87	136	180	
24	16
2	4	6	8	13	17	27	32	35	39	41	49	60	67	85	136	
22	18
1	3	6	10	12	17	18	19	31	32	34	36	38	39	40	55	69	124	
28	18
4	5	9	10	15	16	19	21	25	31	33	41	53	55	67	69	124	180	
32	17
4	5	10	12	16	25	27	33	34	55	83	85	107	124	131	136	180	
25	17
6	8	10	11	12	13	15	19	25	29	41	47	66	67	69	83	131	
30	18
4	5	6	10	12	15	17	23	36	38	49	61	69	84	85	87	124	136	
22	17
0	2	3	9	10	11	13	14	16	29	31	36	40	59	62	75	107	
32	20
4	12	13	17	18	23	25	26	31	36	55	56	59	62	69	75	81	83	84	180	
24	17
1	2	5	6	14	16	18	22	25	33	49	56	59	60	67	81	83	
26	18
2	3	9	10	13	15	16	17	21	26	32	38	40	56	60	87	124	136	
30	19
0	4	8	10	12	16	17	23	27	31	34	39	56	59	60	81	85	87	180	
26	18
1	4	10	12	15	19	26	27	29	35	38	39	56	66	69	83	107	124	
26	18
9	10	11	14	15	16	19	20	23	32	35	41	47	55	61	66	69	85	
30	19
3	5	7	14	17	18	21	33	34	38	39	47	53	56	60	66	83	131	180	
28	17
0	3	7	8	16	21	22	26	39	47	49	55	62	69	85	107	136	
28	19
3	6	11	19	22	23	25	34	36	37	38	41	49	59	67	69	75	83	107	
28	18
5	11	12	14	17	20	25	36	39	40	49	53	60	69	81	83	107	136	
24	17
0	1	2	8	17	22	25	27	35	36	39	47	59	67	75	81	107	
30	19
5	10	11	16	17	21	26	31	33	34	36	41	47	59	66	81	85	87	107	
28	17
2	3	5	6	9	11	15	34	36	41	49	55	67	83	87	107	136	
24	18
1	9	10	11	12	13	21	22	25	31	34	36	40	49	61	67	81	85	
26	17
6	7	19	20	21	27	29	32	33	34	38	41	47	59	62	87	180	
23	17
5	8	10	11	21	25	27	29	31	33	34	35	47	53	60	75	107	
27	19
0	7	8	17	20	23	26	27	29	34	35	36	39	49	56	67	69	107	131	
23	17
2	7	8	14	15	16	22	29	32	37	38	40	49	60	61	69	107	
23	18
3	7	9	13	14	15	17	19	21	25	26	27	35	36	39	47	87	124	
28	18
0	4	9	10	13	20	26	27	36	39	47	49	55	61	62	69	107	131	
25	19
1	2	4	5	6	23	25	27	29	31	34	38	39	40	47	62	67	75	85	
28	18
0	1	7	8	9	13	17	27	34	36	37	55	59	66	83	84	85	180	
29	17
4	9	14	15	16	21	22	23	33	47	53	56	67	69	124	136	180	
27	18
1	11	14	17	21	26	27	33	34	35	36	56	60	61	69	75	124	136	
28	17
1	5	9	16	19	21	22	29	32	36	49	60	66	85	107	124	131	
27	18
0	1	5	6	11	13	14	15	16	17	34	40	49	59	60	83	107	180	
21	16
0	1	2	4	7	8	12	16	22	23	25	36	41	49	53	136	
24	18
0	3	4	9	12	14	16	17	22	29	34	37	39	49	59	66	84	87	
26	18
5	11	12	13	14	16	18	22	27	32	34	36	56	59	67	69	85	124	
26	17
9	11	14	15	16	19	21	31	32	35	47	55	60	61	67	107	124	
22	16
0	2	3	6	7	8	12	16	27	31	34	40	62	83	85	87	
23	16
0	1	2	10	14	15	16	17	20	32	33	36	69	85	124	136	
19	16
0	2	3	4	5	10	13	16	25	27	29	33	37	60	62	69	
27	17
2	4	13	17	19	20	21	23	26	35	37	40	59	85	87	136	180	
23	16
0	6	8	13	14	17	19	23	26	36	38	55	56	67	124	136	
30	20
5	13	18	26	27	29	31	32	33	34	40	53	59	60	61	66	69	81	84	131	
30	18
4	5	6	8	11	13	26	27	31	47	49	55	61	67	81	107	131	136	
26	17
1	2	3	4	7	9	10	16	22	35	47	49	53	69	81	85	136	
28	17
0	3	5	10	13	16	17	26	34	39	41	49	61	85	87	107	136	
26	18
0	2	4	5	10	13	22	31	32	34	35	49	53	56	61	81	84	107	
31	19
7	8	9	16	18	19	25	29	39	40	41	56	59	61	67	84	124	131	136	
23	16
4	5	6	7	13	20	22	26	29	36	47	49	55	66	83	131	
28	19
1	4	6	7	8	14	15	22	23	25	36	41	55	56	59	62	66	67	124	
25	19
0	4	7	9	13	16	17	19	21	26	31	34	38	39	53	61	66	81	87	
34	19
0	1	7	11	14	15	19	26	36	39	40	41	75	85	87	107	131	136	180	
27	19
4	5	7	9	11	13	17	23	26	29	31	38	41	47	49	55	81	84	124	
25	16
1	10	13	14	17	18	20	25	31	35	53	55	69	87	107	136	
25	16
2	7	9	10	18	29	32	33	39	41	55	56	59	66	85	136	
28	17
12	14	17	23	26	31	36	38	40	41	56	61	66	84	85	87	131	
27	17
1	2	3	4	12	13	15	19	21	38	39	41	55	56	87	136	180	
25	16
3	7	8	12	16	23	31	33	34	39	55	61	62	67	85	180	
27	19
0	6	10	13	14	16	21	23	26	29	36	37	55	59	60	62	66	75	107	
29	18
2	7	17	19	23	35	36	38	39	47	55	56	59	60	61	75	85	131	
22	17
1	2	3	4	5	10	13	18	25	27	31	33	38	67	69	81	131	
28	17
5	6	10	13	15	25	27	31	33	35	47	60	69	85	87	107	131	
28	18
2	3	6	13	16	19	22	25	26	27	34	36	49	61	85	107	124	136	
22	16
6	11	16	17	18	19	20	27	32	40	41	59	61	62	66	84	
33	19
1	10	12	15	20	23	25	32	39	55	59	60	62	66	81	84	85	87	180	
27	18
13	16	17	21	23	25	29	32	34	35	36	37	61	67	75	84	107	180	
25	17
3	6	12	21	23	26	32	35	36	37	49	53	55	60	66	69	124	
25	18
0	1	8	12	16	17	20	23	26	32	33	34	53	61	62	67	83	124	
26	17
5	6	8	9	12	13	16	34	36	37	39	56	67	69	87	107	124	
25	18
4	6	9	13	15	16	20	21	32	37	38	39	41	47	49	61	69	124	
25	17
0	1	2	7	10	14	17	21	34	35	36	47	49	56	83	107	131	
25	18
7	9	10	11	13	14	15	22	36	37	38	39	56	60	66	69	81	131	
32	18
1	5	6	11	12	13	34	37	41	59	61	62	66	69	84	87	136	180	
24	18
1	3	5	7	10	11	16	21	32	33	34	36	40	55	56	66	67	124	
31	20
2	6	9	10	14	17	21	29	32	33	34	37	55	59	75	81	83	84	136	180	
29	20
0	3	5	7	12	14	22	23	25	33	38	39	40	41	59	60	67	84	107	136	
26	17
1	4	7	10	11	12	16	18	20	37	55	66	69	75	84	85	87	
22	17
2	5	9	10	12	13	15	25	29	31	33	39	47	60	62	66	69	
30	18
1	2	6	10	14	16	25	32	35	37	41	53	62	66	85	87	124	136	
23	16
1	5	13	16	17	20	25	27	34	39	41	62	66	69	75	87	
23	17
4	6	7	8	9	11	15	21	23	31	36	37	38	40	85	87	124	
27	17
2	3	7	8	9	19	27	31	32	39	47	56	59	81	87	107	136	
27	17
3	6	8	11	13	19	21	22	27	31	34	49	62	83	87	136	180	
23	17
1	2	4	9	10	11	14	17	21	29	35	36	41	47	75	83	107	
30	18
11	17	18	22	25	29	33	36	37	39	59	61	66	75	83	87	124	180	
25	18
9	10	11	12	14	27	32	34	35	36	37	39	56	62	66	81	84	131	
29	19
0	4	7	11	13	14	15	33	36	38	41	53	56	60	61	62	67	81	131	
29	19
1	3	10	12	17	21	26	29	31	33	35	47	49	59	61	62	81	87	124	
24	16
1	2	3	8	9	13	15	17	18	21	25	47	53	69	136	180	
24	17
2	3	4	9	11	12	13	14	17	18	20	22	27	67	84	87	180	
27	17
1	2	3	5	8	12	16	19	27	35	47	60	75	81	87	107	136	
24	18
5	6	8	10	11	18	22	23	25	32	34	35	38	53	59	66	83	124	
30	20
3	7	13	19	20	23	26	29	31	34	35	36	40	47	62	69	83	87	124	136	
22	17
0	6	10	16	18	20	22	23	27	29	34	35	39	49	67	81	131	
24	16
2	4	6	7	10	12	13	14	32	38	41	47	61	67	107	136	
24	18
1	4	5	7	15	20	25	27	29	31	33	36	39	47	61	62	83	85	
36	19
16	18	22	23	27	32	34	40	49	59	62	81	83	84	85	107	124	131	180	
26	17
1	2	3	9	13	14	15	20	23	31	47	49	53	55	75	87	107	
34	20
3	9	10	13	20	29	33	36	38	49	61	66	67	69	75	81	84	124	131	136	
25	17
0	2	4	7	8	14	16	17	20	22	32	49	56	62	67	87	131	
30	19
1	4	7	11	12	15	21	22	27	37	40	41	49	53	55	81	87	107	136	
24	17
2	4	10	11	16	19	21	22	27	32	38	39	60	81	83	85	107	
30	19
0	3	4	15	16	19	20	31	35	36	47	49	53	55	59	69	83	107	136	
31	18
7	10	13	23	32	34	35	36	37	41	55	56	66	67	85	124	131	136	
29	18
0	1	8	11	17	25	27	32	35	36	40	41	60	61	67	107	124	180	
30	19
3	12	17	19	26	31	33	34	35	41	55	56	59	62	66	67	81	84	85	
33	19
5	6	7	8	10	22	25	31	34	36	41	66	67	69	83	85	131	136	180	
32	19
3	11	14	22	23	25	26	35	40	47	56	59	61	62	69	75	81	136	180	
26	16
2	3	6	7	9	14	19	29	33	39	41	59	61	85	107	180	
28	18
1	4	20	25	27	32	33	35	37	40	41	47	55	61	67	69	81	180	
26	17
1	5	10	18	19	22	25	27	32	41	53	55	56	62	66	84	124	
29	18
0	4	6	10	16	22	25	31	36	41	53	55	60	62	67	83	87	131	
24	17
1	5	8	13	16	22	25	27	32	34	36	47	62	75	83	84	136	
25	18
0	2	10	11	15	20	25	26	27	35	36	38	55	66	67	69	83	124	
19	16
2	4	7	12	22	26	27	29	32	34	36	39	40	49	61	81	
28	18
5	14	15	21	23	29	32	35	36	37	38	53	56	66	69	75	85	180	
32	18
4	10	11	14	18	22	27	36	37	41	60	66	69	83	87	124	131	180	
23	17
4	7	9	11	13	15	18	20	26	31	33	36	56	60	62	69	124	
25	18
4	7	8	13	16	20	21	25	27	29	32	34	36	53	62	67	107	131	
30	17
0	6	11	12	14	18	21	26	27	41	60	67	75	85	107	124	180	
27	17
0	1	8	9	13	14	17	19	21	29	36	41	69	83	87	136	180	
24	17
1	4	7	10	14	16	19	25	27	35	36	39	40	67	85	87	136	
23	18
9	10	12	14	15	18	22	25	31	33	34	36	39	41	60	62	66	84	
26	18
2	7	12	14	16	25	27	29	36	39	40	41	47	49	56	81	83	87	
23	17
3	7	11	14	16	18	21	23	32	34	37	39	53	61	69	83	136	
24	17
1	5	8	9	13	14	18	29	34	36	37	38	61	62	69	107	124	
24	17
1	5	6	10	13	16	18	22	27	35	37	41	49	61	62	67	87	
29	18
1	4	13	15	22	23	25	34	36	38	60	61	66	69	81	84	85	180	
22	16
1	2	7	10	13	14	18	20	21	32	35	36	60	62	66	180	
29	19
2	6	8	10	13	14	20	23	25	34	35	37	55	69	81	83	84	131	180	
23	16
7	9	14	15	18	23	25	34	38	41	56	60	62	66	69	83	
23	16
0	1	5	14	22	23	25	27	32	36	49	59	69	81	83	85	
24	18
0	1	5	7	9	11	18	23	26	29	34	37	53	66	69	75	81	83	
27	18
1	3	7	11	19	21	23	33	35	36	37	38	49	55	69	85	124	136	
23	18
2	5	7	9	11	12	15	18	19	31	33	34	36	39	49	69	75	85	
25	16
5	7	10	13	14	15	20	27	34	36	47	49	56	85	87	131	
26	19
1	3	4	5	14	17	19	21	25	29	32	33	39	53	56	62	69	83	85	
23	18
2	3	6	7	10	12	14	16	23	25	29	31	32	33	36	49	66	180	
26	17
4	5	8	11	12	14	22	26	32	38	40	49	53	59	60	107	180	
29	18
2	6	12	13	15	16	21	26	29	31	34	49	59	67	87	107	124	131	
24	17
1	2	3	8	9	11	16	17	20	21	35	39	47	67	69	75	180	
29	18
0	10	16	17	18	20	22	27	37	41	56	59	60	61	62	83	87	107	
25	17
2	3	7	9	10	14	15	17	20	34	35	37	47	62	84	87	180	
26	17
2	6	8	12	15	19	21	27	33	38	59	60	67	69	75	107	131	
27	18
3	7	9	12	15	16	19	26	33	35	41	61	62	66	69	81	83	136	
28	17
2	13	16	17	18	19	27	29	35	47	55	56	59	66	83	87	180	
30	19
0	7	8	9	10	11	22	27	29	32	39	41	56	59	67	69	75	124	180	
29	19
0	1	3	5	9	12	18	33	34	37	40	47	49	60	61	66	83	84	180	
31	18
5	6	22	23	32	38	39	41	47	55	56	59	60	66	67	75	87	136	
28	18
1	2	8	12	21	25	27	32	33	34	36	59	61	62	83	85	124	131	
31	19
2	4	6	8	13	15	17	25	32	39	49	55	56	62	69	75	83	124	180	
25	16
9	16	17	20	22	23	33	36	37	49	53	59	66	67	107	124	
26	18
5	6	11	15	16	17	19	23	29	32	34	47	53	55	59	66	69	131	
28	19
2	3	8	10	14	18	19	20	23	31	33	35	40	53	75	81	107	124	136	
24	17
3	7	8	10	17	26	27	29	32	36	39	47	49	55	59	66	136	
29	19
1	11	12	15	17	18	21	23	29	36	39	49	60	61	66	67	83	87	136	
24	17
1	2	5	10	25	27	31	33	34	37	39	41	47	55	62	84	107	
26	17
0	3	6	9	13	14	15	16	21	35	39	60	66	67	87	107	136	
25	18
2	3	7	10	12	18	20	22	27	32	34	38	49	55	56	81	84	124	
26	15
2	7	9	13	16	18	23	49	55	59	66	83	85	107	124	
26	18
3	8	10	13	15	16	18	23	29	32	40	49	56	61	66	81	83	107	
29	19
9	12	15	18	19	21	22	26	32	35	36	47	53	61	67	75	81	131	136	
24	17
0	2	6	15	16	19	20	23	27	35	38	40	62	66	67	85	124	
25	19
2	3	10	14	15	16	21	27	29	32	34	35	36	37	39	53	60	84	180	
23	18
0	1	2	3	4	6	7	16	19	20	25	26	27	39	49	67	83	136	
28	19
8	12	15	18	25	31	32	33	35	36	37	39	62	66	67	69	75	85	124	
25	18
0	1	6	8	14	16	20	21	22	25	27	36	61	62	67	81	83	87	
28	18
0	2	4	7	9	13	21	23	32	35	36	55	60	61	66	83	107	180	
26	18
4	5	6	9	14	16	18	21	25	26	34	38	56	59	61	62	107	131	
23	16
0	7	15	18	19	20	21	22	29	32	35	53	56	62	67	180	
25	17
1	7	13	14	16	18	22	35	36	37	49	55	56	61	69	75	136	
28	17
2	7	9	13	14	15	16	18	29	32	38	56	60	85	131	136	180	
23	17
1	3	4	7	9	11	14	21	26	27	35	36	47	55	56	75	107	
25	16
2	5	7	9	10	21	36	37	40	49	56	62	66	69	87	107	
29	19
0	1	4	7	14	15	18	19	26	32	34	36	39	49	53	75	107	124	180	
30	18
2	4	7	13	19	20	21	32	38	41	47	55	56	69	84	87	107	124	
29	18
0	3	7	8	11	15	17	22	39	41	47	59	61	62	66	81	84	180	
29	17
7	8	9	13	20	26	27	39	55	59	61	62	67	75	83	85	180	
29	18
1	4	12	14	16	21	23	25	29	33	37	38	49	61	85	87	107	180	
28	18
3	10	14	17	18	21	22	26	35	36	38	41	67	69	84	85	124	136	
26	18
3	5	7	10	17	18	26	27	33	34	37	39	47	55	60	66	107	124	
26	17
4	5	8	13	15	20	26	27	35	36	40	41	75	84	87	124	136	
33	20
4	6	15	22	26	27	32	35	36	37	40	47	53	60	61	69	75	87	107	180	
30	19
1	4	7	13	14	17	20	21	22	23	33	49	61	66	67	83	84	131	180	
31	18
6	9	15	16	19	20	27	33	37	55	56	59	61	66	67	85	87	180	
27	18
0	1	3	7	10	19	20	31	34	35	36	55	56	61	75	81	85	136	
25	16
2	10	13	16	21	25	33	34	35	41	55	59	60	75	107	124	
25	16
1	6	10	12	14	18	31	33	38	55	61	62	75	84	85	87	
28	18
0	2	6	9	14	18	20	22	25	29	33	37	41	75	81	85	107	180	
25	17
0	2	4	7	11	12	15	19	20	25	35	53	66	81	83	87	136	
25	17
1	4	5	8	9	10	21	26	29	32	39	41	47	53	75	85	107	
24	17
1	5	7	10	13	16	18	23	26	29	35	41	49	56	61	75	131	
30	18
5	9	22	25	26	32	35	36	40	47	49	56	60	61	69	81	85	180	
25	18
1	3	9	11	14	17	20	23	26	36	37	39	40	49	81	84	85	131	
23	18
0	1	4	5	7	8	10	14	15	19	26	34	38	39	41	49	67	131	
24	18
0	2	6	8	9	11	12	14	21	22	23	36	49	53	55	59	62	69	
33	19
1	2	5	7	13	16	29	34	35	53	59	60	62	66	67	75	124	131	180	
28	18
4	8	11	12	14	15	22	29	31	37	40	47	49	55	59	66	85	180	
27	17
2	9	16	18	33	36	39	40	41	47	55	56	59	69	75	84	124	
25	19
0	2	7	12	13	14	15	16	17	26	29	38	39	40	56	66	67	84	136	
31	18
2	12	16	19	20	29	31	33	37	40	49	53	60	67	87	107	136	180	
29	18
0	7	13	17	21	26	32	36	41	53	56	60	62	67	75	83	84	124	
28	19
3	7	8	12	16	17	25	26	31	32	34	36	37	55	66	83	85	87	124	
27	18
4	5	6	8	12	15	17	19	23	26	33	40	53	60	66	85	124	136	
22	17
2	3	6	7	8	11	12	13	19	27	29	40	47	55	56	59	84	
25	18
0	2	6	7	14	17	20	21	26	27	31	33	36	56	69	83	85	131	
28	19
0	1	10	11	14	16	17	18	19	26	35	36	47	49	69	75	84	107	131	
30	19
6	8	12	14	16	19	21	26	33	37	47	53	60	62	67	75	81	85	136	
25	18
1	2	10	11	13	14	20	22	25	27	33	35	41	47	55	56	62	124	
29	19
8	9	12	14	17	18	31	32	35	36	40	47	49	53	56	66	84	87	131	
34	19
0	1	2	6	11	15	21	23	27	49	55	60	61	62	67	87	124	131	180	
27	18
0	2	3	8	10	17	20	25	29	32	35	38	49	67	75	84	87	180	
27	19
3	4	7	12	14	16	19	20	22	26	27	32	36	47	67	75	81	124	136	
24	16
3	8	9	10	15	21	23	29	39	41	49	60	61	62	69	136	
27	16
0	1	2	6	7	10	11	18	25	35	59	66	85	87	124	180	
26	17
4	8	13	15	18	19	20	23	40	41	53	59	61	62	69	81	124	
28	17
4	7	12	13	16	20	32	33	38	40	49	59	61	66	87	124	180	
27	18
7	11	14	25	27	32	33	35	36	39	40	41	53	55	62	66	85	124	
20	15
3	4	8	9	13	15	20	22	23	36	41	55	60	61	62	
31	19
0	9	10	15	19	21	27	29	33	37	38	55	56	59	81	83	87	124	180	
28	17
2	7	16	20	21	31	32	33	47	55	56	59	62	75	81	107	131	
28	19
0	3	7	9	10	14	16	17	20	21	32	33	55	61	69	75	81	124	131	
27	19
2	3	4	7	10	11	12	15	26	31	34	38	39	49	59	61	81	107	136	
27	17
0	1	5	7	10	11	20	27	33	36	39	49	55	69	87	124	180	
30	20
1	5	9	10	13	21	23	25	32	34	39	49	55	60	61	66	75	81	84	85	
27	19
3	7	10	13	15	17	20	26	32	36	37	39	40	41	47	62	81	84	180	
26	18
1	3	10	11	12	13	14	16	17	18	22	32	35	53	56	59	107	180	
28	17
3	4	7	11	14	17	21	25	31	49	56	59	66	75	85	87	131	
21	17
1	2	6	8	11	16	19	20	22	23	34	39	40	55	59	60	84	
21	16
3	5	9	12	17	20	21	26	27	29	33	36	39	47	60	180	
31	18
2	3	5	9	10	21	25	33	34	37	47	60	62	66	87	124	136	180	
24	17
0	6	8	10	16	19	21	31	35	36	39	60	61	67	75	84	131	
28	17
3	9	13	15	18	22	29	36	47	56	61	75	81	83	84	124	136	
25	17
6	8	10	11	12	25	31	32	35	39	49	56	62	66	67	69	131	
29	18
2	3	7	8	12	14	25	36	37	39	41	49	62	66	69	87	131	136	
22	18
0	1	2	3	6	7	9	10	11	14	16	22	25	33	38	55	84	87	
25	18
2	4	5	7	10	13	16	18	21	29	31	36	59	61	67	75	83	87	
25	18
1	6	8	10	11	13	16	17	19	27	29	36	38	47	55	59	85	107	
26	19
0	1	7	8	11	14	15	18	27	31	35	37	38	39	60	62	83	87	124	
31	19
0	8	12	14	16	26	27	29	36	39	59	61	62	67	83	84	107	124	131	
28	18
1	7	8	17	20	21	31	35	36	38	41	49	53	56	62	67	124	131	
25	18
2	6	12	14	21	22	23	25	33	34	36	37	39	47	59	83	87	124	
32	19
0	5	6	14	19	23	27	31	34	36	38	56	59	66	83	85	107	131	180	
29	18
0	2	9	10	13	15	20	33	35	41	47	49	55	56	67	84	85	107	
28	17
1	3	9	11	16	17	21	23	26	32	53	62	69	85	107	124	136	
29	17
3	7	8	13	15	17	25	33	36	38	61	62	67	85	87	136	180	
27	19
0	4	9	12	13	15	18	32	33	34	36	37	53	61	62	69	81	84	136	
31	19
2	3	9	14	15	17	19	25	27	32	39	47	56	69	75	84	87	136	180	
34	18
2	7	8	9	22	32	40	41	49	53	55	59	69	84	87	107	124	180	
30	19
1	12	13	15	17	19	26	27	39	40	41	56	60	62	67	81	84	87	131	
26	17
1	2	5	7	9	10	12	18	21	36	59	61	67	75	83	85	124	
23	18
0	1	9	10	13	14	15	17	20	23	26	29	38	39	41	59	67	136	
23	18
1	3	4	5	7	8	15	17	18	21	25	27	36	38	47	61	62	124	
25	19
0	3	10	16	17	20	22	26	27	31	32	34	36	39	56	60	66	84	107	
26	17
1	2	3	10	12	15	31	32	34	37	47	49	55	61	83	107	124	
23	17
2	3	11	12	14	16	18	19	21	22	23	25	32	61	75	85	107	
24	17
3	6	7	9	10	11	13	19	34	36	38	41	53	59	61	62	136	
22	16
0	2	4	7	12	13	14	16	17	19	23	38	41	69	107	131	
31	18
0	6	7	11	15	16	19	31	34	38	47	49	66	67	85	124	131	180	
27	18
4	6	8	12	19	21	31	32	33	34	37	38	41	49	83	87	107	136	
26	17
2	5	6	10	12	23	26	37	38	39	41	55	60	69	75	85	87	
26	18
1	5	7	10	16	19	20	21	23	27	32	33	55	56	60	62	85	107	
32	18
4	8	10	14	15	18	19	20	47	49	53	66	81	83	85	87	131	136	
29	18
2	3	13	15	20	22	23	26	29	35	40	53	55	66	69	85	87	180	
27	18
2	6	7	8	12	20	29	34	35	36	39	41	49	67	69	75	85	131	
31	19
2	7	9	17	20	21	23	33	36	37	47	49	55	59	61	81	83	107	180	
23	17
0	1	5	10	16	23	25	31	32	35	39	49	60	61	62	67	75	
26	17
0	3	4	9	11	12	15	16	21	31	32	53	55	59	85	124	136	
28	18
3	4	5	10	13	18	23	29	34	38	49	56	61	67	69	81	124	131	
31	19
0	5	7	12	14	15	20	21	23	29	38	39	41	69	84	87	124	136	180	
27	18
1	5	8	10	14	16	17	27	31	33	34	39	62	66	83	84	124	180	
22	15
4	5	7	8	11	14	16	21	31	34	59	60	75	85	87	
27	19
3	4	9	15	16	19	20	23	27	34	35	36	47	49	60	61	66	84	87	
32	19
3	4	5	9	11	12	14	19	25	31	49	53	55	56	59	75	87	107	180	
35	17
6	7	8	22	32	36	41	47	61	67	83	87	107	124	131	136	180	
24	16
2	7	14	22	31	32	33	36	40	41	47	53	60	66	69	107	
28	18
1	8	9	10	11	14	17	18	29	35	38	39	53	75	84	85	124	180	
24	17
4	5	6	7	11	15	21	23	25	31	34	49	60	61	66	69	85	
28	18
7	12	16	22	23	25	31	34	36	37	53	55	56	61	67	69	87	131	
23	15
4	6	8	13	15	16	20	23	36	41	49	56	62	85	136	
24	17
1	4	6	8	10	16	18	20	22	29	32	49	55	60	67	75	131	
23	18
4	8	10	14	17	18	19	21	26	31	32	35	40	47	62	66	67	84	
32	18
5	12	15	18	32	33	39	40	41	47	53	60	62	75	84	124	131	180	
26	18
1	6	8	9	11	14	16	33	34	37	38	39	47	49	61	84	87	136	
26	20
0	3	4	6	8	13	19	20	21	25	26	31	32	36	38	41	66	83	84	131	
30	17
0	2	6	9	21	32	33	40	41	53	56	67	75	81	107	124	180	
27	17
1	2	3	15	16	23	26	31	32	35	40	53	62	69	107	136	180	
32	18
1	2	6	8	12	17	21	26	29	37	59	62	67	85	124	131	136	180	
24	17
0	1	6	8	9	11	13	22	23	27	49	55	60	61	67	81	84	
26	18
1	6	8	9	11	12	16	26	27	33	34	37	47	55	56	59	61	180	
28	18
0	1	2	10	13	16	19	25	32	36	40	41	56	59	75	85	124	136	
22	17
1	2	4	5	6	7	10	15	16	26	36	38	40	41	62	66	85	
28	19
7	8	11	13	14	19	21	22	26	34	36	38	39	47	61	66	85	124	136	
26	17
2	4	8	9	14	17	20	27	32	35	37	40	60	67	85	87	180	
27	17
5	9	15	18	20	22	31	39	40	41	49	55	56	59	75	85	87	
31	17
7	16	18	29	33	38	47	49	56	59	61	62	83	84	85	87	136	
28	19
0	1	6	7	13	17	21	34	36	37	38	49	56	59	60	61	75	84	85	
25	18
4	7	9	12	15	18	20	21	22	29	32	34	36	49	59	62	87	136	
26	16
0	6	11	27	29	31	35	40	47	60	67	69	75	84	85	124	
25	18
1	4	6	12	17	21	23	26	27	32	34	36	37	38	69	84	124	180	
27	18
1	4	17	20	22	26	32	35	36	37	41	47	55	56	61	69	83	124	
23	17
1	2	3	6	8	10	14	16	21	22	25	32	49	59	67	69	85	
28	17
0	2	3	9	14	17	22	35	38	40	56	59	69	75	107	124	180	
22	18
1	2	14	16	17	18	19	20	21	23	27	35	38	39	47	62	66	69	
29	18
3	5	6	8	10	20	22	32	33	41	53	62	66	67	83	84	85	131	
24	17
1	2	4	9	13	14	15	16	19	29	32	39	59	60	66	87	136	
24	18
3	6	10	11	13	14	15	18	29	31	32	33	56	61	67	69	81	83	
34	19
2	9	13	14	21	29	37	40	41	49	53	55	61	66	67	85	87	107	136	
26	18
2	4	6	11	14	17	19	25	27	32	35	36	38	47	55	59	87	180	
21	16
3	9	11	15	16	17	19	20	21	25	37	39	53	60	84	87	
28	18
0	2	3	5	7	13	17	19	29	32	40	53	55	59	69	75	107	180	
28	19
0	1	3	9	12	13	14	16	17	18	27	38	47	53	56	59	75	87	131	
32	19
1	8	9	15	19	26	34	37	39	40	41	47	55	59	84	85	107	131	136	
25	17
0	1	2	6	9	15	19	20	22	31	33	47	56	59	60	85	107	
20	16
4	5	11	12	14	16	17	20	21	22	33	34	39	59	84	87	
25	17
0	2	10	16	17	26	29	31	32	33	36	41	56	67	75	85	136	
24	18
3	6	8	11	13	18	19	25	27	33	36	37	38	49	56	59	67	124	
29	18
2	4	5	6	7	13	14	16	18	38	47	55	62	67	75	124	131	136	
35	19
0	5	7	13	19	25	29	36	41	47	53	55	56	66	84	87	107	136	180	
29	19
3	6	7	9	12	19	20	26	34	37	39	47	55	60	66	75	83	107	131	
24	17
1	3	5	6	8	9	16	20	22	27	34	36	49	60	62	67	180	
23	17
2	5	7	10	16	22	27	29	32	37	40	49	60	67	75	83	84	
28	16
2	16	19	27	29	37	38	47	49	59	61	66	67	87	107	136	
23	18
4	5	10	11	13	15	18	20	21	22	25	32	38	39	49	55	83	124	
27	17
0	7	8	13	19	20	23	27	32	36	53	55	59	61	69	107	180	
27	19
2	4	11	13	14	16	19	26	32	33	34	37	39	49	60	61	83	87	107	
26	18
1	6	9	10	14	17	18	21	22	32	38	39	53	59	67	83	84	180	
24	18
1	2	5	12	13	17	19	21	27	29	32	34	37	40	41	67	81	180	
28	17
0	1	4	6	8	10	15	18	31	49	60	61	62	67	81	85	180	
29	17
0	3	20	21	23	25	32	36	37	47	49	53	62	67	87	107	180	
24	17
2	6	8	9	15	16	17	18	26	31	35	37	67	69	75	107	131	
29	19
0	3	6	8	11	13	14	27	29	35	47	49	53	56	61	75	83	84	136	
33	20
6	9	13	17	18	19	23	29	35	38	55	59	60	61	62	75	83	85	107	124	
26	18
0	14	16	19	20	21	22	26	27	31	38	39	55	60	66	67	85	107	
32	19
0	3	6	9	14	17	18	21	26	40	56	66	67	69	84	85	87	124	131	
25	18
1	3	8	9	11	14	16	18	21	22	25	26	32	49	53	59	85	87	
28	18
0	1	5	11	14	22	29	31	35	36	38	47	49	66	83	84	85	180	
29	17
6	7	10	13	18	25	26	29	53	56	66	67	75	84	107	124	136	
22	17
2	5	12	14	16	17	19	27	29	33	35	39	40	47	60	67	107	
32	19
3	11	13	15	16	17	19	21	34	38	39	55	62	75	83	107	124	131	180	
30	18
1	9	11	17	21	26	36	39	41	47	49	59	60	62	67	84	107	136	
25	16
5	6	8	13	20	25	27	33	34	39	61	69	75	87	107	131	
22	18
1	2	4	5	7	10	19	21	23	26	27	32	34	39	40	60	62	85	
31	19
0	2	4	12	14	27	29	34	37	38	40	47	53	56	66	83	85	136	180	
32	19
1	6	10	14	19	20	22	33	40	41	47	49	53	75	81	84	107	124	136	
28	19
0	1	7	8	13	14	16	20	21	22	32	35	39	49	53	62	69	124	180	
29	17
2	7	9	12	13	14	21	29	40	41	49	53	59	69	85	131	180	
28	18
4	8	11	22	23	26	29	32	36	40	47	49	53	69	81	84	124	136	
27	17
5	6	7	8	13	15	18	23	26	49	59	66	69	75	84	85	131	
26	18
1	6	7	8	9	11	22	23	29	32	38	40	47	67	69	81	124	136	
23	17
3	5	8	9	12	18	19	21	26	32	37	39	55	62	69	83	136	
25	18
12	14	15	16	19	21	22	31	32	36	40	41	49	53	56	62	69	81	
21	15
2	4	7	8	12	14	17	19	27	35	40	41	55	85	124	
26	16
1	2	5	11	13	16	32	47	49	59	61	62	66	83	84	131	
25	17
0	5	14	16	20	21	26	27	34	36	39	47	49	67	75	87	124	
25	17
4	5	6	14	16	21	23	26	34	35	36	37	62	84	85	87	107	
26	18
0	4	7	11	13	15	17	22	25	27	29	33	37	41	60	61	136	180	
27	17
1	4	9	10	16	20	33	34	37	38	49	62	83	84	85	87	124	
27	18
2	3	4	7	10	14	16	19	21	22	23	32	34	69	75	87	136	180	
28	17
1	9	14	19	26	33	36	38	39	47	56	66	69	84	87	124	131	
27	17
3	10	17	18	19	20	25	29	35	38	47	53	66	83	107	124	136	
25	16
2	3	7	10	18	22	27	36	39	41	55	59	66	75	87	136	
25	17
0	2	4	9	10	17	20	26	29	32	35	41	55	62	84	85	87	
27	17
7	8	9	10	11	14	21	22	34	35	36	67	75	85	87	131	136	
26	17
2	11	13	14	15	21	27	32	33	36	41	59	62	75	81	131	136	
29	18
7	9	16	18	25	26	33	36	37	40	41	53	56	66	67	84	136	180	
29	18
4	5	11	14	16	17	18	19	38	39	53	59	60	66	67	83	107	180	
25	18
5	6	9	10	12	15	18	19	20	31	38	39	53	56	66	75	84	124	
28	18
0	3	11	14	17	18	22	23	31	32	33	37	62	75	81	107	124	180	
28	18
3	7	8	9	21	23	26	27	38	39	41	53	59	62	66	84	85	136	
33	19
0	3	5	11	14	17	19	27	31	35	41	47	49	56	67	85	124	136	180	
26	17
2	6	7	8	12	14	33	37	38	49	56	66	67	69	75	84	131	
24	18
2	3	6	11	15	18	19	20	22	27	33	34	38	39	47	62	124	131	
24	18
1	2	3	6	8	14	19	22	23	27	35	39	47	49	53	60	62	67	
25	19
2	5	9	10	13	17	18	23	29	31	32	35	37	40	41	53	56	81	107	
27	18
0	3	5	9	11	16	18	19	22	27	39	49	56	59	60	67	84	180	
30	19
5	7	8	9	10	13	16	18	26	29	38	40	53	62	81	84	124	136	180	
26	18
13	16	17	18	21	27	32	36	37	39	40	55	61	62	67	69	83	131	
22	16
1	4	6	7	8	14	15	22	25	32	33	35	41	62	107	124	
26	17
1	5	6	7	8	12	20	32	33	34	37	60	69	84	85	124	136	
24	17
0	1	5	7	10	11	20	21	27	32	34	39	41	55	75	85	124	
26	17
2	12	13	16	18	21	25	27	29	32	35	38	41	59	85	131	180	
35	19
8	12	13	25	31	32	33	37	40	53	62	67	75	81	85	107	124	136	180	
30	19
0	7	9	12	14	17	23	25	26	33	41	59	62	67	75	81	84	85	136	
23	16
3	10	13	21	25	26	29	33	34	36	37	38	84	85	87	124	
24	17
3	6	7	9	10	13	17	23	26	27	31	33	49	55	56	107	131	
28	18
0	2	3	18	22	23	27	32	38	39	53	59	60	66	67	83	107	136	
26	17
2	5	6	7	10	14	16	23	25	34	37	38	59	61	87	131	180	
29	17
2	9	10	17	18	20	23	26	29	39	49	67	83	85	87	136	180	
27	18
1	4	6	10	17	21	22	25	29	34	36	41	49	53	55	62	87	136	
26	18
3	11	13	16	17	18	26	27	32	35	36	41	53	56	60	62	69	124	
29	18
3	4	6	8	12	17	25	27	36	39	49	59	61	62	66	87	124	136	
27	17
1	3	10	11	16	17	18	25	29	37	40	41	61	84	87	131	180	
28	18
3	8	11	12	17	22	25	26	27	31	32	35	53	62	85	124	131	136	
26	19
1	4	6	7	9	11	14	20	21	33	35	38	41	49	55	60	62	66	81	
26	18
5	9	10	11	13	15	16	23	29	34	37	41	49	53	56	69	84	131	
28	17
5	6	10	15	23	33	37	39	40	41	49	53	60	69	87	107	136	
26	18
7	8	9	11	18	19	20	29	32	34	35	39	49	59	62	83	131	136	
28	18
1	7	12	14	17	18	20	31	34	53	55	59	60	62	69	75	81	87	
30	19
2	6	7	8	9	10	13	18	27	34	39	40	60	61	67	84	87	136	180	
