1000 21	17
3	4	5	11	14	16	27	28	29	32	37	39	40	53	81	100	113	
19	18
0	12	13	17	21	24	28	32	39	41	44	49	50	51	52	60	61	83	
21	18
0	1	3	11	14	18	19	21	24	25	26	27	49	53	58	79	83	86	
20	17
0	7	10	14	17	20	25	30	35	37	43	44	51	60	70	83	100	
17	17
1	6	10	17	20	26	29	40	42	43	44	46	48	50	51	52	57	
18	17
0	5	18	19	20	22	28	30	31	34	35	39	42	45	51	57	83	
21	18
4	5	9	19	22	29	32	35	42	44	46	47	50	52	57	79	86	100	
17	17
2	5	6	8	10	14	16	17	23	25	29	34	35	39	43	48	49	
21	18
0	2	5	9	11	16	17	25	28	29	30	31	39	52	58	61	83	113	
22	18
5	7	22	27	28	30	45	46	49	50	53	58	59	60	70	79	86	100	
20	18
0	2	4	11	17	20	26	31	34	39	46	49	51	53	60	61	81	86	
21	17
0	1	10	13	16	22	34	43	44	50	51	52	57	58	70	95	113	
17	16
0	2	4	8	10	13	17	22	26	28	29	32	45	46	49	100	
21	18
0	2	6	12	16	24	28	31	36	45	46	51	53	57	60	61	86	113	
19	17
3	5	8	10	22	28	34	36	37	40	48	49	50	58	59	70	79	
23	19
3	8	9	17	18	19	21	29	36	38	42	52	57	59	60	61	83	100	113	
20	17
2	6	9	12	18	19	22	24	31	37	39	47	53	55	70	81	83	
21	17
0	1	4	6	10	17	18	23	29	31	48	50	52	79	81	86	100	
20	19
8	18	21	25	28	30	35	36	37	39	42	46	47	49	50	51	58	61	81	
22	18
1	2	5	9	16	17	21	27	28	34	38	40	47	49	61	83	100	113	
19	17
6	7	8	10	11	12	13	17	21	22	24	31	35	47	55	81	83	
24	18
3	12	13	17	25	31	36	37	40	42	43	44	57	81	86	95	100	113	
20	18
2	3	7	20	23	25	28	29	32	35	36	42	45	46	52	57	70	100	
21	16
2	13	16	17	20	21	34	38	43	53	58	70	79	81	95	100	
17	16
2	5	8	11	13	14	17	25	26	30	34	37	46	53	58	86	
20	17
0	2	8	10	11	12	17	19	21	29	38	46	47	52	70	79	83	
19	16
1	6	14	16	23	24	28	30	32	37	44	48	49	57	79	113	
22	18
3	7	13	19	21	22	26	28	30	32	44	50	51	59	60	81	86	113	
20	19
4	5	8	12	13	29	30	34	38	39	41	43	48	52	53	55	58	61	79	
20	19
1	3	5	6	10	11	20	21	25	26	32	36	38	41	44	52	57	61	86	
22	17
0	3	7	14	16	22	24	29	32	36	45	46	57	81	83	95	113	
20	17
0	7	10	16	21	27	28	32	36	37	43	46	48	58	59	86	113	
20	18
7	17	18	19	20	21	22	24	30	31	36	44	45	47	52	55	79	83	
20	19
1	5	7	9	11	12	13	16	17	19	25	29	34	37	39	47	59	60	70	
24	18
7	12	13	17	18	32	37	47	48	49	51	55	70	79	81	83	95	100	
21	19
8	10	11	12	22	23	29	30	32	36	42	43	48	50	57	59	60	81	95	
20	16
0	3	7	9	17	18	28	30	43	44	47	48	59	70	83	113	
23	19
4	5	13	17	20	23	26	27	28	29	35	38	41	43	44	61	70	86	113	
21	17
5	8	9	11	35	36	38	39	40	41	43	44	50	59	86	100	113	
20	16
1	8	11	17	30	31	40	45	46	50	55	60	70	83	86	95	
20	17
0	2	5	8	12	18	23	27	28	29	30	31	37	50	53	86	113	
20	17
6	11	12	14	18	25	26	29	42	44	48	50	52	55	58	86	113	
18	17
5	10	17	19	23	26	28	29	34	40	41	42	43	44	47	49	81	
20	19
2	4	10	16	20	21	23	26	30	32	37	38	41	44	45	49	58	60	95	
17	17
3	4	10	12	13	18	27	29	30	34	35	37	41	45	49	52	58	
18	17
1	2	5	6	9	12	17	20	25	30	34	36	38	49	52	53	86	
20	18
0	2	6	9	10	16	17	28	29	30	32	35	43	48	57	60	81	95	
18	16
3	5	7	8	13	16	18	23	25	28	32	39	52	53	83	86	
21	16
2	12	14	16	23	24	26	28	36	44	49	52	79	83	100	113	
19	18
0	4	6	7	13	16	20	24	25	27	32	34	38	41	43	52	55	70	
19	17
1	5	9	11	16	19	25	27	35	38	40	42	51	55	59	81	95	
23	19
3	5	10	11	16	22	24	26	29	30	43	46	47	50	61	70	81	86	100	
21	17
0	17	19	25	27	29	32	36	37	40	52	59	60	70	79	95	100	
22	19
9	17	22	23	24	25	31	39	43	45	46	47	55	57	58	61	83	95	100	
20	19
0	1	2	7	8	9	11	16	17	18	22	23	27	29	41	47	52	60	95	
19	16
2	3	9	12	14	18	19	21	26	32	39	49	50	81	95	100	
21	17
0	5	11	22	24	30	37	40	43	45	50	55	58	70	79	83	86	
17	16
0	1	8	9	18	19	30	31	32	38	42	44	48	49	53	83	
19	17
0	1	5	10	11	17	18	20	25	34	35	39	49	50	57	60	113	
20	17
0	3	11	12	16	17	19	28	29	30	35	39	41	60	70	83	95	
20	18
4	9	11	12	14	16	20	32	34	37	44	48	50	51	53	59	70	79	
21	19
2	7	9	10	14	17	18	19	21	28	41	45	50	52	58	59	60	83	86	
16	16
3	5	7	10	12	14	22	24	26	28	29	35	41	43	45	52	
18	17
2	4	7	8	12	18	20	21	22	28	31	40	46	47	55	58	95	
19	19
0	4	5	7	11	19	21	23	25	28	29	37	40	42	43	45	47	50	53	
23	20
3	6	8	17	27	29	30	31	32	37	38	43	44	47	52	58	60	70	79	81	
20	17
0	6	8	12	13	16	25	29	31	36	37	42	48	52	60	70	113	
20	18
1	3	7	9	10	20	22	29	36	40	46	49	50	51	55	57	95	100	
21	18
2	8	10	13	16	17	20	23	30	34	35	36	38	49	51	60	86	113	
18	17
0	1	2	7	10	14	20	21	30	36	38	41	45	46	49	60	100	
19	17
3	6	11	18	23	27	28	30	34	37	41	44	48	52	55	83	95	
20	17
0	5	10	11	19	28	29	34	38	39	41	48	60	61	79	86	100	
18	17
0	2	3	4	8	9	14	26	32	38	41	48	52	53	55	58	95	
19	19
3	8	13	24	25	27	30	31	34	35	38	40	41	42	45	49	53	55	59	
22	18
11	16	17	28	29	30	31	35	39	43	45	47	48	49	53	70	83	113	
22	18
2	5	9	16	21	23	24	26	31	32	36	38	39	51	61	83	100	113	
21	17
7	8	9	14	16	17	24	32	34	38	41	43	45	55	81	100	113	
20	18
2	6	10	14	20	25	26	35	36	37	42	44	49	50	57	59	81	86	
21	18
0	1	3	16	19	24	25	26	38	44	46	48	50	51	57	58	83	113	
21	17
3	7	12	13	14	18	27	29	32	46	50	52	55	58	70	81	113	
22	19
4	7	13	18	23	25	28	32	40	41	44	46	47	48	58	61	79	81	86	
21	18
0	6	10	11	14	18	23	24	30	37	39	41	46	50	55	70	81	95	
22	18
1	2	5	7	8	10	11	18	27	29	38	45	47	49	58	86	95	113	
21	16
0	2	3	6	9	11	14	34	42	43	50	58	83	86	95	113	
22	18
12	13	16	19	27	28	32	38	42	44	46	53	55	58	70	83	86	95	
19	17
4	6	9	12	16	17	24	25	30	37	38	49	51	53	59	70	86	
18	16
3	6	7	9	17	18	21	28	34	37	38	43	47	57	79	81	
22	15
3	7	11	16	19	34	44	48	58	79	83	86	95	100	113	
20	17
1	2	7	8	14	18	25	27	34	37	41	43	46	51	70	95	100	
20	17
1	2	3	6	9	12	13	16	18	24	27	36	41	45	51	70	113	
21	18
12	13	14	18	19	21	22	25	28	29	31	35	39	45	51	79	81	83	
23	18
0	5	6	17	19	20	23	26	37	44	51	58	59	61	70	79	86	113	
19	17
2	4	5	10	11	34	37	38	43	45	46	48	51	52	55	79	100	
24	19
0	4	11	12	13	16	18	23	24	26	28	36	41	49	59	70	79	95	113	
20	18
2	4	6	8	13	25	28	29	34	35	36	37	42	46	53	60	79	100	
20	18
3	4	8	13	17	20	22	24	29	31	35	40	44	49	50	57	95	100	
19	17
0	3	5	11	20	22	23	27	28	29	31	37	41	53	60	79	95	
18	17
1	3	5	7	10	11	14	18	28	29	34	35	41	43	47	50	83	
21	18
2	4	7	9	11	19	21	31	32	34	40	51	52	55	59	86	95	100	
18	16
2	5	7	8	9	10	17	21	26	27	29	43	46	59	79	86	
18	17
1	6	7	9	11	12	24	26	31	37	41	44	45	46	49	58	86	
22	18
3	4	9	14	22	25	26	27	29	30	32	36	37	43	48	81	95	113	
19	18
0	5	9	10	11	14	22	23	25	28	29	42	43	47	49	51	53	70	
22	19
1	4	6	7	8	20	22	29	31	35	44	45	48	50	55	57	79	86	95	
24	20
1	4	8	11	12	16	18	20	21	29	31	35	36	51	57	60	81	86	95	100	
18	18
0	1	5	9	12	13	18	21	22	23	25	35	36	42	47	48	49	51	
22	18
1	7	8	9	12	23	25	28	31	35	41	51	53	61	79	81	83	86	
19	17
1	2	7	8	13	17	19	22	26	34	36	47	49	52	59	70	79	
18	16
0	2	3	4	7	8	9	12	29	35	37	38	55	61	81	86	
22	19
2	5	14	18	22	23	24	25	26	30	34	35	45	47	52	57	83	95	100	
20	17
3	6	8	9	17	25	29	36	37	44	48	55	57	61	70	83	95	
20	19
3	5	9	13	18	24	28	29	30	31	35	39	42	47	50	51	57	60	83	
19	19
0	1	4	6	7	18	21	25	36	37	39	43	44	47	49	50	57	58	59	
20	18
1	7	19	20	22	23	24	25	27	28	30	31	42	46	49	50	79	100	
21	17
2	3	6	9	11	13	18	24	30	41	45	47	51	70	79	81	100	
21	18
7	10	13	19	24	27	28	31	32	35	36	42	46	47	52	59	79	113	
19	17
0	2	7	10	14	19	29	31	34	37	40	45	48	50	51	81	83	
19	17
4	10	11	17	18	22	24	25	27	28	30	36	43	53	58	59	113	
21	19
2	9	13	16	19	20	22	29	37	40	43	44	45	51	55	59	60	81	83	
22	18
2	5	8	14	16	19	24	31	32	35	36	39	49	55	70	86	95	100	
19	18
7	8	9	16	21	23	27	29	31	34	35	36	40	47	53	55	60	86	
24	19
7	10	16	18	21	22	31	36	37	38	43	47	50	58	70	79	81	86	95	
18	16
1	7	12	13	18	20	22	24	30	36	39	41	46	50	60	113	
21	18
0	4	6	9	10	14	19	29	37	38	39	40	49	51	60	70	79	86	
17	17
1	5	10	14	16	18	20	23	26	29	32	34	36	41	44	47	52	
19	17
0	1	7	10	11	19	24	28	32	34	36	38	44	46	59	61	113	
17	16
0	6	14	22	24	27	28	31	44	45	48	52	57	58	59	86	
20	17
3	4	8	11	13	17	18	19	26	37	38	43	53	55	79	81	83	
19	17
2	8	17	18	22	24	25	29	39	40	42	43	46	48	52	83	86	
18	16
3	4	6	8	14	18	22	29	32	38	41	46	53	57	70	95	
19	18
1	2	5	11	19	24	25	26	28	30	40	42	44	51	55	57	58	83	
23	19
3	6	7	10	16	19	22	23	27	32	35	36	37	47	57	70	79	86	95	
20	18
0	3	6	11	14	16	18	20	29	32	39	40	41	55	58	60	81	86	
20	17
0	6	8	10	17	23	31	34	42	45	46	48	53	57	59	79	113	
19	17
3	4	5	8	17	18	22	30	38	41	45	49	53	55	57	79	86	
19	17
2	13	14	18	20	23	32	36	38	41	42	45	48	51	53	83	95	
19	18
0	8	13	14	17	18	20	22	31	36	38	42	45	48	53	58	60	95	
18	17
1	7	13	18	20	28	29	30	34	35	38	41	45	46	50	59	83	
22	19
2	3	17	18	20	28	31	34	35	36	39	42	47	48	52	53	60	79	113	
20	17
0	2	5	6	14	19	32	37	42	49	51	57	58	60	70	79	86	
25	19
1	4	14	19	23	24	29	32	35	37	38	51	60	61	81	83	95	100	113	
20	17
2	3	4	7	10	17	21	30	34	36	38	41	55	58	61	95	113	
20	18
6	8	22	24	27	28	29	30	31	34	37	38	40	46	52	60	83	86	
20	18
1	4	6	9	12	20	21	34	40	41	43	44	48	52	57	58	86	95	
18	17
1	2	3	5	10	14	17	19	20	25	28	29	32	48	49	61	95	
19	19
3	12	13	14	16	20	21	22	23	24	31	39	41	43	44	45	46	49	55	
17	17
8	9	12	14	16	18	21	24	28	29	31	35	37	39	40	41	42	
21	19
3	9	12	13	16	18	20	21	22	23	32	37	44	46	49	51	52	86	100	
20	18
1	2	3	4	19	22	24	26	28	37	43	44	48	51	52	55	79	83	
20	17
0	3	11	20	24	27	30	34	35	42	47	48	50	55	60	86	113	
18	17
0	3	5	10	12	13	20	22	25	26	29	34	37	43	44	52	79	
22	18
2	4	7	8	23	26	34	39	49	51	53	59	60	61	79	81	83	86	
20	18
5	7	8	10	12	18	22	30	34	41	44	46	55	59	60	61	83	100	
21	18
5	6	8	10	16	21	25	34	41	43	50	51	53	59	61	79	86	100	
20	18
4	5	8	10	12	13	25	26	29	31	36	39	40	43	57	61	79	100	
23	17
5	16	23	30	32	35	36	44	49	55	61	70	79	81	86	95	100	
20	17
1	5	9	11	12	19	20	24	26	38	40	48	51	57	70	79	83	
19	18
3	5	10	12	14	17	18	19	20	21	22	25	31	40	44	49	61	100	
17	16
2	3	9	11	18	19	22	26	28	36	39	43	45	46	47	79	
19	17
2	3	7	8	9	11	16	23	27	31	36	51	59	60	61	70	86	
20	18
0	1	4	6	8	10	13	17	21	27	28	36	37	53	55	61	79	86	
18	16
0	7	11	18	19	21	28	30	31	42	48	52	59	60	86	95	
21	19
5	8	10	11	16	20	34	35	36	37	42	43	45	49	53	55	60	70	79	
21	18
8	12	14	17	23	32	34	35	36	42	43	48	49	50	60	79	81	100	
21	18
2	7	20	23	25	27	28	30	31	39	50	51	57	60	61	70	79	95	
20	17
1	2	3	4	11	24	28	29	36	37	38	43	46	52	55	79	113	
25	19
1	4	12	16	20	25	31	32	36	37	41	45	51	57	70	83	95	100	113	
19	18
1	2	8	11	12	23	25	30	36	38	39	43	44	47	50	55	60	100	
22	19
1	8	11	18	22	23	26	32	34	36	44	45	47	51	52	58	70	79	83	
18	17
0	1	2	4	16	20	22	23	29	30	34	35	37	42	43	48	81	
20	17
2	7	8	10	12	21	22	23	25	27	29	39	49	61	79	83	95	
19	17
2	3	5	7	8	13	18	20	30	34	45	46	48	49	61	79	86	
18	17
0	1	4	6	7	14	18	22	24	26	31	34	38	39	45	53	86	
20	17
0	1	3	6	7	9	12	13	18	21	34	36	42	55	59	70	113	
18	16
1	3	5	6	11	13	21	24	31	36	37	39	40	53	70	100	
22	19
10	20	23	26	28	30	32	34	35	37	45	46	48	50	52	53	57	86	113	
20	18
0	3	5	13	16	17	19	22	23	24	27	37	41	52	53	57	81	86	
20	18
1	6	10	17	20	21	24	34	35	41	42	43	45	46	48	53	57	113	
20	17
1	2	4	9	11	19	21	23	27	37	38	40	55	58	81	83	95	
24	19
3	6	22	24	27	28	29	39	42	43	46	47	51	55	60	81	83	100	113	
20	17
1	2	3	4	6	7	13	18	20	22	32	40	41	50	70	83	86	
18	17
2	4	6	12	14	16	18	19	20	21	24	29	38	51	53	61	79	
22	17
3	8	11	16	17	22	24	27	30	32	36	37	48	86	95	100	113	
16	16
1	2	6	19	20	21	24	25	28	30	36	38	41	42	44	49	
20	18
7	16	18	23	25	27	28	36	37	38	43	47	48	51	52	57	70	86	
22	19
2	5	7	11	12	14	16	19	26	27	28	35	42	47	52	55	58	86	113	
19	17
0	1	4	13	16	17	18	21	23	26	35	36	37	38	48	79	83	
19	18
7	8	18	28	30	34	38	39	41	44	46	47	48	50	52	58	59	70	
21	17
10	13	18	19	20	29	31	34	39	46	49	58	60	61	79	83	113	
20	18
12	16	18	20	23	27	28	30	31	41	42	43	44	57	59	60	86	95	
22	19
0	3	10	12	18	23	26	29	34	37	38	44	47	48	49	61	79	83	95	
22	19
0	2	3	8	9	12	16	19	22	23	27	41	42	43	47	53	70	95	100	
19	15
3	4	7	14	22	24	26	28	30	36	44	47	81	86	113	
21	18
3	9	11	13	20	28	32	35	36	39	43	49	51	53	57	58	79	113	
23	17
8	12	14	17	19	20	21	28	36	44	46	58	70	81	86	95	113	
19	17
0	1	3	7	20	26	27	34	35	37	39	41	47	52	53	70	83	
19	16
6	7	9	19	20	21	29	34	38	44	47	52	57	79	86	95	
21	17
0	2	7	8	16	23	25	29	31	40	47	52	58	79	86	95	100	
19	17
1	7	9	11	12	19	23	28	29	36	38	39	43	45	47	79	95	
20	19
4	17	18	19	29	34	37	38	41	43	45	49	50	51	52	53	58	61	100	
20	18
1	4	8	12	19	22	23	24	25	32	36	37	40	46	52	57	95	100	
19	16
0	3	5	6	17	29	31	37	45	48	50	52	58	59	70	113	
22	19
2	5	6	8	11	12	16	20	24	31	32	42	43	48	49	52	61	95	113	
16	16
4	6	9	12	14	17	18	27	32	36	37	38	46	48	50	59	
19	17
0	7	8	14	20	28	29	31	34	36	39	50	51	52	59	70	83	
25	19
6	20	22	23	27	28	34	37	39	47	50	51	57	60	70	81	95	100	113	
19	17
0	6	7	13	20	22	23	28	34	40	47	49	50	51	58	81	100	
17	17
0	1	3	4	9	18	23	31	34	38	44	48	51	52	53	58	60	
20	17
3	5	9	11	12	20	28	29	34	36	41	42	46	52	59	79	113	
19	17
0	2	10	14	22	23	28	30	31	44	45	50	52	55	57	81	86	
19	18
3	6	10	11	12	13	17	22	24	25	28	31	35	39	46	52	59	86	
20	18
5	12	19	21	22	24	27	44	46	47	50	51	52	55	58	61	83	100	
17	17
0	1	5	9	14	18	23	24	25	31	41	42	47	48	49	53	58	
19	18
2	4	6	9	12	17	24	32	36	37	39	40	46	52	59	60	61	86	
21	17
1	8	14	17	18	20	22	23	29	37	43	47	55	60	81	83	113	
19	18
0	2	5	6	7	10	16	17	18	19	25	27	28	32	40	43	61	83	
21	20
0	1	4	7	14	22	26	27	31	35	39	42	45	46	47	48	53	57	61	70	
18	17
0	1	2	10	12	29	31	34	35	39	42	44	52	53	55	60	81	
17	17
2	10	12	13	18	27	29	34	35	40	41	44	47	50	51	52	58	
17	16
8	12	18	19	22	23	28	34	37	38	39	40	45	51	53	81	
18	17
3	5	7	8	9	14	16	25	28	29	32	44	46	48	50	61	81	
18	17
1	4	8	10	12	18	20	24	27	28	29	31	41	45	47	57	79	
17	16
3	4	5	8	12	14	20	22	24	29	32	37	46	60	61	86	
21	18
3	7	9	17	22	23	27	28	35	36	42	43	46	49	52	79	83	100	
20	19
1	2	10	13	19	20	21	25	27	28	38	39	43	44	46	48	58	59	70	
18	15
0	11	14	17	19	21	25	27	28	36	42	44	79	83	100	
20	20
1	2	10	14	16	17	21	23	26	27	28	31	35	43	44	47	48	51	55	60	
20	17
0	2	4	8	14	17	20	22	24	25	30	35	36	43	44	86	113	
20	18
1	5	8	10	14	16	18	23	26	27	32	34	41	45	52	61	83	100	
18	16
1	2	5	11	14	16	20	28	29	37	41	45	50	52	83	100	
20	17
1	5	17	18	20	21	26	27	29	37	46	51	55	57	70	79	81	
24	20
0	4	8	9	11	12	23	32	40	44	49	50	55	57	59	60	61	81	100	113	
20	18
3	7	9	12	13	14	19	20	32	34	38	41	44	45	49	53	83	100	
17	16
6	8	9	10	12	17	22	24	25	29	31	39	43	53	60	95	
24	19
6	10	18	23	29	31	32	39	40	41	43	44	57	60	61	79	81	95	113	
20	17
0	2	5	7	10	20	21	32	35	40	49	51	52	59	60	100	113	
21	18
1	2	5	6	13	18	24	30	36	38	41	46	50	53	57	61	95	113	
19	17
3	5	12	13	16	17	18	35	36	37	45	46	47	52	57	83	86	
20	18
2	6	8	12	14	18	22	24	29	30	41	43	49	50	55	58	70	79	
21	18
2	3	4	7	12	22	23	32	35	37	39	42	43	48	53	60	100	113	
19	17
3	7	9	12	17	21	25	28	36	43	45	46	48	57	60	79	86	
20	18
3	8	10	12	14	16	22	25	27	30	36	37	40	52	53	59	83	95	
19	17
1	6	14	17	18	21	22	23	30	35	36	42	47	49	55	81	95	
19	18
0	1	7	8	11	12	14	16	18	19	20	22	25	30	39	50	57	100	
19	18
2	5	7	19	20	21	22	25	27	31	35	36	40	46	51	52	55	81	
18	16
5	6	8	12	14	19	26	28	29	30	34	36	40	47	53	113	
21	17
4	14	16	27	29	30	34	37	38	42	43	53	59	61	79	100	113	
22	17
0	5	9	11	14	17	19	32	34	42	53	58	61	81	86	100	113	
19	17
1	2	6	8	10	12	14	17	28	31	42	47	48	52	55	70	95	
20	18
0	5	17	22	25	27	28	29	30	36	38	39	43	49	57	60	79	86	
19	18
1	6	8	9	12	19	23	27	28	29	36	37	38	45	47	49	61	79	
19	17
3	8	18	19	21	22	28	37	40	42	44	46	53	55	58	83	100	
22	18
5	6	13	16	17	20	24	27	28	31	39	41	45	55	59	79	83	113	
18	17
0	6	7	8	9	10	22	23	25	26	29	32	42	49	51	61	70	
20	17
2	6	11	12	18	19	22	24	38	40	44	47	48	57	81	86	95	
19	17
3	12	13	17	19	20	22	24	25	37	44	45	50	51	61	81	100	
23	17
2	6	12	34	37	39	40	42	44	52	57	60	70	81	86	100	113	
21	18
2	11	14	16	20	28	29	30	41	42	43	45	47	53	61	86	95	100	
19	16
1	7	8	11	18	22	25	36	42	45	47	49	51	58	81	113	
23	19
3	9	13	17	18	22	25	34	37	38	44	45	53	55	57	79	86	95	100	
21	18
2	5	8	9	12	16	18	23	24	29	34	36	37	38	48	53	83	113	
21	18
3	5	6	8	12	21	22	24	25	30	36	37	38	59	61	70	79	81	
20	17
0	14	19	20	22	27	32	34	39	46	48	52	53	59	70	79	100	
18	16
2	7	9	10	12	14	19	32	34	36	46	49	50	59	81	95	
18	16
3	5	7	12	17	18	21	22	31	32	37	44	51	57	60	113	
22	17
1	5	6	8	17	19	30	36	37	38	45	51	57	79	95	100	113	
18	18
1	4	9	11	18	28	31	32	35	40	43	44	46	48	50	51	57	59	
22	19
6	8	9	13	14	17	35	36	37	38	40	43	46	57	60	61	79	81	86	
19	16
3	4	16	17	18	20	22	24	27	28	29	34	37	42	79	113	
18	17
0	1	9	10	12	13	24	26	28	31	42	44	45	48	58	60	81	
19	17
6	11	13	18	20	22	28	29	37	41	44	45	47	52	58	70	83	
20	18
1	2	4	8	10	18	19	20	21	30	34	36	37	38	46	51	53	113	
20	18
1	2	5	10	13	16	25	26	31	39	43	44	45	48	57	59	70	100	
22	18
2	4	5	16	17	30	32	37	40	41	42	45	47	59	81	83	86	95	
21	17
7	8	12	17	19	22	31	40	44	45	51	58	60	61	83	100	113	
18	17
8	9	11	14	16	21	23	28	31	34	40	46	50	52	53	60	86	
20	18
3	5	8	14	16	17	18	23	25	26	30	35	36	37	44	57	86	95	
19	16
1	2	3	4	8	10	11	14	17	36	43	48	53	57	95	113	
18	17
1	6	9	11	13	20	23	30	37	38	39	41	43	49	51	60	70	
22	19
0	3	9	11	14	17	24	25	30	34	37	47	51	57	58	61	70	79	81	
22	18
2	3	4	8	12	18	19	26	28	36	40	42	43	47	61	79	100	113	
18	17
3	6	8	10	12	14	22	24	27	36	38	44	46	49	58	61	70	
22	19
2	4	5	7	8	14	20	23	25	30	31	34	35	39	53	57	70	83	95	
22	18
1	2	3	4	11	19	21	22	44	46	48	49	51	52	59	79	95	113	
21	18
5	9	12	14	16	18	19	20	22	25	34	46	53	55	58	60	100	113	
21	18
4	8	11	12	13	19	22	24	31	34	39	45	46	55	60	79	81	100	
20	17
0	12	14	18	22	26	28	34	39	41	42	46	50	57	70	81	86	
19	17
0	2	3	4	6	8	9	12	36	39	40	48	51	52	61	79	86	
19	18
4	5	6	8	14	16	19	21	22	25	32	34	37	40	45	55	60	83	
19	17
8	10	14	23	29	32	37	40	41	44	46	48	50	57	59	81	100	
21	19
4	5	12	14	18	20	25	27	29	41	42	46	47	49	50	53	60	86	100	
21	18
2	5	7	9	16	21	22	23	24	30	36	44	49	50	51	52	100	113	
21	18
6	8	9	17	18	20	25	29	31	35	39	43	49	51	52	58	95	113	
20	18
0	5	6	7	8	10	20	21	25	26	28	31	39	42	59	61	70	86	
20	18
0	6	9	11	13	14	18	19	22	27	28	31	45	46	49	53	70	100	
21	19
1	5	6	11	16	22	26	30	35	40	48	49	50	52	55	58	61	79	100	
21	18
0	7	10	11	19	21	26	27	31	34	44	48	50	51	53	79	83	86	
21	16
0	3	7	8	9	14	19	27	37	47	60	79	81	83	86	95	
20	17
3	4	5	11	12	17	18	19	21	28	35	47	57	58	79	83	100	
19	16
8	10	11	17	18	25	29	31	35	42	43	52	58	61	83	113	
20	19
0	3	7	14	22	24	29	32	40	41	43	45	46	47	49	53	55	58	79	
22	19
2	3	5	8	9	11	23	27	28	30	32	38	43	47	48	50	60	95	113	
22	19
0	3	9	10	11	14	17	28	29	36	40	45	53	55	57	60	81	83	86	
20	19
1	8	18	20	29	30	35	37	38	41	43	45	49	51	53	55	57	61	83	
20	18
0	3	10	11	14	21	23	24	27	31	32	34	38	48	51	60	70	95	
20	17
3	5	8	13	19	20	23	26	27	28	32	34	37	48	70	79	100	
19	18
1	3	8	9	11	12	17	18	19	31	32	35	39	42	49	51	53	100	
20	17
0	1	3	4	7	17	19	23	27	29	42	43	45	46	52	70	113	
21	17
3	6	7	8	11	28	30	36	37	39	44	47	58	70	79	83	95	
21	18
1	4	9	10	11	12	17	22	23	28	32	37	39	43	52	79	83	100	
18	18
0	1	4	6	13	21	26	29	32	38	40	43	45	46	48	50	55	58	
21	19
11	13	16	17	23	26	27	28	30	34	36	40	43	46	48	53	59	81	100	
24	20
2	7	9	14	16	21	26	28	29	31	35	36	38	39	53	58	70	79	81	100	
20	18
0	7	9	16	17	20	27	29	34	35	42	48	49	52	60	61	79	81	
18	18
0	2	7	8	9	10	17	20	29	34	37	38	45	46	48	55	60	61	
18	17
0	1	11	12	16	17	21	22	31	32	34	39	42	45	53	55	86	
21	18
1	3	7	9	11	12	13	16	22	24	29	45	46	47	51	60	86	113	
22	18
6	7	8	14	18	25	26	27	36	41	48	50	51	53	70	79	83	95	
19	18
1	2	6	8	26	28	29	30	36	37	42	46	48	52	55	57	58	79	
20	17
1	3	13	16	18	20	23	24	32	47	48	49	53	58	79	83	100	
23	18
5	6	7	9	23	27	28	29	30	31	34	36	48	61	79	86	100	113	
21	18
2	4	11	12	16	21	22	24	25	29	41	43	46	59	60	70	79	95	
19	18
1	2	3	6	10	20	29	30	32	39	42	44	46	49	51	55	58	86	
21	18
0	7	8	10	17	19	21	25	32	38	41	47	52	57	60	70	86	100	
23	19
10	13	19	24	25	26	27	32	40	42	46	47	50	55	58	59	86	100	113	
19	17
1	6	9	12	14	17	18	20	25	27	32	35	38	44	47	81	95	
22	19
2	3	7	8	9	11	12	13	14	20	21	24	31	38	43	51	58	79	113	
23	19
2	7	9	14	16	17	19	24	26	30	34	38	40	46	51	70	81	83	100	
21	19
6	9	13	17	25	28	29	34	35	36	40	41	44	45	46	49	58	95	100	
21	18
5	6	7	12	18	19	23	25	32	34	37	43	44	52	55	70	83	100	
20	18
2	3	9	12	18	23	25	32	35	36	39	40	49	51	55	58	81	100	
21	18
0	1	5	7	10	12	14	24	25	26	34	40	49	57	59	60	100	113	
19	17
2	4	6	8	14	19	21	25	29	35	43	49	52	55	59	81	83	
22	19
2	3	4	6	10	12	21	25	36	37	43	52	55	57	58	61	79	83	100	
22	18
4	12	18	20	21	23	28	30	35	36	38	39	44	51	61	83	100	113	
21	17
0	1	2	4	8	11	22	24	36	39	43	52	53	55	83	86	113	
20	16
3	4	7	12	16	18	24	25	26	29	37	48	60	70	100	113	
21	18
0	5	9	10	11	19	20	25	27	31	32	40	49	51	53	61	70	113	
20	17
2	4	6	9	13	17	26	31	32	34	35	40	42	50	79	86	100	
21	18
2	5	8	12	13	14	17	29	30	47	49	52	53	59	60	81	83	100	
23	18
7	22	25	26	27	28	30	37	41	44	47	50	51	60	70	83	100	113	
19	19
13	14	18	23	26	28	29	31	35	39	40	41	42	43	46	51	55	58	61	
23	17
0	1	4	5	24	29	41	44	49	50	58	61	70	79	83	86	113	
22	18
5	6	12	14	17	18	24	28	30	37	40	41	50	53	61	81	100	113	
22	18
1	2	8	14	16	25	27	28	30	35	40	49	50	52	55	79	83	113	
20	17
0	2	3	4	7	10	14	17	28	29	32	46	50	58	59	95	113	
19	18
1	6	18	22	25	27	28	34	36	39	42	47	48	51	55	58	59	70	
21	17
2	13	18	20	23	29	32	34	37	39	49	53	57	70	81	83	95	
22	18
7	8	16	18	22	27	28	30	31	34	36	37	47	58	60	86	100	113	
18	17
2	3	7	8	10	11	13	22	24	25	29	34	40	49	50	51	81	
21	19
1	2	3	6	8	10	12	14	19	35	37	38	40	48	49	51	52	60	113	
24	19
1	6	7	16	23	29	37	40	46	47	48	51	52	55	60	86	95	100	113	
21	17
3	7	10	11	16	28	32	35	43	44	48	51	52	57	83	100	113	
18	18
0	1	3	10	11	12	17	18	29	31	36	37	39	47	48	52	53	61	
17	17
1	5	7	9	12	18	21	22	25	29	37	43	48	51	53	58	59	
21	17
0	3	5	10	11	16	36	38	40	41	45	48	53	55	86	95	113	
19	16
0	1	3	4	6	17	20	25	26	28	29	35	38	53	79	113	
20	19
1	8	12	13	14	16	17	21	24	34	39	43	46	47	48	49	51	57	83	
20	18
2	5	9	17	21	32	36	37	40	41	45	49	50	51	52	59	83	95	
19	17
3	5	14	22	24	25	26	30	32	34	37	47	50	60	61	86	95	
18	17
6	7	13	14	18	19	20	21	22	25	32	37	39	44	47	49	83	
19	17
8	9	13	14	18	21	22	23	24	26	27	32	36	38	49	79	83	
19	18
2	5	8	9	12	14	20	21	24	28	32	35	41	43	48	49	57	70	
19	18
2	6	9	10	14	18	22	24	28	30	38	39	41	45	46	48	58	83	
23	19
1	2	11	12	14	18	19	21	22	30	41	45	47	57	59	70	81	95	100	
22	19
1	2	5	6	9	12	16	21	26	27	31	32	39	42	49	58	83	86	100	
19	19
5	7	10	14	19	20	24	25	26	29	34	36	37	40	47	55	57	59	61	
20	18
1	4	9	13	14	20	23	27	28	29	31	32	34	35	44	46	83	95	
21	17
4	6	9	10	11	12	29	31	39	40	44	46	49	57	81	83	113	
20	16
2	13	14	18	27	31	32	40	42	44	50	51	61	70	100	113	
22	19
1	3	5	12	17	25	28	31	34	35	41	44	49	57	58	60	61	79	113	
19	17
4	6	9	11	13	24	28	31	32	36	41	44	46	49	53	70	83	
20	17
0	3	4	10	12	18	22	25	26	32	39	48	51	52	70	95	100	
23	17
5	10	19	20	28	29	30	34	40	51	52	58	79	86	95	100	113	
20	17
1	2	3	4	5	6	8	12	14	27	29	39	50	58	79	86	95	
22	19
2	3	6	9	11	12	19	21	23	29	34	35	38	41	46	57	60	83	113	
22	17
3	13	16	23	29	32	34	35	37	38	43	47	51	79	83	100	113	
20	17
2	5	9	14	17	19	22	25	27	28	32	42	49	53	81	83	86	
19	17
2	9	12	14	17	25	34	36	38	49	50	53	57	58	60	86	100	
18	17
2	3	16	17	18	22	28	35	36	40	44	45	46	47	49	58	70	
19	17
1	2	6	7	8	12	24	36	38	40	46	49	52	59	60	81	83	
16	16
1	3	5	7	8	18	21	22	23	31	36	43	44	46	52	58	
20	18
5	7	8	9	12	16	19	20	23	25	40	46	52	59	60	61	83	86	
20	18
0	1	5	12	18	21	30	34	38	42	43	44	48	50	52	58	59	113	
22	19
1	2	13	14	19	25	28	30	34	44	46	47	48	50	53	55	60	86	113	
21	18
3	6	7	8	9	11	13	14	17	23	30	47	49	51	58	70	81	95	
20	17
2	5	10	17	18	19	21	25	28	37	45	48	50	53	79	83	100	
22	19
3	5	11	17	18	22	23	27	34	42	45	47	48	49	52	55	79	81	100	
20	17
3	4	5	16	23	25	29	30	40	43	45	50	52	57	70	86	100	
20	17
2	7	9	12	16	17	19	27	28	31	32	35	45	51	58	83	113	
20	18
0	1	3	6	9	14	16	17	21	28	34	37	42	58	60	61	79	100	
19	17
1	2	5	7	8	13	18	25	28	30	31	37	51	52	53	59	113	
19	17
0	10	11	13	14	17	18	26	27	30	31	37	38	40	61	70	81	
17	16
7	8	10	12	13	17	18	21	27	30	38	41	42	49	51	83	
20	19
1	2	7	8	9	13	16	18	19	21	27	28	40	46	50	52	53	58	86	
19	17
5	8	11	12	18	20	27	31	36	39	47	51	52	58	59	79	86	
21	19
1	4	5	6	8	11	13	14	16	21	22	26	29	31	32	45	48	52	113	
17	17
6	10	16	17	18	19	20	22	23	24	27	44	45	46	47	57	60	
19	18
0	6	7	8	10	13	18	21	25	27	29	34	43	47	50	60	61	81	
18	17
1	3	4	6	8	13	14	16	21	22	23	24	26	31	35	41	81	
21	17
2	6	7	12	17	25	34	40	42	44	49	50	58	59	70	86	113	
19	18
6	12	14	16	25	26	28	29	30	31	32	34	39	41	46	55	59	95	
25	19
6	7	12	16	21	26	36	37	39	46	48	50	53	58	70	81	86	100	113	
21	18
1	2	8	10	13	18	21	32	39	41	46	49	51	58	61	70	79	81	
18	16
6	9	12	14	17	19	24	25	27	37	46	48	49	59	83	86	
19	16
6	7	8	19	20	23	32	37	40	46	53	58	60	70	86	100	
21	19
2	7	9	16	18	24	27	28	29	42	48	49	52	53	57	60	61	79	83	
20	19
4	6	8	17	18	21	22	23	34	38	39	40	41	44	49	52	55	58	95	
19	18
0	1	9	17	22	24	28	32	34	36	37	39	41	42	45	53	60	86	
22	18
5	6	9	17	20	24	32	36	37	41	50	52	58	59	70	79	86	100	
19	17
2	3	5	9	11	14	17	19	20	34	36	40	44	47	49	81	86	
19	18
2	5	6	7	8	11	16	18	24	32	39	40	41	50	51	55	60	70	
23	19
0	4	10	16	25	26	28	29	36	37	38	42	46	49	51	70	81	83	95	
23	20
2	4	11	16	17	29	37	40	42	43	45	47	48	52	55	59	61	70	81	100	
22	20
0	4	13	19	20	26	27	28	30	31	32	41	42	47	50	53	57	61	70	83	
20	18
2	5	7	20	23	24	27	30	35	47	48	49	51	55	57	61	79	100	
18	17
6	8	11	12	19	25	26	28	29	31	34	37	40	51	53	55	81	
20	18
8	9	14	20	22	23	25	26	31	32	39	45	47	52	57	58	83	95	
18	18
4	6	24	28	31	32	38	40	43	44	46	47	49	50	58	59	60	61	
19	18
1	2	3	4	6	7	9	10	18	24	28	29	31	38	47	53	61	86	
22	19
1	7	9	10	12	24	26	29	37	41	43	44	47	48	49	59	60	81	113	
20	17
3	5	9	10	11	23	26	32	34	36	43	47	59	60	81	83	100	
20	18
4	7	10	12	19	24	26	29	40	42	46	47	48	51	53	60	70	86	
20	18
0	1	4	5	12	16	22	23	24	30	40	41	43	44	50	51	70	79	
19	18
1	2	12	21	23	34	35	36	38	39	40	43	46	49	50	55	59	81	
18	16
6	10	12	14	18	20	22	24	27	31	44	46	47	57	83	86	
22	19
0	7	10	17	18	21	27	31	36	37	38	40	43	50	57	59	83	86	95	
22	18
4	6	19	20	30	34	39	40	45	46	52	58	60	61	79	81	86	95	
17	17
0	5	8	10	14	22	28	29	31	32	34	45	46	52	53	58	61	
19	16
0	4	6	11	12	22	28	34	37	39	46	47	58	70	95	100	
21	17
3	8	14	17	20	21	22	32	37	41	55	58	61	70	79	95	100	
18	17
0	3	4	7	11	14	17	18	22	28	30	32	37	41	53	55	95	
19	18
5	9	11	12	13	16	22	28	34	37	40	41	44	46	47	55	58	100	
21	18
1	6	8	9	14	16	19	25	30	41	47	49	52	55	58	79	81	86	
19	17
1	2	8	11	12	13	17	19	20	21	24	25	43	51	53	70	83	
19	18
1	4	5	7	8	12	16	18	22	29	32	35	38	46	48	58	60	83	
19	18
1	4	5	6	11	14	18	19	22	25	26	31	34	38	53	57	60	100	
19	18
3	6	8	12	18	21	29	35	38	39	47	48	49	50	52	55	57	81	
18	17
1	2	4	8	10	24	25	26	27	30	31	35	37	39	42	58	86	
18	17
5	7	10	14	17	20	21	26	29	34	36	37	38	55	57	59	79	
23	19
0	2	7	11	13	16	19	26	35	37	42	48	52	53	59	70	81	86	100	
20	18
0	5	14	19	22	26	30	31	34	40	42	45	47	51	55	58	70	100	
23	18
7	17	18	19	20	21	25	28	31	37	39	44	47	57	70	79	83	113	
20	19
0	3	5	16	17	21	24	26	28	31	34	35	39	42	44	52	58	59	79	
20	18
0	8	10	12	20	21	24	25	28	29	38	43	46	53	59	60	61	113	
20	18
1	8	12	20	27	28	29	31	35	39	41	47	52	55	57	61	70	79	
20	19
7	8	10	14	17	20	21	22	28	30	31	32	43	49	52	55	59	60	81	
20	20
1	2	4	8	13	17	21	22	24	30	31	35	36	37	39	42	43	45	46	48	
17	17
0	2	3	5	10	16	17	25	26	32	34	37	43	50	52	53	60	
20	17
6	11	17	18	19	21	22	24	27	30	41	43	44	45	57	95	113	
21	18
2	13	17	18	20	21	30	32	34	36	38	40	42	60	61	79	81	100	
23	18
0	4	11	16	17	18	23	25	27	28	32	42	43	57	70	79	95	113	
17	16
2	4	5	7	12	17	20	21	22	35	36	37	40	41	59	86	
19	17
4	6	11	16	18	20	30	31	36	37	40	41	42	45	61	70	95	
18	17
4	12	13	14	16	17	20	21	22	25	32	36	37	42	45	51	86	
20	17
0	3	6	11	12	22	25	32	38	42	44	46	58	59	81	83	95	
23	19
4	6	7	8	21	22	28	31	35	37	38	44	45	46	49	61	79	95	113	
22	17
1	3	14	19	20	22	32	34	44	47	48	57	59	79	83	86	113	
21	18
2	3	6	10	20	29	36	37	39	44	47	48	49	51	52	61	86	113	
20	18
7	9	12	13	16	17	19	24	28	35	37	39	40	41	42	58	70	86	
19	17
6	7	10	12	18	21	29	35	38	40	41	46	52	53	55	79	83	
20	19
1	7	11	18	21	23	24	25	27	31	40	42	44	48	49	52	53	57	100	
21	17
6	12	13	18	21	25	30	36	37	40	44	46	48	49	83	86	113	
19	18
3	8	16	18	22	25	26	29	30	42	43	44	48	49	50	52	57	86	
23	20
1	3	7	10	16	18	20	21	23	24	27	32	36	38	42	58	61	79	83	86	
21	18
5	9	11	14	20	25	30	32	36	42	49	50	52	53	59	70	79	100	
23	18
3	7	9	12	19	24	27	29	34	37	40	43	48	50	70	95	100	113	
19	16
1	2	7	8	10	14	18	20	30	41	44	46	48	52	100	113	
21	17
0	1	7	11	16	19	25	29	30	37	50	52	60	70	83	95	100	
20	17
2	16	19	21	24	36	37	38	39	42	43	45	51	60	70	79	100	
20	16
1	5	11	12	14	20	21	28	30	31	36	38	51	70	83	113	
22	18
0	1	2	7	9	17	19	27	30	31	37	45	46	48	58	83	86	113	
20	18
5	10	12	20	23	24	28	29	36	37	39	41	44	46	52	53	86	100	
19	17
0	3	4	12	20	21	25	29	31	35	38	40	46	50	51	83	100	
20	18
3	5	9	10	12	13	21	23	29	31	35	37	40	43	48	60	79	100	
19	17
0	2	3	9	10	12	20	34	37	43	44	46	47	50	51	70	79	
19	17
0	1	2	3	8	9	11	20	24	30	35	38	46	47	52	81	86	
20	18
3	5	10	12	16	22	24	28	32	36	45	46	49	51	57	59	81	83	
20	17
1	12	17	18	26	29	30	35	36	42	43	50	52	58	61	70	113	
18	17
9	11	12	17	18	21	23	24	27	28	29	30	42	48	49	51	79	
22	18
3	6	10	13	23	27	30	31	34	41	42	43	45	60	61	70	100	113	
21	18
2	3	4	11	17	19	28	29	32	41	43	50	51	55	57	59	86	113	
18	16
0	2	4	5	6	12	17	24	26	27	32	39	43	60	70	81	
18	17
0	5	11	19	21	23	28	32	34	38	41	49	51	52	55	59	100	
19	18
0	3	5	8	13	16	22	24	25	27	32	43	48	49	50	51	55	79	
19	19
1	5	8	10	17	20	24	31	34	39	46	47	50	51	53	57	58	59	61	
20	18
1	5	7	9	20	21	26	29	38	43	50	51	52	55	58	60	79	83	
20	19
6	8	9	18	19	22	24	26	29	34	36	40	41	45	47	48	58	59	79	
20	18
6	9	12	14	17	19	22	29	30	34	36	38	39	45	58	60	79	100	
19	18
0	2	3	4	5	6	9	14	18	19	22	25	28	43	45	52	53	83	
20	17
0	8	12	13	14	17	18	22	25	29	39	53	60	61	70	83	86	
20	17
0	1	5	7	22	25	26	31	34	35	37	42	44	52	79	86	100	
21	19
6	8	11	19	24	25	27	28	29	36	40	42	45	48	59	60	61	83	100	
21	17
1	3	6	13	22	23	28	29	30	36	37	39	42	52	79	100	113	
19	17
0	1	4	5	10	13	16	17	25	27	34	37	45	51	60	79	83	
18	17
11	14	16	22	23	26	27	28	31	32	37	38	39	44	58	59	81	
21	19
9	13	14	22	27	28	34	35	37	40	43	45	47	48	52	55	57	59	113	
20	18
0	2	4	5	11	14	17	22	25	31	32	35	36	39	48	59	79	95	
20	17
0	3	5	7	8	9	18	20	25	28	32	44	50	57	59	81	113	
19	17
1	3	5	6	8	12	18	31	36	38	39	49	51	53	57	86	100	
19	17
11	12	16	18	20	30	31	38	39	40	43	44	46	49	55	95	100	
22	19
4	8	11	16	17	20	23	24	25	30	31	35	41	52	59	61	70	81	86	
20	18
9	12	13	17	21	25	26	28	32	34	36	40	43	44	46	55	58	113	
19	18
1	2	6	17	21	23	25	28	35	36	42	43	44	51	55	57	58	95	
21	17
2	4	6	9	18	19	40	44	45	46	47	49	61	81	83	86	100	
19	17
3	6	8	12	23	25	30	34	36	38	40	42	47	48	59	79	100	
21	17
1	2	9	16	17	20	24	25	26	29	37	39	51	52	70	100	113	
22	18
0	2	6	7	9	18	20	22	23	24	32	44	46	53	57	81	95	113	
19	18
7	13	14	16	17	18	19	20	22	27	28	31	36	37	49	50	57	81	
19	17
4	5	7	11	18	24	25	30	35	36	37	50	52	59	60	70	95	
19	18
0	9	17	18	19	22	25	27	34	35	36	39	42	50	51	53	59	79	
19	17
4	7	9	20	21	23	28	34	35	37	41	48	51	52	53	70	86	
22	19
2	8	9	10	14	17	18	22	24	25	28	31	36	48	50	53	81	95	100	
21	18
10	12	18	22	28	34	39	45	46	47	48	49	50	52	57	83	86	95	
22	19
2	6	8	9	12	16	24	28	29	37	38	43	44	49	57	59	79	95	100	
19	17
1	2	7	8	19	20	23	25	27	37	42	44	45	49	58	83	100	
21	17
0	2	7	10	20	22	25	28	29	31	39	41	52	59	86	95	113	
19	16
1	2	11	17	18	24	31	39	42	45	46	53	55	70	79	95	
22	17
2	5	7	10	12	22	23	30	36	44	49	50	52	81	83	95	113	
21	19
1	2	5	16	20	22	23	25	29	37	40	42	43	45	49	52	59	70	95	
19	17
2	4	9	10	12	14	19	20	27	28	29	34	46	51	58	79	83	
21	18
2	8	9	10	13	14	16	18	19	25	29	34	39	44	53	70	83	100	
19	16
1	6	8	10	11	12	13	14	17	19	29	35	38	70	79	83	
21	18
7	11	13	14	17	20	23	27	32	34	35	40	41	43	57	58	70	113	
20	18
7	10	14	17	18	21	23	25	27	28	30	31	44	47	48	49	59	113	
21	17
0	1	3	16	18	24	36	39	41	46	47	49	53	58	81	86	113	
20	17
2	10	17	23	24	26	27	28	32	37	44	45	46	53	57	81	113	
22	18
3	18	19	23	25	29	35	38	41	44	47	55	58	59	70	79	83	100	
21	18
6	9	12	14	28	29	31	38	42	44	46	47	55	57	60	70	83	95	
18	16
0	1	2	3	4	5	6	11	16	23	29	49	52	61	81	83	
23	19
0	1	2	5	11	16	21	25	30	31	35	41	46	50	55	81	83	86	95	
19	19
5	7	9	12	14	17	19	20	22	34	39	40	42	43	46	47	48	58	60	
24	19
2	3	7	9	16	26	28	29	35	36	38	39	44	51	70	79	86	95	100	
25	20
2	3	10	11	16	22	26	36	37	42	43	44	51	57	60	61	81	83	100	113	
19	17
0	1	2	7	8	10	17	29	31	32	48	49	51	55	61	79	81	
19	17
3	12	14	18	22	28	31	41	44	46	47	49	50	58	61	81	100	
18	17
10	11	13	20	24	25	27	30	31	32	39	42	46	49	50	53	79	
22	19
5	7	8	14	18	19	25	28	43	45	47	48	50	51	57	61	79	83	95	
23	20
6	8	14	18	20	21	23	29	30	32	35	42	43	44	48	51	60	81	86	95	
21	19
3	6	7	13	18	25	28	34	35	36	39	46	47	50	57	58	59	79	81	
20	19
0	3	12	22	23	30	31	35	37	39	40	41	43	48	50	51	57	60	81	
20	19
3	4	10	12	13	17	19	20	22	26	31	35	38	39	43	45	46	52	79	
20	17
1	2	10	17	19	25	27	28	30	32	34	45	55	59	70	81	95	
22	19
4	5	7	10	20	26	28	29	30	32	34	39	43	47	48	50	51	86	113	
19	15
0	2	3	5	11	12	19	30	34	38	51	60	83	86	113	
22	19
2	8	9	16	17	19	20	25	29	34	36	38	42	44	57	58	61	81	113	
22	18
5	12	14	18	20	28	30	34	45	46	50	52	58	60	70	79	81	86	
24	19
1	7	8	10	20	22	23	27	28	32	43	49	58	60	79	83	86	95	100	
21	17
1	4	8	11	18	20	24	29	39	40	49	52	53	58	83	100	113	
19	18
2	3	9	18	19	23	26	31	32	37	40	42	43	48	49	57	60	95	
21	18
4	8	9	10	14	16	23	27	28	30	31	32	39	48	50	59	81	113	
22	19
4	7	16	17	23	25	28	32	41	43	45	48	50	51	58	59	79	86	100	
18	18
0	2	6	8	14	23	24	25	28	32	36	40	42	45	49	52	55	58	
21	18
8	14	19	22	23	24	25	29	30	32	42	47	49	50	52	57	86	113	
20	17
0	3	16	21	22	26	32	36	39	46	49	50	55	61	79	81	86	
18	18
0	5	17	21	22	23	24	27	30	36	37	40	41	43	44	46	49	58	
21	18
0	3	4	6	9	12	18	19	32	38	39	46	47	51	52	70	79	86	
20	16
0	2	4	5	7	14	18	20	27	28	30	46	61	70	83	113	
21	18
0	4	10	13	18	24	36	37	40	42	44	45	46	53	57	79	86	100	
21	19
0	9	12	14	17	25	27	30	38	40	43	44	45	46	55	58	61	81	83	
20	18
4	13	14	20	22	23	31	34	36	40	41	42	44	45	46	50	61	113	
20	17
0	5	11	17	20	27	28	36	39	40	43	47	57	61	79	81	86	
25	20
5	11	12	16	22	29	31	36	37	43	45	48	55	58	59	61	70	79	95	113	
19	17
0	3	4	5	14	20	24	27	29	36	37	38	40	42	46	79	81	
19	17
5	7	8	11	12	18	19	20	21	30	35	41	51	57	61	86	100	
21	17
1	2	5	6	18	28	31	39	41	44	45	51	59	61	70	86	113	
19	18
1	2	6	9	13	16	20	31	34	35	40	45	51	52	53	59	61	86	
19	17
0	5	13	18	19	20	22	24	28	35	41	44	48	51	58	83	100	
20	18
3	5	6	11	13	16	20	21	26	36	37	39	42	44	45	49	79	83	
19	16
1	10	13	14	20	21	25	30	31	46	50	51	52	70	83	86	
19	18
4	20	21	26	27	28	29	30	32	35	38	42	43	46	47	50	55	83	
17	17
2	8	9	10	14	28	30	35	36	37	41	42	43	45	47	49	53	
21	17
3	7	8	14	20	21	22	28	32	34	36	38	47	60	83	100	113	
19	17
0	1	9	14	18	23	24	30	42	44	45	50	51	52	57	81	86	
18	17
0	5	7	10	19	23	25	32	34	36	38	40	48	50	51	60	79	
22	19
3	4	6	10	12	13	17	22	26	27	28	30	35	48	55	59	79	83	95	
25	19
6	10	13	18	28	31	38	39	43	45	47	51	53	58	70	79	81	95	113	
18	17
1	2	8	17	18	20	22	24	26	27	30	36	39	41	45	46	83	
21	19
5	7	9	11	14	16	19	20	30	31	37	40	41	42	46	55	61	70	95	
19	17
3	5	16	19	20	23	27	30	36	37	40	43	44	46	61	86	95	
21	19
0	2	11	17	18	26	30	32	35	36	37	46	49	51	53	57	59	60	113	
22	18
0	2	3	4	21	22	23	24	29	34	35	39	41	53	79	81	86	95	
19	17
1	3	4	5	16	22	24	26	28	29	35	37	38	47	52	61	113	
18	16
0	8	11	14	28	34	37	39	43	44	53	55	58	60	70	79	
21	18
0	14	16	22	23	25	28	30	42	43	45	47	49	57	61	70	95	100	
18	17
0	5	8	10	11	12	14	24	26	29	31	39	40	50	53	58	95	
21	19
1	8	11	13	18	29	32	37	39	43	44	46	50	53	57	58	59	70	86	
19	16
2	7	9	17	25	29	35	37	40	41	44	47	59	81	86	100	
16	16
1	6	11	13	20	23	26	30	31	32	34	35	42	46	47	49	
19	16
2	4	7	10	19	20	23	31	34	36	38	51	52	70	86	100	
20	16
0	2	3	5	10	14	17	26	27	34	38	42	70	81	86	95	
21	18
2	3	4	7	8	22	28	29	36	37	39	46	47	49	53	57	79	113	
20	18
0	1	7	10	11	14	20	26	27	28	32	34	40	43	48	49	81	95	
20	19
0	5	6	8	9	18	19	21	25	27	30	35	38	43	46	57	59	61	83	
24	18
0	9	12	13	14	26	29	34	35	37	40	49	52	70	79	83	86	113	
17	16
3	6	8	14	16	20	22	27	31	32	38	45	55	58	59	95	
22	17
0	5	6	13	22	31	34	36	38	46	47	58	70	79	81	86	100	
23	18
6	10	11	23	24	27	31	35	44	46	49	50	55	57	70	79	100	113	
23	18
10	12	20	24	28	30	31	38	43	45	47	51	53	59	70	81	100	113	
20	18
6	11	14	18	20	25	29	35	37	39	43	47	48	51	57	61	70	95	
20	18
0	6	9	10	13	17	18	21	28	30	32	43	44	47	53	55	79	81	
20	16
0	1	8	14	18	19	20	29	35	38	44	51	59	79	83	113	
20	18
1	6	8	12	14	17	18	31	39	42	44	47	49	50	53	57	60	113	
20	17
7	8	9	10	11	14	16	18	20	21	31	32	34	50	55	95	113	
20	18
6	8	14	16	18	19	22	27	28	29	31	32	35	40	50	58	86	100	
18	17
0	1	3	9	11	12	13	17	32	37	38	39	42	43	47	60	81	
21	18
1	5	8	9	11	14	16	21	23	24	26	32	35	44	49	79	83	86	
20	19
3	6	7	12	16	19	21	22	26	29	30	32	38	44	45	46	49	50	100	
21	18
0	10	11	12	16	19	24	26	30	34	41	42	47	53	55	58	83	113	
19	17
0	1	6	7	10	22	26	32	44	46	48	49	50	51	59	86	100	
17	17
6	8	10	11	13	17	19	25	26	32	39	40	42	46	48	49	50	
22	19
1	2	3	4	5	8	14	19	20	25	26	35	37	43	44	45	49	83	113	
21	18
1	6	7	9	17	18	21	26	31	32	44	48	50	51	57	70	86	95	
18	18
1	8	10	12	14	18	24	25	28	34	38	42	45	46	48	50	53	59	
21	16
6	8	10	22	25	27	32	40	43	50	51	55	86	95	100	113	
23	18
2	5	7	8	21	36	37	39	40	41	51	52	53	55	83	86	100	113	
19	16
9	12	17	19	25	34	36	42	44	47	49	58	60	70	83	86	
21	18
0	9	10	11	18	19	21	30	31	35	41	44	47	50	52	57	100	113	
22	18
0	16	18	19	23	29	31	40	41	42	43	47	48	52	70	79	86	100	
21	18
2	7	8	9	11	16	24	26	27	31	32	34	44	46	50	55	86	113	
20	18
3	5	6	7	9	12	17	19	22	24	27	34	41	43	49	55	60	113	
19	17
3	4	8	18	23	26	29	37	38	40	41	43	47	52	53	83	100	
21	18
0	3	5	8	14	16	21	22	23	25	29	31	40	42	52	58	83	113	
22	18
6	7	8	11	12	13	14	17	21	22	26	31	35	40	58	81	86	113	
17	15
1	6	11	12	14	20	31	34	39	40	44	59	60	70	86	
20	18
0	2	4	17	18	25	27	29	34	35	39	49	51	52	57	59	81	95	
19	18
10	11	14	19	21	24	27	28	29	31	36	39	44	49	55	58	59	100	
22	18
3	5	6	7	9	19	21	22	32	40	44	45	50	60	79	81	86	100	
20	18
0	4	10	17	18	19	20	21	24	28	29	35	41	43	44	45	57	113	
22	17
0	9	24	28	29	36	38	43	45	46	47	52	60	79	95	100	113	
23	18
2	3	4	8	10	11	22	24	25	27	29	34	45	57	70	79	83	113	
19	17
0	4	10	13	18	19	27	30	32	45	49	50	55	59	60	79	81	
20	19
4	5	9	10	12	20	21	29	30	31	38	40	44	47	50	53	58	61	100	
17	16
3	4	5	7	8	12	22	25	36	37	38	40	41	46	51	86	
22	19
1	5	6	7	9	12	18	20	25	27	34	35	41	45	49	57	58	81	113	
20	17
2	11	14	18	22	30	31	35	38	42	44	46	47	52	83	86	100	
19	17
2	11	12	17	18	20	22	25	30	36	37	39	41	43	46	81	83	
18	17
2	6	10	13	14	28	29	31	36	41	44	46	51	52	55	59	100	
20	18
2	5	8	9	22	24	28	30	32	42	45	46	47	49	51	58	70	83	
19	18
4	7	9	10	11	21	23	24	28	34	38	41	45	46	49	55	59	79	
22	18
3	7	9	16	18	21	28	34	36	37	47	48	50	60	70	79	83	86	
19	16
1	7	12	17	18	22	26	32	34	46	51	55	58	60	83	113	
21	19
5	6	8	16	18	20	22	26	28	31	35	40	45	46	48	49	52	70	86	
20	17
0	7	13	18	21	22	31	36	43	44	47	48	49	50	70	79	100	
20	17
2	4	7	13	14	18	27	31	32	35	36	47	52	59	70	86	95	
20	18
4	6	12	14	17	18	22	27	32	37	46	47	48	51	53	61	70	100	
16	16
0	3	4	12	18	21	22	28	29	34	38	44	46	49	53	61	
16	16
8	9	10	16	17	18	20	23	25	32	35	36	39	45	51	58	
17	17
0	2	8	16	21	23	28	30	32	34	35	37	38	39	43	46	53	
23	19
6	7	20	24	25	28	30	38	42	45	49	50	52	53	59	60	79	86	113	
20	17
0	1	2	4	6	17	19	34	36	40	43	47	50	52	61	70	113	
19	18
2	4	6	11	12	13	14	18	19	22	31	32	38	44	45	57	60	70	
19	18
4	6	7	8	12	16	17	20	21	22	25	32	40	44	46	49	50	83	
20	17
0	7	9	22	23	31	32	41	42	44	46	47	58	60	81	83	95	
21	18
0	1	2	6	8	9	13	19	25	26	34	44	47	50	60	70	83	100	
20	18
2	5	10	13	14	19	20	23	36	41	43	46	49	50	53	55	81	86	
21	16
0	4	6	10	20	25	30	34	37	38	48	51	70	81	95	113	
23	19
1	8	9	14	18	21	22	24	25	26	36	38	41	42	47	49	79	81	113	
20	18
0	8	10	12	17	18	21	23	26	27	30	31	34	35	43	50	86	95	
22	17
3	4	5	7	16	21	27	29	37	44	46	49	51	79	83	100	113	
20	19
0	3	5	8	9	10	12	13	25	26	27	30	40	48	53	59	60	61	83	
19	18
1	3	5	7	8	11	13	22	23	27	31	36	45	49	55	59	61	79	
19	18
7	8	9	10	14	16	17	26	29	31	32	34	36	42	45	50	51	86	
19	18
0	3	6	7	10	20	21	25	27	30	32	34	41	44	46	57	59	100	
19	17
6	7	8	10	11	12	19	21	22	24	26	41	47	55	60	83	95	
20	16
3	4	5	7	18	22	26	27	31	37	41	48	52	81	95	113	
20	17
6	9	12	19	22	25	27	28	30	31	34	41	51	58	60	79	113	
23	18
1	4	6	8	13	17	18	23	26	36	37	38	48	61	79	81	83	113	
20	18
3	9	12	18	20	21	23	25	30	36	38	45	47	49	53	55	70	100	
20	17
6	8	14	19	25	27	31	41	43	49	50	52	55	58	79	83	100	
20	18
2	6	13	14	18	20	32	36	39	40	41	44	46	48	52	60	70	81	
17	16
1	4	6	11	12	20	26	28	31	32	36	39	40	45	50	100	
20	18
0	4	11	17	20	21	29	35	36	37	40	46	47	49	52	57	79	81	
22	19
2	8	10	16	19	20	25	31	34	37	43	48	49	53	57	58	79	81	95	
19	18
4	5	7	9	12	13	20	21	22	23	27	29	30	31	32	35	52	83	
22	18
2	11	16	21	23	24	30	36	37	44	45	47	55	59	70	79	95	100	
19	17
0	3	8	21	28	29	30	32	35	42	43	48	50	58	59	60	113	
21	17
10	14	17	19	20	21	27	29	34	38	45	49	50	57	79	81	113	
22	17
2	3	4	7	8	9	16	19	35	37	41	55	61	83	86	100	113	
19	17
0	2	5	12	13	18	20	21	32	35	38	41	48	51	52	83	100	
20	19
0	1	2	4	9	13	14	18	21	23	30	31	36	42	45	47	50	51	70	
22	18
3	7	8	10	13	16	17	25	28	36	39	42	48	55	79	81	83	95	
20	18
3	4	8	9	11	22	23	24	25	28	34	41	42	45	53	58	59	113	
17	16
0	2	5	7	10	18	23	29	34	43	44	49	50	52	59	81	
19	17
2	8	10	13	14	17	18	20	21	27	32	36	42	46	49	70	95	
20	17
0	2	5	14	16	21	22	31	32	40	44	45	52	55	58	83	113	
21	18
1	3	8	11	12	14	18	34	35	36	39	49	52	58	59	81	83	86	
18	17
8	10	12	14	19	22	34	36	40	42	44	46	47	52	53	61	100	
19	16
0	5	7	17	18	21	27	30	35	38	43	44	51	79	83	86	
19	17
0	5	6	12	14	18	21	28	29	32	34	38	48	52	53	81	95	
20	17
0	2	11	18	22	25	32	42	45	46	47	48	49	53	83	86	95	
20	17
2	13	17	18	27	30	36	37	38	42	43	44	47	50	70	79	100	
19	19
0	1	4	6	12	14	17	21	28	29	32	41	42	44	49	50	52	57	60	
19	19
2	3	9	11	12	18	21	25	28	32	40	41	44	46	47	49	53	55	57	
21	18
2	3	4	18	22	25	27	28	34	40	41	46	47	53	57	83	86	100	
23	18
2	3	6	7	12	17	20	28	32	40	45	50	58	60	79	83	95	113	
20	18
7	8	13	14	18	22	29	32	35	40	41	45	50	51	52	60	83	86	
22	19
6	13	16	17	18	25	30	37	41	43	44	47	48	51	52	59	81	86	100	
22	19
1	2	11	17	18	21	25	27	28	34	39	45	47	48	59	61	79	81	86	
21	18
0	2	7	10	16	20	23	30	34	35	39	41	42	43	52	79	95	100	
17	17
8	10	13	18	20	21	23	27	32	35	37	43	46	48	49	51	57	
22	18
0	11	12	13	14	19	21	22	23	25	26	30	34	40	81	83	86	100	
22	19
3	7	10	13	16	18	21	30	36	41	45	47	48	49	55	60	70	86	100	
18	18
2	7	14	18	23	26	27	28	29	34	37	39	41	42	43	52	55	60	
18	17
6	8	11	12	13	14	24	29	41	44	47	49	50	52	58	61	83	
22	19
2	5	8	16	23	25	32	35	36	39	43	49	50	55	57	61	70	79	81	
22	17
4	6	10	13	22	30	31	32	34	44	46	51	60	81	86	100	113	
21	19
2	3	9	10	11	12	17	18	21	23	27	29	31	37	42	51	55	79	95	
22	19
3	5	9	19	20	21	22	29	31	37	43	45	52	55	60	61	79	81	95	
21	18
0	1	2	18	23	27	29	31	35	42	46	49	53	58	61	70	86	100	
21	18
0	1	7	14	26	34	38	42	43	46	48	49	51	57	58	70	86	100	
18	17
2	6	7	8	11	12	16	22	24	31	39	41	47	51	53	59	83	
20	18
2	4	5	9	18	23	25	27	32	37	42	47	48	49	53	58	86	95	
19	18
0	9	13	14	23	25	26	28	29	30	31	40	41	44	51	52	58	83	
22	18
6	7	10	14	19	22	25	27	28	32	36	39	51	52	59	81	100	113	
20	16
2	5	12	16	24	27	32	41	43	44	50	51	52	70	86	113	
19	17
4	6	10	12	22	27	28	30	34	44	45	48	49	55	60	79	86	
19	16
1	4	7	12	16	20	31	32	34	42	44	50	52	83	86	100	
18	17
6	18	20	21	23	25	28	30	35	38	41	43	44	46	47	49	86	
19	17
8	10	11	17	18	19	22	25	34	41	46	49	50	58	61	79	81	
20	16
0	1	3	4	8	10	17	18	27	29	35	49	50	79	95	113	
20	16
3	7	18	20	23	27	30	44	46	47	48	51	60	70	81	113	
21	17
3	11	13	17	20	24	31	35	36	41	43	46	52	60	83	86	113	
22	19
1	8	14	17	19	22	23	25	29	36	42	46	47	57	59	61	79	81	95	
19	18
2	4	14	18	21	22	23	27	30	35	38	41	42	47	51	55	61	95	
22	18
2	6	9	12	16	21	22	23	24	31	34	36	40	44	60	81	95	113	
20	18
1	2	5	9	14	16	20	28	31	35	37	40	45	48	50	57	70	95	
19	18
1	3	4	11	12	20	21	22	24	28	30	40	51	52	53	57	58	81	
19	17
4	5	7	14	16	25	26	28	32	35	42	45	46	49	50	70	83	
19	16
5	6	10	20	23	24	32	40	41	44	45	48	49	51	86	113	
19	16
0	11	12	17	18	26	28	30	31	40	42	44	48	53	86	113	
18	17
1	9	13	16	21	23	28	32	36	38	41	42	44	47	49	58	95	
17	17
0	3	6	12	18	22	27	30	34	40	42	45	46	48	51	53	61	
20	17
1	3	11	13	20	22	24	36	37	42	43	44	50	55	57	70	113	
20	17
0	2	4	14	19	21	27	29	30	31	34	37	52	58	83	86	100	
20	17
8	11	17	21	24	26	31	32	40	42	44	45	46	51	60	86	113	
20	18
8	12	17	18	22	34	36	39	41	45	49	50	51	53	55	60	70	83	
21	18
0	3	9	13	14	16	18	21	36	41	43	47	52	55	60	70	86	100	
22	18
7	9	10	12	18	20	28	31	34	36	41	46	47	50	59	79	83	113	
22	17
0	4	5	11	14	22	28	30	43	46	53	58	70	79	81	83	95	
19	18
0	6	7	10	11	14	16	20	21	24	28	36	43	44	45	53	57	79	
22	17
3	4	5	10	20	29	34	40	41	49	53	57	59	79	81	100	113	
17	16
0	1	4	10	18	22	26	27	31	35	38	46	47	50	52	79	
19	19
1	2	3	4	6	8	20	25	31	35	37	39	42	46	49	50	51	53	57	
18	17
6	10	12	14	17	19	21	22	25	26	27	31	32	42	46	47	95	
19	19
3	9	10	12	19	20	23	29	30	32	35	37	39	41	42	47	48	52	57	
19	18
1	3	4	6	17	19	20	25	26	27	28	30	31	36	40	44	45	95	
20	19
2	7	10	12	17	19	22	28	32	34	36	40	43	44	46	47	53	57	86	
24	18
0	7	8	11	12	13	16	20	32	43	51	52	59	81	86	95	100	113	
20	19
0	1	4	6	14	21	28	35	36	37	38	39	42	43	44	47	49	58	79	
18	17
6	9	11	12	13	16	21	27	34	38	40	44	48	49	51	57	79	
20	17
2	4	6	7	10	17	20	28	30	37	40	43	46	49	70	83	100	
24	18
6	8	9	10	13	17	22	28	32	37	38	41	60	81	86	95	100	113	
21	17
1	3	9	12	20	24	35	36	38	43	46	47	49	51	81	100	113	
18	16
1	2	3	6	8	10	12	22	31	35	36	39	41	61	81	95	
19	18
0	1	7	8	22	29	34	35	39	41	43	48	51	52	55	57	58	70	
19	17
1	2	10	11	12	16	17	21	26	29	37	42	43	53	59	79	100	
20	17
1	3	4	6	7	19	24	31	42	44	46	47	50	58	70	79	95	
21	18
2	6	7	10	13	18	27	29	34	40	42	45	47	59	60	70	81	100	
23	18
10	12	13	20	23	25	32	40	41	43	46	50	51	58	86	95	100	113	
17	16
5	6	12	14	18	22	23	27	29	44	46	47	50	51	52	83	
19	17
1	2	4	17	18	21	23	27	28	34	40	42	44	47	50	79	86	
22	19
1	8	9	12	16	21	22	23	27	30	31	37	48	50	55	59	79	86	95	
19	18
1	4	5	7	10	25	28	29	32	36	37	42	48	51	52	55	61	86	
19	19
1	3	4	6	7	8	11	13	14	16	18	25	26	28	31	44	45	46	57	
17	17
0	1	2	3	8	11	16	18	22	32	36	38	42	45	46	49	55	
19	19
0	3	10	13	16	23	24	25	26	28	30	35	36	39	48	51	52	58	59	
22	18
1	4	8	17	20	23	24	30	32	35	38	43	48	53	57	70	86	113	
20	17
7	10	13	17	18	28	30	36	42	44	45	47	55	58	70	81	95	
18	17
5	8	11	12	14	18	22	30	35	42	46	47	50	53	59	61	83	
21	18
1	6	11	12	14	23	26	28	29	40	48	49	52	58	61	70	79	100	
25	20
10	16	17	18	19	20	26	29	31	37	40	45	46	57	59	60	81	83	86	113	
21	18
1	2	4	6	8	13	16	17	19	24	38	40	46	52	60	79	83	86	
22	19
0	2	3	7	8	13	22	23	29	38	40	46	51	57	59	60	79	81	86	
21	19
0	2	3	4	7	9	10	13	22	26	32	35	45	46	47	48	60	79	95	
22	18
8	10	17	25	32	34	38	41	43	44	47	55	58	59	79	81	86	100	
19	16
3	5	7	8	11	12	16	18	25	26	31	37	40	43	86	113	
21	17
1	5	6	8	10	14	24	26	31	35	37	41	42	45	83	95	113	
21	17
0	3	4	5	14	20	21	22	26	32	38	41	58	79	86	95	100	
22	18
7	11	16	24	26	30	36	37	38	45	46	50	51	57	60	95	100	113	
20	17
0	1	7	18	27	29	35	38	39	42	44	46	60	61	81	86	100	
19	17
0	3	6	11	12	19	25	29	34	39	45	48	49	57	60	70	95	
21	18
2	3	4	13	20	22	25	36	37	38	41	44	45	58	60	70	83	95	
19	17
0	7	16	17	18	21	24	27	31	38	43	49	51	53	59	79	86	
23	19
1	3	5	8	13	19	20	21	25	27	35	39	42	49	52	53	79	81	113	
18	16
2	12	16	22	25	26	28	34	43	44	47	52	57	58	83	100	
20	18
2	3	8	9	11	14	20	21	29	35	39	40	42	49	55	59	81	83	
18	17
0	1	5	6	7	9	10	11	18	27	29	30	32	35	38	41	81	
19	17
2	7	8	16	18	25	26	29	37	39	40	46	53	58	61	81	86	
20	17
0	3	14	17	20	21	22	27	30	32	37	49	53	58	59	83	113	
18	16
0	1	2	3	4	7	18	22	24	29	34	45	50	52	81	86	
20	18
3	6	9	12	14	16	19	23	28	29	37	38	40	44	49	59	79	86	
19	16
3	5	11	25	26	30	34	36	37	38	47	50	57	70	79	95	
19	17
1	4	5	10	11	13	18	28	31	32	43	48	50	51	59	86	100	
18	17
1	4	9	10	12	13	17	20	22	30	32	34	36	45	49	50	79	
21	17
7	9	10	12	18	19	25	26	27	28	37	48	51	70	81	83	86	
23	20
1	2	6	12	14	20	27	28	30	34	35	37	39	40	48	51	57	70	79	83	
20	18
0	3	4	11	12	20	27	28	29	30	34	35	40	46	48	57	70	95	
20	18
0	1	3	9	18	19	21	25	40	41	42	47	49	50	57	59	83	100	
21	18
2	3	7	11	16	19	29	32	35	37	40	42	49	58	59	79	81	95	
19	17
0	2	3	6	12	13	19	27	28	29	31	35	39	42	45	49	113	
24	18
0	5	6	7	10	12	13	20	34	38	43	46	58	70	79	83	86	113	
21	17
2	3	5	9	14	18	21	28	32	37	38	43	48	49	83	86	113	
18	17
10	13	22	23	26	27	28	29	34	35	37	41	46	49	55	59	79	
18	17
0	3	4	7	9	14	16	21	22	27	34	36	40	46	52	53	83	
22	18
0	1	3	5	6	7	16	21	27	32	42	47	48	61	70	79	86	100	
23	17
7	14	18	19	28	29	31	37	46	48	50	52	79	81	83	95	113	
18	17
0	3	8	12	13	14	17	18	25	28	30	32	37	39	45	55	83	
18	17
4	8	11	19	22	29	31	34	35	38	40	44	46	49	50	60	100	
20	17
3	5	12	13	18	20	22	28	34	35	36	42	52	57	79	83	100	
20	17
6	12	13	14	16	18	20	22	30	37	41	47	49	57	79	81	86	
19	18
0	1	3	10	17	27	28	29	34	35	40	42	45	46	55	58	59	95	
17	16
2	3	4	10	16	18	19	20	21	27	31	32	37	45	53	100	
20	17
1	4	5	21	22	36	38	40	41	42	47	49	50	53	86	95	100	
18	17
2	3	6	11	14	19	20	22	25	26	31	37	44	49	57	60	81	
21	19
0	2	4	8	11	19	20	22	24	31	34	47	48	49	52	53	57	95	100	
23	18
0	4	20	21	24	30	37	38	42	51	52	53	57	60	79	95	100	113	
20	17
0	4	6	12	17	19	20	26	32	34	37	41	52	60	70	86	100	
21	19
1	7	9	12	14	17	19	24	28	35	37	38	39	41	51	60	61	83	95	
22	17
2	5	6	12	14	27	32	37	40	42	51	59	60	81	83	86	113	
21	17
7	11	14	16	17	27	28	29	31	36	40	42	44	47	81	83	113	
18	17
1	3	8	21	24	25	36	37	38	39	42	46	49	50	51	53	81	
22	19
0	6	7	16	17	20	27	28	29	43	45	46	49	51	55	61	70	83	100	
21	17
1	6	16	22	27	30	32	41	46	48	49	53	55	58	70	95	113	
19	17
2	5	6	9	12	17	18	19	23	24	25	37	38	40	53	79	81	
20	17
1	4	5	12	19	21	23	26	31	38	45	50	52	61	70	79	100	
24	18
8	10	13	19	24	27	28	31	37	40	42	49	59	79	86	95	100	113	
18	18
2	3	4	7	9	11	13	20	21	22	28	32	36	43	46	49	52	58	
20	18
0	3	5	12	20	21	24	29	36	37	38	40	42	43	47	50	79	83	
20	17
2	4	8	9	10	16	18	20	25	29	34	38	42	53	55	95	113	
20	17
0	4	6	8	22	28	35	36	37	46	53	55	59	61	70	83	86	
19	17
0	1	4	6	18	19	22	30	31	41	42	43	48	51	61	83	95	
17	17
1	2	5	7	10	14	18	19	20	31	34	36	37	51	52	53	55	
20	17
4	5	7	9	12	13	14	18	27	28	29	37	46	52	79	83	100	
20	17
0	16	21	23	25	28	31	34	36	38	39	46	53	57	70	79	100	
22	18
3	12	17	18	19	20	21	22	23	28	29	36	44	51	60	81	86	113	
23	20
1	2	3	10	12	18	21	22	27	36	38	41	43	44	45	49	60	61	95	113	
19	17
0	1	8	9	11	19	20	24	26	28	31	35	44	51	58	81	100	
24	20
10	18	20	23	29	31	32	37	41	43	46	53	55	59	60	61	79	81	86	100	
19	18
0	4	6	7	12	17	18	25	28	32	38	41	42	47	48	53	61	95	
24	20
13	20	22	25	26	28	29	34	36	37	38	42	47	50	53	58	59	70	86	113	
17	16
2	5	6	9	10	12	24	25	29	31	34	37	42	59	60	83	
21	18
0	2	13	14	17	22	27	34	37	42	43	44	45	49	58	81	83	95	
20	17
2	6	9	16	17	19	28	30	37	42	43	45	48	61	79	86	100	
20	18
1	12	16	17	18	19	21	27	34	35	36	38	39	42	44	55	81	83	
21	19
3	9	13	16	17	19	21	24	25	38	39	42	43	46	49	50	52	79	100	
22	18
0	3	4	10	18	22	26	29	40	42	43	48	49	50	79	81	86	95	
20	17
1	4	7	8	17	19	27	30	40	41	44	47	55	58	60	86	113	
20	18
2	7	14	18	20	22	23	32	40	43	44	46	48	50	57	59	70	86	
18	17
3	4	8	9	12	24	29	32	37	41	42	47	50	55	58	61	70	
21	19
3	5	8	9	11	12	13	16	18	19	20	23	27	28	31	44	53	79	86	
20	17
7	9	11	12	22	27	28	31	39	40	41	47	51	60	83	86	100	
19	18
0	5	10	16	22	23	27	31	32	34	36	40	43	44	45	58	61	95	
22	18
4	8	11	17	18	23	25	29	30	32	34	47	48	58	70	83	95	100	
23	20
1	2	11	13	16	17	25	26	27	28	31	35	36	45	46	55	59	61	95	113	
19	16
0	2	3	4	6	28	34	36	43	48	50	52	53	61	86	113	
23	18
1	4	5	11	12	19	24	26	27	37	40	46	47	57	83	86	100	113	
19	17
0	4	10	11	13	20	21	22	28	34	37	38	44	52	53	79	86	
18	17
3	8	17	18	20	22	24	27	29	31	39	43	44	47	52	55	83	
20	17
2	5	9	16	17	19	22	25	35	39	41	42	53	59	81	86	100	
21	17
2	3	8	9	13	16	19	25	28	29	38	42	43	50	83	100	113	
22	18
6	21	27	28	30	31	32	45	49	50	51	52	53	55	58	70	95	113	
22	19
2	4	5	10	19	21	35	37	38	41	43	46	47	49	55	58	81	86	95	
19	18
0	4	13	18	24	26	27	31	32	38	40	42	48	58	59	60	61	79	
23	19
1	6	16	19	24	25	26	28	31	32	41	44	46	48	55	70	79	81	86	
23	18
1	3	6	16	18	19	23	27	38	40	46	49	51	58	83	86	100	113	
20	17
1	5	6	7	18	28	31	32	42	48	55	58	60	61	79	83	95	
21	18
2	4	18	20	21	24	28	34	35	36	38	46	48	52	59	70	79	83	
19	17
3	4	9	11	18	19	21	27	31	36	37	43	49	55	57	79	95	
21	19
0	5	6	10	21	25	29	34	35	36	41	42	45	49	51	59	60	70	81	
21	19
2	3	12	14	19	21	23	27	29	31	34	35	38	44	50	55	58	79	83	
19	17
3	13	16	17	18	23	26	28	29	37	38	45	47	53	57	70	81	
20	17
2	7	19	26	27	28	29	34	40	44	46	48	49	55	83	86	100	
19	17
1	5	7	8	10	11	13	14	17	22	29	30	31	47	55	70	95	
20	18
2	4	14	17	20	22	34	36	41	42	44	46	49	50	52	53	95	100	
21	20
0	10	18	19	23	30	34	36	37	39	41	45	48	49	51	52	55	57	60	83	
20	18
1	3	4	9	12	14	18	34	40	41	43	49	51	53	57	58	60	113	
23	17
0	1	7	11	14	16	19	34	36	38	48	58	70	79	83	86	113	
19	17
3	5	6	7	9	11	17	18	24	25	27	29	34	37	43	86	100	
18	17
1	2	4	5	8	9	12	17	29	30	38	39	41	43	52	58	83	
23	18
4	5	10	12	13	17	21	23	28	30	31	32	42	53	86	95	100	113	
19	18
5	6	7	10	17	18	21	22	23	28	32	41	44	45	53	55	58	79	
25	18
0	1	5	7	34	35	37	42	43	47	52	61	79	81	83	86	100	113	
21	17
0	2	3	10	13	16	17	19	26	46	49	50	53	70	81	86	95	
24	19
2	5	13	18	19	25	29	30	31	39	47	51	58	61	70	83	86	95	100	
18	17
2	3	7	9	11	12	18	21	28	32	34	41	50	51	60	61	86	
19	18
1	3	5	8	9	10	11	12	13	14	19	26	27	32	37	41	50	95	
19	17
2	4	6	16	17	20	22	25	27	31	34	46	48	50	57	83	100	
20	17
1	2	3	5	13	14	19	20	22	27	36	37	48	57	79	81	86	
20	17
0	2	3	9	11	13	17	26	34	43	46	57	60	61	79	81	86	
19	17
5	11	12	17	18	23	26	30	31	32	37	40	43	48	59	70	95	
21	18
1	2	5	6	8	9	16	20	23	27	29	31	38	42	47	50	83	113	
21	19
0	2	6	9	11	14	16	17	30	38	41	43	45	46	51	53	60	79	83	
18	17
2	3	5	9	10	16	18	20	21	25	27	30	35	41	44	50	83	
21	18
2	6	10	11	14	18	25	27	28	30	38	39	46	51	58	70	83	86	
21	18
1	4	6	7	9	11	12	17	19	20	22	30	34	40	46	48	100	113	
21	19
0	1	8	10	11	13	16	19	21	24	31	41	43	44	47	52	55	59	113	
19	18
0	6	7	8	22	24	28	31	35	37	41	42	47	49	51	59	61	100	
17	15
6	7	8	10	13	22	36	39	46	49	52	55	60	70	83	
18	15
2	9	10	13	14	19	25	28	34	36	45	55	79	83	100	
19	18
0	9	11	13	16	18	20	22	26	28	32	34	36	41	51	57	60	79	
18	14
0	2	3	11	12	24	26	34	50	51	60	70	86	113	
22	18
3	7	8	10	16	18	24	29	31	35	41	42	47	51	53	83	100	113	
22	20
0	1	3	5	10	11	19	21	22	23	30	40	45	48	49	51	60	61	81	83	
18	17
0	1	5	8	9	11	18	19	20	25	26	38	41	44	60	61	100	
18	17
0	5	7	11	13	18	20	21	30	31	37	38	39	41	52	59	100	
23	19
0	2	4	6	9	13	16	22	23	24	26	31	35	37	48	58	70	95	113	
20	18
2	10	11	12	14	17	24	27	29	30	32	39	41	43	44	46	86	95	
19	16
3	8	10	12	14	29	32	36	41	48	50	52	57	79	95	100	
19	17
6	7	9	10	14	16	19	21	29	32	34	45	48	50	52	79	95	
23	18
6	16	19	20	23	30	34	40	43	45	48	52	57	58	70	95	100	113	
22	18
0	6	10	11	17	18	25	34	36	37	38	43	55	57	59	79	95	113	
20	18
0	1	11	17	19	21	23	24	25	31	38	39	43	46	49	50	53	113	
17	16
0	4	6	11	14	18	22	28	29	32	34	40	41	43	53	95	
18	17
0	4	5	7	13	18	20	24	27	29	43	46	47	50	52	61	86	
19	17
1	2	4	7	9	11	18	20	22	27	28	29	45	48	53	79	86	
17	16
6	7	12	13	18	21	26	27	31	32	37	39	45	47	52	70	
19	17
0	7	11	12	13	17	18	22	25	26	32	49	51	55	61	81	83	
20	17
0	4	6	10	11	22	27	34	41	42	43	44	45	61	70	79	86	
18	17
1	2	6	7	12	18	21	29	36	43	49	50	51	55	58	61	79	
19	17
0	1	2	8	9	11	12	13	19	22	25	28	44	48	55	86	95	
20	18
1	2	5	8	9	13	20	23	34	38	41	45	49	53	58	59	70	86	
20	18
0	5	10	13	18	26	27	28	30	31	34	36	43	44	45	50	52	113	
22	18
1	3	14	22	27	28	36	38	39	43	45	49	50	51	61	70	79	113	
21	18
1	2	5	8	18	19	20	22	35	37	42	43	46	57	60	79	81	86	
20	18
2	4	7	9	10	12	16	20	28	29	31	45	46	49	52	55	79	95	
19	17
2	3	17	18	19	21	25	27	30	41	42	44	47	49	59	81	100	
22	18
7	20	23	26	28	29	31	37	42	47	52	55	58	61	70	81	86	100	
23	19
1	3	8	11	13	17	24	27	34	44	47	48	51	59	60	61	83	86	113	
22	19
1	5	14	18	19	21	23	30	31	34	35	37	39	49	55	57	79	83	95	
21	17
2	7	11	16	23	28	30	31	35	46	47	51	52	59	79	83	113	
23	19
0	2	5	9	14	25	26	30	32	42	47	49	51	52	53	58	70	86	113	
19	17
5	11	12	17	18	27	29	30	31	32	35	49	50	53	55	70	83	
18	16
0	1	3	16	17	25	26	27	29	46	49	50	51	61	70	79	
21	17
11	14	16	17	24	29	31	34	40	43	44	51	57	60	86	100	113	
21	17
1	2	5	10	19	32	41	42	46	47	48	51	53	70	86	95	100	
17	17
1	3	6	8	9	10	11	16	24	25	26	27	31	32	44	47	50	
23	19
7	9	11	12	18	19	21	28	29	36	38	43	45	53	58	79	81	86	95	
23	20
1	2	6	10	13	16	19	24	27	29	30	35	39	45	46	52	60	79	95	100	
20	16
2	6	12	17	18	22	24	30	31	45	50	51	53	79	81	113	
21	18
1	2	9	11	20	22	31	34	37	41	44	51	57	59	60	79	86	100	
20	16
3	5	12	17	18	24	25	30	41	46	51	53	57	86	100	113	
20	17
1	2	6	11	12	22	31	40	44	46	47	51	58	61	81	83	95	
19	18
0	2	4	5	7	8	9	10	11	12	25	28	30	34	38	43	45	95	
18	16
0	6	7	10	13	18	21	30	31	36	42	47	49	51	70	86	
18	15
0	13	18	21	27	31	34	39	43	44	51	52	70	79	83	
20	18
3	12	14	19	20	22	25	27	28	29	31	32	37	38	42	50	52	113	
20	17
4	12	14	18	23	26	29	35	38	41	46	47	49	53	60	100	113	
20	18
1	2	3	5	10	11	12	22	23	28	32	39	43	48	49	50	79	100	
22	18
0	1	3	5	10	21	25	26	31	35	37	38	45	52	61	79	86	113	
17	16
3	5	7	9	10	12	21	29	32	37	41	44	51	52	53	83	
21	17
0	3	5	12	16	21	22	24	25	29	48	53	57	70	79	95	100	
18	17
4	8	18	25	28	29	30	34	35	37	38	41	46	53	55	57	79	
18	17
0	1	2	4	8	9	16	18	29	32	41	49	53	57	58	61	70	
17	17
1	3	5	6	8	9	10	20	26	28	29	32	41	42	44	45	51	
20	17
0	1	3	4	6	11	18	19	21	34	43	46	51	55	83	86	100	
18	17
0	1	6	11	12	17	24	26	32	34	37	46	49	50	55	60	100	
19	17
0	2	8	13	20	21	24	30	32	49	51	53	55	57	60	70	81	
19	18
4	5	8	12	30	31	34	35	40	41	42	43	49	50	57	59	61	100	
18	17
0	3	4	6	8	17	19	20	31	32	34	37	38	49	52	58	86	
21	18
1	4	6	7	12	16	19	23	32	37	38	43	46	52	59	60	95	113	
22	19
4	5	6	14	17	23	25	27	32	34	36	42	47	48	49	53	61	100	113	
16	16
0	1	2	6	14	20	28	29	31	32	35	38	39	44	50	59	
22	17
0	12	18	19	20	27	29	30	31	45	47	53	58	70	81	95	113	
20	18
0	4	5	6	14	16	17	21	22	26	27	32	40	42	43	45	52	113	
22	18
2	9	12	13	16	28	32	40	43	44	46	52	58	59	61	70	83	113	
24	20
1	2	6	7	18	19	29	31	32	36	38	41	45	50	51	58	70	79	83	100	
20	18
0	9	17	18	24	26	31	35	39	43	44	49	51	52	53	57	81	86	
21	18
7	9	14	18	19	23	24	31	32	35	37	38	40	52	57	79	81	95	
22	18
2	5	7	9	11	16	21	26	29	37	44	47	52	58	81	83	86	100	
22	19
2	6	7	9	13	14	16	17	24	31	32	34	38	42	50	55	81	86	100	
21	19
7	8	10	21	23	28	29	31	36	39	40	41	45	50	51	55	60	70	83	
20	18
2	4	6	12	17	19	32	34	36	40	45	47	50	52	55	60	81	86	
22	18
1	3	4	8	13	19	21	26	34	38	40	46	49	53	58	70	83	113	
22	18
5	6	9	10	19	24	27	38	40	42	44	45	48	51	52	86	100	113	
19	17
0	1	3	6	10	12	13	17	25	28	29	38	40	50	59	79	95	
20	17
5	6	8	21	23	30	34	36	37	46	49	50	55	61	70	79	95	
15	15
18	20	21	23	25	27	30	32	36	42	44	46	49	55	58	
18	16
0	2	12	14	18	19	24	27	34	39	42	46	51	53	70	86	
19	17
6	8	10	13	14	16	17	25	27	28	32	38	42	43	50	59	113	
20	17
0	3	8	12	20	21	22	25	26	32	47	51	55	60	61	100	113	
19	17
0	2	5	11	12	13	17	19	24	28	29	30	35	48	53	59	113	
21	17
0	5	10	17	19	22	37	40	42	43	51	52	61	79	81	86	95	
20	18
0	3	5	12	19	23	25	30	34	37	40	46	48	50	51	58	70	100	
20	18
5	6	8	12	14	19	20	28	30	32	35	36	46	47	51	52	86	95	
17	17
3	10	12	16	18	20	25	26	29	34	35	36	37	41	46	48	57	
21	19
1	2	9	18	21	22	24	26	29	35	41	42	51	52	53	55	58	95	100	
23	19
0	1	20	21	34	37	40	41	43	44	47	53	57	58	60	70	79	81	86	
20	16
0	6	12	14	17	18	24	28	32	37	39	48	58	70	100	113	
21	19
6	9	12	19	21	24	25	30	31	32	35	44	46	49	50	51	61	83	100	
20	17
0	1	3	10	14	16	23	27	29	36	37	38	43	45	47	70	113	
19	16
2	7	9	11	12	18	19	20	21	34	41	50	53	70	86	95	
18	18
1	5	12	16	17	18	20	21	29	30	32	35	38	43	46	50	52	60	
22	16
6	10	11	17	19	23	28	40	44	47	58	81	86	95	100	113	
21	20
1	2	3	4	7	16	18	19	20	24	28	36	41	43	45	49	57	58	61	86	
22	18
0	1	6	7	9	11	22	29	32	34	41	43	44	51	58	81	100	113	
20	18
4	6	16	18	19	20	30	32	42	45	46	49	52	57	58	61	81	83	
20	18
1	4	6	8	13	17	19	22	27	41	44	45	48	55	57	61	70	83	
21	18
0	5	11	19	25	27	29	30	32	35	36	38	41	46	53	59	70	113	
20	18
1	5	8	11	12	13	18	24	26	28	32	41	48	52	58	61	81	100	
