1000 
53	32
0	1	4	7	8	10	11	18	27	30	32	38	40	44	51	53	64	66	69	70	73	74	79	82	83	85	93	97	113	119	123	129	
53	31
1	5	7	8	10	12	13	16	20	22	25	28	41	43	46	50	53	60	66	67	73	83	87	96	97	113	119	130	135	151	168	
48	28
0	2	5	8	10	15	19	22	23	25	27	28	29	52	64	68	69	71	73	77	82	93	96	113	131	132	135	151	
47	29
4	11	12	13	15	25	27	30	32	33	34	38	51	53	55	56	58	61	64	65	68	76	85	87	90	94	95	130	131	
51	31
0	4	5	14	16	17	18	19	20	25	32	33	43	46	49	51	55	65	67	70	71	76	81	90	93	94	96	119	130	135	168	
48	30
0	4	6	12	15	16	17	23	28	29	33	34	44	46	50	51	58	60	62	68	70	77	79	82	87	95	113	129	130	151	
51	31
6	10	11	17	20	22	23	27	29	32	38	43	44	52	55	56	60	61	62	64	68	70	71	73	74	81	90	93	94	128	130	
43	29
0	3	6	8	16	18	19	25	26	28	33	39	41	46	49	50	55	56	60	61	62	66	67	73	77	82	83	90	151	
54	30
4	13	14	17	22	25	28	29	30	34	44	47	52	53	60	65	66	67	69	76	83	85	94	97	113	119	129	130	131	132	
46	30
2	8	10	11	12	13	19	23	25	28	29	30	40	41	43	46	60	64	65	66	69	71	76	77	81	83	93	97	119	135	
48	31
2	5	9	14	18	20	22	24	27	28	29	32	33	34	40	44	47	50	52	55	60	62	65	70	81	82	85	96	130	151	168	
50	30
1	3	6	11	12	14	17	18	22	26	27	28	33	34	49	52	58	60	69	71	76	81	90	93	94	113	119	123	128	129	
49	29
6	9	10	13	18	22	26	27	28	29	47	50	51	52	53	58	60	64	68	69	70	73	77	93	96	113	129	130	151	
53	30
0	4	13	17	25	28	30	38	41	43	44	52	53	55	60	61	62	64	65	69	77	79	80	87	90	97	113	123	132	135	
48	33
0	1	2	5	6	9	10	23	25	27	29	30	32	34	38	40	44	46	47	50	53	56	60	69	70	71	74	79	81	95	97	129	131	
53	31
2	6	9	14	15	17	18	22	27	34	47	49	51	52	55	61	64	65	70	73	74	76	77	82	83	94	95	123	129	130	131	
54	32
0	2	8	11	12	19	25	26	27	38	40	41	46	47	52	58	62	63	66	67	70	73	76	79	80	85	93	96	97	129	151	168	
57	32
2	11	14	15	16	23	26	27	32	33	34	41	49	50	61	62	65	69	71	74	77	80	81	95	96	113	119	129	130	132	135	151	
49	33
1	4	7	9	10	11	13	17	22	24	25	26	30	33	39	40	43	44	46	50	55	61	71	73	74	79	80	83	94	97	130	131	132	
46	29
0	2	4	5	9	17	18	27	32	43	46	49	51	52	53	58	61	62	64	66	67	68	69	70	76	79	81	93	128	
47	30
2	9	10	12	14	18	20	22	26	29	30	32	34	49	52	53	55	58	64	66	67	68	69	70	76	79	80	93	97	131	
50	30
0	3	5	6	14	17	23	26	28	30	32	41	44	51	56	60	61	63	65	66	67	68	73	79	93	97	119	123	129	132	
45	28
2	4	5	8	14	15	18	20	25	26	28	29	44	50	52	58	60	61	63	69	76	82	90	93	96	128	132	151	
47	29
2	3	6	8	15	16	20	23	24	26	30	41	46	47	49	50	55	56	61	63	70	71	76	82	93	128	131	151	168	
47	30
1	7	11	12	16	19	22	25	28	30	32	33	38	40	49	50	51	55	58	61	66	68	70	79	85	94	96	129	135	168	
52	30
0	4	6	8	10	11	13	27	33	38	41	44	47	49	52	55	58	69	70	77	80	90	94	95	97	123	128	129	130	168	
54	30
3	7	9	11	15	17	19	27	33	34	41	43	49	55	56	60	61	71	74	79	80	93	96	97	113	119	130	132	135	168	
39	27
0	2	3	7	11	15	18	19	23	27	32	33	38	40	44	46	49	55	64	71	77	79	81	85	87	113	119	
50	31
0	1	3	4	10	12	14	23	30	33	34	38	49	52	56	60	61	63	64	67	69	71	76	79	80	82	90	93	95	97	131	
47	30
0	5	7	9	12	15	16	23	25	27	32	34	41	44	50	51	55	58	60	62	63	69	71	77	81	94	96	128	129	132	
52	30
3	4	5	7	10	11	13	18	20	25	32	33	39	52	55	56	58	60	61	65	69	74	77	79	82	95	123	130	151	168	
47	29
3	6	8	10	13	15	16	17	19	23	25	43	44	49	50	52	56	60	61	64	68	76	77	83	94	113	123	135	151	
56	31
1	2	3	11	13	14	18	22	27	40	47	52	55	58	63	65	67	70	73	76	79	80	90	95	96	97	123	129	130	131	151	
50	31
1	12	15	16	18	20	28	32	39	43	44	51	52	53	56	64	66	68	69	71	73	74	76	77	79	80	81	87	94	95	97	
55	32
2	5	7	9	10	16	17	19	20	24	33	34	38	39	51	52	56	60	65	67	69	71	73	79	80	97	113	119	128	130	131	151	
48	30
5	12	15	18	20	22	25	26	27	28	29	30	32	33	41	44	46	52	56	60	62	73	77	79	82	83	113	135	151	168	
46	28
2	3	7	10	11	12	17	20	26	27	33	41	43	47	55	58	60	65	69	77	80	81	94	96	119	123	130	135	
55	31
8	15	20	22	27	28	29	30	33	40	46	49	50	52	55	56	58	61	62	77	82	85	90	93	97	113	128	131	132	135	151	
55	33
0	4	5	7	9	13	15	19	20	22	27	28	32	43	44	47	52	55	60	65	67	74	76	79	80	82	85	90	119	128	129	130	131	
49	31
0	2	4	6	8	10	12	13	14	15	20	27	28	29	33	44	56	60	63	64	77	80	82	90	93	94	96	97	123	129	130	
54	31
3	6	12	17	18	19	28	29	40	41	43	44	46	60	62	63	64	65	67	68	77	80	82	87	93	94	119	128	130	132	135	
52	31
1	2	4	8	10	12	14	16	18	28	40	41	47	49	50	61	65	69	70	76	81	82	83	93	94	97	113	119	128	132	151	
45	29
0	1	4	5	6	8	9	13	15	17	18	24	26	27	29	46	52	56	62	64	66	68	77	79	85	97	113	119	132	
50	32
4	6	9	10	11	12	13	22	23	24	27	29	30	32	41	44	46	49	56	64	66	70	71	76	79	80	87	95	130	131	132	151	
54	30
2	3	4	7	8	12	14	16	24	27	41	50	55	58	60	63	64	68	69	70	73	77	82	90	96	113	123	128	151	168	
53	31
2	3	11	13	15	16	18	27	30	33	41	43	44	51	53	56	61	65	67	70	73	74	79	90	96	97	113	123	129	132	135	
48	32
4	5	9	11	13	18	19	23	26	27	28	29	32	33	39	41	44	49	50	51	56	58	67	69	71	74	77	83	96	130	132	168	
47	31
2	3	5	9	12	15	19	22	23	24	27	28	33	38	41	44	49	50	52	53	61	63	69	80	81	87	90	97	129	130	151	
47	30
0	2	7	13	15	16	18	20	28	32	34	40	46	47	49	52	53	56	61	65	67	70	71	74	80	82	85	93	128	135	
52	30
0	4	7	9	16	18	24	27	29	34	40	53	55	58	64	68	70	71	73	74	79	80	83	85	90	96	97	113	119	135	
53	31
5	14	15	19	20	22	23	24	25	26	30	32	39	40	53	56	61	63	66	73	77	79	83	85	90	93	97	119	123	151	168	
47	29
0	2	4	5	6	7	8	9	12	16	17	19	20	39	50	52	61	64	69	71	73	77	83	90	96	129	131	132	151	
54	32
2	6	8	9	10	11	13	16	20	22	25	27	41	44	49	50	56	60	62	66	77	80	82	83	87	96	113	123	128	129	130	132	
51	30
1	2	3	4	6	7	8	14	19	20	30	39	41	47	49	55	62	65	66	70	76	79	83	87	90	128	130	131	135	168	
48	29
3	8	12	13	15	16	27	29	32	39	41	44	46	47	49	63	65	67	76	77	80	90	96	97	123	128	129	131	135	
54	31
4	8	9	10	11	13	14	15	18	20	23	30	49	50	62	64	71	73	74	76	82	85	90	94	95	97	113	119	123	130	168	
49	29
0	1	2	3	5	7	8	11	19	23	24	25	40	60	61	64	66	71	74	79	82	83	90	93	96	113	119	130	132	
49	33
2	9	11	13	14	15	16	19	22	23	25	26	28	29	33	38	39	43	44	46	53	58	61	64	65	66	76	80	94	97	113	119	128	
53	31
0	5	6	7	20	34	44	47	50	51	53	55	56	60	62	64	65	66	67	68	69	70	71	74	76	80	81	85	90	93	128	
59	33
4	15	16	22	23	26	28	29	30	34	38	41	46	52	53	56	60	61	62	64	65	73	76	82	85	96	97	113	128	131	132	135	151	
44	31
3	4	8	11	12	13	14	25	26	27	28	32	33	40	43	44	47	49	50	55	56	61	63	70	76	80	82	90	94	96	129	
51	30
0	1	2	4	5	7	16	17	22	26	28	38	40	46	49	52	53	56	60	62	67	68	94	97	113	123	128	132	135	151	
54	32
0	6	7	8	9	10	12	15	23	25	28	39	44	46	49	50	55	60	62	63	64	65	66	71	77	85	90	123	128	129	151	168	
50	30
3	4	11	13	16	18	23	24	26	27	29	32	34	40	47	53	58	60	67	70	71	79	82	90	96	123	128	130	135	151	
51	31
0	1	5	6	12	13	17	20	22	33	34	38	41	44	46	50	51	52	55	67	69	71	73	93	94	113	128	129	130	131	132	
55	31
4	6	8	13	14	15	20	23	25	28	29	49	52	53	56	61	62	64	68	76	80	81	85	90	94	95	119	123	128	131	151	
46	28
2	3	8	10	11	25	26	28	32	40	41	43	44	49	53	56	58	60	67	69	70	87	90	93	113	129	135	151	
47	30
2	5	6	7	8	9	11	16	17	18	22	28	29	34	40	44	47	49	53	56	61	65	71	73	76	119	129	132	135	151	
53	30
0	3	8	10	12	14	15	19	24	40	41	47	52	53	55	56	64	67	71	77	79	80	82	85	97	113	128	130	131	151	
50	28
6	8	10	12	16	17	19	23	28	44	50	52	53	60	64	68	70	73	82	83	93	94	95	128	129	131	135	151	
51	34
2	4	10	11	15	17	18	22	24	27	30	33	38	39	40	46	47	49	50	51	58	60	61	62	64	65	66	68	74	82	96	123	128	131	
54	30
0	6	10	19	23	26	28	29	30	38	52	55	58	60	61	64	67	68	70	76	77	81	82	90	93	96	123	128	135	151	
45	29
0	4	5	6	7	9	14	16	25	27	29	34	38	43	50	52	62	65	67	69	70	71	74	77	95	96	97	130	131	
47	31
2	3	5	7	9	12	14	17	18	20	26	34	38	39	41	47	51	55	56	58	61	70	74	76	79	82	95	96	97	113	130	
48	29
1	3	4	5	25	27	32	33	34	38	40	41	46	49	53	56	60	62	63	67	70	77	82	90	94	123	129	130	131	
46	28
5	6	7	8	11	17	18	19	28	38	39	41	51	53	55	56	58	60	61	62	69	74	82	93	94	119	130	151	
55	33
4	6	7	9	11	15	17	19	22	30	39	43	46	49	50	51	56	58	60	62	67	68	71	74	77	79	82	87	97	128	130	135	168	
48	30
1	4	6	7	15	17	18	22	26	33	34	38	41	46	49	51	52	53	67	68	69	74	76	80	90	94	123	129	130	135	
48	31
1	3	4	6	7	9	14	15	18	23	24	27	29	30	38	46	49	50	52	60	64	69	76	77	80	87	90	113	123	130	135	
53	30
1	2	8	10	13	16	23	26	34	38	41	49	53	56	61	63	64	67	70	71	80	87	90	93	94	113	129	130	131	135	
57	32
6	8	15	16	18	19	20	26	30	43	44	49	51	52	53	65	67	68	70	76	79	80	83	90	93	95	96	119	128	129	132	168	
50	30
0	5	6	9	10	11	14	16	17	20	23	29	30	50	52	55	61	62	69	71	77	82	83	93	96	97	119	123	130	151	
53	31
1	2	4	7	8	10	11	12	13	20	30	46	49	50	52	61	62	68	69	70	71	81	82	85	87	93	96	113	119	130	168	
50	30
0	5	7	13	17	20	24	25	26	29	39	40	44	46	52	55	58	61	62	63	65	68	70	77	79	87	97	113	132	168	
57	32
13	17	18	19	20	22	24	32	38	40	41	49	50	52	55	66	68	70	71	73	76	77	82	87	90	94	97	113	123	131	135	168	
55	33
1	6	7	8	10	16	19	20	22	25	26	38	41	43	46	49	51	56	58	62	63	66	70	77	83	85	93	113	119	128	130	131	135	
55	32
3	4	6	17	19	20	22	26	30	33	38	40	41	47	55	61	65	67	69	70	74	77	80	90	94	96	97	119	128	129	130	132	
50	29
6	7	8	10	13	15	20	23	29	30	49	55	60	61	62	63	70	71	74	76	79	82	85	90	96	97	123	129	151	
48	29
0	2	4	6	11	12	13	19	20	23	27	33	40	44	58	60	62	64	67	68	71	79	81	87	90	95	130	131	168	
55	33
3	4	8	9	12	14	15	17	18	19	34	39	46	47	50	52	53	55	62	66	69	74	76	77	80	82	90	96	97	113	119	129	130	
50	31
0	2	5	7	10	11	13	16	17	20	25	33	38	39	43	44	50	51	52	56	60	66	69	70	74	94	119	129	132	151	168	
45	29
4	6	7	8	10	18	20	22	25	26	27	30	32	33	41	50	52	55	60	62	67	82	83	94	96	97	123	132	151	
52	30
3	4	5	6	12	19	26	27	29	38	40	43	55	60	63	64	65	68	73	76	77	80	83	90	93	95	119	129	132	135	
49	30
0	2	3	4	5	9	15	17	18	22	24	28	33	47	55	58	61	64	67	70	76	79	82	83	85	87	97	113	130	132	
47	30
2	3	4	5	8	12	14	24	25	26	28	30	32	33	41	47	49	55	60	66	67	70	83	87	96	97	123	131	132	135	
41	29
0	2	7	8	12	14	17	18	19	20	22	24	28	33	38	39	44	47	49	51	52	56	64	68	70	79	95	130	168	
51	32
1	3	7	12	14	15	16	17	23	30	32	34	38	43	44	49	50	52	61	65	73	81	83	85	90	94	95	97	119	129	131	132	
50	30
3	5	12	14	16	25	30	33	40	43	46	47	49	53	55	56	60	62	66	69	70	71	83	87	90	94	97	128	129	151	
53	31
3	6	8	14	16	17	18	19	22	24	26	40	49	53	55	58	61	64	66	67	69	71	76	77	79	82	85	90	132	151	168	
55	31
2	3	4	8	9	14	16	18	27	28	32	33	40	47	52	60	63	66	67	70	71	87	94	96	97	128	130	131	132	135	168	
53	31
2	3	5	8	9	14	16	17	20	25	27	30	39	40	53	56	58	69	70	73	74	76	82	87	90	93	97	119	135	151	168	
48	30
0	4	9	11	17	18	24	25	26	33	34	40	44	47	51	52	53	58	62	65	69	70	71	80	81	82	97	130	132	135	
57	30
4	7	10	15	17	18	22	33	38	53	55	56	61	63	64	65	66	68	73	76	77	83	94	97	113	119	129	132	135	151	
47	30
3	4	6	8	15	17	25	26	32	33	40	43	44	46	49	53	63	65	67	68	69	71	73	74	77	83	87	90	119	135	
50	32
0	3	4	9	11	12	14	15	22	24	27	34	38	41	44	47	50	55	60	61	62	64	67	71	77	80	87	93	96	97	128	168	
52	31
4	5	9	13	14	18	23	25	28	33	40	41	49	52	53	56	66	67	69	71	73	77	80	85	94	95	96	97	128	129	130	
50	30
0	2	3	4	5	16	17	19	23	25	27	28	40	47	50	52	53	56	60	63	65	69	82	93	94	97	128	130	131	168	
48	28
2	5	10	11	16	19	26	33	34	43	44	50	51	52	56	60	65	67	69	70	73	79	83	119	123	128	132	135	
49	30
4	6	8	9	18	22	23	26	40	41	46	47	49	50	51	52	55	60	66	67	74	79	82	93	94	96	130	132	135	151	
51	32
1	4	5	8	11	16	19	25	26	34	41	44	47	50	51	53	55	58	61	65	66	69	70	80	82	85	90	94	96	97	113	123	
44	30
2	3	5	9	10	12	14	16	19	23	24	25	26	30	34	40	41	50	52	53	55	56	64	67	70	71	74	82	130	131	
52	30
0	1	5	6	11	15	16	18	23	34	38	46	52	56	61	62	67	69	71	74	79	81	82	94	96	97	113	123	129	151	
50	33
1	2	4	6	8	14	15	16	19	22	25	27	29	40	41	44	46	49	50	60	61	62	64	65	67	68	71	73	79	97	128	129	130	
43	29
0	4	5	7	8	9	10	11	13	17	24	25	26	27	32	44	50	52	53	66	67	71	79	82	87	95	97	113	119	
55	30
0	1	6	15	17	18	22	29	32	41	49	51	52	64	67	76	77	81	82	85	90	93	94	96	119	129	130	132	151	168	
45	28
0	4	7	11	12	13	17	25	26	28	39	44	50	52	56	58	60	62	63	64	66	67	68	71	77	97	113	119	
43	29
0	2	4	6	7	8	9	10	12	15	18	20	23	29	38	46	47	50	53	55	70	71	76	85	90	97	119	135	151	
41	29
0	1	3	5	7	8	11	12	14	15	18	20	24	32	44	46	49	53	56	60	62	63	64	65	67	79	80	81	93	
54	32
0	1	5	10	13	14	20	29	32	33	34	41	44	49	50	53	56	58	61	62	63	70	76	81	90	93	96	129	130	131	132	151	
48	28
0	3	4	6	7	11	15	20	23	25	28	44	47	55	58	60	62	64	67	68	77	80	94	113	123	128	130	132	
37	28
0	2	3	4	5	6	7	15	19	20	26	29	33	41	43	44	46	49	51	58	60	62	64	65	66	70	79	97	
49	31
5	6	10	12	15	17	18	20	22	25	27	33	40	43	44	47	51	56	58	60	65	67	69	70	79	90	93	119	130	132	135	
55	31
0	3	5	11	15	23	24	44	46	47	49	51	56	58	60	63	64	66	67	71	74	81	82	83	94	96	97	119	129	130	168	
46	30
3	4	5	7	11	16	17	18	23	26	28	32	33	38	40	43	52	56	60	65	68	69	73	82	85	93	94	97	129	131	
49	29
3	4	5	7	22	24	25	27	29	39	41	44	47	55	56	58	62	66	67	70	71	79	87	90	95	97	130	132	168	
56	33
0	1	12	13	18	19	22	24	25	27	28	33	41	44	49	50	52	60	66	73	76	77	81	82	83	90	96	97	119	130	131	135	168	
48	31
0	1	2	4	5	6	7	9	10	13	14	17	18	22	26	33	47	52	60	63	65	68	71	73	74	80	87	96	130	131	135	
51	31
0	4	10	11	12	15	16	23	25	29	33	41	44	50	55	56	61	65	71	73	76	79	80	81	83	85	96	97	119	130	135	
51	30
1	3	6	7	8	11	16	24	27	30	43	49	50	52	55	60	61	67	68	70	74	76	79	90	94	96	113	129	132	151	
52	32
0	1	3	7	8	12	13	20	22	23	26	27	28	33	40	49	50	60	61	63	68	69	74	76	87	93	97	113	123	130	131	132	
53	31
1	6	8	17	19	20	22	23	26	28	29	46	51	52	53	58	61	70	76	77	81	82	85	87	90	93	94	113	123	129	131	
46	28
2	6	7	8	10	11	14	15	18	20	23	33	46	50	52	56	60	63	66	68	82	83	85	90	95	123	151	168	
52	30
1	4	6	11	14	15	18	23	44	47	49	51	52	53	55	62	63	64	67	70	77	80	82	87	90	94	113	123	130	132	
49	31
0	8	9	10	13	18	20	23	24	27	32	40	41	46	50	53	55	60	63	65	66	68	73	74	77	80	81	90	96	113	151	
51	31
2	3	6	10	14	17	20	29	30	33	38	39	44	47	51	52	56	60	62	63	65	66	77	81	85	87	94	123	129	132	151	
45	27
0	1	9	10	11	14	20	22	25	27	39	40	52	56	58	64	66	67	70	76	79	81	96	97	113	119	151	
45	30
0	2	8	9	12	13	17	18	19	20	24	25	30	33	38	44	46	49	50	55	60	68	80	81	83	96	119	123	128	131	
55	30
2	11	18	27	29	32	33	34	40	46	47	52	53	55	60	61	62	65	66	68	71	82	95	96	113	119	123	129	131	135	
50	31
0	3	5	6	8	11	13	15	19	22	26	33	41	46	50	51	53	55	58	60	62	76	77	79	85	96	97	119	129	130	151	
56	32
1	6	8	13	15	19	22	28	30	38	44	46	47	49	55	58	60	62	64	66	71	73	87	90	94	96	97	123	129	132	135	168	
53	32
2	5	6	13	17	19	22	25	26	28	30	33	41	43	44	56	65	67	69	71	73	77	79	90	93	94	95	97	123	129	130	131	
48	27
2	3	4	8	16	17	25	32	40	43	52	53	58	60	61	64	67	68	71	76	77	90	94	123	128	129	151	
43	30
0	2	3	6	9	12	13	15	20	26	27	32	33	38	43	46	49	50	62	65	67	69	73	74	76	77	79	80	81	132	
48	32
0	1	4	6	8	10	20	22	23	25	27	29	32	33	38	41	47	50	56	60	63	64	68	73	77	80	87	90	95	96	130	132	
51	31
5	8	10	13	14	20	24	25	27	28	32	39	44	47	49	52	56	58	66	69	70	71	73	76	77	81	87	95	132	135	168	
47	29
2	3	12	18	22	26	27	28	29	30	33	34	40	46	49	55	60	64	66	68	70	76	79	81	87	129	130	131	135	
42	27
0	7	11	13	18	19	25	27	30	33	34	38	40	51	52	60	61	65	69	70	71	83	93	96	97	130	135	
46	28
3	5	6	9	20	25	27	29	30	33	40	43	44	55	58	61	62	63	68	70	79	80	87	90	97	123	129	151	
45	31
1	4	5	6	9	10	17	18	19	22	25	27	38	44	47	49	50	51	53	55	60	64	68	70	77	79	81	83	93	97	129	
56	30
1	3	7	10	11	17	18	20	22	33	38	44	49	52	60	68	71	77	79	81	83	97	113	119	128	129	130	132	135	168	
48	31
0	3	5	6	7	15	16	19	24	26	27	28	30	38	39	40	44	55	58	60	61	62	67	68	69	70	71	79	113	119	132	
49	29
0	3	5	8	9	19	25	27	29	32	39	41	44	52	58	63	66	67	70	76	77	79	82	90	97	113	128	132	135	
48	33
0	2	4	7	8	9	12	13	14	15	18	22	23	25	28	29	39	40	41	49	50	52	56	62	63	69	73	77	81	85	94	131	168	
53	30
2	3	7	10	11	16	18	20	25	26	34	49	51	53	56	58	60	69	71	77	79	81	82	85	94	113	129	132	151	168	
52	31
3	4	7	11	13	15	24	25	27	39	43	44	50	51	53	55	56	64	66	69	76	77	80	82	90	96	97	113	119	123	130	
52	32
1	2	3	9	12	14	16	18	19	25	28	33	39	40	49	53	56	58	64	65	66	68	70	77	80	82	90	94	96	113	128	130	
51	30
0	7	9	12	14	15	17	20	22	23	29	34	43	52	53	56	58	62	65	67	69	70	71	73	80	81	97	132	135	168	
51	31
3	8	11	16	17	18	19	22	25	32	38	40	41	44	46	47	49	50	52	60	80	81	83	90	113	119	123	128	129	131	132	
47	31
0	1	2	3	7	10	13	18	19	23	24	25	34	39	40	41	47	49	55	62	64	68	71	76	80	83	93	94	113	119	128	
51	31
2	5	6	10	12	14	16	18	19	22	23	38	41	43	49	52	53	60	62	63	64	71	82	83	85	93	96	130	132	135	151	
50	31
0	2	6	7	8	13	14	15	19	23	32	38	39	43	46	58	60	61	62	63	65	69	77	79	80	94	95	96	129	131	151	
50	31
0	2	4	7	10	11	12	15	18	28	29	32	33	39	40	44	46	49	50	62	66	67	68	77	96	113	123	130	131	135	168	
47	28
0	3	5	7	11	15	17	20	22	29	30	32	47	50	60	64	67	71	74	81	87	90	95	96	113	130	131	168	
54	34
1	4	5	7	13	17	18	26	28	33	34	38	39	41	46	47	51	53	56	58	62	63	69	71	76	77	80	85	90	93	96	97	135	168	
49	30
2	3	4	6	7	9	16	25	27	30	33	39	41	43	47	55	56	58	70	74	77	79	85	87	90	96	97	128	130	168	
48	29
0	1	4	8	9	13	25	27	32	38	39	44	46	50	52	61	62	65	66	67	68	71	76	81	90	113	130	131	151	
49	32
4	5	12	15	18	19	23	24	28	29	30	32	34	40	43	44	47	50	55	56	60	63	64	65	68	70	71	74	80	90	119	168	
57	33
7	10	13	22	24	26	30	32	33	38	40	41	50	53	55	58	62	64	65	67	69	70	73	77	80	90	95	96	97	119	123	129	132	
51	32
2	7	10	12	13	18	20	22	26	29	30	34	38	40	41	43	46	49	53	58	60	67	71	76	77	79	96	123	129	131	132	151	
50	32
0	4	5	8	9	11	13	20	22	25	29	33	34	40	43	47	56	58	63	64	66	68	69	70	71	77	90	94	95	96	97	168	
53	30
5	9	16	17	19	22	25	40	41	43	44	46	51	52	53	60	63	67	70	74	76	77	82	94	97	119	129	130	131	168	
51	31
0	5	6	7	10	11	18	19	33	38	39	40	44	46	50	52	60	61	62	65	66	71	74	81	83	85	90	119	129	132	151	
49	31
2	3	8	9	12	14	15	17	18	20	22	23	25	28	40	41	49	50	52	58	62	77	80	81	93	96	97	119	132	135	168	
49	31
4	6	8	9	18	19	22	27	28	29	30	33	39	41	49	52	55	60	62	67	69	70	77	80	82	85	93	94	96	119	130	
52	31
0	4	6	8	9	12	13	18	26	27	28	32	41	43	46	52	53	56	58	61	62	66	69	71	77	82	97	132	135	151	168	
51	33
3	4	6	7	10	11	13	14	17	24	26	28	34	39	41	47	50	53	56	58	67	69	70	71	76	83	85	90	93	95	97	128	131	
47	30
0	2	4	5	6	7	8	10	11	12	15	33	43	44	49	55	58	61	64	65	67	68	69	73	79	87	94	97	119	151	
47	28
3	4	11	12	14	17	18	23	32	34	46	47	49	52	53	56	61	65	66	67	69	70	79	83	93	119	129	168	
53	31
3	4	7	13	14	16	17	19	20	24	25	40	46	53	55	62	64	69	71	73	74	76	77	82	85	94	96	97	119	123	168	
49	30
3	6	7	10	14	19	24	26	30	32	34	38	40	55	60	62	63	64	65	70	74	76	79	80	82	85	94	97	123	131	
51	32
1	3	4	6	7	10	11	12	16	20	25	33	38	39	41	50	53	56	60	62	67	68	69	74	76	80	90	93	94	96	113	168	
51	30
6	8	10	12	14	16	22	23	25	27	30	33	41	46	49	50	55	64	71	76	77	82	87	90	128	129	132	135	151	168	
49	31
2	17	18	22	23	24	25	26	29	33	40	43	44	46	49	50	52	58	60	61	65	73	77	80	81	82	83	85	129	130	151	
40	27
0	2	3	4	8	10	15	18	24	33	40	43	44	47	49	53	55	62	64	70	71	82	83	85	90	94	123	
49	30
2	3	5	8	10	12	13	15	20	25	30	38	41	43	44	49	52	53	66	67	68	71	77	83	94	119	123	128	132	135	
45	28
0	3	5	6	7	12	15	19	25	30	33	50	55	56	60	61	63	64	65	66	68	70	71	73	77	90	93	130	
46	29
0	3	4	9	11	12	15	23	24	29	30	32	33	38	44	49	52	69	70	71	77	79	80	83	90	93	119	129	168	
51	31
2	5	7	8	13	15	19	23	25	39	40	43	47	49	55	56	58	61	62	65	68	71	77	83	90	93	94	95	113	130	135	
50	29
0	10	11	13	17	19	30	33	38	40	41	49	53	55	60	61	64	76	79	81	83	85	90	96	97	123	130	131	132	
52	31
2	3	5	6	15	19	20	28	29	38	39	41	43	46	50	51	52	55	58	62	66	68	69	74	77	96	123	129	131	132	168	
49	31
0	4	8	10	12	14	16	25	26	27	32	34	38	43	46	51	52	61	66	67	71	76	79	81	85	93	94	97	128	130	135	
43	30
0	2	5	7	8	10	14	16	20	25	30	32	33	39	44	46	47	49	51	52	67	70	74	80	85	94	95	96	113	130	
52	31
1	7	9	19	22	23	29	34	40	41	43	46	49	50	55	56	62	63	66	69	71	73	79	87	94	96	97	113	130	132	135	
50	31
8	9	11	15	19	20	23	29	32	33	34	38	40	44	50	52	55	58	66	68	69	71	73	80	83	87	93	97	119	123	128	
54	30
3	5	14	20	23	30	32	38	39	40	52	55	60	63	66	67	69	71	73	76	79	81	82	90	93	94	119	123	130	132	
51	31
2	4	6	10	11	13	15	16	23	27	29	33	43	44	49	51	55	61	67	69	71	73	74	77	79	82	119	123	129	130	135	
54	30
1	5	6	11	13	14	15	19	23	32	43	44	50	53	58	60	62	64	68	69	85	90	95	97	113	123	129	130	131	168	
59	34
3	4	5	7	9	10	16	22	23	24	28	32	38	39	43	46	51	52	60	69	73	74	76	79	80	93	97	113	119	129	131	135	151	168	
45	29
3	4	9	10	11	15	18	25	28	33	34	38	40	47	49	56	58	68	69	71	79	80	82	83	87	94	97	113	129	
56	32
4	5	7	9	15	18	19	20	23	28	29	30	32	41	44	47	56	60	62	69	73	85	94	95	113	119	123	128	130	132	135	151	
54	31
0	3	5	6	7	15	19	20	22	23	25	27	34	39	52	53	58	61	68	73	77	79	81	87	93	96	129	131	132	151	168	
49	33
0	6	7	10	11	17	18	22	24	25	26	27	30	32	33	38	44	47	50	51	52	60	62	63	69	77	80	81	90	93	128	129	132	
49	31
2	3	4	10	11	12	14	16	18	19	20	22	39	46	47	65	67	70	71	74	76	79	81	82	83	85	90	93	97	130	151	
52	32
0	4	6	8	9	11	13	15	20	23	27	28	32	40	50	52	56	58	60	62	64	65	67	68	70	71	82	95	96	123	130	131	
54	32
0	2	4	5	7	9	12	22	32	34	38	39	44	47	51	52	56	60	61	66	67	68	70	80	85	94	95	113	119	128	129	132	
49	33
1	4	6	8	10	11	16	18	19	25	27	28	30	34	38	41	46	49	50	51	53	55	67	68	69	70	80	85	90	96	123	130	131	
50	30
0	6	7	13	14	16	17	18	20	27	39	46	47	50	51	52	56	60	68	73	77	79	83	85	95	113	119	128	131	132	
51	31
1	6	9	10	11	13	17	19	22	23	25	27	29	43	44	51	52	60	61	64	77	79	82	85	95	97	119	128	129	131	132	
50	31
0	1	4	6	8	11	13	15	17	19	20	22	25	27	32	47	61	65	67	71	77	83	87	90	93	96	97	129	132	135	151	
48	29
0	5	6	7	10	12	18	20	23	28	29	32	33	41	47	56	58	60	71	73	80	83	85	96	119	123	128	135	151	
54	32
3	6	7	8	11	14	16	17	20	25	26	34	44	46	49	58	60	62	66	68	71	73	74	79	81	82	90	96	113	129	151	168	
49	31
2	4	9	10	11	15	16	17	18	24	29	33	38	40	44	49	50	51	52	63	65	70	76	80	81	94	119	129	130	132	135	
52	30
0	3	4	11	12	15	18	25	40	41	43	49	50	55	56	61	65	71	74	77	85	90	93	94	97	113	119	123	130	132	
52	31
4	6	9	13	23	26	30	32	33	34	38	43	44	46	53	60	62	64	65	66	68	80	81	90	94	95	97	113	123	129	151	
52	31
2	3	4	8	14	15	16	17	19	22	23	25	40	43	46	58	60	62	67	69	71	74	76	79	81	82	95	129	130	131	168	
46	29
4	6	7	13	15	16	17	18	22	24	26	34	38	46	49	55	64	70	71	74	76	79	83	85	95	97	113	128	131	
48	29
0	1	2	13	14	17	18	28	34	39	40	49	52	53	58	61	64	69	70	76	79	80	81	82	90	95	97	129	131	
47	28
5	7	9	10	11	15	19	20	29	43	44	49	55	58	66	67	68	69	70	71	83	93	95	96	97	119	132	135	
50	30
0	2	3	4	5	6	8	9	14	27	28	29	41	50	58	60	65	67	68	69	70	73	74	87	93	96	129	131	132	151	
47	31
0	1	2	5	8	10	11	18	20	25	27	29	33	38	41	44	47	50	60	61	65	68	69	77	81	82	83	93	119	135	151	
52	30
3	5	9	11	13	14	17	25	29	30	39	43	44	51	52	67	70	71	74	79	87	90	94	97	123	128	129	130	131	132	
54	33
1	3	5	6	8	12	15	17	18	19	23	28	29	38	39	44	47	58	62	65	70	71	77	81	82	87	90	94	96	131	132	135	168	
48	30
0	3	9	11	13	16	18	19	22	25	27	28	29	34	44	47	52	58	61	62	63	71	82	85	95	97	113	123	129	135	
53	32
4	7	10	11	13	23	24	27	28	34	38	40	49	50	51	55	56	63	68	69	70	71	73	76	77	83	85	96	97	135	151	168	
45	29
0	2	3	4	5	7	8	9	10	18	24	25	27	40	44	53	55	58	60	61	65	68	69	70	71	80	93	130	135	
50	32
2	6	8	10	11	12	15	19	22	23	26	28	30	43	44	46	49	52	58	61	62	64	66	67	77	79	82	93	97	128	131	151	
47	31
0	1	2	7	10	11	12	16	18	20	24	26	27	38	47	49	51	56	63	64	67	70	76	80	81	82	85	93	94	119	128	
53	31
3	5	11	17	18	20	23	26	27	30	39	46	49	53	56	58	61	67	70	71	74	79	81	82	87	93	97	119	128	130	131	
51	29
2	5	11	13	15	19	23	27	34	38	40	44	53	60	64	66	69	71	73	79	80	82	83	94	97	119	123	129	168	
47	28
0	3	6	7	8	13	14	16	17	24	28	38	44	50	52	63	65	67	69	71	76	77	79	82	129	131	132	168	
53	32
1	5	7	13	14	15	16	18	24	32	33	34	38	43	46	49	53	63	66	69	70	76	82	83	85	90	95	123	128	129	131	135	
52	31
0	1	3	6	10	13	15	17	19	23	30	38	43	49	56	61	62	64	65	66	69	70	77	82	93	94	97	113	132	135	151	
46	31
2	3	4	5	7	8	15	23	24	25	32	41	43	44	47	49	50	62	63	69	71	74	77	79	81	82	83	85	87	90	151	
44	32
0	4	6	8	11	14	15	16	17	23	25	26	27	29	32	33	34	39	41	49	50	56	60	61	65	66	74	80	83	85	93	119	
43	28
2	4	5	6	8	9	13	17	25	28	30	33	38	44	49	50	52	53	55	61	63	67	68	71	73	119	130	132	
45	31
1	4	6	7	10	11	12	15	19	23	26	27	28	29	33	41	44	46	49	50	58	67	69	77	80	81	90	96	113	119	130	
45	30
1	5	6	8	9	12	15	17	18	22	23	28	33	34	38	46	49	50	52	53	60	66	68	69	76	79	87	129	132	151	
48	31
2	4	7	8	10	11	12	18	20	23	25	29	39	44	46	47	49	50	55	60	62	68	76	80	81	90	93	95	113	119	168	
51	31
0	1	3	12	15	17	19	23	25	28	39	44	47	55	61	62	63	64	65	66	67	71	77	79	82	85	93	94	97	119	131	
52	31
1	7	8	13	14	16	19	22	25	27	30	40	41	46	47	49	51	52	60	62	64	67	81	96	97	123	128	131	135	151	168	
55	34
4	7	9	12	14	16	17	19	20	25	28	34	38	39	41	43	44	50	51	61	65	70	76	79	80	93	95	96	97	113	119	129	132	168	
52	32
1	2	5	7	9	12	14	19	20	22	33	39	40	41	46	50	51	60	65	66	69	73	74	76	80	83	97	119	123	128	130	135	
51	29
2	5	8	10	11	19	23	27	29	43	44	46	51	53	60	63	64	67	73	79	80	81	90	119	129	130	131	132	151	
49	29
0	4	9	11	13	17	18	23	32	40	43	46	47	52	53	55	56	58	62	64	67	68	71	82	85	94	128	131	168	
51	30
1	3	6	7	15	20	22	23	29	30	39	43	49	51	55	56	60	62	67	69	70	77	79	80	90	93	119	128	135	168	
52	32
1	3	6	8	11	18	20	22	24	25	27	29	30	44	46	47	51	52	56	58	61	63	68	70	76	81	82	96	128	131	135	168	
44	28
2	3	5	7	8	10	15	16	17	20	22	43	47	50	52	55	56	61	62	68	70	71	74	77	94	96	123	131	
45	29
0	1	2	4	7	8	11	13	16	17	28	40	46	49	50	51	52	56	58	60	65	67	71	77	87	96	128	132	135	
51	31
0	2	4	5	7	9	10	11	13	15	23	24	26	40	41	44	49	50	58	60	64	66	67	82	97	123	128	130	131	151	168	
60	33
3	12	14	15	18	19	27	30	34	40	46	47	51	52	55	61	66	67	70	79	81	85	87	95	96	97	113	123	129	130	132	135	151	
50	32
0	3	6	9	11	15	16	19	22	25	28	39	44	46	47	50	52	60	61	63	65	66	67	76	77	80	81	82	93	95	128	130	
58	34
7	8	10	16	19	24	26	28	32	39	40	43	46	47	50	52	53	61	67	68	69	71	74	77	80	82	87	90	96	123	128	130	131	151	
48	31
2	3	10	11	13	17	19	20	26	28	38	39	40	41	47	49	51	55	56	58	61	66	70	76	79	80	83	96	128	130	131	
50	31
5	6	8	11	14	15	16	22	25	27	29	30	34	43	47	50	55	56	63	66	74	80	82	90	93	94	97	123	128	129	132	
50	33
1	2	4	6	7	8	9	10	13	17	18	24	26	28	33	39	40	43	44	47	60	61	63	68	69	70	79	83	90	93	123	130	168	
56	31
0	3	5	6	7	10	12	14	28	40	41	53	55	60	61	62	65	69	70	71	74	77	81	93	96	97	113	123	129	135	151	
48	30
0	1	4	5	7	10	18	25	27	32	33	44	50	51	52	56	58	61	63	65	69	71	76	82	83	93	95	97	113	131	
45	27
0	1	3	4	6	7	8	10	17	18	25	26	27	40	47	56	60	63	64	68	77	83	113	119	135	151	168	
48	31
2	5	7	8	9	12	15	17	18	25	27	29	34	40	43	46	49	50	61	63	66	71	77	79	94	95	96	113	119	129	132	
50	31
0	1	2	5	6	8	11	13	17	20	22	29	30	33	34	40	53	60	62	64	76	77	85	87	90	94	96	123	128	130	131	
55	30
2	3	8	9	12	16	19	27	39	43	44	47	52	56	63	64	67	70	77	79	82	85	90	96	119	129	131	135	151	168	
52	31
2	3	7	9	12	15	20	23	25	27	28	33	41	44	47	52	55	61	67	69	71	74	77	81	82	96	113	119	123	131	135	
52	31
5	6	7	8	15	16	23	27	28	32	33	34	38	41	44	50	53	60	64	73	74	82	85	90	95	96	129	132	135	151	168	
47	31
1	2	4	8	9	10	12	13	14	17	18	19	24	26	33	49	56	60	62	64	65	66	68	70	71	79	81	87	93	95	123	
48	30
0	2	3	11	14	16	19	25	27	28	29	39	40	47	62	63	65	67	69	70	73	76	79	80	82	95	96	97	113	123	
54	31
1	2	3	4	13	16	25	26	33	40	41	46	51	53	55	56	63	66	69	70	74	77	81	82	93	94	113	123	129	130	131	
48	30
2	5	6	7	8	9	12	25	27	32	34	39	41	43	47	50	58	67	68	71	74	79	85	94	95	96	97	129	151	168	
49	30
2	8	10	13	19	20	25	27	28	30	32	33	39	40	43	49	52	53	58	61	63	70	76	79	85	90	129	135	151	168	
51	31
0	2	3	4	5	6	8	14	16	17	23	25	28	29	39	41	56	58	60	61	66	77	79	83	85	93	94	123	128	130	168	
45	28
1	2	5	13	14	16	17	19	20	22	25	30	38	46	49	50	65	69	70	73	81	83	87	96	129	131	135	168	
51	31
0	1	5	12	15	16	20	25	28	30	32	33	38	40	46	51	52	60	61	63	66	67	68	76	85	93	113	130	131	135	151	
47	31
1	2	5	6	7	10	11	13	15	16	19	23	30	32	38	43	44	47	49	51	52	53	63	73	79	97	113	128	131	135	151	
53	32
0	1	5	7	8	9	10	11	14	16	20	25	32	34	38	39	47	55	58	61	70	74	81	82	90	96	119	130	131	132	135	151	
52	32
2	3	6	11	12	13	14	16	18	20	26	29	40	46	49	55	56	61	62	64	66	69	71	73	74	76	80	93	94	113	123	130	
44	28
2	4	5	15	18	19	25	28	38	39	41	43	44	51	53	56	69	71	79	81	82	83	85	93	94	97	119	130	
53	29
2	3	5	12	16	19	27	28	29	39	40	47	52	55	66	69	70	76	82	85	87	93	95	113	123	130	131	135	168	
53	33
0	1	5	6	8	12	16	17	27	28	34	38	40	41	50	51	60	61	62	63	67	68	69	70	71	74	76	79	95	97	123	129	135	
49	28
4	7	11	18	19	20	25	26	41	43	46	50	52	60	61	62	63	66	68	69	71	81	96	97	113	130	151	168	
48	31
2	3	5	6	7	12	13	20	25	26	28	33	38	40	41	44	47	51	52	60	61	64	66	74	79	87	90	123	131	132	151	
48	30
0	3	4	5	6	9	13	18	22	25	26	27	29	41	43	44	60	61	64	68	70	71	73	74	90	93	113	130	132	135	
52	31
6	9	12	16	23	25	27	28	30	32	38	41	43	50	52	58	61	62	63	64	67	69	71	77	95	96	97	119	128	129	151	
46	28
2	3	4	6	8	9	17	18	25	26	30	40	46	49	55	56	64	67	68	71	77	79	82	87	123	129	132	151	
49	30
6	7	8	9	11	14	15	18	20	23	34	43	44	47	51	52	53	55	60	63	64	66	70	71	79	94	119	123	128	135	
46	30
0	1	4	8	12	13	19	20	24	25	27	28	33	34	38	40	46	50	53	60	61	63	65	76	94	97	128	131	132	135	
50	31
0	7	12	15	19	20	22	25	26	32	33	34	44	49	51	52	55	58	61	62	67	68	69	79	82	87	95	97	131	132	135	
48	29
3	4	6	15	23	27	29	30	32	33	43	44	46	47	56	60	63	64	65	66	68	70	77	79	95	119	123	131	132	
52	30
1	2	3	4	5	6	7	17	20	22	27	32	33	46	52	53	60	66	76	80	82	85	87	93	123	128	129	130	132	135	
51	29
0	2	4	6	8	10	15	17	20	23	25	29	44	55	58	60	66	68	73	79	83	87	93	96	119	123	129	135	168	
51	32
0	1	5	7	8	9	11	15	20	23	28	29	30	34	46	49	58	62	63	65	66	67	69	71	77	79	87	96	97	119	128	135	
48	32
0	6	12	13	14	15	20	24	25	26	28	30	33	34	40	41	43	49	50	65	68	69	70	71	73	74	79	80	96	97	113	168	
51	30
5	6	13	14	20	25	28	30	34	40	41	49	50	53	55	64	65	66	70	71	73	74	83	90	93	95	96	119	130	168	
46	29
4	11	14	15	18	26	28	32	33	40	44	46	49	50	52	58	61	62	64	66	68	69	79	81	87	93	94	130	151	
48	30
1	3	7	12	14	15	20	22	27	28	30	39	44	51	52	58	60	61	62	68	71	73	77	80	93	94	96	97	123	128	
50	31
1	3	4	5	6	7	14	17	19	27	29	34	38	40	41	47	49	52	55	66	68	71	87	93	94	96	119	123	129	131	132	
56	32
4	5	6	7	10	13	14	15	16	23	25	27	41	49	55	56	58	61	64	65	73	79	83	87	94	95	113	129	131	132	135	151	
50	29
0	3	5	6	18	23	29	33	34	41	43	50	52	56	58	60	62	66	68	70	71	77	81	82	87	93	129	151	168	
51	28
3	6	9	10	14	15	19	27	51	52	53	55	56	66	67	69	70	71	73	77	81	82	94	97	119	123	129	151	
56	31
0	7	8	10	11	12	13	16	18	27	40	44	47	52	56	60	61	64	67	68	73	77	85	94	97	113	119	129	131	132	168	
53	32
1	2	11	13	16	17	20	25	27	32	34	41	43	44	49	50	60	61	63	64	68	71	82	83	90	93	97	113	119	130	131	132	
46	31
0	1	4	5	6	7	12	13	14	18	20	22	26	27	28	32	39	40	41	52	53	55	56	60	62	68	71	87	128	132	135	
49	31
0	4	8	9	10	11	17	18	23	25	26	28	38	39	44	46	50	58	60	62	65	67	70	81	83	85	97	113	123	135	151	
46	30
3	4	5	6	9	11	17	18	19	25	26	30	32	34	40	43	44	47	52	53	58	60	76	79	90	95	113	119	128	135	
52	29
5	11	19	22	33	34	38	41	49	51	52	55	60	61	65	66	70	71	74	77	80	83	93	96	97	113	119	123	135	
47	30
3	4	7	8	10	14	15	16	18	19	24	27	38	39	40	49	56	63	64	69	70	76	82	93	95	96	97	128	131	135	
46	30
1	5	6	7	8	10	11	13	15	16	20	25	26	27	44	47	49	58	63	64	67	69	73	74	79	82	93	128	132	135	
46	31
3	5	8	9	10	14	18	19	23	25	27	28	32	33	34	44	47	49	51	63	65	68	70	71	76	81	90	96	131	135	151	
48	29
2	4	9	10	11	14	16	18	38	40	41	44	49	53	55	58	61	62	64	67	69	71	77	79	80	82	119	130	151	
47	29
0	2	10	15	16	18	19	20	27	33	39	40	44	47	52	55	60	65	67	70	77	79	81	82	94	97	119	128	151	
51	31
5	6	7	10	15	16	17	19	23	30	38	39	40	49	52	53	56	60	61	62	64	65	68	69	73	80	85	97	113	135	151	
54	32
4	6	7	9	15	22	26	30	34	39	41	43	51	55	56	60	65	69	70	73	74	76	77	80	85	87	93	94	97	113	119	130	
50	31
1	2	8	10	11	12	13	16	17	19	25	27	41	43	50	60	61	63	64	65	66	67	73	76	79	80	85	90	113	119	130	
50	30
2	8	15	20	25	26	27	28	30	39	40	49	51	52	56	58	61	76	79	80	81	82	85	93	94	95	97	128	129	130	
54	32
5	6	8	10	14	15	17	18	20	25	29	30	41	50	52	55	58	60	62	63	64	74	80	85	90	95	96	97	113	119	123	130	
50	30
2	9	11	12	15	16	19	20	22	25	26	27	29	47	52	58	61	62	68	76	77	79	80	85	90	93	97	135	151	168	
56	32
14	17	19	22	23	25	28	32	34	38	39	40	41	49	52	55	56	58	62	64	67	70	81	82	87	90	93	119	123	135	151	168	
49	33
1	2	4	5	6	11	14	15	16	20	22	23	32	39	40	44	46	47	49	51	52	62	65	68	71	74	85	90	94	97	113	128	131	
47	31
0	6	7	10	12	13	16	18	20	23	25	26	29	34	39	41	44	49	51	52	58	62	65	70	79	80	95	113	119	123	135	
50	31
1	2	3	4	5	12	13	22	33	34	38	39	41	44	49	50	53	55	60	61	62	66	70	79	81	94	95	129	131	132	151	
48	31
4	5	8	9	12	15	18	20	23	24	29	32	33	43	46	50	52	56	60	61	63	64	73	77	80	83	85	87	95	113	151	
48	30
1	2	10	14	15	17	18	20	23	25	26	33	39	46	51	52	53	60	61	62	68	69	71	76	77	82	93	94	113	168	
54	30
0	2	3	6	14	16	20	23	27	29	32	34	50	55	58	61	63	65	69	70	81	82	83	96	113	130	131	135	151	168	
45	28
2	3	4	5	7	9	13	15	25	38	46	50	53	55	56	60	61	62	64	71	73	80	87	90	93	94	97	130	
42	30
3	4	6	8	9	14	17	18	19	25	27	28	32	33	39	40	47	49	50	56	63	66	67	68	70	71	76	82	87	128	
45	29
3	5	6	7	8	11	12	17	19	22	29	32	41	43	46	51	55	60	63	65	67	68	76	79	90	96	113	131	135	
51	33
4	5	6	8	13	14	15	17	19	20	25	26	27	32	39	46	49	50	56	63	64	65	68	70	71	74	76	81	83	85	113	130	132	
46	28
0	4	9	10	11	12	13	17	23	25	30	32	33	41	49	52	58	60	68	69	76	79	82	85	131	132	135	168	
43	27
0	2	6	7	8	11	12	13	15	16	19	28	39	44	58	65	67	69	73	79	82	83	95	96	131	132	151	
52	29
6	8	19	22	25	26	27	28	29	41	49	52	60	64	67	70	73	77	79	81	87	90	95	96	97	129	131	151	168	
51	30
4	6	7	11	12	14	17	23	28	34	39	44	50	51	55	62	63	64	70	77	79	81	82	85	93	119	128	130	131	132	
45	28
1	2	7	10	12	18	19	25	27	29	34	40	46	47	49	50	61	69	70	73	76	79	82	87	113	128	130	168	
52	30
4	11	12	17	18	22	28	29	32	33	40	43	47	52	60	61	64	66	68	71	73	74	79	80	96	123	128	130	131	132	
44	30
0	1	5	6	9	12	13	14	17	18	20	23	25	28	29	32	44	49	50	52	62	67	68	70	81	85	95	128	130	131	
47	29
0	2	5	6	7	11	13	14	15	16	19	23	26	28	29	49	56	58	60	64	65	68	69	79	97	113	135	151	168	
52	30
0	1	2	5	10	12	16	30	32	41	43	50	51	52	53	55	61	69	70	71	73	76	80	81	95	113	129	130	131	132	
50	29
2	7	12	15	18	19	23	26	29	30	46	49	55	63	64	65	71	73	77	79	80	81	90	93	94	96	119	131	168	
53	30
5	8	11	14	23	28	33	38	41	49	50	52	56	58	60	62	65	66	68	69	71	80	82	83	93	97	119	128	129	151	
49	30
5	8	13	18	23	24	25	26	27	28	30	32	38	49	50	52	56	60	62	69	74	77	79	81	85	93	113	123	129	131	
49	30
6	11	12	13	14	15	20	22	27	28	30	38	40	43	44	49	52	56	58	62	76	80	82	93	95	97	113	131	135	168	
41	29
1	2	3	5	7	14	15	18	20	25	26	30	32	40	43	44	46	50	60	62	69	74	79	82	85	87	93	94	123	
47	30
0	4	6	11	17	18	19	20	23	29	30	38	40	46	50	53	56	58	60	62	63	65	69	71	79	82	85	97	123	135	
47	30
1	3	4	5	7	15	20	24	30	34	38	39	41	44	47	56	60	62	64	67	69	70	71	74	79	81	87	97	129	151	
52	32
0	1	3	11	13	15	16	23	28	29	33	40	43	44	49	50	56	58	62	63	66	69	74	77	82	83	96	97	128	129	130	151	
57	31
5	7	9	10	13	17	22	23	29	30	44	53	55	56	58	60	61	64	69	73	74	79	80	81	94	97	128	129	131	135	168	
50	33
0	1	6	10	13	15	16	17	19	20	23	25	27	29	38	39	41	43	44	47	49	56	63	74	77	79	90	97	113	123	128	130	132	
43	29
0	3	4	6	7	8	9	12	14	15	20	24	25	30	34	39	41	44	53	58	61	67	70	76	80	97	113	132	135	
45	33
0	1	2	3	6	11	14	15	16	17	18	20	22	23	26	33	34	38	39	41	44	50	61	62	63	65	67	76	79	81	94	96	131	
52	31
3	6	8	14	16	18	20	22	23	29	32	34	38	39	46	52	62	63	64	66	68	70	73	76	85	93	113	128	131	135	151	
51	30
0	2	4	6	7	8	16	17	19	23	39	47	51	52	56	60	61	65	67	69	73	77	81	82	90	94	119	129	131	132	
53	28
2	9	16	18	27	30	34	40	44	52	53	55	60	64	66	69	71	73	76	81	82	94	113	123	128	129	132	151	
48	30
0	2	4	8	9	11	12	13	15	18	19	26	27	32	44	46	49	53	62	69	71	73	76	82	95	113	128	129	130	135	
50	30
0	2	12	15	16	18	19	23	27	28	29	30	33	49	51	52	53	55	58	61	76	77	82	83	94	123	129	130	132	151	
51	31
0	1	2	3	8	12	19	20	22	24	25	34	41	44	49	50	56	61	66	70	76	77	79	81	93	96	123	128	130	131	135	
53	31
3	4	11	12	16	17	18	30	41	43	46	49	53	55	56	60	61	64	65	74	77	79	83	85	90	93	94	97	119	123	131	
47	29
0	2	3	5	6	15	18	19	22	29	30	33	39	44	46	58	60	61	63	65	67	69	79	83	90	119	129	132	151	
47	28
1	3	11	13	16	19	25	27	28	40	43	44	47	53	55	60	65	69	70	71	73	74	82	96	97	129	135	168	
53	30
3	6	14	16	18	26	27	28	32	38	41	44	47	52	53	56	60	65	66	70	77	80	81	82	96	129	131	132	135	168	
56	33
4	6	7	8	16	17	18	22	25	26	30	43	46	47	50	51	52	55	56	65	67	70	77	80	81	87	94	95	123	131	132	151	168	
44	29
3	4	7	11	12	13	14	15	17	20	23	25	26	39	41	56	63	64	69	73	76	77	79	81	85	90	93	97	128	
52	30
2	3	5	14	15	18	20	24	25	27	28	29	34	49	52	56	58	64	67	80	82	87	93	94	96	113	119	130	151	168	
47	29
1	5	10	11	12	15	20	24	27	29	33	40	46	50	52	58	60	63	67	73	76	79	81	85	90	97	119	123	132	
45	29
0	3	4	5	6	7	9	12	17	18	20	26	40	43	46	47	55	58	60	64	66	69	74	76	79	93	119	128	132	
45	30
3	4	10	14	15	19	20	24	25	27	30	32	34	39	40	46	47	50	65	67	69	73	76	79	87	94	97	113	119	132	
45	29
0	1	3	5	7	9	12	15	18	24	25	26	27	28	33	40	56	58	62	66	68	74	77	79	83	97	113	129	131	
53	30
0	1	2	3	7	11	19	23	25	28	38	50	52	58	64	65	66	69	71	82	83	85	93	94	96	97	113	129	131	168	
49	29
1	6	11	15	19	22	23	27	29	30	33	41	43	44	46	53	56	65	66	77	79	94	95	113	119	130	131	132	135	
51	29
0	2	5	9	16	17	18	19	24	29	43	50	52	56	61	71	73	77	81	83	85	90	95	96	123	129	130	131	132	
47	28
1	2	3	4	10	16	27	34	40	46	47	52	53	55	56	60	61	65	70	71	74	76	79	82	85	95	129	130	
46	30
0	1	5	7	8	9	10	13	15	17	22	24	26	30	33	40	50	55	56	64	69	70	73	74	81	87	97	129	135	151	
49	32
0	2	5	7	10	11	17	20	22	23	26	33	34	38	46	49	50	51	53	60	62	66	68	69	70	76	79	81	95	113	128	132	
53	30
1	2	6	9	11	15	17	18	20	23	27	47	52	61	62	67	70	71	73	81	82	87	90	95	96	119	130	131	135	151	
45	30
1	2	3	4	5	7	9	10	14	17	24	30	33	40	44	49	53	55	60	61	64	66	68	70	71	73	76	94	97	128	
50	30
5	6	9	11	13	14	17	18	19	23	26	30	39	44	47	49	52	56	61	63	71	79	83	85	90	123	128	130	135	168	
52	30
1	3	5	6	8	9	14	15	18	20	22	38	47	55	62	64	67	71	76	77	79	80	82	87	90	94	119	131	132	168	
49	28
4	7	8	10	12	13	19	27	32	38	39	52	53	60	61	63	65	67	69	70	73	79	96	97	123	131	132	135	
49	31
0	2	3	4	6	11	12	14	15	20	23	26	29	38	39	46	58	60	63	65	66	74	76	79	80	81	87	97	113	130	132	
49	31
0	2	4	7	10	11	12	16	18	20	23	24	25	29	38	39	44	52	53	58	60	62	63	68	71	80	85	94	129	135	168	
51	30
3	11	12	18	20	23	25	27	28	32	40	43	44	46	53	58	60	64	65	69	71	74	77	79	90	94	113	119	123	168	
47	30
2	6	7	10	11	13	14	15	17	19	22	23	29	40	43	46	51	52	60	62	63	64	81	93	94	96	119	130	135	151	
43	29
1	2	3	4	6	7	8	13	17	20	24	26	27	38	39	41	47	60	62	63	70	76	79	82	85	90	93	94	168	
47	30
0	1	3	5	8	9	11	15	24	25	33	43	46	47	49	50	51	56	61	65	67	69	73	74	77	97	123	129	135	151	
51	31
4	6	11	12	13	17	20	27	28	30	40	43	50	52	53	58	62	63	65	66	69	71	73	76	77	87	93	95	97	113	119	
57	31
1	4	6	12	13	14	15	26	27	30	34	43	52	53	55	65	66	68	69	76	79	83	94	96	113	123	128	129	131	132	151	
49	27
1	5	6	22	26	34	38	41	51	52	58	61	64	66	67	68	69	70	76	79	93	94	96	128	129	130	131	
46	30
0	7	13	14	15	16	19	22	23	24	25	32	34	43	47	49	50	51	53	69	76	79	80	85	93	94	113	130	131	151	
48	29
1	4	7	9	10	13	16	17	30	32	38	40	46	47	49	53	55	56	65	69	70	77	83	85	113	123	128	131	135	
47	31
1	5	6	10	11	12	13	15	18	20	22	27	28	33	38	41	44	50	51	53	56	60	64	65	73	74	77	80	119	123	168	
50	30
3	7	14	15	19	22	25	26	27	28	41	44	46	49	56	60	62	63	64	67	68	77	79	95	96	97	113	123	131	135	
57	32
2	4	11	14	16	22	23	28	29	43	49	50	52	56	60	61	63	64	66	69	70	76	79	83	90	93	94	113	119	123	131	151	
57	31
5	6	14	17	23	30	34	39	43	44	51	52	53	56	60	63	65	68	71	73	74	80	81	82	83	97	129	130	131	135	168	
45	29
1	4	8	10	13	15	18	27	32	33	40	43	46	49	55	61	62	63	64	66	67	70	76	79	80	81	85	96	113	
45	31
1	3	5	9	16	20	24	27	28	29	30	33	38	39	40	43	44	46	47	53	56	60	61	65	74	76	82	94	97	132	151	
54	31
4	8	10	22	24	26	29	30	34	41	46	47	50	53	55	56	60	62	66	67	68	73	90	95	96	97	113	129	130	131	132	
50	31
5	7	9	10	13	17	18	19	26	29	30	32	41	49	51	53	55	56	63	64	65	66	71	73	77	79	80	94	113	128	130	
48	30
2	9	10	15	17	18	19	22	29	30	33	34	39	40	46	49	51	55	64	66	68	70	73	79	81	96	119	129	135	168	
45	27
0	3	4	7	14	18	24	25	30	32	40	46	49	53	55	62	66	69	71	77	79	82	85	96	123	135	168	
55	31
3	5	9	12	16	18	20	23	27	29	32	39	41	47	52	60	61	65	68	71	80	85	90	96	97	113	130	131	135	151	168	
45	29
4	8	10	14	24	25	27	30	32	33	38	40	46	49	51	52	55	61	68	70	73	74	79	80	82	95	96	129	131	
51	30
3	4	7	8	12	13	14	15	18	44	46	47	49	55	56	62	64	65	71	74	79	83	90	93	94	95	97	132	151	168	
49	29
1	2	3	5	11	15	16	18	19	28	33	39	43	49	50	53	56	65	67	69	77	82	83	87	128	130	131	151	168	
52	31
3	5	6	8	10	11	13	14	16	20	28	40	43	53	60	61	64	68	69	70	71	76	77	82	83	93	94	95	119	131	135	
53	32
4	5	7	14	15	22	24	26	27	29	32	41	44	47	49	52	55	60	61	66	67	71	77	79	80	81	82	83	90	119	135	168	
44	29
1	3	4	6	10	13	15	18	23	24	27	28	33	39	43	47	49	53	56	66	70	71	77	82	87	94	128	130	151	
48	29
2	6	8	10	13	14	16	17	19	25	26	28	43	49	50	55	56	60	61	63	68	76	77	81	94	113	128	151	168	
53	31
2	7	11	12	14	15	16	18	20	22	23	25	26	29	30	52	55	56	63	66	74	79	80	81	90	94	119	123	131	135	168	
57	32
1	2	9	12	15	22	24	25	32	34	38	50	51	53	63	65	67	69	70	73	76	77	79	93	94	95	97	119	123	129	130	168	
45	30
3	4	6	11	13	14	17	18	25	27	28	30	32	33	50	51	56	60	65	66	67	69	70	71	74	81	82	83	95	130	
52	32
1	3	4	6	9	10	15	17	19	20	25	26	27	29	33	41	52	55	56	58	62	66	68	77	81	93	95	97	130	131	132	135	
48	32
1	3	4	6	7	8	10	11	16	18	25	28	32	33	38	39	40	51	53	56	58	60	62	64	68	70	76	77	80	85	119	135	
49	31
1	2	5	8	9	13	17	18	26	34	38	40	41	44	47	49	58	62	63	64	68	71	73	80	90	93	94	95	96	129	168	
48	32
3	7	8	12	13	16	18	19	24	25	26	27	28	32	43	44	49	51	52	62	64	69	71	74	76	79	87	90	93	95	113	151	
50	29
0	3	6	8	10	11	15	19	22	28	44	56	58	61	62	65	66	67	68	69	70	77	83	93	94	97	129	135	151	
48	28
0	3	5	7	10	11	12	13	15	25	29	40	50	52	55	60	62	65	66	69	71	93	96	97	113	129	132	168	
50	30
3	7	8	12	15	19	26	29	32	34	46	49	51	53	55	58	61	62	65	69	70	71	73	81	87	93	96	131	135	151	
50	30
1	3	13	14	16	18	23	27	28	29	34	40	46	49	56	58	60	62	71	74	79	80	81	82	85	97	119	129	135	151	
55	31
3	4	6	8	19	24	32	34	38	39	41	47	49	52	53	61	66	67	68	69	70	71	74	79	94	96	119	128	129	151	168	
46	32
5	6	7	8	10	15	18	19	25	27	28	29	30	40	43	44	46	47	49	53	55	64	65	68	69	71	73	74	87	93	94	119	
52	29
3	5	6	10	12	17	18	22	24	43	52	53	56	58	61	62	66	69	70	71	74	79	90	93	95	113	119	129	131	
55	33
0	3	5	12	19	24	26	27	32	33	40	43	46	47	50	53	55	56	58	61	68	70	79	82	87	93	94	95	96	97	113	131	168	
50	30
0	4	6	7	8	11	12	14	15	19	22	29	44	46	52	58	61	62	65	67	68	69	76	93	94	95	119	129	131	132	
52	31
3	8	10	12	13	20	24	28	30	32	34	40	46	47	50	52	55	56	58	60	67	76	81	82	83	85	87	119	131	132	168	
46	31
0	5	7	8	10	13	14	15	17	20	25	27	30	32	40	41	43	44	46	56	61	64	70	76	79	83	93	96	97	128	168	
50	29
3	4	5	6	10	14	18	23	24	25	29	32	39	47	52	53	61	69	70	79	82	85	96	97	113	123	130	151	168	
50	30
3	7	9	13	15	19	20	25	28	30	34	38	44	46	50	52	56	58	61	65	69	76	85	90	93	97	113	128	131	168	
52	30
2	5	7	13	17	20	23	32	34	39	44	47	55	60	62	65	68	69	70	71	73	74	81	82	95	97	123	128	131	135	
53	31
6	13	14	19	22	26	27	28	32	33	39	41	44	46	49	53	55	61	62	69	70	71	77	79	81	90	113	119	128	130	168	
48	32
1	7	12	13	18	20	22	23	26	30	32	34	38	39	46	47	49	53	56	58	63	65	66	68	71	79	80	81	85	90	94	130	
48	30
7	8	10	12	16	20	22	24	25	26	30	38	43	50	51	52	58	60	64	69	71	74	76	77	90	93	97	119	123	130	
47	30
0	2	5	9	14	17	20	22	24	32	34	38	47	49	50	51	52	55	56	62	63	67	68	69	70	71	77	93	132	168	
45	28
4	7	8	10	14	15	20	23	25	27	29	30	39	40	43	56	61	65	74	76	79	82	94	95	97	113	119	168	
53	31
9	14	22	23	26	28	33	34	40	44	46	51	58	60	62	64	65	66	67	68	70	73	74	79	90	94	95	97	113	119	129	
59	34
0	4	9	12	16	17	19	23	24	29	30	34	41	43	49	53	60	61	62	64	65	67	69	73	76	79	82	85	97	113	119	128	132	168	
46	31
2	4	6	7	9	17	19	25	26	27	29	33	34	40	41	43	44	47	52	55	60	61	63	64	79	82	83	95	97	123	151	
56	32
8	12	18	19	20	22	25	26	27	28	30	39	40	44	49	58	64	65	71	73	82	85	93	95	96	97	119	129	131	135	151	168	
47	30
2	3	4	5	6	7	10	15	18	20	25	29	32	38	39	44	50	52	53	56	58	60	64	82	85	93	123	128	131	151	
45	30
2	7	10	11	13	15	19	23	27	30	33	34	40	41	43	49	51	56	60	61	64	66	69	70	74	79	81	95	132	135	
52	30
1	3	6	7	23	25	32	38	40	46	49	56	60	61	62	63	64	65	66	68	71	73	77	80	83	93	97	129	131	135	
52	32
1	2	13	15	19	20	22	30	32	39	40	41	43	46	47	52	61	65	66	67	74	76	77	80	81	83	85	94	97	119	130	131	
50	30
0	2	5	8	12	15	19	20	25	26	29	32	34	40	43	44	52	65	66	69	77	80	93	94	96	113	129	130	131	168	
56	33
1	2	7	9	11	12	16	30	32	33	34	38	41	43	46	49	50	58	60	64	66	67	69	76	82	83	85	129	130	132	135	151	168	
52	32
2	3	6	10	11	16	18	19	20	22	26	34	38	39	46	47	50	61	65	67	69	71	77	80	81	85	96	97	119	129	135	168	
48	30
0	4	5	6	13	16	18	19	24	26	27	28	29	32	40	43	46	53	60	61	62	68	71	80	90	96	131	132	135	168	
50	30
2	4	7	9	11	13	15	20	27	38	40	50	51	52	55	62	64	67	69	71	73	77	82	85	90	96	97	113	129	131	
51	32
3	5	6	7	14	15	16	20	23	27	28	30	33	39	43	44	50	58	60	62	63	64	66	68	70	71	79	83	113	119	123	151	
49	30
9	10	13	16	17	18	22	23	26	33	38	39	46	47	51	52	53	56	58	65	66	69	70	77	94	97	113	128	129	151	
48	32
1	2	5	6	11	12	14	16	19	22	23	26	28	29	32	34	40	43	46	47	60	62	63	66	70	71	77	96	119	123	128	135	
47	30
0	2	3	4	6	9	10	11	15	18	23	26	32	46	49	50	58	60	62	65	68	69	71	76	79	85	87	123	129	151	
46	30
0	5	9	10	11	14	17	18	19	22	26	29	34	38	49	50	53	55	62	64	71	73	77	79	81	95	96	97	129	135	
47	30
4	5	7	8	9	13	17	18	22	24	25	28	32	47	49	50	52	71	73	81	82	83	87	93	94	95	96	119	129	132	
47	29
3	5	6	10	12	15	20	22	23	25	30	32	40	43	46	47	49	56	60	68	77	79	90	94	113	128	129	135	168	
48	29
4	7	10	11	13	17	18	19	22	25	26	27	29	32	40	52	55	58	61	67	70	76	79	81	94	128	131	135	168	
52	31
4	6	8	18	20	28	29	34	41	44	46	47	49	51	53	56	65	66	67	68	71	74	83	93	94	95	96	119	129	132	151	
46	31
0	2	3	4	6	9	10	12	15	16	24	25	30	32	33	38	44	49	50	53	55	56	64	68	73	77	80	94	119	128	132	
46	29
0	1	2	7	10	11	12	13	25	26	27	30	33	43	47	60	63	65	66	67	68	69	71	76	81	90	129	130	135	
50	30
0	1	11	14	15	18	19	27	28	29	33	40	47	50	55	56	61	65	69	71	77	82	85	90	93	97	113	119	123	151	
51	30
4	8	10	11	12	14	16	19	20	32	41	46	49	50	62	65	69	70	71	76	83	85	87	93	95	113	123	128	129	151	
53	32
2	3	13	15	19	22	24	29	32	33	40	41	46	47	49	50	51	52	55	60	64	67	68	70	77	81	96	113	128	130	131	168	
54	31
0	2	12	13	19	26	27	33	38	51	52	53	55	56	58	60	62	66	69	70	71	73	77	81	85	87	90	93	94	128	129	
48	32
0	4	5	6	8	14	17	20	22	24	25	26	28	30	34	49	50	51	56	58	62	65	71	74	76	81	85	93	94	95	129	132	
51	32
0	3	7	14	16	17	20	23	24	25	33	39	40	46	47	49	52	56	58	61	62	63	67	71	73	77	79	83	85	97	123	168	
56	30
2	7	12	18	19	26	27	38	43	47	52	60	63	66	73	74	76	77	79	80	82	85	90	93	94	113	123	135	151	168	
51	31
3	4	6	8	9	10	11	16	18	19	28	40	43	44	50	53	62	63	65	68	71	73	79	82	83	85	90	113	129	131	135	
59	33
5	7	8	10	11	16	18	25	26	32	39	43	44	47	50	60	61	62	66	69	73	76	81	82	83	85	113	119	129	132	135	151	168	
52	32
4	5	13	14	15	17	20	25	26	28	30	33	34	43	44	46	47	49	58	61	63	66	68	69	77	96	97	123	130	131	135	168	
50	30
2	3	5	11	12	13	14	19	22	24	32	43	44	51	52	60	63	66	67	68	71	73	79	80	81	90	130	132	135	151	
57	33
1	3	5	9	10	11	16	20	23	24	25	26	28	38	40	53	58	64	66	67	68	70	73	77	94	96	97	113	119	123	132	135	151	
48	30
0	1	2	4	5	11	12	26	27	28	29	33	38	39	49	52	55	56	60	61	63	76	77	79	82	94	97	128	130	131	
59	32
0	2	10	15	19	22	23	25	27	29	38	39	47	52	56	63	64	68	69	73	77	83	85	90	94	113	119	123	129	131	151	168	
48	31
1	3	8	10	12	13	14	16	19	20	26	27	39	40	49	50	53	56	67	69	70	73	74	76	80	81	82	95	97	113	123	
45	31
0	2	3	4	10	11	12	14	18	19	24	28	29	30	32	38	47	50	52	56	60	67	69	71	76	79	82	93	94	95	123	
51	31
1	3	4	15	22	23	24	29	32	34	38	40	50	51	53	56	64	67	69	70	71	73	81	82	83	90	93	94	119	130	131	
54	31
1	2	3	7	10	16	17	20	22	30	32	33	40	43	56	65	67	69	70	73	77	79	87	94	96	97	119	129	132	151	168	
52	30
3	5	6	7	8	11	18	22	23	28	38	41	43	44	55	60	64	66	71	73	74	83	87	93	119	128	129	132	135	151	
54	30
3	5	6	7	13	14	20	26	27	41	44	46	47	52	55	56	68	70	71	76	77	82	83	87	113	123	131	132	135	168	
54	31
3	4	5	6	9	13	17	19	20	28	33	38	51	53	56	62	64	65	67	71	74	81	82	85	87	94	123	128	130	131	132	
51	32
3	8	14	15	16	19	25	27	28	32	34	39	40	41	47	49	52	53	55	56	61	67	70	74	80	82	83	85	93	94	132	168	
52	29
16	17	23	25	29	32	33	34	39	46	49	50	60	62	64	65	69	76	77	80	81	82	85	113	128	129	130	131	135	
47	31
0	3	5	6	7	8	10	12	16	18	19	23	26	28	33	38	47	60	67	69	70	71	73	74	81	82	90	95	96	123	135	
53	29
0	4	5	6	13	15	19	22	43	50	53	55	56	58	61	62	64	65	69	70	71	81	90	93	113	119	129	131	151	
50	32
0	3	4	7	9	12	19	22	25	26	28	30	32	33	41	47	50	55	60	66	67	73	77	79	82	83	90	94	96	131	135	151	
44	29
1	3	4	6	8	9	11	14	23	25	27	28	32	40	47	50	52	58	63	67	68	70	71	76	85	95	97	123	135	
50	30
1	2	7	9	10	15	23	26	27	38	44	51	52	58	62	64	66	69	70	73	74	77	79	81	82	83	94	97	113	129	
50	30
9	11	12	14	15	16	19	23	24	26	40	44	46	50	51	53	58	65	69	71	73	82	83	85	90	97	130	131	135	168	
54	30
0	1	7	11	12	18	20	22	26	27	32	39	46	52	56	60	62	65	68	73	87	93	94	96	123	128	130	131	151	168	
47	29
0	3	9	16	18	19	23	24	27	30	33	34	39	49	52	68	70	71	76	79	82	85	87	90	96	97	113	130	135	
49	30
0	4	5	7	8	12	14	17	24	26	28	34	44	50	53	55	60	63	67	68	70	71	73	81	90	96	97	123	128	151	
45	29
3	4	8	12	14	16	18	25	27	28	34	38	40	41	46	47	49	56	60	66	67	71	81	82	94	97	123	135	168	
45	28
0	2	3	5	10	11	12	14	15	17	25	41	43	44	51	52	56	58	61	67	70	79	90	97	113	123	129	132	
62	33
1	2	11	12	14	15	20	28	32	40	49	51	52	53	58	60	69	71	74	80	81	82	85	95	96	97	113	119	123	129	130	135	168	
48	32
3	5	6	8	9	12	13	14	15	17	18	20	24	26	28	39	44	49	50	56	65	68	69	73	74	80	81	85	87	97	113	168	
45	29
3	4	5	8	9	11	12	14	16	17	18	20	22	38	44	47	51	52	53	71	83	87	90	94	97	119	128	129	132	
45	30
4	6	7	9	11	12	13	17	18	24	28	29	32	38	39	41	43	46	52	53	55	56	68	69	70	74	85	123	131	135	
52	32
8	10	15	20	23	24	25	26	28	29	33	34	39	40	41	52	56	61	62	65	66	67	68	69	70	74	79	80	83	97	132	168	
56	31
2	7	8	10	14	20	23	26	28	40	46	56	58	60	61	65	71	73	76	77	80	81	83	85	90	93	95	119	135	151	168	
46	28
0	5	8	10	12	13	16	17	25	49	50	51	52	53	55	60	61	64	66	76	83	85	90	95	96	97	129	131	
51	31
6	9	10	12	18	20	22	25	29	32	34	46	50	52	55	56	58	61	63	70	74	76	77	79	85	87	93	96	97	113	151	
49	30
0	2	8	13	17	18	19	20	23	34	38	41	43	44	49	52	61	65	66	70	71	73	74	79	81	83	95	113	135	168	
51	32
0	2	7	15	16	18	19	20	22	23	24	26	28	34	40	41	52	53	60	61	62	64	68	71	73	80	81	85	94	96	151	168	
61	32
2	9	10	12	13	15	25	26	43	50	51	52	55	56	58	62	67	70	77	80	81	85	90	95	113	123	129	130	131	132	135	151	
45	29
0	1	2	5	7	10	11	13	17	18	22	25	28	33	40	51	58	61	63	64	70	74	76	79	81	93	119	129	131	
44	29
0	1	2	3	4	5	11	15	18	27	29	30	33	34	47	55	56	58	61	62	64	66	68	70	76	79	87	94	131	
54	31
1	2	5	6	8	11	14	20	32	34	41	46	50	53	58	61	66	68	69	70	76	83	87	90	93	95	129	130	131	132	151	
42	28
0	4	5	8	11	17	25	28	29	30	33	34	44	50	51	52	55	60	62	64	67	77	80	93	94	96	97	132	
56	32
4	6	13	17	19	20	23	26	28	29	32	34	40	46	50	51	55	56	65	71	73	74	94	95	97	113	123	128	131	132	135	168	
47	29
2	5	7	9	10	11	15	17	18	20	28	29	46	47	49	56	64	65	70	71	80	81	87	95	96	119	130	132	135	
49	29
2	3	8	13	16	19	20	24	27	40	41	43	49	61	62	64	70	71	77	79	80	81	90	94	96	128	129	131	151	
51	33
2	3	4	6	8	12	17	18	19	22	25	29	33	39	41	44	47	49	50	55	58	60	62	65	67	71	81	83	90	113	119	128	130	
48	30
1	3	5	6	8	14	15	20	23	25	27	29	40	47	49	58	62	64	68	74	77	79	85	90	94	95	96	130	131	135	
50	31
0	1	5	7	8	12	22	23	27	40	41	46	47	49	51	52	56	58	66	67	70	74	76	79	83	93	96	97	129	131	132	
56	32
3	6	9	10	13	14	18	19	20	22	28	30	39	49	52	53	67	69	70	71	73	76	77	80	81	90	94	113	119	128	129	168	
52	30
0	2	7	8	11	12	14	15	20	25	40	43	46	52	53	60	63	64	65	69	71	76	80	81	94	119	128	130	132	151	
53	31
0	6	8	13	16	19	24	30	39	40	44	46	47	51	60	63	64	65	66	67	68	74	79	83	90	95	128	130	131	132	135	
52	31
6	7	10	16	20	22	25	29	30	32	34	40	43	46	50	58	65	68	70	71	74	76	82	83	95	96	97	132	135	151	168	
44	27
3	4	7	8	11	13	15	19	20	32	38	44	46	49	52	56	64	65	69	79	80	81	85	113	119	132	135	
54	31
1	7	12	15	17	18	25	29	34	38	43	52	56	58	60	61	62	64	65	67	74	77	80	85	87	93	95	97	123	129	135	
53	31
2	3	5	8	14	17	19	23	25	32	34	40	46	55	58	60	61	64	67	68	70	71	79	83	85	90	96	130	132	135	151	
52	32
0	2	3	5	8	11	16	17	19	20	25	33	34	39	44	49	50	60	69	70	71	77	80	81	82	85	87	113	123	128	129	130	
47	31
2	3	4	6	7	13	17	19	20	26	30	32	33	39	40	43	44	46	61	67	71	74	77	79	80	83	94	97	113	130	131	
52	30
0	5	10	11	16	18	23	24	29	32	33	39	44	50	51	52	55	64	66	70	73	85	90	94	113	123	129	130	131	168	
49	31
0	7	8	9	13	17	20	22	24	26	27	30	33	39	40	46	50	52	56	60	61	62	73	81	83	85	97	119	123	131	132	
48	31
0	1	3	4	5	8	9	10	11	19	20	32	39	40	41	50	52	58	61	62	67	68	69	70	73	83	90	96	97	119	131	
50	29
7	8	19	25	27	29	34	40	43	50	52	56	60	61	62	63	64	66	67	68	70	76	80	81	90	93	97	123	151	
47	31
0	1	3	6	7	9	10	11	12	15	19	20	25	28	38	39	40	47	52	55	58	60	66	76	79	80	87	90	113	128	151	
49	31
0	7	8	12	17	20	23	24	25	26	29	33	38	39	40	49	52	53	60	61	62	68	76	79	81	90	95	97	119	128	132	
50	30
2	5	6	10	12	18	19	24	25	30	32	33	40	46	47	49	55	56	60	65	68	81	82	95	119	129	130	131	135	151	
52	32
0	4	10	15	22	23	24	25	27	30	38	40	43	46	47	51	56	62	63	67	74	76	77	79	80	90	94	97	119	131	132	135	
47	30
0	2	4	5	11	13	20	26	27	33	34	40	44	49	55	56	60	62	64	65	67	70	71	80	82	90	93	94	96	119	
54	31
4	6	11	22	23	24	29	30	34	40	47	53	55	56	60	61	62	64	65	66	67	69	71	73	76	79	85	96	119	129	130	
51	30
1	5	7	19	24	26	27	29	33	38	46	47	55	56	58	61	62	63	64	70	76	77	81	85	93	94	97	119	128	131	
47	29
0	2	4	8	9	10	13	16	17	18	19	30	41	44	50	55	56	60	67	68	70	73	79	80	93	96	113	135	168	
47	30
1	2	7	8	10	13	14	23	24	26	27	28	33	40	46	49	56	58	60	61	63	69	70	77	85	93	97	129	135	151	
46	31
0	3	4	5	7	12	17	18	20	22	24	30	32	34	38	39	44	49	52	56	58	62	65	68	70	79	83	85	93	128	135	
47	29
1	2	9	10	17	18	20	22	23	26	29	34	40	46	52	60	61	64	65	69	71	73	76	79	80	82	113	130	151	
55	30
0	6	9	11	18	19	34	40	44	49	51	58	61	64	66	69	70	73	74	76	79	82	83	93	94	119	128	132	135	168	
47	30
1	3	4	5	7	9	14	23	24	27	30	32	39	46	49	52	53	55	58	65	69	70	73	76	79	82	85	97	113	128	
53	31
0	1	6	10	13	15	19	20	28	30	33	38	40	41	49	53	58	61	64	65	69	70	76	77	90	113	123	129	132	135	151	
52	31
3	8	16	19	23	25	26	32	34	41	43	44	50	52	53	55	61	62	65	66	68	70	71	74	82	83	93	94	113	130	131	
49	31
2	3	4	5	7	13	15	20	22	26	34	41	44	46	47	51	55	56	61	64	69	70	71	74	80	82	93	94	96	131	168	
51	33
0	1	5	7	8	10	11	22	24	25	28	29	30	32	34	39	44	50	52	53	58	64	67	70	73	80	85	90	93	95	129	130	131	
50	31
1	6	10	11	12	13	16	17	18	26	29	32	34	43	46	50	52	60	63	64	66	71	74	79	85	94	96	129	130	132	135	
49	30
0	3	4	5	6	11	15	16	19	22	24	26	38	49	55	61	64	68	69	70	71	73	74	76	79	87	90	119	130	131	
44	28
0	3	4	5	9	11	15	17	18	20	23	29	50	51	52	56	58	67	71	73	77	80	81	85	90	97	128	132	
46	30
0	1	4	6	7	12	13	14	15	20	22	25	28	41	44	47	51	52	61	68	76	77	79	80	87	93	97	131	132	135	
45	29
0	1	2	3	4	5	7	12	13	18	22	25	26	41	44	46	50	51	60	66	77	79	93	94	96	130	131	132	168	
52	31
2	4	5	9	10	20	23	28	40	47	49	51	55	56	60	61	65	66	70	71	73	76	77	80	82	85	90	95	96	119	135	
49	30
2	9	10	11	12	15	17	18	19	20	23	25	29	39	46	49	53	56	63	65	66	69	71	79	94	119	123	128	132	135	
46	29
3	7	8	10	11	14	15	16	20	23	25	27	29	30	43	49	66	68	69	74	76	77	79	80	97	113	119	123	135	
51	32
0	2	3	4	6	10	12	18	23	26	30	32	34	38	39	44	46	49	55	61	66	69	70	73	79	81	87	93	123	130	135	168	
48	32
0	3	6	7	9	11	15	16	23	24	25	26	28	30	33	34	38	49	58	61	64	67	70	71	73	76	82	83	85	93	129	135	
57	33
0	2	4	6	7	12	15	20	23	26	33	34	40	41	51	55	58	61	64	67	76	77	80	83	87	93	97	113	119	129	130	131	135	
51	32
2	3	4	6	7	9	16	28	29	30	38	39	40	49	50	51	52	55	58	60	66	70	71	73	74	76	77	90	94	95	119	168	
47	30
1	2	4	6	8	9	20	24	27	33	38	47	50	51	52	53	60	62	63	69	70	76	77	80	81	85	87	90	93	132	
54	33
4	10	14	15	16	20	24	25	26	29	30	33	40	49	50	52	55	56	65	69	71	73	74	77	81	82	85	90	93	94	97	119	168	
51	30
2	6	12	17	19	22	23	24	26	28	29	30	47	52	60	61	62	69	70	73	74	77	79	82	83	96	128	130	131	135	
50	29
6	8	10	11	13	14	18	34	44	49	51	52	55	58	60	62	64	66	70	74	79	83	93	95	96	97	119	129	135	
47	29
0	1	2	5	11	13	17	22	24	30	33	34	40	41	44	47	50	51	60	62	67	81	96	129	130	131	132	135	168	
46	29
0	3	6	8	9	11	12	19	20	22	27	40	43	46	47	49	53	60	63	64	66	68	70	79	82	96	113	129	168	
51	31
1	2	7	8	9	13	15	19	22	28	34	38	41	52	53	58	60	61	64	65	67	71	73	76	80	82	85	93	97	113	135	
47	31
2	3	6	11	13	15	16	17	24	25	26	33	38	43	44	47	49	50	55	58	61	64	68	70	74	82	90	95	129	131	132	
48	32
3	6	8	9	16	17	20	25	26	27	29	30	32	38	40	43	44	46	47	49	50	60	62	63	69	83	87	113	128	129	131	151	
43	28
0	3	6	11	12	13	14	15	17	23	26	27	28	29	33	44	60	63	64	65	77	79	82	93	96	113	128	129	
53	31
1	4	6	10	11	14	26	28	38	40	43	47	51	52	53	64	66	67	69	70	74	76	85	90	93	94	97	113	119	128	151	
56	32
1	4	5	10	14	15	17	19	23	24	26	30	50	52	53	60	61	64	69	70	71	73	77	81	82	93	96	97	113	128	151	168	
47	31
0	2	3	4	9	10	14	18	19	22	23	26	30	34	41	43	46	47	53	56	60	64	65	69	76	79	82	94	113	123	132	
48	29
0	5	7	8	11	13	14	17	18	19	25	26	28	32	49	52	55	61	64	67	68	70	77	79	96	113	132	135	168	
55	33
1	5	11	14	17	18	20	26	28	32	34	38	43	44	46	49	50	55	58	60	62	77	80	81	85	93	95	119	123	128	129	132	151	
50	30
1	2	4	10	11	13	14	15	16	17	24	26	40	44	53	55	61	64	65	71	73	76	81	82	94	95	119	128	131	135	
49	31
0	1	3	5	6	8	15	17	19	24	25	26	27	32	34	43	46	50	60	67	69	76	79	85	90	93	95	113	129	130	168	
53	29
3	10	14	18	19	27	40	46	52	55	58	64	67	70	71	73	76	77	79	81	82	87	93	94	95	97	119	128	131	
48	30
3	4	5	6	11	14	17	25	27	28	33	43	46	50	51	52	56	58	60	61	65	66	67	80	82	87	96	119	128	130	
50	30
2	4	5	6	7	9	10	13	20	24	30	33	43	47	49	52	55	61	62	69	70	76	79	85	90	119	123	128	132	135	
49	31
1	5	7	10	13	18	20	25	28	30	32	38	41	43	46	47	49	52	55	60	61	64	69	73	81	93	96	123	132	135	151	
48	32
1	3	4	5	7	9	15	20	22	25	34	38	39	41	43	50	51	56	58	61	63	68	70	71	74	76	79	81	85	87	97	123	
52	31
1	2	4	7	9	11	13	17	23	25	34	40	41	43	50	52	55	61	63	65	71	77	79	81	83	85	96	130	131	151	168	
49	31
5	6	7	8	14	17	18	19	22	26	27	28	29	41	44	47	49	50	53	58	64	70	71	77	82	93	128	129	130	131	135	
53	31
0	6	11	15	17	20	29	33	41	43	46	47	49	52	55	56	60	61	63	65	66	67	68	77	81	94	97	128	129	130	151	
53	32
2	8	10	14	16	18	20	22	23	27	29	32	38	40	47	50	55	56	62	63	65	70	71	74	77	79	82	94	130	131	151	168	
46	29
0	9	10	13	14	20	22	25	26	27	33	40	44	47	53	55	61	64	65	69	70	71	77	87	90	94	97	123	132	
53	32
1	2	6	7	10	12	13	15	16	20	24	32	43	44	46	49	53	62	63	65	66	74	77	80	81	85	97	129	130	131	132	135	
49	29
6	13	14	17	23	25	34	38	40	43	44	47	49	52	58	62	64	67	68	70	80	81	82	94	95	97	129	131	168	
44	31
2	3	4	7	8	9	12	14	16	18	20	24	27	30	33	41	46	49	50	52	53	55	60	65	76	77	80	85	93	97	119	
48	31
0	7	8	9	11	12	15	18	20	22	24	25	29	32	34	38	40	52	64	68	71	76	77	79	80	83	93	97	113	119	130	
49	31
4	5	7	11	13	14	16	18	22	24	25	26	29	32	34	43	44	47	52	64	66	69	70	74	80	94	95	123	130	131	168	
52	31
4	13	18	19	22	24	25	26	27	28	29	30	39	40	47	62	70	73	76	77	81	82	90	93	94	97	119	123	130	135	151	
52	29
3	5	8	10	15	16	18	25	32	40	51	52	53	55	60	61	63	65	66	71	76	77	82	85	119	123	129	132	135	
53	32
5	13	19	20	22	25	27	30	32	38	39	40	46	47	49	52	60	63	64	66	68	69	73	76	79	80	82	83	123	128	131	132	
47	30
0	1	2	3	6	7	14	18	19	22	27	33	34	41	44	46	47	52	62	65	71	73	87	90	93	97	128	130	132	135	
52	30
2	8	13	19	20	22	29	34	38	39	41	43	44	47	52	61	63	66	70	71	79	80	83	95	113	123	131	132	135	151	
43	28
0	4	7	11	13	18	19	20	25	30	38	40	44	50	55	58	60	62	63	66	68	77	80	82	90	93	97	123	
46	29
0	7	10	13	14	15	19	25	27	30	34	38	39	40	52	55	58	65	66	69	76	80	81	82	93	94	97	130	132	
52	31
1	2	6	9	11	13	22	23	27	38	40	41	47	49	52	53	56	60	65	66	70	71	74	79	81	83	90	113	123	129	135	
52	32
0	2	3	7	14	16	18	19	22	24	25	27	28	34	41	44	49	55	58	60	64	71	74	81	82	83	93	96	113	128	135	168	
49	30
1	4	6	7	12	15	19	20	22	23	34	38	44	46	50	60	62	64	70	74	76	81	82	85	90	95	113	128	129	151	
50	30
0	2	4	5	6	8	18	20	26	27	29	33	41	44	52	55	60	62	64	66	70	77	79	82	90	96	97	128	151	168	
51	30
1	3	5	16	19	24	27	29	30	32	33	44	52	53	56	60	64	65	67	70	73	77	79	81	82	85	90	130	132	135	
51	30
3	6	9	11	12	14	15	20	32	40	44	50	56	63	64	65	66	67	68	69	79	80	85	90	93	96	97	113	129	132	
49	33
2	3	7	8	12	13	18	20	24	25	27	28	30	38	41	47	49	50	51	55	56	60	61	70	71	73	76	81	94	95	97	130	135	
45	31
0	2	3	5	6	12	13	15	20	23	25	26	28	30	32	34	39	40	41	49	56	61	64	73	74	77	79	90	97	131	168	
49	30
2	3	5	8	15	17	19	29	34	40	41	49	53	55	56	60	61	62	63	64	66	69	73	79	80	85	87	94	97	131	
49	30
3	5	7	14	18	20	22	25	27	28	32	33	34	40	46	49	52	53	60	64	65	76	77	85	87	123	128	130	131	135	
51	30
0	1	2	3	8	12	15	16	25	27	28	33	49	52	53	61	62	64	65	66	67	69	70	74	87	96	129	131	135	151	
53	30
0	4	7	14	27	28	29	39	40	41	47	52	53	61	66	67	70	71	77	80	81	93	94	95	96	97	113	130	131	151	
51	30
0	2	3	4	5	12	14	16	25	30	41	43	46	49	53	55	60	61	66	69	76	79	85	87	93	94	130	131	135	168	
49	31
0	4	5	6	10	11	14	17	20	22	24	26	29	33	38	50	52	53	61	66	67	69	70	71	76	85	93	97	119	123	129	
49	30
2	5	6	11	12	18	20	23	26	28	29	33	34	40	47	50	60	61	66	69	74	76	77	79	82	95	130	132	151	168	
50	33
3	7	8	11	12	15	16	18	19	20	25	27	30	34	38	40	46	47	49	53	56	60	65	68	79	81	93	94	96	97	113	135	151	
49	28
2	8	9	12	13	14	17	20	22	23	28	44	52	53	56	61	68	70	73	74	81	90	94	97	129	130	131	168	
51	31
0	2	3	6	8	11	12	18	25	30	32	34	39	41	43	44	55	60	63	65	66	67	68	69	77	79	97	113	123	129	168	
50	27
0	10	11	19	23	29	32	40	47	52	60	61	62	64	65	66	71	73	79	83	90	96	97	119	123	151	168	
46	29
2	3	9	10	11	18	20	30	38	40	41	43	46	49	50	51	56	62	66	71	74	79	83	90	94	119	123	132	151	
53	31
0	2	4	10	12	15	24	25	26	27	29	33	38	49	52	55	56	61	63	66	68	69	77	79	87	93	97	123	128	129	168	
61	34
10	12	13	18	23	24	25	29	34	39	44	47	51	52	58	60	62	67	68	69	70	71	74	77	87	90	93	96	97	119	123	129	135	168	
47	31
5	8	10	13	18	19	23	24	25	26	30	32	33	39	43	44	49	50	52	60	61	62	63	69	73	81	95	96	129	135	151	
43	28
0	2	3	5	6	12	16	19	25	28	38	39	41	44	50	51	56	58	60	65	66	67	81	82	97	128	131	132	
52	31
1	3	4	7	8	11	12	15	25	30	32	41	46	47	50	52	53	55	60	61	67	68	76	82	87	95	113	119	129	132	151	
49	31
1	2	3	4	5	8	14	18	24	25	26	27	32	34	41	44	47	52	53	66	70	76	79	80	95	96	97	119	129	131	132	
52	31
3	4	5	8	9	11	12	14	18	20	23	27	40	41	49	50	60	63	64	66	67	68	71	76	90	97	130	131	132	135	168	
54	32
1	2	3	6	7	9	16	17	23	25	27	32	38	39	50	53	56	64	65	68	70	77	81	85	87	90	97	113	119	128	129	151	
45	30
0	2	4	5	6	7	12	17	20	24	25	29	30	33	41	43	44	46	47	49	52	60	67	70	83	119	130	131	132	135	
45	28
0	1	6	10	11	12	13	15	17	22	43	44	50	55	58	64	65	67	68	69	70	71	85	90	93	97	129	132	
50	30
0	2	4	10	11	14	18	22	27	29	30	32	33	38	44	46	50	52	60	65	68	73	74	81	113	123	131	132	135	168	
53	31
2	5	10	12	17	19	20	24	29	30	32	33	38	43	52	56	60	61	63	66	68	71	73	74	77	87	93	123	132	135	168	
44	29
1	2	3	7	8	13	14	20	22	25	27	32	33	40	47	50	60	61	63	65	69	70	76	77	79	85	90	130	132	
48	30
0	3	7	9	10	13	14	15	18	19	24	27	40	44	46	47	52	55	61	65	67	77	79	94	95	97	113	129	132	151	
48	30
0	2	5	6	7	8	13	19	27	28	34	38	39	41	44	50	53	60	61	67	69	71	76	77	81	82	119	130	132	135	
45	29
1	4	5	6	7	12	17	18	19	22	25	28	33	38	39	52	66	67	70	76	81	82	83	85	93	94	95	131	151	
45	29
0	2	6	8	9	13	20	22	27	28	32	33	34	41	44	50	61	62	64	65	67	68	69	70	90	93	119	123	131	
45	30
2	5	7	8	10	12	13	14	15	18	20	24	25	27	28	30	39	46	51	58	74	76	79	85	94	95	96	119	131	168	
48	30
0	6	7	9	10	14	15	17	19	23	33	40	43	51	52	65	67	69	71	76	77	80	81	85	93	94	95	96	131	135	
49	30
2	6	8	15	16	17	19	22	25	29	40	43	47	49	52	61	63	67	69	71	76	77	82	83	90	94	95	129	132	151	
48	31
3	4	6	7	9	14	15	20	24	27	28	33	38	41	46	47	56	58	61	62	64	73	77	79	81	87	90	93	97	131	132	
47	31
1	4	6	8	9	11	13	15	16	23	27	28	34	40	43	46	49	53	56	60	61	63	70	74	79	87	90	93	95	128	135	
49	29
0	2	4	6	8	12	18	28	34	38	39	41	44	46	53	58	66	69	70	82	85	87	93	97	119	128	130	135	151	
46	30
0	3	4	10	11	12	14	16	17	18	22	23	24	25	32	33	49	50	52	60	65	66	69	76	94	96	123	128	130	131	
55	30
4	9	10	17	23	26	34	43	49	51	53	55	60	61	64	69	71	74	76	77	79	81	82	85	97	113	119	128	130	132	
53	31
2	6	7	8	12	14	17	18	19	25	27	28	33	34	41	47	63	64	65	70	71	76	81	85	96	119	131	132	135	151	168	
51	29
4	11	13	14	18	27	32	39	41	44	47	49	52	56	58	64	67	70	74	76	77	79	90	94	95	113	128	135	168	
50	31
4	7	13	14	15	18	19	20	25	26	27	32	39	40	46	56	58	61	62	63	76	77	79	83	90	93	94	97	113	128	135	
52	31
0	5	7	8	9	10	12	13	15	20	23	38	39	43	47	58	61	62	68	70	76	79	80	87	90	97	113	119	131	132	135	
51	31
0	2	4	6	7	8	15	20	27	28	30	32	44	51	52	61	64	69	70	71	74	77	79	80	81	83	85	87	97	129	168	
57	32
9	14	16	19	20	22	26	27	30	34	38	43	47	51	52	53	60	62	67	69	76	81	82	90	96	97	113	131	132	135	151	168	
47	31
4	7	8	12	14	15	16	20	25	30	32	33	34	38	39	44	51	52	53	60	61	62	68	74	76	80	85	94	95	119	135	
40	26
0	2	4	5	7	10	15	23	25	40	47	49	51	53	55	56	61	64	66	68	71	79	83	90	94	119	
47	30
1	3	4	6	7	9	10	14	15	18	27	44	46	49	50	56	60	62	63	65	67	69	71	77	80	81	82	87	123	135	
45	29
0	2	5	6	11	12	18	19	20	30	33	34	43	44	47	49	50	52	60	62	63	66	70	79	85	128	131	132	151	
48	30
6	9	10	11	12	16	17	18	24	29	34	43	47	50	52	53	58	66	67	70	71	76	79	81	85	93	95	97	119	129	
48	29
0	3	5	6	7	11	17	20	29	34	40	44	47	49	55	60	63	64	67	69	71	73	79	82	85	90	130	132	168	
62	34
6	9	16	17	19	23	24	26	33	34	39	40	43	44	49	53	61	62	64	66	68	69	71	74	79	81	119	128	129	130	132	135	151	168	
49	32
1	2	5	7	9	10	14	18	19	20	23	24	27	30	41	44	47	50	51	61	64	67	68	70	71	74	81	95	123	131	132	151	
50	30
2	4	5	8	10	13	23	24	25	30	32	38	39	40	41	49	50	61	63	68	70	71	80	96	123	128	129	130	131	168	
46	28
6	10	11	13	14	15	25	30	38	43	44	46	49	53	55	60	62	66	67	68	69	74	87	94	96	123	129	131	
51	31
0	1	7	15	16	20	22	23	25	32	34	40	51	56	60	61	62	64	65	68	71	74	77	79	80	81	82	90	94	119	130	
47	30
0	2	6	9	16	19	22	28	32	38	39	40	41	43	44	50	51	60	65	66	67	69	70	77	79	80	93	128	151	168	
53	31
1	3	4	7	14	15	20	23	33	34	41	46	50	51	56	60	61	73	76	79	80	83	87	90	95	97	113	128	129	135	151	
52	30
4	9	10	20	28	29	40	47	50	51	52	53	55	56	60	67	69	70	71	77	80	85	87	90	94	95	96	97	129	151	
57	31
1	5	6	15	18	23	28	33	44	46	49	52	60	65	68	71	73	74	77	80	82	83	85	90	93	95	129	131	135	151	168	
50	31
2	6	8	9	15	20	23	26	29	32	33	38	43	46	50	52	53	56	61	62	64	67	69	74	77	79	87	97	123	132	135	
49	28
4	5	6	8	9	12	14	27	28	29	40	47	52	53	56	60	65	66	67	69	73	87	94	119	128	129	131	132	
51	31
4	8	11	13	18	22	24	26	32	33	34	38	40	44	52	53	62	64	66	69	70	73	76	79	80	81	95	97	129	130	151	
49	29
0	1	2	3	4	5	8	12	13	15	20	24	44	49	52	53	56	64	69	70	73	77	79	90	119	128	130	131	132	
46	30
1	5	6	11	12	14	16	17	18	20	26	28	33	34	40	44	46	51	52	53	58	60	69	70	79	81	82	128	129	168	
50	30
2	3	10	11	12	13	14	18	20	22	27	44	47	49	52	56	58	64	65	68	71	73	74	76	80	82	119	123	128	135	
56	32
2	5	6	7	15	19	20	26	29	34	39	40	41	51	52	55	61	64	70	71	77	80	87	93	94	95	96	113	131	135	151	168	
54	31
1	3	4	6	11	14	18	24	27	32	40	46	51	58	62	67	70	71	74	79	80	82	83	94	96	97	113	119	123	135	151	
46	29
0	3	6	9	10	12	15	18	19	20	32	33	43	44	47	49	50	52	58	68	77	80	83	87	93	113	130	135	168	
48	30
1	2	7	8	12	15	19	20	22	26	34	38	39	43	46	50	52	67	73	76	77	80	81	87	90	94	113	128	131	151	
48	29
3	6	8	10	11	17	18	20	26	39	51	52	55	58	60	61	67	71	73	74	76	77	79	82	85	90	93	94	119	
54	30
0	3	5	6	11	16	17	22	23	28	29	40	47	58	68	70	71	76	79	81	83	90	95	96	123	129	131	132	135	168	
53	30
1	6	9	10	16	18	20	27	39	40	49	55	62	69	70	71	74	76	77	79	82	83	85	87	93	95	113	119	123	151	
61	34
0	1	3	5	17	20	28	29	30	38	41	47	49	55	56	61	64	65	67	68	69	71	77	79	80	82	93	94	97	113	119	128	130	168	
48	29
2	5	6	20	22	26	27	28	34	41	44	47	49	50	53	55	60	62	64	65	71	73	77	81	82	123	128	132	151	
57	34
1	6	8	13	15	17	19	20	24	25	26	29	34	39	47	49	58	60	61	62	65	66	74	82	83	85	87	93	95	96	128	131	135	168	
55	33
4	8	9	11	14	19	22	23	25	26	30	32	33	34	43	44	49	53	55	60	66	69	77	81	90	93	94	96	113	119	129	151	168	
53	32
6	11	14	16	19	22	23	26	27	30	41	43	46	49	50	53	56	58	65	67	69	71	76	79	81	82	93	94	96	132	151	168	
48	28
6	8	9	12	13	14	18	23	28	29	44	50	52	58	61	62	66	68	69	70	74	81	90	95	113	129	131	132	
57	31
3	11	17	18	20	22	25	26	29	32	33	34	56	60	65	68	69	71	74	77	79	81	90	93	97	113	119	129	132	135	168	
49	29
0	2	4	5	11	12	13	24	25	27	28	34	38	40	60	61	64	67	70	71	79	82	96	97	119	129	130	131	132	
53	30
0	6	8	10	12	13	24	25	32	39	40	49	55	58	61	62	64	69	70	76	79	82	83	85	93	123	129	131	132	151	
47	29
1	5	8	9	10	11	12	14	27	33	38	41	44	49	50	55	60	63	65	66	67	80	83	93	97	119	128	129	151	
43	28
1	5	7	10	13	14	18	22	23	26	27	28	34	40	47	51	52	53	56	58	71	93	94	96	97	129	132	151	
54	31
2	4	6	13	14	15	17	23	28	30	32	39	41	50	52	61	63	65	67	69	70	77	94	96	97	119	129	130	131	132	151	
57	31
12	13	18	22	26	27	28	29	32	34	44	47	58	62	64	65	68	70	71	81	82	87	90	93	94	113	129	131	132	151	168	
57	32
1	6	8	9	10	12	13	15	17	18	29	46	49	51	55	63	64	66	68	73	83	85	93	94	96	113	129	130	131	132	135	151	
46	28
3	4	5	7	9	15	16	27	29	39	40	49	52	53	56	58	62	67	69	70	79	81	82	85	90	97	113	135	
46	30
0	5	6	8	11	16	23	24	25	28	30	38	40	44	46	51	52	56	58	60	61	62	63	66	67	79	83	93	119	129	
58	32
1	5	6	9	22	25	27	29	30	34	39	41	49	55	61	67	68	70	73	74	77	79	82	94	96	97	113	119	123	129	130	168	
53	31
3	4	6	7	8	10	11	23	24	33	38	40	41	49	53	60	62	63	67	69	70	74	76	85	93	94	113	119	129	132	151	
49	31
0	3	4	6	7	13	14	16	20	23	25	27	28	29	38	41	44	50	66	70	74	76	77	80	82	97	113	123	131	132	151	
52	31
1	3	5	6	9	14	17	20	24	27	30	33	46	47	49	55	56	58	61	65	66	71	77	81	85	87	129	130	131	132	135	
51	30
2	9	11	14	15	17	19	22	23	25	34	39	50	52	53	61	63	64	71	76	80	85	87	93	94	97	113	119	135	151	
48	29
1	2	3	4	5	8	12	15	17	18	29	32	40	46	47	52	58	61	63	66	70	76	77	94	119	123	129	131	132	
55	30
2	4	11	15	18	19	20	40	50	51	58	61	62	67	69	71	73	76	79	80	81	82	85	90	93	94	128	131	135	168	
54	30
1	2	6	16	27	28	34	40	47	49	50	53	55	62	63	67	69	71	76	79	80	82	85	90	94	113	129	130	131	151	
52	31
0	5	6	10	12	13	14	15	16	19	24	40	41	44	53	55	62	63	66	70	71	73	76	80	82	93	94	113	129	131	135	
55	31
1	5	6	10	11	14	17	20	26	30	43	49	52	55	56	58	61	65	66	69	71	77	79	80	82	83	93	129	132	151	168	
54	30
1	6	7	10	11	23	25	28	29	41	44	49	53	55	58	62	67	69	70	80	90	93	95	96	113	119	129	130	132	135	
48	30
4	5	6	7	8	9	12	15	17	19	22	24	28	43	46	52	53	55	62	69	70	71	74	82	85	90	96	131	135	151	
46	29
2	6	11	12	16	19	22	28	30	33	34	38	41	44	50	51	52	58	60	62	66	67	70	76	81	87	132	151	168	
44	28
0	2	4	9	10	11	13	17	26	27	29	33	40	41	44	49	55	58	60	67	79	82	83	87	128	129	130	132	
48	29
1	2	4	8	10	11	16	17	29	39	41	50	55	56	60	61	62	64	65	69	70	73	74	76	79	82	85	113	128	
41	29
1	2	4	7	10	12	14	16	18	20	25	26	27	30	34	38	40	49	51	53	60	64	68	76	79	85	95	113	119	
55	31
4	9	11	14	18	22	24	26	32	34	43	46	47	50	52	53	56	60	61	65	66	68	71	83	85	113	123	130	132	151	168	
50	30
7	8	10	11	13	14	15	20	23	25	30	32	33	40	60	61	63	65	70	73	76	77	79	82	90	94	96	119	135	168	
50	29
2	5	8	9	10	15	17	19	25	29	30	47	49	52	55	56	61	62	63	65	66	73	81	94	96	119	129	131	168	
52	30
0	4	6	10	16	18	29	33	34	43	44	49	52	53	56	58	66	68	69	70	74	76	79	80	82	90	123	128	129	132	
43	29
0	2	3	5	6	8	9	10	14	16	19	22	25	28	40	41	47	49	62	67	69	71	77	82	87	96	128	135	151	
47	29
0	8	10	11	13	15	23	27	32	33	39	40	44	47	49	52	55	60	63	65	67	71	76	90	95	123	129	130	135	
48	31
0	2	5	6	7	14	15	16	17	18	19	22	24	26	30	34	39	44	49	51	55	64	66	93	94	113	119	128	130	132	151	
41	29
1	2	4	6	7	8	10	13	14	17	18	20	22	25	26	33	39	51	52	58	60	67	76	80	85	93	94	97	132	
47	30
1	3	4	7	11	23	25	26	28	29	33	38	40	47	51	61	63	64	66	68	70	73	76	79	83	90	93	97	113	128	
59	32
10	14	15	19	23	32	39	41	46	47	53	55	58	60	61	62	64	65	70	77	81	82	83	93	94	95	96	113	119	130	135	151	
47	31
0	1	3	10	11	14	20	22	23	26	33	40	44	46	47	50	51	52	53	58	61	62	71	77	81	82	87	93	97	128	131	
58	33
2	5	6	7	11	17	19	22	23	27	38	40	50	60	64	66	67	68	70	71	73	76	80	82	90	93	94	96	97	131	132	151	168	
50	30
0	1	3	7	15	16	22	27	32	34	40	43	44	49	56	61	67	68	69	70	71	76	79	81	95	96	113	119	129	151	
46	30
2	4	6	8	15	17	23	26	29	32	33	34	41	43	44	47	50	55	61	62	63	68	69	73	79	93	97	113	119	132	
51	29
1	2	5	10	15	16	18	27	28	29	30	49	52	55	56	58	61	65	67	69	70	79	80	82	94	113	128	129	168	
51	30
0	2	3	8	12	14	16	19	26	27	39	40	49	52	56	60	62	63	64	67	71	77	79	80	85	90	113	123	129	135	
52	30
0	2	14	18	19	25	27	30	32	33	34	40	46	55	58	60	62	63	65	67	69	76	79	82	95	113	119	129	130	151	
47	32
0	6	7	10	13	15	16	19	22	26	28	30	32	33	34	46	49	50	56	58	64	67	68	69	70	71	73	74	81	95	97	123	
49	29
3	4	5	7	10	11	12	14	16	23	25	28	32	43	50	52	60	64	67	69	71	83	96	97	119	123	132	151	168	
52	33
0	3	4	5	7	12	14	16	17	18	23	25	29	30	33	34	40	44	55	60	63	73	79	80	82	85	87	94	97	128	130	132	135	
51	30
4	6	7	12	17	19	22	28	29	34	38	43	46	47	52	53	55	60	62	69	70	74	79	87	96	113	119	123	128	135	
41	28
0	5	6	7	11	14	17	19	23	25	28	44	47	50	51	55	63	64	70	74	76	79	80	81	82	93	95	97	
49	29
2	5	9	10	11	20	22	27	28	30	39	40	41	44	47	52	56	65	66	67	71	81	82	119	130	131	132	135	151	
50	30
14	15	17	19	22	23	24	26	32	33	39	40	51	52	55	56	67	69	70	73	77	79	83	85	87	90	93	119	123	131	
42	28
0	3	7	8	10	11	13	16	20	23	24	25	26	30	34	40	52	53	55	67	71	83	93	94	96	97	113	129	
49	29
0	5	9	11	19	20	22	24	25	30	34	46	52	55	61	62	63	66	67	70	71	76	79	90	93	97	123	135	151	
51	30
2	6	7	10	11	13	17	18	20	26	28	41	46	49	50	53	56	58	65	66	69	71	74	77	82	123	131	132	151	168	
51	31
1	6	8	11	12	13	17	18	28	32	34	38	44	46	49	50	58	60	69	74	76	80	81	90	94	95	113	128	129	130	135	
48	31
0	4	7	8	12	14	15	17	23	29	32	39	43	44	46	49	52	53	56	67	69	70	71	73	79	82	83	90	94	119	128	
49	30
3	6	9	12	13	14	20	22	23	26	27	28	29	39	44	52	58	66	69	70	73	77	79	80	81	82	128	130	131	132	
50	30
0	1	2	3	5	7	8	10	12	15	25	26	28	30	33	41	60	65	66	67	74	85	93	95	96	123	129	135	151	168	
47	28
5	9	10	11	13	14	15	17	18	32	47	50	51	52	53	56	60	62	63	68	71	80	85	93	113	123	129	151	
48	30
0	4	5	6	13	14	20	25	27	38	39	40	41	46	49	52	55	61	65	68	69	70	73	77	79	82	94	96	131	168	
54	33
4	5	6	8	9	12	15	16	17	18	25	30	34	38	39	41	52	53	55	62	63	65	66	67	68	81	94	96	97	123	131	135	151	
48	29
4	8	9	14	16	18	27	30	33	39	40	46	51	52	53	55	65	66	68	71	73	90	94	95	96	97	119	130	132	
56	32
7	9	12	18	19	24	27	29	38	39	41	43	51	55	60	63	65	67	69	70	73	76	77	79	90	93	94	97	119	128	151	168	
46	30
0	4	5	6	11	15	17	18	19	20	23	29	33	46	49	53	56	61	62	63	64	65	67	79	81	82	85	94	97	119	
52	30
2	3	5	6	11	16	19	23	26	29	39	40	43	58	60	66	67	69	74	79	82	87	90	94	96	97	128	130	131	168	
56	33
0	1	5	6	7	9	11	27	33	34	38	43	44	46	50	51	55	64	67	69	70	74	81	83	87	90	96	97	119	129	132	151	168	
47	31
7	8	9	10	11	12	19	25	26	30	32	33	34	41	43	44	46	51	52	60	65	67	69	77	81	87	90	93	123	131	135	
50	29
0	4	5	8	17	22	26	28	34	46	47	51	52	53	55	56	58	61	67	68	70	73	90	93	97	123	129	131	135	
48	31
1	6	8	10	13	14	16	18	19	23	25	26	27	30	39	49	52	55	60	62	63	67	76	79	81	85	90	94	96	113	123	
55	33
1	6	11	12	14	15	18	26	27	34	38	40	41	46	47	49	61	62	63	67	68	70	81	82	90	94	96	97	113	119	129	132	151	
53	32
1	2	4	8	9	17	18	19	22	25	30	39	43	47	49	52	60	61	62	69	76	77	79	85	87	90	96	97	113	123	130	151	
52	31
0	2	5	8	10	11	19	22	24	29	32	33	39	40	41	47	52	55	61	62	68	70	76	79	85	90	119	123	130	131	168	
55	33
0	1	6	7	15	18	20	22	25	29	32	33	34	46	53	55	58	63	64	65	68	74	76	77	79	81	85	87	94	97	119	129	151	
51	30
2	3	7	8	12	15	19	22	38	41	46	47	50	52	55	58	61	62	65	66	70	74	81	85	87	96	123	128	131	135	
52	31
1	7	10	11	12	13	17	20	22	25	26	29	43	46	49	52	58	64	69	70	71	76	79	80	82	90	97	129	131	132	168	
47	29
4	5	7	11	16	20	22	23	24	25	28	38	44	52	53	55	61	64	66	71	73	76	82	83	93	94	97	113	151	
54	32
3	4	5	6	9	10	13	14	18	25	28	29	44	50	52	53	56	60	64	66	73	76	79	82	83	90	94	96	119	123	131	151	
57	32
1	8	11	13	17	19	23	26	29	30	41	46	47	50	52	65	68	69	70	76	77	81	83	87	90	97	113	129	130	131	135	168	
52	31
3	6	7	8	13	14	18	24	27	28	34	39	41	44	53	58	61	64	65	67	69	70	73	74	79	85	93	119	129	131	135	
48	29
3	6	7	12	18	19	25	26	27	33	34	38	43	47	52	60	61	63	64	67	69	73	77	79	96	119	130	135	151	
48	30
0	2	3	7	9	11	12	15	20	25	27	32	33	34	39	43	47	52	64	67	70	79	81	87	96	119	128	131	135	151	
55	32
1	4	5	6	16	17	20	33	34	38	41	47	49	50	51	56	60	61	63	64	69	74	77	80	83	87	93	123	128	129	130	168	
51	30
1	8	9	10	11	12	15	17	20	25	29	30	38	52	53	55	56	63	69	74	83	85	87	90	94	97	123	128	129	131	
46	30
0	2	3	5	8	11	12	19	27	32	34	40	41	44	50	52	53	55	58	60	61	62	63	70	73	79	81	85	93	132	
51	30
0	2	6	10	11	17	20	33	38	39	40	49	52	53	55	58	61	62	63	69	70	83	90	93	94	95	96	131	132	151	
49	29
0	9	10	11	16	17	18	19	23	40	44	47	52	53	55	64	65	71	73	74	79	82	83	85	90	97	113	131	151	
44	30
0	3	6	10	20	25	26	27	29	30	32	33	34	39	40	46	49	52	53	58	60	62	66	74	76	79	85	87	96	151	
40	27
0	3	5	6	7	11	18	19	20	29	34	40	46	49	52	53	56	60	63	64	66	67	71	79	82	85	95	
46	28
1	7	9	15	19	20	25	28	29	30	38	40	44	52	58	66	67	73	77	79	82	85	90	95	97	113	132	135	
50	30
2	3	5	7	10	11	13	22	27	28	32	38	41	44	53	63	64	65	67	69	70	73	74	80	95	96	123	129	131	135	
50	30
0	2	8	16	24	25	26	27	29	30	40	47	52	55	60	61	62	65	69	70	73	79	80	83	90	93	96	97	129	130	
51	32
0	1	3	6	10	11	12	13	14	15	17	19	22	30	32	44	50	56	58	62	63	65	67	76	77	79	83	96	128	129	131	151	
47	30
0	1	3	6	7	8	10	11	15	19	24	29	30	46	49	55	62	64	67	70	76	77	79	80	81	87	90	94	131	151	
45	29
3	5	6	8	10	12	16	23	26	28	29	40	44	49	50	51	56	58	60	62	63	68	73	74	90	94	129	131	132	
54	33
2	5	6	9	10	13	16	20	28	30	33	38	40	43	44	46	51	53	56	60	62	65	70	83	85	90	93	95	128	129	132	135	151	
52	31
4	5	6	7	16	17	18	19	22	27	34	43	51	52	53	55	56	65	67	69	71	73	74	80	82	94	96	97	123	129	132	
49	31
1	2	6	10	15	17	22	25	29	30	32	40	41	47	49	50	55	56	58	60	73	77	79	85	87	90	94	97	113	129	132	
49	29
1	4	5	8	9	15	25	29	32	43	44	46	50	52	55	58	62	67	68	69	76	77	79	83	96	113	131	132	135	
49	30
4	5	6	11	14	16	19	24	26	27	28	32	41	43	44	50	51	55	60	67	69	70	80	93	94	119	128	130	132	168	
46	29
0	8	9	12	17	19	23	25	26	27	28	29	43	44	50	60	62	65	67	80	81	82	85	93	94	97	128	132	135	
49	32
4	6	8	10	11	14	17	18	22	26	32	33	38	40	41	43	50	51	53	55	70	74	76	79	80	81	82	85	97	119	123	129	
56	30
12	13	17	20	24	29	32	38	43	44	46	47	52	60	61	62	67	69	73	77	79	90	97	113	123	130	131	132	135	168	
45	30
0	4	5	6	14	15	17	18	19	25	28	29	43	47	49	50	56	61	63	65	67	68	69	71	76	77	80	87	97	128	
46	29
1	3	7	11	12	13	15	18	19	23	26	28	40	43	46	49	50	65	66	67	73	77	79	96	97	113	123	131	168	
49	31
3	6	8	10	11	14	16	19	22	25	27	28	30	39	40	41	52	53	60	64	65	66	67	70	76	87	94	97	119	131	132	
48	30
0	4	8	10	11	12	13	17	19	20	24	32	39	46	47	52	55	56	60	61	67	68	70	79	80	82	83	129	131	132	
49	29
1	4	15	18	19	20	25	30	33	47	49	51	52	56	58	65	68	69	73	77	79	82	83	90	95	97	113	123	135	
48	30
0	3	5	7	11	15	19	24	25	33	34	38	39	43	44	47	52	65	67	70	71	77	80	83	93	97	113	119	128	135	
52	31
1	5	6	10	16	17	20	22	25	26	34	38	43	51	52	53	61	66	68	71	76	79	87	93	94	96	97	113	119	128	135	
54	31
1	3	5	12	13	17	29	30	32	33	34	43	47	50	52	55	60	61	63	68	73	76	79	82	94	113	123	128	129	131	132	
50	27
3	4	11	13	18	23	27	32	38	39	41	53	56	58	65	68	69	70	73	74	90	113	129	131	132	135	168	
47	30
0	1	5	6	8	9	15	16	17	19	28	29	30	43	44	50	52	61	62	67	69	70	71	76	81	93	96	97	119	168	
47	29
5	10	11	12	13	15	18	20	22	24	32	33	38	44	49	50	53	55	60	61	64	77	80	93	119	123	128	129	130	
51	31
1	6	9	10	11	13	14	17	18	20	23	25	29	39	47	51	52	66	68	70	82	83	85	93	94	95	96	128	130	131	168	
49	31
1	2	3	7	8	16	18	19	24	26	30	33	40	47	49	60	61	64	66	69	73	74	79	81	82	83	85	90	96	130	132	
45	30
0	2	5	7	9	10	20	22	23	24	25	27	38	41	43	50	51	52	63	66	69	71	77	79	80	83	96	97	119	132	
49	30
0	6	7	8	10	15	16	19	20	22	23	30	39	52	53	56	58	62	63	66	68	69	70	85	90	94	95	97	131	151	
49	32
3	4	5	9	10	14	19	23	24	25	27	28	29	33	40	47	56	58	64	66	69	70	71	73	74	79	81	82	94	95	97	129	
48	30
0	6	7	14	15	20	25	28	30	33	38	41	44	47	50	52	56	65	69	74	77	79	80	82	83	94	97	129	130	151	
51	31
0	1	3	4	6	9	16	23	24	30	34	38	46	49	50	52	55	58	60	66	68	73	76	79	82	90	93	119	128	129	132	
51	30
6	9	11	12	13	16	17	18	19	22	38	39	43	46	50	53	55	64	65	67	70	76	81	83	90	113	119	128	131	168	
43	30
0	2	3	7	8	11	17	18	19	25	26	28	30	33	40	44	46	49	50	61	69	70	74	77	80	81	94	96	113	135	
51	31
4	6	7	10	12	13	17	18	20	22	26	33	34	41	43	46	47	49	52	55	56	58	67	70	80	123	128	130	132	135	168	
45	29
0	3	5	8	11	14	20	25	27	28	38	40	44	46	50	52	53	60	61	65	67	71	74	76	90	94	97	123	130	
42	27
2	3	10	11	12	14	16	18	19	27	32	40	47	50	52	53	55	60	64	65	71	74	76	81	95	113	119	
51	28
3	12	17	25	26	30	33	34	38	49	52	53	55	56	60	67	69	73	79	82	90	96	97	113	129	132	135	151	
53	32
2	5	7	19	22	23	25	26	29	34	38	39	49	50	58	60	62	65	66	67	68	76	77	80	81	83	85	90	93	95	119	168	
53	30
0	3	5	8	11	14	16	18	23	28	32	40	41	49	60	66	68	69	71	76	77	82	85	93	113	123	129	130	135	168	
52	31
4	5	6	7	8	12	18	19	24	26	27	41	43	47	60	61	62	64	68	69	71	73	74	76	80	90	94	119	132	135	151	
47	30
0	1	2	5	12	14	16	19	20	22	25	27	28	40	50	61	63	64	67	69	70	76	79	80	85	95	96	97	113	151	
45	28
1	3	7	8	9	15	20	23	24	32	40	43	46	47	52	55	60	65	67	68	77	79	85	87	96	113	132	135	
42	30
1	2	8	9	10	13	16	17	19	20	22	24	25	30	40	43	46	49	50	61	67	68	71	73	76	77	90	96	97	113	
51	30
3	4	11	12	14	18	27	29	32	38	39	43	46	52	62	68	70	73	76	81	82	87	93	94	95	96	119	129	131	151	
48	28
2	5	6	8	10	16	23	29	34	41	44	46	51	52	53	55	60	64	69	70	82	83	96	123	129	131	135	151	
54	31
6	10	11	14	15	16	18	24	26	29	34	40	53	56	61	63	64	65	66	68	71	74	76	82	94	96	97	113	119	129	131	
49	31
0	1	2	8	9	10	17	18	20	23	24	29	34	39	40	52	55	56	58	60	65	68	70	73	74	76	77	82	93	135	151	
48	28
0	1	4	6	7	10	14	17	20	22	27	50	51	63	64	69	70	76	77	79	81	93	97	113	128	130	131	135	
54	32
6	9	10	13	16	18	19	23	26	30	34	38	46	49	55	62	63	65	66	69	70	71	77	81	90	93	94	96	113	129	130	131	
50	31
0	1	4	7	12	15	18	20	24	29	33	34	41	44	50	53	56	60	63	65	66	67	73	77	79	80	83	95	97	151	168	
51	30
0	6	9	10	13	18	25	26	30	32	33	39	50	51	52	53	55	56	58	60	61	76	77	81	82	94	129	130	151	168	
46	30
0	1	2	3	4	6	7	8	11	12	15	23	28	30	33	38	49	52	53	63	65	69	74	79	94	96	97	119	130	135	
46	30
0	4	8	9	10	12	13	18	20	23	26	32	39	46	49	52	56	58	61	62	68	71	79	80	81	82	85	94	97	151	
52	31
0	4	5	11	14	16	17	18	22	27	28	29	39	46	47	50	52	56	64	66	70	71	76	82	87	97	119	123	130	151	168	
48	30
1	2	7	9	13	17	18	20	22	24	25	33	34	38	44	52	56	64	65	66	70	74	77	79	83	85	97	113	123	131	
48	31
0	1	3	5	6	10	18	20	22	23	25	34	38	39	41	46	47	55	60	62	66	67	71	74	79	93	95	96	113	131	151	
49	29
3	5	14	15	16	17	18	25	32	34	39	43	44	50	52	53	61	63	68	69	74	76	83	87	113	123	129	130	131	
52	30
0	1	3	4	5	8	10	16	20	22	25	26	32	44	52	53	61	64	66	69	70	74	76	83	96	119	130	131	135	168	
50	29
0	7	8	13	20	24	27	28	34	40	46	49	50	56	58	60	61	62	71	79	82	87	94	96	97	113	132	135	168	
48	30
0	10	11	15	19	23	24	25	27	30	34	38	39	40	44	47	51	52	67	79	82	83	87	94	95	97	113	119	135	168	
50	29
0	5	7	9	10	13	14	23	30	38	39	41	44	53	60	61	63	65	69	73	79	80	90	97	129	130	131	135	151	
54	32
5	10	16	20	24	25	26	29	30	34	38	39	41	43	55	58	64	65	66	69	70	71	74	76	87	90	93	97	119	131	132	135	
51	32
0	1	6	7	8	11	17	27	29	34	40	41	43	46	47	49	51	61	63	67	68	71	74	76	77	83	93	96	119	129	131	135	
55	33
4	7	13	20	24	25	27	28	29	32	34	40	44	50	56	63	66	67	68	69	71	73	76	82	87	90	93	94	95	97	119	128	129	
52	33
2	3	5	7	9	10	12	19	22	24	26	27	33	38	40	44	49	53	55	60	63	65	67	70	76	85	93	94	96	97	119	131	135	
48	30
0	2	3	7	8	10	11	12	15	18	20	24	25	27	32	44	51	52	53	60	61	65	79	83	97	123	128	131	135	151	
51	31
0	5	6	8	11	14	15	16	25	28	29	30	33	34	44	51	52	55	63	65	80	82	85	90	93	94	123	128	129	131	132	
49	31
1	7	8	9	10	12	22	23	29	32	34	38	40	46	49	50	56	60	63	64	67	68	73	76	79	85	90	97	129	131	132	
50	28
2	3	7	11	16	17	18	23	26	32	43	46	47	49	52	56	68	69	70	77	80	113	123	129	130	132	135	168	
52	31
3	8	10	11	15	17	18	19	22	24	27	38	44	47	49	50	53	55	56	67	68	79	80	81	97	113	128	130	131	132	151	
56	33
0	1	3	4	13	15	17	20	23	25	26	27	34	46	49	61	63	64	66	68	70	73	79	81	87	94	96	97	113	123	128	130	132	
59	33
1	4	15	18	19	23	26	30	34	41	50	51	53	55	62	64	67	68	69	70	73	81	82	85	93	94	96	97	113	119	130	131	135	
47	27
0	1	3	4	5	15	32	33	38	49	52	55	56	61	62	69	70	71	74	79	85	90	93	94	128	135	151	
56	31
2	6	11	12	14	15	16	18	20	28	34	40	47	50	53	65	69	71	76	82	83	90	94	97	113	128	129	131	135	151	168	
51	29
0	6	8	13	16	17	20	24	25	34	44	49	52	53	55	60	63	66	67	70	73	77	82	85	94	129	131	151	168	
42	29
1	2	3	4	5	6	9	11	15	18	22	24	25	28	30	33	39	44	47	53	65	66	74	76	79	82	97	123	168	
54	32
1	3	4	8	12	13	18	25	27	30	33	43	44	46	49	53	55	61	63	64	66	69	71	76	81	87	96	97	129	135	151	168	
53	32
0	1	5	6	9	12	14	15	17	18	22	28	38	47	51	52	55	56	60	62	63	67	69	71	74	80	81	82	83	129	135	168	
49	32
0	1	3	5	6	7	8	9	10	11	12	13	20	26	28	33	38	41	47	53	58	66	69	70	76	79	81	96	123	129	131	135	
46	30
0	1	2	5	7	10	11	12	13	16	17	18	20	22	38	39	40	44	47	49	53	65	69	71	73	119	123	132	135	168	
51	29
1	2	3	7	8	12	18	22	28	38	41	46	49	53	58	64	66	70	80	82	83	85	96	97	113	123	129	135	168	
58	33
5	14	15	17	20	23	28	29	30	32	34	46	47	50	55	58	61	67	69	70	73	74	80	82	87	90	95	96	123	130	131	135	168	
51	31
0	2	3	5	10	13	18	23	26	27	30	38	39	41	58	60	65	67	69	70	71	73	74	76	79	82	83	85	123	129	135	
44	29
3	4	6	8	10	11	16	20	23	24	25	28	34	38	41	44	50	55	60	62	67	79	83	87	90	93	123	132	151	
52	32
0	2	4	7	8	10	11	12	14	15	23	29	41	44	50	51	53	58	60	62	63	65	69	71	73	80	83	97	123	128	130	151	
44	31
1	3	4	8	9	12	15	18	22	23	24	28	29	33	38	40	43	44	50	56	64	69	70	73	79	81	83	90	93	97	119	
53	31
0	10	11	13	14	22	25	27	32	33	40	41	49	53	55	58	64	66	68	69	71	82	87	93	94	96	97	123	128	129	132	
49	29
0	3	6	10	11	14	16	27	40	44	47	49	51	52	53	55	67	69	71	73	77	82	83	93	94	113	128	129	151	
50	31
2	3	5	7	12	15	17	18	19	20	22	26	28	49	50	58	67	70	71	74	76	80	81	82	85	94	96	97	128	130	151	
50	31
3	4	11	18	19	23	26	27	29	39	40	44	46	47	49	51	52	58	61	66	68	70	79	83	87	93	97	123	128	132	151	
54	32
1	3	4	9	10	12	15	17	18	29	33	43	50	52	56	58	60	61	65	66	71	73	74	77	80	82	85	95	97	123	131	135	
47	29
0	4	9	15	18	19	23	25	26	27	32	34	39	46	47	50	60	65	67	69	76	79	83	95	113	119	128	130	151	
52	31
1	3	6	7	10	15	20	23	30	33	39	41	46	50	52	64	67	68	70	71	76	77	82	83	87	90	94	113	123	131	151	
57	32
5	6	7	13	17	20	23	26	30	33	34	38	39	41	47	58	65	69	71	77	80	90	93	94	96	113	119	130	131	135	151	168	
47	29
3	6	9	10	11	12	13	18	20	23	26	30	39	43	52	53	56	58	62	68	70	76	79	85	90	97	113	119	135	
47	31
0	4	9	12	17	19	22	25	26	27	28	34	39	40	44	47	52	55	58	60	63	65	67	71	73	76	80	90	94	97	151	
53	30
0	1	6	15	19	23	25	26	27	28	40	41	43	52	53	58	68	71	76	77	80	81	85	90	97	113	123	135	151	168	
50	31
0	4	6	11	12	13	17	22	25	30	33	34	38	40	50	55	58	61	62	64	67	68	70	73	76	77	87	90	97	151	168	
46	28
2	3	5	6	14	17	18	20	28	30	32	43	49	50	52	55	58	61	65	69	70	74	76	93	119	129	130	151	
46	30
0	4	6	7	8	10	17	20	24	25	26	30	38	43	46	49	51	55	56	62	67	71	77	79	81	85	93	119	132	135	
48	29
0	1	2	3	4	5	7	14	15	22	23	30	44	47	52	60	61	63	66	71	77	83	90	94	96	123	129	130	132	
50	29
3	6	7	8	11	15	22	23	28	32	38	40	49	58	63	64	65	68	76	80	85	93	94	97	113	128	129	130	131	
45	28
0	1	3	4	5	13	20	22	25	27	29	30	34	50	52	64	66	68	69	71	76	77	82	93	97	119	123	129	
50	32
0	3	8	10	12	14	15	19	23	25	27	28	41	44	47	51	53	55	65	66	67	71	76	79	80	82	83	85	94	97	132	135	
49	30
0	3	4	5	14	15	18	24	32	33	43	44	46	47	49	50	53	55	58	64	69	70	79	80	83	95	123	129	130	168	
48	32
0	2	4	6	7	11	13	15	17	23	24	26	30	34	38	43	44	49	51	53	55	61	64	67	73	74	82	94	96	113	131	135	
46	29
1	7	8	13	17	20	22	25	30	32	38	41	46	47	49	52	60	61	64	67	68	76	81	87	94	96	113	131	135	
49	30
0	5	6	8	9	11	15	19	22	24	26	28	30	44	47	56	60	61	62	65	67	74	80	82	93	97	119	130	135	151	
50	31
1	2	4	10	14	18	23	24	26	30	34	41	44	46	47	49	50	53	61	63	65	67	70	79	82	93	113	123	130	135	151	
51	31
2	3	9	12	16	19	24	25	27	30	33	39	40	52	53	55	56	60	61	64	68	69	73	74	77	79	82	87	90	123	151	
56	33
1	8	9	11	14	17	18	19	20	29	30	34	41	46	49	53	56	60	64	65	68	73	80	85	90	94	95	96	97	113	119	123	168	
49	31
5	6	7	10	11	12	13	14	15	19	20	23	26	32	33	44	46	58	64	69	74	76	80	83	85	93	96	123	130	131	135	
43	29
0	4	6	8	9	11	13	19	25	26	27	28	33	40	43	44	52	60	61	63	67	70	77	80	82	93	94	97	129	
50	31
2	7	9	12	13	17	18	20	24	26	27	28	38	39	41	44	47	52	56	66	70	77	79	90	95	97	113	123	131	132	151	
55	34
2	3	5	6	7	9	11	14	28	30	38	40	41	44	46	47	50	51	55	56	62	63	66	70	71	74	87	95	97	123	128	129	131	151	
48	31
0	1	2	3	12	15	17	19	23	25	28	32	34	43	50	51	52	53	61	63	66	67	69	71	74	93	94	96	97	131	135	
51	30
1	3	6	7	13	15	20	27	41	43	44	46	49	55	64	65	66	67	69	71	76	77	79	85	87	90	113	128	130	132	
55	31
3	7	9	11	14	15	18	19	28	32	39	44	49	52	56	61	62	63	64	70	74	79	93	95	96	113	119	123	132	135	151	
49	29
4	5	7	8	10	11	12	22	23	25	32	39	41	43	55	58	60	64	67	68	79	90	93	96	97	119	130	151	168	
44	29
1	3	5	7	16	17	22	23	24	25	32	33	44	46	49	50	51	60	69	73	77	79	81	82	87	96	129	130	135	
46	29
1	2	8	9	14	17	20	25	26	29	33	34	40	41	50	61	65	69	70	74	76	79	82	83	87	97	123	128	130	
53	32
0	3	5	6	7	10	11	16	18	20	25	27	39	41	43	46	52	53	58	60	63	68	69	73	76	80	95	119	130	131	135	151	
59	30
3	6	11	13	19	20	43	46	51	52	53	55	56	60	63	65	66	67	71	73	79	83	90	119	123	129	130	132	151	168	
52	31
5	6	12	13	19	20	27	28	29	30	39	40	41	49	53	56	60	61	63	64	68	70	76	79	82	95	97	113	131	132	135	
50	31
2	7	10	12	13	14	15	16	20	25	27	28	33	43	47	51	52	62	63	64	65	67	71	77	81	85	94	96	131	151	168	
52	29
9	11	14	19	20	29	33	40	43	44	46	47	52	55	56	61	66	70	82	83	87	94	95	97	123	129	130	131	168	
49	30
0	1	2	4	6	7	8	10	11	13	14	23	32	33	39	52	56	60	62	69	79	83	85	87	94	96	119	128	132	151	
53	31
3	12	15	20	24	25	27	28	29	30	38	43	51	52	56	58	60	64	66	69	73	77	80	87	93	94	95	97	113	132	168	
53	29
2	5	9	10	11	15	23	32	33	38	49	63	64	65	67	69	70	73	77	80	82	93	96	119	128	129	130	135	151	
49	29
1	2	6	8	11	19	20	26	40	43	44	46	50	51	52	53	58	60	62	63	66	68	71	76	97	123	128	132	168	
45	29
1	2	3	4	5	8	11	17	25	27	28	29	41	46	47	52	55	58	61	70	76	79	85	87	90	93	97	123	135	
46	33
1	2	3	6	9	11	15	20	23	24	26	28	29	30	33	39	40	41	47	49	50	51	60	62	63	66	70	76	79	87	96	123	132	
47	29
1	3	6	7	12	15	19	27	28	30	33	34	43	44	49	61	62	66	67	68	69	71	74	90	93	119	130	132	135	
52	30
1	6	8	15	16	17	20	23	27	29	30	38	40	52	62	64	68	70	71	74	79	81	85	90	95	96	113	123	131	168	
50	30
0	5	8	11	13	15	19	22	25	32	40	41	43	56	58	63	64	67	69	71	77	79	81	82	90	94	96	97	128	168	
55	31
2	5	6	12	17	19	20	22	40	43	44	46	50	51	53	56	58	61	68	69	70	74	79	83	87	128	129	131	132	151	168	
53	31
3	5	8	13	16	20	24	30	32	34	38	43	46	47	51	52	53	60	61	64	66	69	70	71	93	96	113	123	131	135	168	
51	30
2	3	4	5	8	10	11	18	20	27	32	39	40	41	44	47	60	61	65	67	71	74	79	82	119	123	130	132	151	168	
43	29
1	3	4	5	7	11	14	15	16	19	20	28	32	41	44	47	50	52	55	56	62	65	67	82	93	94	95	130	131	
51	31
1	2	5	8	9	10	11	14	15	16	19	29	40	44	46	47	53	58	65	66	67	68	69	77	85	96	113	119	129	131	135	
48	30
0	1	2	3	4	5	6	7	13	18	23	27	32	40	46	49	56	58	60	65	79	80	81	82	83	94	113	119	132	135	
45	31
0	1	2	3	4	5	6	7	9	11	13	14	17	23	24	30	33	40	47	50	52	56	66	70	71	83	90	95	119	129	131	
52	31
9	13	17	18	20	23	25	26	29	34	41	43	44	49	58	60	62	63	65	70	77	79	80	82	93	94	97	113	129	135	151	
48	29
1	4	8	11	15	17	18	28	29	32	38	47	49	52	55	56	62	64	65	70	74	76	82	93	94	95	113	131	135	
46	29
0	1	3	7	8	9	12	14	19	22	23	27	34	40	49	52	60	62	64	65	68	69	80	93	94	96	97	113	168	
53	31
6	7	15	16	19	23	25	27	29	43	44	46	47	49	55	58	61	65	67	77	79	80	81	82	93	94	95	119	123	135	168	
53	31
0	2	7	16	19	20	22	24	27	34	39	40	49	51	52	53	58	60	66	69	79	80	81	82	83	96	128	129	130	131	132	
60	32
2	10	19	29	32	33	43	46	47	50	55	58	60	62	63	65	67	70	74	77	80	81	83	85	87	96	113	123	130	132	135	151	
54	30
1	2	3	5	6	18	27	28	34	40	41	43	46	47	56	60	62	63	67	70	82	97	119	123	128	129	130	131	135	151	
55	32
1	3	5	6	9	10	11	15	20	25	39	43	46	50	56	64	65	67	70	74	76	79	81	85	87	93	97	123	128	129	131	151	
51	30
1	3	4	5	8	12	15	17	25	28	49	50	52	58	60	61	65	67	68	70	71	76	77	82	83	85	97	129	130	135	
43	29
3	4	7	8	15	17	18	20	22	24	25	26	38	39	40	41	44	46	47	60	63	85	87	90	97	128	131	132	135	
45	29
0	8	9	10	12	13	16	22	23	24	27	32	43	44	49	50	58	62	64	65	69	70	80	81	82	93	129	131	135	
48	31
0	2	7	10	11	12	13	17	18	19	22	26	27	33	38	41	44	49	56	60	63	65	66	70	74	80	90	93	132	135	168	
52	31
0	3	6	7	8	12	15	19	29	38	46	49	50	51	55	58	60	62	64	66	70	76	80	81	82	87	90	94	113	119	168	
48	29
3	9	10	11	15	18	20	23	25	30	32	38	39	40	49	52	56	64	65	66	70	79	87	93	94	113	119	135	168	
52	32
3	6	8	9	13	14	15	19	23	26	28	29	30	33	40	43	46	52	55	62	69	79	80	83	90	94	96	113	119	131	135	151	
51	31
0	3	4	6	13	17	19	20	22	28	34	40	43	51	53	56	58	60	64	67	68	70	71	76	79	82	95	96	123	131	151	
53	32
2	6	8	10	11	13	18	19	24	29	32	46	47	50	51	53	55	62	63	64	65	71	73	74	76	77	79	81	97	123	151	168	
53	31
0	5	6	7	10	11	13	19	22	23	29	33	38	50	55	56	64	65	69	70	74	80	81	82	87	96	97	130	131	135	168	
52	30
2	8	10	13	14	20	22	25	27	28	41	46	50	51	58	60	65	67	68	74	77	79	87	94	96	113	128	129	151	168	
50	34
10	11	13	15	16	18	20	22	23	24	25	26	29	30	33	38	39	41	47	49	51	60	65	73	76	79	82	87	94	96	97	113	132	151	
51	31
4	5	6	9	11	14	20	23	24	26	33	34	39	44	46	50	52	56	60	62	63	65	66	67	73	82	119	128	130	132	151	
46	31
0	2	5	10	16	18	20	25	26	28	29	30	33	38	40	41	44	50	51	60	61	65	67	70	74	80	85	93	130	132	135	
55	33
5	13	14	17	19	20	22	24	28	30	32	34	39	43	44	47	52	55	64	65	66	67	68	70	79	80	87	95	123	130	131	132	151	
47	29
0	5	6	10	11	13	15	19	20	28	39	41	44	56	58	60	61	62	64	65	66	67	70	77	79	83	97	119	131	
45	30
6	8	9	11	12	14	15	16	18	20	22	24	25	26	27	28	30	33	44	50	52	61	67	76	82	97	130	131	151	168	
53	33
1	3	8	9	10	12	18	19	23	28	29	33	40	41	43	47	49	50	51	63	64	68	70	71	76	93	94	97	123	131	132	135	168	
54	31
2	5	6	7	18	19	23	24	27	34	38	43	46	49	52	60	61	65	67	79	80	83	85	93	95	96	119	129	135	151	168	
48	31
1	2	3	7	12	13	20	25	27	28	30	33	34	40	41	43	50	56	58	60	61	63	65	66	71	74	77	81	123	132	135	
55	31
2	9	15	16	17	18	19	24	25	28	40	50	51	52	56	60	61	63	67	68	70	71	77	80	82	94	113	123	132	135	168	
54	31
2	3	5	6	12	13	20	22	26	27	30	32	41	43	55	56	64	67	69	70	74	79	80	81	90	119	123	128	129	131	132	
45	30
1	2	3	4	5	7	8	9	13	14	15	17	24	28	41	44	49	51	53	58	67	70	77	79	81	85	96	119	131	135	
55	31
2	3	7	10	11	13	17	19	27	38	41	43	47	52	53	55	67	71	73	74	79	81	93	94	96	113	119	123	131	135	151	
46	30
0	2	6	8	10	12	16	17	18	19	22	24	33	40	46	49	50	55	58	60	61	65	66	68	70	85	96	128	131	151	
57	33
0	1	6	8	12	13	14	15	17	19	39	40	50	52	53	55	62	63	66	68	69	79	81	82	85	90	94	95	96	113	129	131	132	
55	31
0	1	5	7	13	15	22	25	27	30	38	41	46	52	56	60	61	62	64	67	77	80	87	93	97	119	123	128	129	131	135	
51	31
1	4	5	6	9	12	13	22	25	27	34	38	40	49	52	53	56	58	60	64	67	68	69	71	76	83	85	90	123	131	135	
51	30
0	10	11	13	15	20	27	32	33	46	49	51	52	55	56	58	61	63	64	66	69	70	76	79	82	90	93	113	119	151	
49	32
1	3	8	9	12	13	16	20	23	24	25	26	29	32	34	40	46	50	52	55	63	65	66	69	71	73	77	96	97	123	128	132	
52	32
0	3	6	11	12	14	16	17	19	23	27	29	41	46	51	55	56	60	62	63	64	65	66	70	73	79	80	83	93	113	123	132	
46	29
0	8	9	10	15	18	19	29	30	32	33	39	44	46	50	53	56	65	66	67	70	73	74	79	94	97	113	123	135	
54	32
4	7	12	14	15	18	22	25	26	28	30	32	34	41	44	47	49	52	53	58	61	64	71	79	80	90	119	123	128	135	151	168	
45	30
3	6	9	14	15	17	18	20	22	24	25	33	46	47	49	50	53	55	56	66	68	69	77	79	80	87	93	94	97	123	
52	30
7	8	19	22	25	26	27	30	40	41	46	51	52	55	58	62	67	70	74	76	79	80	82	85	90	96	97	131	135	168	
52	31
2	4	7	9	17	18	22	24	27	28	30	40	41	46	47	51	52	61	63	64	70	76	77	79	82	90	119	131	132	135	168	
47	29
0	3	4	14	18	23	25	27	28	34	39	40	50	52	65	67	69	70	73	74	76	80	81	82	93	95	97	123	130	
47	31
0	2	3	9	12	13	15	19	22	26	29	30	33	38	39	44	49	58	61	67	69	70	76	77	79	80	82	87	90	130	151	
51	30
0	4	7	10	11	13	20	23	24	25	32	38	40	46	55	56	60	61	70	71	79	80	83	85	87	123	128	129	130	132	
50	30
0	1	2	8	10	11	13	17	24	25	26	27	28	41	46	49	53	56	67	71	77	80	85	90	113	123	129	130	131	135	
46	30
1	3	5	6	8	10	11	12	14	15	16	17	19	26	33	50	55	56	64	66	67	69	70	74	76	82	85	97	132	151	
53	30
1	7	8	10	17	26	27	30	38	41	51	52	53	55	56	63	66	68	69	70	71	73	85	93	94	97	113	123	129	130	
47	31
4	11	12	14	15	17	18	20	22	24	25	28	32	33	34	44	47	50	51	56	60	67	68	69	73	74	76	79	130	132	168	
52	30
1	6	7	10	11	16	17	22	26	30	43	51	52	55	56	58	60	61	63	64	67	68	70	71	83	85	93	129	135	168	
55	31
3	5	6	8	14	20	26	30	33	34	39	43	46	52	53	55	60	66	69	73	74	81	90	94	95	96	119	130	131	132	168	
52	31
0	3	5	6	12	17	20	24	30	33	34	40	41	43	53	55	60	63	65	69	73	74	77	80	82	93	96	97	130	135	168	
47	31
1	4	5	8	12	13	15	16	20	23	24	25	26	30	32	40	46	47	52	53	61	70	73	74	76	82	94	95	128	131	135	
50	32
0	2	3	5	9	14	17	19	24	25	26	30	32	33	34	39	40	50	67	69	70	71	73	74	80	82	93	96	113	128	129	131	
51	29
1	3	5	7	9	13	15	18	23	32	38	44	52	53	63	65	68	69	73	74	77	80	87	90	123	128	129	131	135	
48	30
0	6	9	16	17	18	20	22	25	27	28	32	33	38	39	52	53	60	61	64	68	71	73	77	87	90	96	123	135	151	
51	31
3	15	17	18	19	20	27	28	29	33	34	38	40	44	51	52	61	63	65	69	73	76	79	87	90	94	97	123	129	132	151	
52	31
1	2	10	11	12	14	18	22	26	33	34	41	44	46	49	50	56	60	65	68	70	73	80	90	96	123	129	130	131	132	151	
54	34
2	5	6	10	12	16	20	26	28	29	30	33	40	44	46	49	50	51	61	63	66	67	69	70	74	81	82	85	90	93	113	130	132	151	
47	31
0	2	4	5	7	11	12	13	14	15	18	20	33	34	40	44	47	49	52	64	65	68	74	80	81	83	94	95	119	129	130	
47	28
4	10	11	12	13	15	18	20	24	25	26	32	43	44	49	51	52	69	71	79	83	90	113	123	129	132	151	168	
48	29
6	15	18	19	22	24	27	28	29	30	32	39	41	47	50	52	55	61	70	76	77	80	93	97	119	123	128	130	151	
51	30
2	5	8	9	10	13	22	34	38	40	41	47	49	50	55	66	67	69	70	74	76	79	80	93	96	113	119	129	130	151	
53	32
3	6	11	12	17	19	29	30	32	41	43	44	46	47	49	53	55	58	60	64	69	74	77	79	81	82	85	90	123	128	131	132	
48	32
0	2	4	5	6	8	9	11	19	20	23	25	26	28	30	39	40	43	44	49	51	52	53	66	70	93	94	95	119	132	151	168	
49	31
7	11	15	19	20	22	26	29	32	38	40	43	46	49	52	56	58	61	62	63	69	71	73	76	82	83	93	94	96	97	129	
42	29
0	1	2	3	8	9	10	12	19	20	25	27	28	40	41	44	49	50	61	64	67	70	76	80	81	90	93	119	128	
47	29
1	5	6	7	9	10	11	14	18	20	22	23	28	39	52	55	58	60	66	70	71	76	77	82	83	93	130	135	151	
51	30
0	1	5	8	10	12	15	16	18	25	26	27	30	32	52	53	56	64	66	69	73	85	94	95	96	113	129	130	131	151	
50	31
0	1	3	4	6	11	18	24	28	30	39	43	44	46	49	50	52	55	62	66	71	73	74	77	80	83	85	90	113	131	168	
55	30
0	3	5	16	17	19	30	32	33	34	40	47	52	53	55	56	60	61	65	66	68	71	77	80	113	123	130	135	151	168	
54	31
2	5	6	8	10	14	20	27	40	43	47	49	50	51	58	64	68	69	70	74	77	79	80	85	93	96	119	129	130	135	168	
53	32
6	7	9	12	14	20	25	30	32	34	40	50	51	52	55	62	63	64	65	66	68	71	73	74	77	79	85	95	96	97	119	129	
46	28
1	2	6	7	8	11	12	19	20	27	39	41	46	47	52	60	65	66	69	74	76	79	82	83	90	131	151	168	
45	30
0	2	4	5	7	8	10	14	15	18	22	25	27	38	39	49	50	51	56	61	64	69	70	71	90	93	94	95	130	168	
45	30
1	4	10	11	12	13	14	15	18	25	26	28	33	44	47	49	50	55	56	58	61	63	68	69	73	74	79	97	132	151	
46	29
1	3	5	6	7	8	15	18	22	32	38	39	46	47	49	52	60	63	67	68	76	77	80	83	87	93	128	129	135	
46	29
3	4	6	12	14	15	16	23	27	29	33	38	39	41	43	46	52	55	62	63	77	79	82	95	96	113	130	131	132	
46	30
0	3	6	8	14	19	22	23	27	28	33	39	40	41	43	47	52	56	63	67	69	70	77	79	80	82	85	97	119	151	
54	31
1	3	7	8	15	17	19	20	30	38	39	44	52	58	62	67	68	70	71	73	76	79	82	87	90	93	97	113	123	128	131	
53	30
6	12	16	20	22	27	34	38	39	47	50	51	52	56	58	60	67	69	74	79	81	83	85	87	90	113	128	129	130	132	
46	30
0	1	6	7	8	11	13	14	15	20	24	27	30	39	47	50	52	55	60	66	76	79	82	85	90	93	94	96	113	123	
61	34
2	4	7	15	22	24	27	29	30	32	34	49	51	55	60	61	62	64	65	67	68	69	73	79	80	81	82	93	96	113	119	128	131	168	
45	30
3	4	6	7	9	10	11	12	14	16	23	29	30	32	34	39	41	44	50	52	53	55	70	79	80	83	119	123	128	131	
50	31
11	12	17	19	20	22	24	25	26	29	30	39	43	46	52	53	60	61	62	68	71	74	76	79	80	81	82	87	97	131	132	
42	29
0	5	6	7	9	10	11	12	13	15	20	22	23	30	33	40	41	44	53	60	64	70	73	76	79	82	95	132	135	
52	32
6	7	8	10	11	13	14	16	17	18	27	33	39	44	47	50	52	60	61	63	67	70	71	73	77	81	90	96	119	123	129	130	
51	29
3	8	12	14	17	20	24	25	32	43	47	49	52	60	61	63	66	68	71	81	87	90	94	96	97	130	135	151	168	
54	32
2	11	13	14	15	16	17	18	19	28	38	40	47	49	50	53	55	56	58	61	68	70	76	80	83	90	93	95	119	123	151	168	
48	29
0	1	2	4	8	9	16	23	24	27	33	38	40	44	52	60	62	67	71	73	77	79	87	90	94	128	132	135	151	
45	30
0	2	3	5	10	11	15	19	20	23	28	30	33	39	40	47	49	50	56	64	68	69	73	77	79	81	87	123	132	135	
52	32
2	6	10	14	16	19	20	22	23	25	26	27	30	33	39	60	61	63	65	66	67	69	73	74	76	77	81	93	94	119	130	151	
48	30
0	1	2	8	13	14	15	17	20	25	28	33	34	49	50	58	61	63	65	70	74	77	82	87	94	95	96	113	123	131	
53	32
1	4	5	7	10	18	20	23	29	32	33	34	38	41	44	47	52	55	63	70	71	80	82	83	87	90	97	113	123	128	132	135	
