1000 
45	32
0	2	4	5	6	9	11	14	17	20	23	24	26	27	28	29	30	33	40	43	45	54	63	66	71	72	75	76	90	95	100	118	
50	31
0	1	2	3	5	8	9	10	13	26	29	31	32	36	38	43	45	49	54	55	63	66	77	78	88	108	117	118	121	127	132	
54	31
0	2	5	11	14	15	19	21	24	30	31	32	40	43	45	49	57	59	75	76	90	92	96	107	108	111	117	118	119	121	127	
50	30
0	9	13	14	17	18	21	22	27	31	33	35	36	43	46	57	58	60	64	71	74	76	78	88	95	104	107	112	115	121	
49	30
1	5	11	19	21	22	23	29	31	40	41	43	46	47	49	55	58	59	60	63	64	71	84	86	88	95	115	117	119	132	
54	32
0	14	16	17	20	24	25	26	28	34	37	39	40	43	46	49	55	58	59	63	74	76	78	84	95	96	104	108	112	115	119	127	
52	30
1	2	4	7	11	13	16	17	21	22	23	31	33	40	47	55	60	71	73	76	78	88	90	104	108	111	117	118	127	132	
48	29
2	5	6	7	8	11	13	21	27	31	32	39	40	45	46	50	55	57	71	77	78	86	88	90	103	104	111	127	132	
46	31
0	1	2	7	8	13	18	22	24	25	30	31	36	39	41	43	45	46	47	49	50	54	59	60	64	72	88	103	112	119	132	
55	31
1	4	8	10	13	15	16	17	18	29	32	33	34	39	45	47	55	57	60	71	73	74	86	100	107	117	118	119	121	132	153	
56	32
1	2	4	12	16	19	24	25	27	33	38	45	47	50	54	55	57	58	64	67	73	75	76	77	78	84	92	96	103	111	119	153	
58	32
2	3	7	9	14	16	22	24	25	27	29	30	33	50	57	58	64	73	75	76	77	78	84	88	95	103	107	112	115	118	119	121	
53	31
0	4	5	6	8	9	11	12	20	21	27	29	31	34	37	39	57	60	63	64	66	67	73	92	96	111	112	118	119	127	153	
52	29
0	2	4	5	7	8	12	14	15	19	21	34	38	45	54	60	72	74	92	95	96	100	104	107	111	112	115	117	121	
49	30
1	5	7	8	11	12	13	14	15	17	18	29	30	37	40	41	45	47	58	60	66	73	88	96	104	108	112	121	132	153	
51	30
0	2	8	12	14	15	18	20	22	26	27	30	32	36	37	50	58	60	63	67	77	86	88	90	100	107	108	112	115	132	
55	31
0	2	3	4	11	14	15	18	19	23	24	26	28	30	37	50	55	60	66	76	84	86	95	100	107	111	115	118	119	121	127	
49	30
2	4	6	7	11	13	17	19	22	23	26	27	28	37	38	39	57	58	64	66	73	75	78	86	96	100	104	119	121	127	
47	28
0	2	3	8	16	19	24	25	27	31	33	36	37	41	50	60	64	67	76	77	78	86	88	100	107	112	119	132	
50	32
2	5	7	9	12	14	20	21	23	24	25	27	31	33	37	38	45	54	57	58	59	63	71	74	76	84	88	92	95	103	104	119	
50	29
6	9	11	15	17	18	19	22	24	26	31	34	35	39	40	57	59	64	71	76	77	78	86	107	115	117	118	119	153	
43	28
0	1	2	8	13	14	25	29	30	31	33	35	37	40	41	43	54	55	57	59	60	64	88	95	96	112	118	132	
49	30
1	2	3	5	12	13	15	17	20	22	23	38	40	45	46	54	55	57	58	59	60	67	72	86	88	90	92	115	119	153	
57	32
0	1	2	4	7	9	12	18	19	25	28	32	34	37	50	55	58	63	67	73	77	78	86	88	96	103	107	112	117	118	127	132	
45	29
1	3	5	6	7	9	11	13	16	17	21	24	27	31	37	39	43	50	58	64	66	67	72	74	75	104	111	112	118	
49	30
1	2	7	8	9	11	13	17	25	28	33	34	38	39	40	41	45	55	58	71	73	74	86	88	95	111	117	119	121	153	
49	29
0	7	9	11	12	16	18	21	22	24	25	31	35	45	47	58	64	72	73	76	88	95	96	103	111	115	118	121	132	
48	28
1	2	5	6	14	15	17	18	29	40	41	45	47	49	54	66	67	73	75	78	88	96	103	104	107	115	118	121	
47	29
1	3	4	11	13	14	17	22	26	27	28	32	33	39	40	43	50	59	63	64	66	76	88	95	100	104	108	111	112	
56	32
7	16	18	20	26	27	29	30	31	33	34	35	36	39	50	57	59	60	64	66	72	75	78	84	86	96	103	104	107	115	117	119	
51	28
0	2	3	10	13	15	18	20	25	33	35	45	50	55	63	66	73	74	76	77	84	100	108	111	112	117	121	127	
48	30
1	2	4	7	9	11	12	13	14	15	17	24	27	29	30	47	50	54	57	59	60	64	66	67	74	86	88	100	108	153	
48	31
7	10	12	13	15	16	17	19	20	22	24	27	29	32	37	38	41	43	54	57	58	60	67	74	76	92	96	108	115	117	127	
49	29
3	5	7	8	10	12	13	22	30	33	35	36	40	47	54	55	60	63	66	67	73	75	77	88	103	104	111	115	121	
53	32
3	7	11	12	15	16	17	19	20	21	23	27	28	31	35	41	49	59	64	66	74	84	86	88	90	92	104	107	108	112	119	121	
49	32
2	3	7	9	10	13	14	15	17	19	22	23	24	25	26	30	32	36	43	45	54	60	66	67	73	84	92	96	119	121	127	153	
47	30
0	5	6	7	9	12	13	14	16	17	21	23	28	30	33	39	46	57	60	63	64	71	75	88	95	96	100	111	117	118	
48	28
1	4	5	6	8	11	14	17	19	23	25	34	40	45	55	57	64	73	78	86	88	90	95	107	108	112	115	153	
53	31
1	6	9	10	11	12	18	28	35	39	40	45	46	49	55	57	58	59	60	67	73	74	77	78	84	88	90	108	118	121	153	
44	30
1	4	8	9	10	12	13	14	16	17	22	24	25	26	27	28	29	36	37	40	60	64	66	73	78	95	100	108	111	127	
50	30
2	11	13	14	18	19	21	22	28	31	32	33	34	40	50	55	57	58	59	67	73	74	84	88	92	96	108	121	127	132	
44	30
0	2	4	5	8	9	10	12	15	17	18	19	20	23	26	32	33	38	43	45	76	84	88	92	95	96	104	108	118	119	
50	30
0	2	5	7	10	13	15	18	20	21	22	24	25	31	38	39	40	63	66	71	73	74	95	100	104	108	115	121	127	132	
45	29
0	3	4	8	9	11	12	13	14	18	22	23	24	37	46	49	50	55	57	58	60	63	64	71	88	90	108	127	132	
51	30
2	3	5	6	8	10	13	18	21	25	28	33	36	40	43	54	63	64	66	67	74	75	77	96	103	107	108	112	115	118	
48	28
0	1	4	5	7	12	14	16	17	18	19	22	24	31	33	50	58	63	66	72	73	75	107	108	112	118	119	153	
47	29
1	2	6	8	10	11	13	19	21	28	32	39	43	45	49	55	60	64	67	71	74	75	88	95	96	111	112	118	119	
48	29
2	3	9	18	22	24	32	37	38	40	41	43	45	55	58	59	60	63	73	77	78	84	86	88	95	96	103	115	117	
57	32
0	9	16	20	21	22	25	26	31	34	36	38	40	45	46	58	64	66	72	73	74	76	84	86	100	104	108	111	115	119	121	132	
50	29
2	4	11	13	18	22	24	29	34	35	38	43	45	46	50	58	59	64	73	76	77	88	95	107	108	111	112	117	119	
51	30
1	2	4	5	8	12	13	20	21	22	23	24	27	32	43	50	55	59	60	64	71	74	86	88	100	111	112	115	117	118	
57	31
2	4	5	6	14	18	25	29	30	33	37	38	47	54	55	57	59	60	63	64	72	75	84	92	103	104	107	108	115	127	153	
45	28
1	2	3	4	5	9	16	19	24	25	29	30	32	37	41	46	47	55	60	63	74	76	86	107	108	119	127	153	
50	31
2	3	4	5	6	9	11	15	17	18	20	29	32	33	40	45	54	57	59	60	67	72	73	77	86	92	95	104	112	118	127	
44	29
4	7	8	9	13	21	22	27	29	30	31	32	33	38	40	43	49	50	57	58	60	63	64	67	88	90	92	115	153	
50	29
4	7	8	10	11	17	19	21	22	33	36	38	40	43	57	60	63	64	67	71	74	84	88	100	107	111	115	117	121	
52	30
0	6	7	11	12	18	21	23	25	29	30	33	34	36	45	54	55	57	60	71	76	90	92	100	104	107	117	119	121	132	
49	33
3	4	6	7	12	13	21	23	24	26	27	30	31	33	34	37	39	40	43	46	49	58	59	60	64	71	73	90	96	107	118	119	127	
49	31
1	3	6	7	8	17	19	20	23	25	27	30	33	34	35	37	41	46	50	54	55	57	63	67	71	72	86	104	107	119	153	
44	30
1	3	4	7	9	10	11	18	19	20	22	26	27	30	32	33	34	38	40	41	46	60	73	88	96	103	104	108	112	115	
47	28
2	4	5	7	10	13	15	16	17	21	22	24	25	34	39	59	60	63	73	75	90	96	103	104	107	119	121	132	
45	28
0	2	4	6	7	8	11	16	17	21	22	23	25	28	33	35	40	41	63	72	84	92	107	108	111	118	127	153	
49	31
2	11	12	13	14	18	21	25	26	28	31	35	38	39	40	45	47	55	57	58	63	66	71	73	74	75	77	96	100	104	153	
44	29
4	6	7	8	16	19	21	24	26	27	29	30	31	34	35	37	39	45	50	57	58	59	73	74	96	103	121	127	132	
51	29
3	4	5	6	10	12	16	19	23	28	29	37	43	55	57	58	60	67	73	78	86	88	90	95	112	115	117	132	153	
52	31
0	1	5	8	10	13	16	18	23	28	33	37	39	43	45	46	54	55	60	63	67	72	76	84	92	103	112	115	117	121	127	
45	28
6	7	9	10	11	13	15	16	17	22	24	28	29	34	35	43	50	58	63	66	74	75	86	88	108	117	121	153	
45	27
7	11	12	13	14	17	18	23	26	29	37	43	45	46	50	54	58	63	64	66	74	88	96	115	118	132	153	
43	29
0	1	2	3	7	9	10	11	17	19	20	24	27	34	35	36	38	40	45	50	54	59	63	64	88	107	108	117	118	
46	28
0	2	3	4	9	16	19	21	22	24	27	31	34	37	50	57	60	63	74	76	84	86	92	95	103	107	111	127	
47	29
0	3	4	5	7	9	13	15	18	19	22	31	36	37	38	40	47	58	60	63	67	86	92	100	104	111	115	119	127	
48	30
0	1	3	4	10	13	15	17	18	22	23	29	39	41	45	49	54	57	66	71	74	75	77	78	88	95	104	117	118	127	
50	29
1	2	11	17	18	20	23	28	30	32	33	34	39	43	55	57	58	71	72	74	76	88	90	96	112	117	127	132	153	
57	32
5	7	8	9	12	14	16	17	19	31	32	35	37	46	47	54	57	58	66	71	78	88	92	95	96	104	107	108	112	121	132	153	
48	30
0	3	8	11	14	18	21	23	24	26	33	35	37	39	40	43	45	54	67	72	74	76	84	86	90	108	112	115	118	127	
49	29
1	5	7	11	16	19	21	25	26	28	30	31	33	50	54	57	58	59	72	73	75	76	86	88	96	107	115	121	127	
51	29
2	7	13	18	20	21	22	26	27	32	33	37	38	39	43	54	66	71	74	92	95	100	103	104	108	112	117	127	132	
48	30
2	6	13	14	18	19	20	24	26	30	33	34	37	40	41	49	55	57	59	71	72	73	75	77	78	88	95	115	132	153	
45	29
2	8	9	10	11	13	14	16	18	25	31	32	35	36	39	40	45	55	60	64	67	75	77	86	95	104	108	119	127	
50	30
1	2	6	8	11	13	14	21	25	27	32	33	34	37	47	54	57	58	59	60	63	66	75	84	95	103	111	112	121	127	
45	29
0	4	9	10	13	18	20	23	26	27	29	30	36	37	39	50	54	55	57	64	66	72	74	77	78	92	96	100	127	
56	31
4	7	10	12	13	15	18	21	22	29	30	45	46	54	55	57	58	73	74	75	77	92	95	96	100	107	108	111	118	121	127	
47	29
1	3	13	14	18	19	20	22	25	26	30	31	32	35	36	37	39	54	64	66	67	75	77	86	104	108	111	115	153	
52	32
4	6	7	13	16	17	20	21	22	25	31	33	34	35	37	40	45	46	58	59	64	73	77	86	92	96	103	107	111	112	115	127	
45	30
0	2	3	4	5	12	15	19	21	24	25	28	29	31	35	39	40	43	54	58	59	64	74	75	76	78	86	108	112	119	
44	28
0	2	6	13	14	15	16	17	21	22	31	34	36	40	41	45	49	54	57	63	67	72	74	95	115	127	132	153	
49	32
1	2	4	5	11	13	14	16	22	24	30	33	34	37	40	43	45	46	47	54	58	60	67	74	76	90	92	96	108	112	117	118	
46	31
0	1	7	9	16	17	18	20	22	23	25	27	28	30	31	34	35	36	40	41	58	59	63	66	67	71	78	103	111	115	117	
52	31
0	3	4	7	12	13	16	19	21	29	31	33	34	39	45	58	59	67	72	74	76	78	84	86	88	90	92	108	117	127	153	
50	30
3	5	9	10	13	15	16	20	21	23	24	25	28	29	33	49	50	54	63	64	66	74	88	96	100	107	108	112	117	127	
50	31
0	2	8	10	14	16	22	23	24	25	26	27	33	35	39	41	43	55	57	60	64	67	73	74	75	86	90	103	112	117	153	
43	29
1	4	7	8	10	11	14	15	17	24	25	26	30	32	35	37	49	50	57	58	63	64	66	72	74	86	96	107	108	
44	29
4	9	12	13	14	15	17	18	22	23	24	29	33	37	39	41	47	50	54	66	67	71	74	75	76	92	118	119	132	
54	30
2	3	4	7	8	9	13	24	29	31	38	45	50	58	59	64	67	73	74	77	86	92	95	96	103	108	111	115	119	127	
50	30
3	9	10	13	17	18	19	23	26	28	34	35	38	43	45	47	59	73	76	78	86	88	92	95	100	104	107	108	111	117	
47	30
0	2	3	4	7	8	9	10	15	16	19	25	27	34	38	46	50	54	63	67	71	72	74	77	84	92	96	112	115	117	
48	31
3	9	11	12	13	16	17	20	22	23	28	30	31	39	40	43	45	46	49	59	63	66	76	84	88	95	107	108	115	118	127	
52	28
1	4	8	12	13	17	22	25	32	33	37	43	54	57	59	60	63	64	67	75	86	104	108	111	112	117	132	153	
38	26
0	4	8	11	12	15	16	18	23	24	26	31	35	36	45	49	58	60	63	64	76	78	88	95	108	119	
52	30
2	3	8	9	11	14	17	18	23	24	34	40	41	43	46	47	54	66	73	75	86	90	92	103	112	117	121	127	132	153	
40	28
0	2	3	8	13	14	16	21	22	24	25	27	31	32	33	37	38	39	58	60	76	78	86	90	92	95	100	132	
43	30
0	2	3	5	6	7	14	17	19	24	25	30	33	35	36	37	41	43	49	55	58	59	75	76	78	88	92	95	100	118	
45	29
0	3	4	6	7	10	17	22	24	27	29	30	37	38	39	43	49	54	55	59	74	76	84	88	92	108	112	117	121	
47	29
0	5	9	10	13	14	25	28	31	33	36	40	41	45	47	54	55	57	58	63	64	66	72	77	90	107	108	127	132	
51	31
3	4	7	12	13	16	17	23	24	28	29	34	35	38	41	43	45	54	57	58	63	64	74	92	96	107	108	111	117	118	121	
51	30
0	1	2	7	9	11	13	16	19	22	25	32	35	46	50	55	57	60	63	75	76	78	86	90	92	103	117	118	121	127	
45	29
0	1	2	5	6	7	8	11	16	19	24	29	30	31	35	36	37	49	60	64	67	71	74	76	86	100	104	127	153	
64	34
4	5	10	17	19	24	25	26	31	33	35	45	47	50	55	57	59	60	63	72	74	77	78	92	96	100	104	107	111	115	117	118	121	127	
47	31
1	2	4	8	9	12	13	14	15	16	17	22	25	30	33	39	40	49	54	55	59	63	66	67	73	86	88	90	111	119	127	
53	28
0	7	15	18	20	21	25	29	34	37	49	58	63	66	67	72	74	84	92	96	104	108	112	115	118	119	121	132	
47	29
1	3	4	8	9	10	13	16	23	26	29	32	37	40	41	45	55	58	67	73	77	78	84	88	95	111	118	132	153	
53	33
1	3	4	8	9	14	15	16	17	19	21	25	26	27	29	35	37	41	45	47	57	60	71	73	76	92	103	104	107	111	119	121	127	
55	32
0	1	4	5	6	12	14	16	17	18	19	20	28	29	31	41	55	60	67	71	72	74	77	92	96	100	108	112	115	119	127	132	
49	29
2	3	7	8	9	12	14	15	20	22	27	29	31	40	41	46	67	74	77	86	88	95	103	104	107	108	111	112	121	
52	31
1	2	5	8	13	14	15	16	19	20	21	23	29	32	35	38	39	49	57	58	72	73	78	96	100	107	111	112	118	127	153	
52	32
2	3	6	12	18	19	24	26	28	29	31	33	35	41	45	46	50	57	59	63	66	71	73	76	77	88	90	95	111	119	127	132	
50	29
0	3	5	10	11	13	17	19	25	30	35	36	40	47	49	60	63	75	78	84	88	92	100	103	104	117	118	121	127	
46	29
3	4	5	6	9	11	13	14	17	20	25	29	37	38	45	54	55	57	60	66	67	71	72	73	75	78	100	104	115	
49	31
1	2	4	7	8	11	13	14	17	22	25	30	33	34	35	37	41	47	60	63	64	66	72	84	90	95	100	107	111	127	132	
51	30
3	4	5	6	8	9	13	14	17	22	25	28	29	33	38	49	54	55	63	66	67	72	74	75	100	103	115	117	127	153	
53	30
0	1	2	4	6	9	11	12	16	24	25	31	39	50	59	60	64	66	67	72	73	78	88	90	107	108	111	112	117	132	
52	31
3	4	7	9	11	13	21	27	32	34	35	37	38	39	54	57	66	71	72	75	77	84	86	88	92	95	96	100	112	115	121	
48	29
0	2	7	11	12	14	21	22	24	25	31	32	38	40	41	43	46	54	55	66	73	86	107	111	115	117	118	119	132	
53	31
1	5	6	7	10	15	18	21	23	25	27	28	30	32	33	41	45	54	55	67	73	76	92	104	107	111	112	119	121	127	132	
60	34
0	2	5	10	15	16	18	27	30	31	32	33	37	39	47	49	54	55	59	64	67	77	86	90	92	95	96	111	115	117	121	127	132	153	
49	28
0	2	4	5	8	9	12	13	17	25	26	35	49	54	55	58	59	63	66	74	78	86	108	112	115	119	121	127	
48	32
0	1	2	6	7	8	12	14	15	19	20	24	25	26	28	30	36	38	40	41	49	60	64	72	74	76	92	100	107	112	115	127	
53	31
0	3	8	11	16	19	20	22	27	31	35	36	40	41	43	45	57	58	74	77	78	86	92	96	103	107	108	111	115	117	127	
51	31
0	7	9	12	14	15	16	18	19	20	22	24	29	30	33	38	57	58	59	64	67	72	77	86	88	95	111	112	115	117	119	
53	31
0	5	12	14	19	21	22	24	29	37	40	41	43	46	50	55	58	63	66	67	71	72	75	84	86	88	108	117	118	121	132	
46	31
0	3	5	6	11	14	18	21	23	25	26	27	28	30	31	32	36	38	43	49	54	58	66	67	77	78	95	104	117	121	132	
58	32
1	2	3	4	6	21	24	25	30	31	32	33	45	50	55	57	59	66	73	74	75	84	88	90	92	100	103	111	112	117	118	119	
55	31
0	1	4	6	7	8	14	17	22	26	31	33	35	36	37	47	49	58	71	84	92	100	103	104	107	108	111	115	119	127	132	
51	30
6	9	11	18	19	20	22	27	30	32	33	38	39	43	49	57	59	60	72	75	84	88	90	96	111	112	117	121	127	132	
60	32
4	6	7	10	12	14	16	19	21	24	26	27	50	54	57	58	63	67	71	76	77	84	90	92	104	107	111	112	119	121	127	132	
54	31
0	1	3	4	11	14	17	18	21	23	27	33	35	37	40	41	47	58	66	67	75	76	92	103	107	108	112	117	118	132	153	
50	29
1	4	6	7	10	13	18	23	24	27	31	33	34	38	39	50	54	55	71	75	77	88	95	103	111	112	118	119	153	
50	31
0	1	5	8	11	12	16	17	23	24	25	29	33	34	35	37	40	41	45	47	55	58	63	95	103	104	117	118	127	132	153	
50	29
0	2	6	16	20	24	26	28	29	35	36	39	41	45	58	66	67	73	76	77	88	92	95	100	104	108	112	117	132	
50	31
0	10	16	17	20	22	24	26	27	28	29	32	35	38	39	41	43	57	64	66	76	84	86	92	95	96	100	108	111	117	119	
48	30
3	7	10	11	14	15	17	21	24	32	35	37	38	39	40	41	43	45	50	54	59	66	76	78	100	108	115	119	121	127	
53	29
2	4	6	7	9	12	19	21	22	23	26	35	45	54	55	57	58	71	88	90	96	100	108	111	118	119	121	127	132	
47	30
6	7	9	11	12	13	14	17	19	24	27	29	30	31	35	49	50	54	58	64	71	73	74	78	86	88	95	111	115	127	
45	29
4	5	12	13	14	15	18	19	21	22	32	33	37	38	39	40	43	47	49	55	59	71	74	88	108	111	117	127	153	
46	29
2	6	11	12	13	15	18	20	21	25	27	32	36	39	40	49	54	57	59	63	64	66	67	71	86	103	107	112	132	
47	29
0	4	5	6	7	12	13	17	18	20	22	27	29	32	37	43	46	55	58	66	76	77	78	88	103	108	117	132	153	
49	29
1	4	6	9	11	14	17	24	25	26	27	37	41	43	47	54	67	71	73	75	78	86	92	103	108	111	112	118	127	
55	31
0	1	4	16	20	22	25	26	28	35	36	37	38	41	45	49	54	60	72	73	76	84	90	104	107	108	112	115	127	132	153	
50	31
0	1	2	3	4	6	8	9	11	16	20	25	28	32	36	46	49	54	60	63	71	74	75	88	90	95	104	108	112	119	127	
43	27
3	9	11	14	16	20	21	25	26	27	30	34	40	43	45	57	58	66	67	75	77	86	92	104	108	112	119	
52	31
0	2	4	5	7	9	18	19	21	25	28	32	34	35	38	43	54	71	73	75	76	77	84	92	95	96	100	104	107	112	153	
51	32
0	1	5	10	11	14	15	16	21	22	23	24	27	29	37	38	39	41	50	60	74	75	84	86	88	95	96	104	107	111	112	127	
52	30
0	8	12	13	14	16	21	24	25	27	30	31	34	40	46	50	60	67	76	84	86	88	96	107	111	115	117	118	119	132	
56	29
0	8	11	14	15	18	25	28	29	35	39	40	45	54	57	77	78	88	95	103	104	108	111	112	115	118	121	127	153	
52	29
0	1	4	5	14	22	27	31	34	40	46	47	54	58	60	64	67	72	73	76	86	90	92	95	108	115	117	118	153	
47	30
0	2	4	9	10	11	14	15	17	19	22	23	24	32	39	40	41	50	54	57	60	67	71	77	86	95	107	112	117	118	
48	30
1	2	3	5	10	13	15	18	23	24	25	27	28	30	33	37	46	50	54	55	58	60	71	75	88	90	100	111	117	153	
51	30
2	4	11	13	15	16	18	24	27	31	34	35	39	45	49	57	58	59	67	74	76	77	84	90	96	103	104	112	127	153	
48	30
1	2	3	4	5	7	8	14	22	24	26	27	29	36	40	41	50	55	58	63	66	67	72	75	76	77	86	115	117	153	
46	31
4	5	6	9	10	13	16	18	19	24	26	27	28	29	35	36	43	46	49	58	60	63	66	72	76	77	84	88	100	112	127	
53	31
6	9	12	14	18	24	25	27	29	31	33	35	37	41	43	49	50	58	67	75	76	77	78	92	95	107	112	119	127	132	153	
51	30
1	9	10	13	14	17	19	24	25	26	28	31	34	38	39	46	55	59	60	66	77	78	86	100	103	104	111	112	127	132	
51	31
0	1	3	5	7	8	11	12	15	16	17	18	23	27	30	33	34	43	58	73	75	77	86	92	95	103	108	117	118	119	153	
53	31
6	9	13	19	20	21	22	23	24	28	29	34	35	37	38	39	50	54	58	67	71	74	86	96	100	104	108	112	115	117	119	
46	29
0	1	3	4	6	14	18	21	22	28	29	31	33	34	40	41	47	58	63	67	73	74	75	77	88	111	115	118	153	
51	28
0	1	2	6	13	14	17	21	24	31	32	33	36	50	59	60	71	74	76	86	95	108	111	112	117	119	132	153	
53	31
10	11	13	14	17	19	25	27	32	36	37	38	41	43	45	47	50	55	57	58	66	77	78	88	96	103	111	112	118	132	153	
45	28
0	1	2	4	6	10	13	23	24	25	27	33	34	35	40	49	50	54	58	60	66	67	76	103	112	118	127	132	
42	28
0	1	2	4	5	7	13	16	21	22	23	24	25	37	39	43	45	50	60	64	74	75	77	86	88	104	112	117	
45	30
1	8	9	16	23	24	25	26	27	28	29	31	33	34	36	37	38	39	41	45	55	58	60	67	86	88	104	107	127	153	
46	29
0	2	5	8	9	10	13	14	19	22	25	31	36	40	41	43	49	55	57	59	60	64	88	92	95	107	108	111	153	
52	33
11	12	15	16	17	21	24	25	26	27	29	30	31	32	33	37	41	46	47	58	60	63	66	67	72	77	86	95	103	104	108	111	119	
49	30
0	1	2	3	8	14	15	19	21	22	23	32	33	35	45	46	49	50	67	71	72	74	76	88	95	100	108	112	115	153	
54	31
0	4	15	18	21	26	28	29	35	36	37	39	41	43	46	47	54	66	67	86	88	95	96	104	112	115	117	118	119	121	132	
47	31
1	2	6	7	8	9	11	12	16	21	24	26	28	31	33	36	41	45	47	60	63	72	75	86	90	92	95	100	108	111	132	
46	30
4	5	6	7	8	9	12	13	19	21	28	32	34	36	37	38	39	43	45	50	54	58	60	63	96	107	108	111	112	118	
52	29
2	4	5	6	9	11	13	14	28	31	32	45	47	50	54	58	63	74	75	76	77	88	95	104	107	108	111	121	153	
51	30
4	9	11	13	14	18	22	26	27	29	31	32	34	43	45	55	60	66	72	73	75	78	88	95	100	104	111	115	118	132	
52	29
6	7	8	9	13	14	15	19	20	22	27	37	41	45	50	54	59	74	77	88	92	104	108	111	112	118	119	121	132	
48	30
0	2	7	8	11	18	23	27	29	30	31	32	36	37	41	43	47	54	57	64	75	77	84	86	92	103	104	111	121	127	
52	31
3	4	5	10	11	14	15	19	23	28	32	37	41	45	49	50	55	60	63	67	74	76	77	78	88	92	100	104	107	108	121	
54	31
0	3	5	9	12	14	16	22	27	31	32	37	38	40	41	47	54	58	60	76	84	90	92	100	104	107	108	111	112	118	127	
48	30
0	4	5	9	10	12	18	23	24	29	30	33	34	35	39	45	49	59	60	64	73	76	77	84	96	107	108	112	118	121	
45	29
1	2	3	7	8	10	15	16	17	18	20	21	22	23	25	36	40	54	55	57	60	63	84	88	90	103	107	112	117	
43	28
0	1	4	6	7	10	13	17	22	25	29	30	33	43	46	49	50	54	60	63	71	74	75	88	90	107	108	127	
47	31
0	3	4	7	9	11	12	15	16	18	19	20	21	23	24	28	34	40	46	55	58	64	71	73	76	90	92	104	112	115	121	
51	28
1	7	8	14	19	22	23	24	26	28	50	54	55	57	59	60	64	74	75	76	86	88	96	104	111	115	117	132	
51	30
2	3	13	14	16	17	19	26	29	31	37	39	45	50	58	59	60	66	67	74	75	76	84	88	95	96	103	111	118	127	
47	29
1	2	4	8	11	16	20	24	26	31	35	36	37	41	45	49	50	54	57	59	60	73	76	88	108	119	121	127	132	
55	29
1	4	7	10	14	18	26	28	29	34	45	50	54	57	59	63	73	75	77	84	95	96	104	107	111	112	115	127	153	
48	31
4	5	9	10	13	14	19	22	23	24	25	26	28	33	34	40	43	55	59	60	74	76	77	78	86	92	95	96	100	104	117	
52	29
0	12	17	20	21	22	24	26	27	28	29	34	35	38	50	55	59	60	67	86	92	100	104	108	111	112	118	119	132	
55	28
0	6	14	17	23	24	25	28	34	37	47	54	55	64	75	76	84	88	90	103	104	111	112	115	121	127	132	153	
46	30
2	3	4	5	9	12	14	17	19	23	24	27	28	29	30	33	37	43	57	60	64	67	74	75	92	96	100	103	107	118	
50	30
1	2	8	11	14	15	16	17	25	29	31	34	36	41	45	47	54	55	63	67	72	73	86	90	95	103	115	118	132	153	
50	30
1	2	3	7	15	19	23	25	27	28	32	33	37	39	41	45	54	55	58	60	74	75	76	78	90	107	117	119	127	153	
50	29
4	6	10	12	13	18	20	24	26	27	28	34	37	39	50	54	59	66	71	76	77	78	86	103	111	112	115	119	121	
51	32
0	2	12	15	16	19	23	24	26	28	30	31	33	36	37	38	39	41	43	49	55	57	60	63	72	78	107	108	111	119	127	153	
50	31
1	2	3	14	15	16	17	18	19	20	22	23	27	40	41	46	49	54	60	63	67	71	77	78	88	90	111	115	119	121	132	
54	33
5	6	7	10	14	18	19	20	21	24	27	29	31	32	35	41	43	45	49	57	63	64	78	92	95	96	104	107	111	115	118	119	121	
58	32
4	5	6	10	19	20	22	23	26	29	33	37	39	55	57	59	64	66	67	72	73	77	78	90	92	96	100	108	111	119	127	153	
48	31
0	3	9	10	12	15	16	17	25	26	35	37	39	43	45	46	47	50	58	63	64	66	67	73	75	76	84	92	112	121	132	
44	28
0	2	5	7	9	17	18	20	21	22	25	29	32	34	37	43	54	57	67	73	75	78	88	95	103	104	121	132	
46	28
1	2	8	9	10	15	16	20	21	26	28	31	34	41	45	50	54	59	63	76	84	88	96	104	108	111	117	132	
49	28
3	4	7	9	15	18	21	24	25	27	29	34	37	38	57	74	76	77	84	86	88	100	108	111	112	115	117	119	
43	29
0	1	9	12	15	16	18	22	25	27	28	29	31	34	35	36	45	55	58	60	72	73	84	88	90	95	96	111	115	
55	30
0	2	5	9	13	14	20	26	30	32	34	39	43	55	57	63	73	76	77	78	88	90	95	103	107	108	111	115	121	153	
45	29
4	6	8	11	13	16	19	21	25	26	27	28	34	35	39	46	49	59	60	67	73	76	78	86	96	100	103	112	117	
43	28
0	1	4	8	12	13	16	21	22	34	36	37	39	40	43	54	55	58	59	63	64	71	72	74	77	88	108	127	
51	31
0	3	7	13	15	16	21	23	25	27	29	31	32	33	37	41	49	50	54	66	71	74	78	84	96	100	103	108	112	117	127	
50	30
0	2	3	4	15	16	17	21	23	25	32	37	43	45	50	55	58	59	63	66	67	71	76	84	92	96	103	107	119	121	
47	29
0	2	4	6	12	13	15	16	31	33	35	38	40	43	45	50	55	58	59	60	63	76	77	86	88	100	115	119	127	
51	30
2	5	6	7	8	15	17	18	19	21	24	29	36	39	45	47	50	54	57	64	66	88	95	96	107	117	118	119	132	153	
50	31
0	3	4	5	8	10	11	13	14	15	16	21	24	28	34	39	45	47	60	67	77	84	86	90	96	104	107	112	115	119	121	
54	31
2	3	7	8	12	14	17	25	30	32	34	35	41	45	46	49	54	55	63	67	71	75	88	100	103	107	111	112	115	117	121	
46	29
0	1	2	4	5	9	13	16	17	19	23	25	26	32	33	40	41	49	55	60	72	78	88	95	112	115	118	127	153	
50	30
1	2	4	8	12	13	16	25	27	29	30	33	35	39	40	49	50	55	57	60	64	74	78	88	104	107	111	112	117	118	
55	30
0	3	4	6	11	12	16	22	28	37	38	40	45	47	54	55	57	60	66	76	84	88	100	103	107	112	115	117	127	153	
50	30
1	3	4	7	12	13	14	16	24	25	27	32	36	38	39	45	50	54	57	63	71	76	77	88	90	103	107	112	117	153	
46	30
0	1	6	8	11	16	17	21	23	26	29	35	36	37	39	40	43	45	60	63	64	67	71	77	84	88	100	115	119	121	
49	30
0	2	4	5	9	10	12	15	16	17	18	19	20	22	34	46	50	57	60	63	66	67	73	92	95	107	115	117	119	132	
51	31
0	5	6	11	12	13	15	16	17	18	22	23	25	28	31	35	39	43	55	66	67	78	84	88	95	103	112	115	117	132	153	
45	28
0	3	5	7	11	14	18	21	23	24	25	27	28	30	31	33	34	37	50	54	59	76	100	104	107	115	132	153	
45	29
3	5	11	12	14	16	17	19	23	25	31	33	35	41	45	49	50	55	58	63	64	66	76	78	88	96	107	112	115	
49	30
2	5	6	9	12	13	14	16	17	19	22	29	31	34	43	45	50	54	60	64	67	72	74	78	84	86	103	112	115	153	
53	32
1	6	9	10	13	15	18	20	25	26	30	31	34	38	39	43	47	54	58	63	67	74	76	77	78	84	86	104	108	127	132	153	
43	27
2	3	13	15	18	21	22	23	24	25	26	27	31	39	45	50	54	55	59	60	63	64	75	86	117	119	153	
52	29
4	8	10	12	13	17	22	23	24	29	34	35	54	57	58	64	66	76	77	84	86	90	92	95	112	118	121	132	153	
54	31
0	1	6	7	11	14	17	23	27	33	36	37	38	41	47	54	55	64	66	75	76	78	84	88	103	104	107	112	118	119	132	
53	31
1	2	3	7	11	13	21	22	23	29	32	35	36	39	45	55	66	67	71	73	75	77	78	86	96	103	107	108	111	115	118	
51	31
1	2	4	5	6	7	11	13	15	17	24	30	31	34	39	45	49	66	67	71	75	76	88	90	96	100	107	111	117	118	119	
50	28
1	2	4	13	16	22	27	29	35	36	38	39	40	55	58	59	60	64	73	75	76	78	100	104	108	117	118	153	
53	29
0	1	6	9	10	11	19	20	25	26	33	34	49	54	55	57	60	63	66	67	88	100	108	111	112	115	117	119	132	
58	32
0	1	5	6	13	15	19	23	24	25	29	35	37	45	59	60	63	67	71	72	86	92	95	96	104	108	112	115	119	121	127	132	
51	31
2	6	9	11	13	14	17	25	30	31	32	34	36	41	43	45	50	54	55	58	59	64	71	75	78	86	95	107	112	121	153	
46	28
0	3	4	5	8	11	12	14	15	17	24	26	37	39	49	50	59	63	66	71	75	76	96	108	111	112	117	118	
49	32
1	5	7	10	13	14	15	16	18	25	27	28	29	31	32	33	37	45	50	54	60	63	64	66	67	74	75	76	77	90	107	153	
42	29
1	2	4	5	8	12	13	16	17	20	22	23	24	27	29	30	43	47	54	55	58	66	71	78	84	88	92	118	132	
46	28
1	4	8	12	13	15	18	22	26	29	31	36	37	40	49	50	55	57	58	60	63	67	71	86	108	119	127	153	
57	32
0	1	6	9	12	17	18	24	27	28	31	33	41	43	45	54	72	73	74	76	78	84	92	95	103	107	108	112	118	119	127	132	
51	32
0	1	4	13	14	15	16	19	21	22	23	24	25	27	31	32	38	43	45	54	57	64	71	72	84	86	90	100	103	111	127	153	
51	31
2	3	4	5	6	10	13	14	17	21	32	33	38	41	45	47	58	59	64	67	72	76	77	88	90	95	96	100	115	132	153	
43	29
0	3	5	6	7	9	10	14	15	16	19	20	23	25	27	30	36	46	50	55	57	60	76	86	88	92	100	104	119	
49	29
9	12	13	16	20	23	25	27	31	34	35	36	40	43	45	50	54	55	58	63	74	77	88	107	108	111	117	118	127	
53	30
1	5	7	10	11	13	14	15	20	23	24	29	37	50	55	58	60	63	66	67	74	77	86	96	103	108	112	117	127	132	
51	31
8	9	12	16	18	19	24	25	26	30	34	35	39	41	45	47	54	59	60	64	66	76	78	88	95	96	108	112	115	117	118	
52	29
0	4	10	11	18	24	29	30	35	36	37	45	46	50	55	58	60	63	64	74	77	86	88	103	107	121	127	132	153	
43	31
1	2	6	7	8	10	12	13	16	17	19	24	25	26	28	29	30	31	33	39	41	50	55	63	67	73	75	76	88	103	132	
51	32
0	4	7	10	16	17	20	22	25	27	28	29	32	35	36	43	46	50	54	60	63	64	71	73	84	86	90	92	112	115	117	132	
45	28
0	1	8	10	12	18	20	24	25	29	31	35	36	39	49	50	54	55	57	60	63	64	67	86	104	112	127	132	
48	29
0	4	8	9	18	21	23	24	31	32	34	41	45	49	50	55	57	60	64	71	72	76	84	88	96	107	111	115	118	
51	31
3	6	11	13	17	18	24	31	32	35	36	39	40	41	45	47	55	57	60	71	74	77	78	88	90	95	100	115	119	121	127	
50	30
0	1	2	7	14	19	23	24	26	28	30	35	37	40	46	50	54	57	59	60	72	73	74	75	76	86	103	112	115	153	
51	31
1	3	6	7	8	10	11	14	21	23	24	30	35	40	41	45	49	50	55	58	59	64	76	86	88	100	103	104	107	115	121	
53	30
2	4	5	7	13	16	21	23	26	28	30	36	38	39	43	50	54	55	58	71	77	78	86	103	107	108	111	127	132	153	
43	29
0	1	4	6	8	10	13	14	16	21	22	23	29	30	33	34	35	37	40	54	55	64	66	71	90	104	115	117	132	
45	27
0	1	4	5	8	11	12	13	14	26	30	31	40	43	54	57	59	60	63	71	75	88	107	108	111	118	127	
53	31
3	8	9	14	15	16	19	26	27	28	30	35	37	40	41	49	54	55	73	75	77	84	90	92	95	104	111	117	118	121	153	
58	33
0	2	7	9	10	14	24	26	27	28	31	34	37	38	45	54	57	58	63	66	72	74	75	77	84	96	100	104	111	117	118	119	121	
48	30
0	1	7	10	14	15	16	18	21	22	23	25	27	31	37	47	54	58	66	67	71	72	75	78	92	96	100	108	111	112	
46	31
0	1	2	7	8	9	10	12	20	21	25	30	32	33	36	37	41	46	49	54	55	58	63	66	67	71	73	84	86	132	153	
49	30
6	10	12	13	14	16	18	21	27	31	34	36	38	43	45	50	54	58	59	64	67	72	75	88	90	96	100	108	112	132	
53	31
0	1	4	6	8	9	12	15	16	24	26	31	34	36	45	54	55	64	71	75	77	84	86	88	90	100	104	107	108	111	132	
48	29
0	2	3	6	9	14	18	19	22	37	38	39	40	43	45	46	55	58	60	64	71	74	86	88	103	107	117	127	153	
49	30
4	10	16	17	18	19	21	22	23	27	30	34	35	37	39	43	54	57	71	72	74	88	90	92	96	100	108	119	121	127	
52	32
4	5	6	7	8	9	10	13	16	17	26	27	28	31	40	43	49	54	55	58	64	66	71	72	75	86	95	96	112	115	117	153	
48	30
2	3	8	11	13	15	16	19	21	30	31	32	34	38	40	49	50	59	64	67	74	75	77	88	92	96	104	108	112	118	
47	29
4	7	8	9	10	15	20	22	24	25	26	27	29	33	37	41	49	54	60	67	74	78	88	104	108	112	115	119	121	
41	29
0	3	4	6	12	13	15	16	17	21	23	30	32	33	34	35	39	49	50	58	59	63	66	67	71	77	88	96	127	
51	32
0	1	2	7	10	12	19	21	22	24	27	28	31	33	39	40	46	49	50	58	66	67	74	75	88	90	92	100	103	117	119	127	
45	31
0	1	2	5	8	12	14	19	20	21	23	25	26	27	29	32	33	36	45	46	49	55	60	66	72	88	92	95	103	119	153	
43	27
3	4	12	13	14	17	18	20	23	27	29	30	37	49	50	54	57	63	64	66	67	75	76	86	104	118	132	
52	30
0	9	11	14	19	20	22	23	27	28	30	35	41	43	54	55	59	60	72	73	74	75	86	90	92	103	108	112	117	153	
52	28
10	15	17	18	21	24	26	39	41	45	49	50	54	57	59	66	71	78	84	88	95	96	107	117	118	127	132	153	
46	30
2	7	13	20	22	23	24	25	28	32	33	34	36	37	39	41	43	45	47	54	58	74	76	77	88	90	107	112	117	153	
53	31
0	3	7	8	13	14	20	21	22	24	32	33	38	40	46	54	55	57	58	63	64	66	78	92	96	104	107	115	117	119	132	
44	29
2	3	4	7	12	13	20	21	24	25	26	27	32	33	34	38	39	40	47	54	57	74	76	78	107	111	112	115	127	
50	29
1	2	6	7	8	9	13	16	17	18	19	22	31	34	38	41	47	59	63	74	88	103	104	108	111	117	127	132	153	
50	32
1	6	12	15	16	17	18	19	20	21	24	26	28	29	31	34	39	40	46	50	57	58	77	88	92	95	96	107	108	112	117	127	
50	30
4	6	8	10	18	20	21	22	26	29	33	34	35	39	40	43	54	55	57	59	84	88	95	96	107	108	111	115	119	132	
53	30
2	4	7	11	13	15	21	27	28	29	30	32	33	38	55	58	59	66	67	73	74	75	95	100	104	111	115	118	119	127	
48	29
0	2	6	7	8	9	10	11	13	21	24	25	30	41	43	47	55	59	64	67	73	75	88	100	108	111	117	121	132	
52	31
2	5	7	9	11	14	15	17	19	21	23	28	30	31	34	35	41	45	47	58	71	76	77	100	103	107	111	112	118	132	153	
49	30
3	8	9	11	12	13	14	15	19	21	24	25	28	30	37	45	46	47	71	73	88	90	95	104	108	111	112	121	127	132	
43	27
0	3	4	6	7	8	13	16	17	21	22	25	26	27	37	38	40	74	76	86	88	103	104	111	112	121	132	
48	29
1	3	4	7	14	16	18	20	22	24	27	31	34	40	45	46	57	58	59	60	73	74	84	95	100	103	104	115	153	
51	30
2	5	6	8	14	15	18	21	26	29	31	33	36	38	45	49	57	63	67	84	88	92	95	96	107	111	115	127	132	153	
52	30
2	3	5	7	8	10	13	14	15	25	28	37	45	46	47	59	63	67	75	77	86	92	96	108	111	112	115	118	119	132	
44	28
0	3	4	7	8	10	11	17	21	24	25	26	30	34	38	45	54	57	59	63	72	75	88	90	100	103	112	117	
46	29
0	2	7	9	11	12	14	20	21	24	25	27	28	30	32	36	55	57	58	66	73	77	84	86	96	103	108	111	118	
50	29
0	1	2	4	5	8	12	16	17	20	32	35	36	40	43	58	63	64	67	76	77	88	107	108	112	115	118	119	121	
54	29
0	5	9	13	15	16	17	30	37	40	41	45	47	55	67	71	73	77	88	90	95	104	108	111	112	115	117	121	153	
48	31
0	1	5	9	10	11	13	14	15	16	20	22	28	29	34	39	40	45	46	55	64	66	77	86	90	96	104	107	108	118	119	
51	29
3	5	8	9	10	13	22	25	26	31	33	36	37	41	47	55	59	66	73	77	88	92	100	108	111	118	119	132	153	
53	32
0	1	17	18	20	25	27	28	29	30	31	32	34	38	39	41	49	50	54	63	66	72	74	76	84	90	103	108	111	115	121	132	
48	29
3	9	10	11	14	15	16	17	23	26	29	31	36	38	39	45	54	57	63	64	66	72	74	75	100	104	117	127	153	
47	31
2	3	4	5	6	9	10	12	13	16	21	24	27	29	31	32	38	39	40	64	66	74	76	86	92	95	96	100	112	119	127	
52	30
1	7	8	13	14	20	21	22	27	33	36	40	41	43	50	54	57	66	71	72	74	77	86	88	103	104	108	111	112	132	
47	29
0	2	7	9	11	15	16	17	20	24	25	27	28	30	31	33	38	43	54	60	77	78	95	100	104	108	127	132	153	
45	30
0	1	4	7	9	10	16	18	21	22	23	25	26	27	28	34	35	39	41	45	54	67	71	73	75	104	111	112	115	117	
51	31
2	6	7	13	18	19	21	23	24	26	31	32	38	39	40	45	46	50	54	59	66	67	71	74	90	96	100	111	117	118	153	
54	29
1	2	3	12	15	17	18	20	39	40	41	45	50	54	57	67	71	74	76	77	88	92	103	108	115	119	121	127	153	
49	30
4	8	11	13	14	18	19	20	21	24	25	28	29	33	40	41	49	58	59	63	72	76	78	88	100	103	108	112	115	127	
46	27
3	13	18	21	22	25	26	27	30	31	32	39	43	50	54	59	63	66	67	77	78	86	88	100	107	132	153	
52	33
2	6	7	9	10	12	14	18	21	26	27	29	31	32	33	36	39	41	45	46	47	64	76	84	86	92	95	100	103	119	127	132	153	
49	30
0	1	2	4	8	11	12	18	20	23	25	29	31	32	34	45	58	73	75	76	77	78	86	88	92	95	104	117	132	153	
47	30
2	5	8	12	13	16	18	20	21	25	35	36	40	45	46	49	54	55	58	59	60	73	74	75	78	92	96	108	117	118	
53	29
1	2	3	9	12	19	23	24	26	31	36	41	46	54	55	59	64	73	76	77	86	95	107	111	112	119	127	132	153	
48	32
2	8	9	10	11	12	13	18	19	20	21	23	27	32	33	39	40	43	45	49	55	58	64	66	71	76	95	96	100	117	118	119	
51	29
2	4	6	11	13	16	22	25	27	30	34	35	40	50	54	55	57	59	60	63	71	76	84	92	104	108	121	127	153	
45	31
4	5	7	12	17	19	21	22	23	24	32	35	37	38	39	40	41	45	46	49	54	63	64	67	71	73	86	88	111	115	117	
51	32
0	1	4	7	11	13	14	17	18	25	27	28	29	33	35	36	40	45	47	50	60	63	66	72	73	84	86	108	111	127	132	153	
43	29
0	7	8	10	12	13	17	20	22	28	29	31	34	35	36	37	41	45	54	55	58	66	74	76	84	92	104	108	111	
43	30
1	3	4	5	8	10	12	13	19	20	21	24	25	28	31	34	36	37	45	46	54	59	73	76	86	88	90	103	107	108	
53	31
2	3	5	6	8	9	11	19	23	30	32	39	40	41	45	49	50	54	55	63	67	74	77	88	103	108	111	115	117	119	132	
55	29
0	2	3	5	9	17	22	24	33	40	45	50	54	55	58	59	76	84	86	88	95	100	103	104	108	117	118	119	132	
48	30
0	2	3	4	9	11	15	17	18	20	22	25	28	30	35	43	45	54	57	64	76	77	88	90	95	96	103	104	119	153	
45	29
1	3	11	12	13	15	16	17	19	26	29	33	34	39	41	45	47	54	57	59	60	63	64	66	67	73	100	118	153	
57	32
1	7	8	13	14	15	20	21	23	34	35	36	37	40	45	54	57	66	71	72	73	76	84	90	92	103	104	107	112	115	117	153	
53	30
0	2	4	12	13	15	17	19	21	22	30	32	33	38	50	57	60	67	77	78	84	86	88	90	100	103	112	127	132	153	
53	31
0	1	4	5	8	12	14	17	18	19	22	24	31	33	41	46	58	67	75	77	78	86	88	90	95	100	107	111	118	121	153	
49	30
0	2	9	12	15	16	17	19	20	22	26	31	33	35	45	46	49	59	60	71	72	78	92	95	104	107	115	118	127	132	
44	30
3	4	9	10	15	17	18	19	20	22	26	27	29	30	36	39	41	45	47	54	66	67	72	74	84	92	95	96	127	153	
46	30
0	2	6	9	10	12	14	18	19	22	24	25	27	29	34	35	40	45	46	50	55	71	77	78	86	88	107	118	121	153	
50	30
0	2	7	9	11	12	14	26	31	34	38	41	43	45	46	47	55	58	63	66	73	75	77	88	100	107	115	118	121	132	
53	31
0	7	8	12	14	17	21	25	27	31	32	35	36	37	43	50	54	64	71	72	76	77	78	84	88	90	111	112	115	121	153	
62	32
2	5	11	13	16	19	21	26	29	33	38	45	47	55	58	59	73	76	78	84	90	96	104	108	111	112	117	118	119	127	132	153	
53	32
9	10	12	13	15	16	17	20	26	28	33	34	35	39	43	45	47	59	60	67	76	84	86	88	90	95	100	104	107	111	115	132	
48	31
3	5	6	7	14	16	18	19	21	22	23	26	27	28	29	30	31	37	41	49	59	73	78	88	95	100	104	107	111	118	132	
56	29
1	2	3	6	11	15	17	19	22	23	33	50	54	55	57	63	66	71	74	75	84	100	103	108	112	117	119	127	153	
51	30
0	2	4	5	6	7	11	13	14	16	17	21	22	29	32	39	55	59	60	67	77	78	96	100	108	117	118	119	121	132	
45	28
0	1	3	9	10	19	24	25	27	31	34	35	36	37	46	50	55	60	63	64	66	67	71	86	108	112	117	119	
49	30
5	9	12	13	14	17	22	23	25	31	32	34	35	39	40	45	54	58	59	60	64	71	78	86	90	92	103	117	127	153	
54	30
0	2	4	5	7	8	12	18	32	35	37	38	39	50	54	59	60	63	66	72	76	78	84	100	103	112	115	117	121	127	
48	30
3	6	10	14	17	18	20	21	24	28	29	32	35	36	38	39	40	41	45	55	57	84	88	92	103	104	108	111	121	153	
48	30
2	5	10	11	13	18	22	23	25	26	33	34	37	38	43	46	57	58	63	66	67	73	75	77	78	88	108	112	115	127	
59	32
2	5	9	15	26	30	32	33	34	38	41	43	54	59	60	67	72	74	75	76	77	78	88	90	92	96	107	112	118	121	132	153	
45	29
3	4	5	6	10	11	13	16	17	19	22	25	26	28	31	33	34	37	50	59	60	63	71	75	76	103	117	119	153	
53	29
3	5	9	10	11	12	17	19	27	30	32	35	41	45	59	63	67	77	84	86	96	100	108	111	112	119	127	132	153	
54	33
0	5	6	7	10	14	16	22	23	26	30	33	35	39	43	47	49	50	54	55	59	60	74	75	78	84	86	96	103	112	117	118	132	
49	33
0	2	8	10	13	15	17	18	19	21	22	23	25	27	28	29	36	39	40	45	50	54	57	60	63	66	77	84	86	88	103	117	127	
48	29
0	3	4	8	10	11	16	17	18	20	22	35	36	40	45	49	57	58	60	63	64	74	76	77	104	108	115	127	153	
51	31
0	1	5	9	13	16	18	21	23	24	26	27	30	31	33	50	57	60	66	71	72	73	76	78	84	88	95	111	115	118	127	
44	29
0	1	5	9	10	11	14	16	22	25	26	29	30	31	35	40	49	55	58	59	63	64	66	75	77	95	108	112	132	
45	30
2	4	8	11	16	20	22	24	26	27	28	29	33	34	35	36	38	40	45	55	57	58	60	72	73	90	92	108	111	153	
51	30
0	2	7	9	15	18	20	25	27	29	30	34	36	38	39	57	60	66	74	77	78	84	86	96	103	104	112	117	119	121	
50	30
3	7	10	13	14	16	17	21	26	31	34	35	38	45	54	59	66	71	74	75	76	77	86	88	90	95	104	117	121	127	
53	30
3	7	10	11	15	16	18	19	23	28	31	34	37	45	57	60	63	66	67	76	84	86	95	100	103	108	111	117	119	121	
46	29
0	4	12	13	16	18	20	21	23	24	26	29	30	32	33	34	49	55	60	67	77	78	92	95	100	108	111	117	132	
55	30
0	1	2	4	6	16	17	20	27	39	45	47	50	60	63	64	74	76	78	84	86	88	92	100	103	111	115	117	119	127	
42	30
2	7	8	10	11	13	14	20	24	25	26	27	30	31	37	39	43	45	46	49	50	57	60	63	64	74	88	96	117	119	
59	33
3	5	12	16	18	19	20	21	22	25	26	28	29	30	39	41	43	55	72	74	76	77	78	86	104	108	115	117	118	119	121	127	153	
53	30
0	4	9	10	13	17	20	25	26	39	41	45	49	55	57	59	64	66	71	78	86	88	90	95	100	104	108	112	127	132	
49	30
2	3	9	11	15	16	17	18	19	20	21	22	35	37	39	40	47	55	57	60	67	73	74	95	100	103	104	117	121	127	
48	30
0	3	11	14	16	17	18	21	22	25	27	29	31	32	37	43	47	55	57	58	64	66	76	78	90	100	104	107	115	119	
50	29
1	2	9	11	14	17	18	21	22	32	33	36	39	40	45	47	57	73	74	76	86	95	100	104	108	112	119	121	153	
52	29
3	11	16	17	21	22	24	26	27	31	32	33	46	47	54	57	66	71	72	74	86	96	103	107	117	118	127	132	153	
46	29
0	1	3	4	5	8	14	17	24	26	27	30	31	33	39	46	59	60	67	75	77	86	90	95	96	103	112	117	127	
52	32
1	2	10	12	15	19	20	23	26	33	35	36	40	41	43	47	49	54	58	63	66	72	75	76	77	90	95	112	115	117	118	132	
45	29
0	1	2	3	7	12	19	20	21	24	26	30	31	33	34	37	40	46	54	55	59	64	66	73	86	107	108	119	153	
42	27
1	3	4	5	8	11	12	13	15	22	24	27	32	34	37	39	54	55	59	60	63	75	86	95	118	119	153	
49	30
2	3	6	8	15	16	18	20	21	25	29	31	32	35	39	41	49	59	63	66	72	84	92	96	100	112	115	117	127	132	
56	32
11	13	14	16	17	24	25	26	30	33	35	38	39	43	46	54	57	64	66	71	75	78	86	90	95	103	104	115	117	118	127	132	
49	28
1	3	4	11	14	15	17	18	22	23	30	37	40	50	57	58	63	74	76	78	86	88	100	104	107	108	115	121	
50	30
0	4	12	16	19	20	22	23	24	27	29	34	37	40	45	54	58	67	71	72	74	77	84	88	90	108	111	112	119	132	
41	29
0	1	3	5	6	7	8	10	13	15	16	17	20	22	23	25	26	31	32	39	46	49	60	63	74	117	119	132	153	
59	32
1	2	4	5	11	12	13	15	17	24	31	32	39	45	59	60	64	66	72	78	86	88	90	95	103	111	112	115	118	127	132	153	
49	30
2	4	9	13	14	16	17	19	21	22	29	32	33	36	43	47	54	59	60	64	66	67	72	73	74	86	108	111	118	153	
50	32
0	2	6	13	14	16	17	19	20	21	24	25	28	30	31	36	41	47	49	54	57	58	59	66	67	75	96	111	112	118	119	127	
47	30
0	2	6	10	11	16	17	21	24	26	27	29	31	32	35	41	45	47	50	54	60	67	73	88	90	108	117	119	121	132	
50	28
1	7	11	13	22	25	27	30	31	36	41	43	46	54	57	60	63	66	67	71	86	100	111	118	119	121	127	132	
53	30
0	5	8	9	11	12	13	15	16	25	28	31	34	45	47	60	63	67	73	75	88	90	95	100	103	111	112	119	132	153	
48	28
0	2	4	5	13	16	17	20	22	25	37	39	47	49	54	58	67	72	74	76	78	92	96	108	117	127	132	153	
54	32
2	3	6	7	11	12	14	17	20	22	24	35	36	41	45	46	50	54	59	73	74	75	77	88	90	95	107	111	118	119	121	132	
49	31
0	2	3	5	6	8	9	15	17	18	20	24	25	27	32	33	40	46	47	57	60	67	76	77	88	107	111	112	117	127	132	
44	28
0	2	4	6	7	9	10	11	12	13	17	19	20	23	24	37	40	45	58	67	76	84	86	103	119	127	132	153	
57	32
4	5	9	11	14	22	25	27	28	29	30	31	32	35	46	49	57	59	60	66	74	84	86	96	103	108	111	117	119	127	132	153	
52	30
1	2	3	11	13	16	21	22	24	25	27	39	43	45	54	55	59	63	67	76	86	88	90	92	95	100	104	117	132	153	
47	29
1	3	5	11	13	16	19	24	25	27	35	36	37	40	49	50	58	60	63	73	75	76	88	90	96	103	112	117	127	
44	30
2	4	5	6	8	10	12	13	14	17	21	25	32	34	35	40	41	43	45	50	54	55	63	66	72	77	78	100	111	117	
53	29
1	2	10	11	15	20	23	27	37	38	39	49	55	57	59	60	63	66	67	86	88	95	100	104	108	112	119	121	132	
48	29
0	5	6	9	12	14	16	19	20	22	31	35	37	41	49	54	55	58	60	67	72	76	88	96	107	112	115	117	132	
50	30
3	4	5	8	9	10	13	19	20	23	24	25	26	29	30	34	50	55	64	74	77	86	92	95	100	103	108	111	112	115	
49	30
0	1	6	10	11	13	16	21	24	26	33	37	38	39	41	45	60	64	66	71	74	77	78	86	90	100	107	112	117	127	
49	30
5	6	7	11	12	13	14	16	17	18	19	27	29	31	32	33	37	50	60	63	67	75	78	88	104	108	112	118	119	121	
55	32
9	10	11	15	18	21	22	23	26	30	31	32	33	39	43	57	64	66	71	72	73	74	76	77	88	90	92	107	108	117	132	153	
50	30
1	3	6	7	10	11	13	17	35	36	37	39	45	46	49	50	59	63	67	74	84	86	90	92	96	104	111	112	127	132	
53	31
0	1	7	9	17	19	22	23	24	27	28	31	35	36	41	45	55	58	63	66	76	78	88	92	100	103	104	118	119	127	132	
48	29
0	4	7	8	12	13	15	16	18	24	25	31	36	37	43	49	50	57	58	64	76	77	88	95	104	111	112	132	153	
50	31
0	2	3	5	7	13	18	20	23	31	32	33	37	39	41	45	46	55	57	58	60	66	72	77	78	86	88	100	108	132	153	
46	29
1	2	4	11	13	14	15	20	21	22	25	27	30	32	33	40	50	54	60	63	64	66	67	72	95	104	112	127	132	
43	27
1	4	5	6	8	11	14	17	18	24	30	34	38	39	40	41	57	60	63	72	86	96	103	112	115	117	127	
51	32
0	4	9	10	15	18	20	22	26	27	28	35	36	38	39	43	45	47	50	55	60	71	72	73	78	84	92	100	104	107	117	127	
53	31
1	2	3	5	10	11	13	14	16	17	18	22	31	36	45	58	66	67	75	76	78	84	86	88	96	104	107	111	112	115	119	
55	33
3	9	12	13	15	17	18	19	26	27	29	30	32	33	41	43	45	47	54	59	66	72	74	76	78	90	92	108	111	117	121	132	153	
48	28
0	1	2	4	6	8	11	22	24	32	35	38	40	43	54	58	63	64	76	77	88	96	100	103	108	111	112	119	
50	32
4	5	6	9	11	12	13	14	16	19	20	23	26	29	30	32	39	46	47	50	55	60	67	73	86	90	96	100	103	115	119	132	
52	28
0	2	9	14	18	19	24	26	28	35	36	41	50	54	55	59	67	75	77	78	88	103	108	111	112	121	127	153	
48	29
1	5	8	10	11	16	19	23	25	26	31	32	34	36	39	45	57	58	60	63	66	76	86	104	108	111	117	119	121	
45	30
7	11	15	16	19	20	21	22	24	26	27	31	33	35	37	39	41	45	58	60	67	73	76	78	84	86	90	100	112	127	
47	28
0	4	5	6	8	12	16	18	19	21	28	35	36	49	50	57	59	66	67	71	76	78	84	100	104	112	115	127	
52	31
3	7	12	14	17	18	21	23	24	28	30	31	33	39	41	46	49	54	55	57	58	64	66	84	88	100	107	115	118	132	153	
48	30
2	5	12	15	16	20	22	23	26	30	35	36	38	39	43	49	55	57	59	60	63	64	72	73	75	84	103	112	117	118	
48	32
2	5	9	12	13	14	17	19	20	23	24	28	32	33	37	38	40	41	43	47	54	58	59	66	72	75	92	96	112	115	119	127	
47	30
1	2	5	7	10	13	18	19	21	24	25	27	31	32	37	43	54	57	64	66	71	74	75	76	86	90	95	103	112	132	
55	31
5	6	10	14	15	20	24	25	29	33	34	35	36	49	54	55	57	60	63	66	75	84	92	96	100	103	104	111	112	118	121	
49	29
1	2	3	13	15	16	17	22	24	25	31	36	37	40	49	50	54	60	71	74	86	88	95	103	112	115	117	127	132	
49	31
5	8	11	12	15	16	17	18	21	24	25	30	31	32	33	37	40	43	45	57	58	63	64	72	74	76	100	104	107	132	153	
50	30
1	2	3	4	11	13	15	18	21	22	23	25	28	29	35	45	55	58	59	66	67	73	74	75	88	104	107	115	119	153	
49	29
1	2	4	5	11	13	14	18	21	30	34	35	39	49	54	55	59	60	74	75	77	84	86	90	96	100	118	132	153	
45	30
1	3	4	9	11	15	17	18	20	23	27	28	29	30	32	35	40	41	50	54	60	64	66	71	72	74	86	104	115	127	
43	29
0	2	7	10	13	14	15	16	17	18	19	20	21	22	23	25	34	38	41	63	72	75	77	88	92	108	119	121	127	
49	31
0	2	4	7	12	14	15	16	19	21	22	23	24	34	35	36	37	38	41	46	54	72	86	92	111	112	115	118	119	121	132	
49	32
2	6	7	8	9	10	13	14	15	19	25	29	30	32	40	41	43	45	49	54	58	60	63	66	72	73	74	76	100	112	119	132	
49	30
2	5	7	9	15	16	18	19	20	21	23	25	33	37	46	49	54	55	57	63	66	67	75	77	86	103	104	111	112	119	
46	30
2	4	5	7	10	12	16	21	22	23	24	27	29	31	32	35	45	54	57	58	66	67	74	75	77	88	96	100	104	127	
41	27
4	7	9	12	13	16	18	19	20	22	26	27	31	33	36	43	54	60	63	74	75	86	88	90	108	111	132	
44	30
0	4	13	15	17	18	20	24	27	29	32	33	34	35	38	39	45	49	54	55	57	59	71	73	75	78	92	95	107	108	
49	30
5	8	11	12	13	14	21	22	28	30	35	45	46	47	50	54	55	57	58	60	63	72	74	75	88	90	92	100	111	118	
48	28
0	1	7	9	12	14	17	18	20	22	29	33	36	37	47	58	66	67	73	74	88	92	100	103	108	117	132	153	
50	30
2	6	7	9	10	11	12	14	15	17	19	29	31	36	38	40	41	45	47	58	67	72	103	107	111	118	119	127	132	153	
48	31
0	1	5	7	8	10	15	21	24	25	27	30	31	32	33	34	39	43	47	49	60	71	84	86	96	100	104	111	112	117	132	
49	30
0	2	4	6	11	15	18	21	22	23	24	32	38	45	46	47	54	59	63	66	74	77	86	95	96	100	111	112	121	127	
46	33
0	3	4	6	9	12	14	15	18	19	20	22	26	27	28	31	34	35	36	40	43	46	50	55	63	66	72	73	74	77	86	115	118	
48	29
0	2	6	9	11	12	15	18	27	30	32	33	38	43	45	54	55	58	60	64	67	71	88	90	92	107	108	117	153	
41	28
0	2	4	5	6	8	12	17	19	20	22	24	28	29	30	34	35	43	54	57	60	66	74	76	92	100	108	119	
41	27
0	2	3	4	8	10	13	17	18	25	35	37	39	41	45	46	47	50	71	76	78	84	86	103	104	108	127	
55	31
1	4	10	11	13	14	17	19	23	25	29	38	41	45	49	57	58	63	64	76	77	88	95	96	100	104	107	112	127	132	153	
49	31
0	1	5	7	8	10	11	12	13	18	21	30	31	32	34	36	39	43	46	50	59	63	78	86	88	90	104	107	108	132	153	
50	31
1	3	5	13	14	21	22	23	24	27	30	31	32	33	34	35	40	45	46	54	59	63	86	92	100	108	115	118	119	121	127	
59	30
1	2	11	18	21	26	28	32	34	39	41	47	58	63	73	74	75	77	86	95	100	111	112	115	117	118	119	121	127	153	
50	29
0	1	5	8	9	13	15	16	18	21	22	27	31	39	49	55	58	66	71	73	78	95	96	104	108	112	119	127	153	
46	28
0	7	9	10	12	16	18	19	20	27	28	35	36	38	40	41	60	72	73	76	78	92	104	108	112	117	121	127	
53	31
5	7	15	16	20	21	22	23	24	27	28	29	31	34	37	39	47	50	54	57	58	59	84	95	104	107	108	117	119	132	153	
48	30
1	3	5	7	8	12	13	17	20	25	27	28	31	32	33	37	39	45	54	59	60	72	74	76	88	108	111	127	132	153	
48	28
0	3	4	5	6	10	11	14	16	18	20	23	37	45	54	55	57	66	75	77	86	90	104	107	108	112	117	119	
49	29
7	8	10	11	21	24	27	34	35	36	37	38	39	41	45	54	57	59	74	76	88	92	95	104	111	112	117	118	121	
53	30
4	10	11	13	15	18	19	21	30	33	35	38	40	46	47	50	59	63	76	77	86	88	100	108	111	112	115	117	118	127	
51	29
0	4	5	15	16	17	18	21	22	23	24	31	34	39	50	54	63	64	66	67	78	96	100	104	107	108	115	118	132	
50	29
1	2	3	4	5	9	13	14	18	20	21	22	27	49	54	55	58	66	74	75	86	90	92	95	104	108	112	127	153	
46	31
1	11	13	16	17	18	20	23	26	27	29	30	33	34	35	36	39	40	41	43	45	58	63	66	76	78	96	103	117	127	153	
51	31
0	1	4	6	7	10	14	18	22	24	26	29	30	34	36	41	46	58	63	67	73	75	77	86	92	103	108	112	117	118	119	
51	30
2	3	4	6	7	8	14	15	18	20	21	22	29	57	63	73	74	75	77	78	84	86	88	90	95	96	104	111	112	115	
52	30
0	3	4	13	15	18	27	28	30	32	34	37	39	43	50	54	55	57	59	60	63	72	74	77	92	107	112	117	118	153	
60	34
1	7	8	11	12	14	16	18	24	27	32	33	38	46	47	49	57	58	60	64	72	75	77	84	92	96	100	103	104	111	112	115	118	121	
50	30
1	2	3	6	14	17	21	24	28	33	35	37	40	41	47	55	58	59	63	66	67	74	75	77	96	100	108	111	112	115	
44	30
0	1	3	5	6	8	9	10	11	20	28	29	30	31	34	37	38	40	43	45	54	57	58	60	66	71	104	117	127	132	
49	30
0	1	2	4	6	9	10	13	14	17	23	27	30	32	33	39	41	46	66	71	74	76	86	90	100	103	112	118	119	153	
48	31
6	7	8	9	12	13	14	16	17	19	20	30	31	33	40	41	45	54	55	59	60	63	64	71	72	74	75	88	100	127	132	
51	29
2	3	4	7	16	17	22	24	27	32	35	39	41	49	58	59	72	73	74	75	84	86	92	108	111	118	121	127	153	
49	31
7	10	13	14	17	19	22	24	25	29	31	32	34	37	38	39	41	43	47	54	55	63	67	72	86	95	108	111	127	132	153	
44	30
0	3	4	6	7	8	10	12	19	20	21	22	24	26	34	35	37	39	46	50	55	63	67	73	77	86	96	100	104	118	
47	29
3	4	8	12	13	18	20	25	31	32	34	37	39	40	45	46	54	55	71	72	74	76	77	78	86	103	111	117	153	
46	30
0	1	2	3	5	6	8	13	18	23	28	31	32	36	39	41	43	45	54	55	60	64	66	74	75	88	100	104	112	115	
45	30
4	6	7	12	13	14	18	20	21	32	35	38	39	40	43	45	49	50	57	59	63	64	66	72	75	84	92	96	112	118	
47	30
1	2	4	6	7	11	13	16	18	26	30	31	33	34	36	38	41	43	54	67	71	73	75	77	88	100	104	118	119	132	
43	29
4	5	7	9	11	12	13	14	17	22	23	24	25	30	34	36	38	43	45	54	63	78	88	90	95	100	103	111	115	
46	30
2	7	8	13	15	18	19	22	23	24	25	26	29	30	31	34	35	36	43	60	63	74	76	84	86	92	103	115	119	153	
50	29
0	3	6	7	8	14	15	17	24	33	34	37	38	40	43	45	54	63	66	84	96	104	108	112	115	117	118	127	132	
56	29
0	11	21	26	28	31	35	37	39	41	47	50	54	64	67	72	73	76	84	86	95	103	112	115	119	121	127	132	153	
49	30
0	1	7	10	15	16	18	20	22	23	25	27	31	33	37	39	54	59	64	67	72	74	76	77	88	92	115	121	127	153	
53	30
2	3	11	13	15	23	24	25	30	32	33	37	45	55	57	60	67	72	73	74	84	86	92	95	100	103	111	112	121	127	
54	31
1	3	8	12	21	22	23	26	29	32	33	35	40	45	54	57	63	64	66	67	73	74	78	88	96	100	107	108	112	121	132	
51	30
0	4	6	11	13	16	20	21	24	26	28	32	35	43	45	49	57	60	76	77	86	88	90	100	104	111	112	115	119	132	
49	29
0	3	11	19	20	21	22	25	27	28	35	38	41	50	54	55	57	63	64	66	71	75	88	90	92	112	115	117	119	
54	32
1	3	6	13	16	18	21	24	26	31	33	34	37	39	40	45	50	59	63	66	72	73	76	77	84	92	104	107	115	117	127	132	
50	32
1	4	5	9	10	13	15	18	28	30	31	33	36	37	41	47	49	55	58	59	60	64	67	75	77	78	88	95	96	100	118	132	
54	32
1	2	5	6	7	11	12	19	20	21	24	26	30	33	39	47	57	64	66	67	73	76	88	90	95	96	103	111	112	117	119	127	
49	30
0	1	2	5	8	9	10	15	18	20	21	23	27	29	32	36	40	58	60	67	73	76	78	88	92	104	112	115	127	153	
55	30
0	2	4	11	15	16	17	18	25	33	34	36	37	45	49	50	58	63	75	76	90	100	104	107	115	119	121	127	132	153	
45	29
0	4	5	6	10	13	14	16	19	22	23	26	29	32	37	40	46	50	55	57	60	67	73	90	92	96	115	119	153	
45	28
0	2	5	11	14	19	21	23	29	34	38	40	41	43	45	47	54	55	66	73	78	88	96	100	103	104	117	118	
47	29
0	4	9	14	18	20	22	23	27	29	31	32	37	43	46	49	54	64	66	67	71	72	75	77	78	100	104	108	153	
44	29
0	1	3	4	5	9	10	11	12	14	15	19	20	22	24	27	28	40	49	55	60	63	66	72	75	100	108	115	153	
52	31
4	5	8	9	10	11	12	14	16	17	19	22	35	37	38	40	50	57	59	63	64	72	76	77	84	90	104	108	117	127	153	
59	32
0	9	10	11	25	26	30	32	34	36	38	39	45	49	55	58	60	63	66	67	73	75	84	96	111	112	117	118	119	127	132	153	
49	31
0	3	6	7	11	16	22	23	24	25	27	28	34	35	38	41	45	46	50	58	60	64	74	76	86	92	104	108	112	117	121	
48	29
0	1	3	4	7	8	13	17	22	34	36	38	39	40	45	54	57	58	59	63	72	74	75	77	100	107	108	115	119	
43	29
0	4	5	8	9	12	17	20	22	24	26	28	30	32	39	43	46	50	58	63	66	67	77	78	86	88	90	108	119	
52	30
4	7	8	11	20	22	24	26	27	30	31	37	39	45	49	57	60	66	72	76	86	90	92	95	104	107	108	119	127	153	
45	31
0	1	5	12	13	14	16	17	20	24	26	27	30	32	33	36	38	39	41	47	57	58	63	66	76	77	92	96	108	111	121	
45	28
2	3	4	12	15	16	17	19	21	24	26	28	32	39	45	47	50	57	59	63	75	76	84	92	108	111	118	153	
52	32
2	3	5	6	8	9	13	14	15	21	28	31	37	39	45	46	47	49	59	66	72	76	88	90	92	95	104	107	117	121	127	132	
45	27
0	4	5	6	11	24	25	26	27	28	29	30	35	58	59	63	66	67	73	75	77	88	96	103	104	112	119	
48	30
1	3	8	9	11	12	16	21	24	25	30	32	34	37	40	41	45	47	58	67	72	73	74	92	108	111	112	115	117	118	
49	29
0	1	4	5	7	9	12	15	16	19	21	22	31	46	47	54	55	63	64	66	72	74	90	103	104	108	112	117	127	
55	30
0	1	5	9	11	21	28	31	32	35	36	37	40	47	49	55	58	67	71	75	76	100	107	111	112	115	121	127	132	153	
47	29
0	2	4	5	6	9	13	16	17	19	22	30	35	43	49	55	59	60	63	71	75	77	84	86	90	96	108	132	153	
43	27
0	1	2	6	8	9	15	16	17	21	26	31	32	40	45	50	58	63	67	74	75	76	88	92	107	115	153	
49	28
6	9	11	14	15	16	17	18	21	27	32	49	57	58	66	73	74	75	76	77	78	88	96	104	107	111	112	118	
43	31
0	1	2	4	5	7	10	13	15	16	17	19	22	25	26	29	30	33	38	41	49	54	55	57	66	71	74	88	92	100	104	
52	31
0	4	7	11	13	15	17	19	21	22	26	27	31	36	38	46	58	60	63	66	72	74	76	90	95	103	104	118	119	121	127	
45	28
0	4	7	12	13	17	20	22	24	29	33	37	38	39	43	47	60	71	73	75	78	88	95	100	111	119	127	132	
45	28
1	3	9	13	16	18	19	20	22	26	27	30	31	40	43	46	50	59	60	64	67	71	73	88	103	108	111	153	
39	29
0	1	2	5	6	11	14	15	20	21	22	23	24	25	27	30	31	34	45	46	50	58	59	66	76	77	86	90	112	
46	28
0	2	3	6	8	9	21	23	32	34	36	40	43	45	47	54	66	67	71	72	74	76	86	92	107	112	115	153	
49	32
0	1	2	5	7	9	10	21	23	30	31	32	36	37	40	43	45	46	47	50	54	55	66	72	84	88	90	96	108	112	115	118	
49	32
4	5	6	8	9	10	11	14	17	20	29	31	38	40	41	43	45	49	54	59	60	66	67	74	75	76	77	86	90	104	108	117	
54	30
9	11	12	13	16	23	25	26	31	33	37	38	39	45	49	54	60	63	67	72	74	88	103	107	108	115	119	121	132	153	
46	29
3	4	5	10	12	15	19	21	22	24	25	26	35	37	43	49	50	54	57	58	67	75	76	77	86	88	104	112	153	
48	29
9	12	16	18	21	22	26	27	29	31	33	35	37	39	41	49	60	64	71	73	74	75	84	96	104	115	118	127	153	
44	28
1	2	3	4	5	7	11	12	14	16	17	25	28	35	39	45	49	55	57	66	67	75	95	104	107	108	112	115	
61	32
0	1	3	4	6	12	17	22	33	37	43	64	66	71	73	74	76	77	84	86	88	90	92	96	104	111	112	115	117	118	119	132	
55	29
2	3	5	12	13	16	17	18	31	32	35	47	54	55	59	63	66	74	86	88	95	100	108	111	112	117	118	132	153	
56	32
5	12	13	14	18	19	21	22	25	29	32	33	36	37	39	43	47	59	60	71	74	75	78	86	104	112	117	118	119	127	132	153	
47	31
7	8	15	16	17	18	19	22	25	27	29	30	31	35	37	40	43	54	55	57	58	59	60	64	77	86	88	95	96	103	115	
45	29
1	8	10	17	18	23	24	25	26	29	30	34	35	36	41	45	55	57	58	59	63	64	66	73	84	92	100	111	117	
47	29
0	9	10	11	15	20	25	28	31	33	35	36	37	38	40	45	50	58	63	72	74	76	77	86	95	108	112	127	153	
46	30
2	5	8	11	13	15	18	20	21	22	24	25	26	28	29	30	31	37	54	60	63	64	67	74	86	88	115	117	119	121	
44	30
0	2	5	6	8	10	11	13	18	21	23	26	28	31	32	40	43	45	46	49	55	60	77	88	95	96	103	111	112	115	
51	29
0	1	8	10	11	13	14	16	20	27	34	37	39	43	49	50	57	58	60	73	74	76	103	111	112	119	121	127	153	
45	29
1	2	3	6	9	10	11	15	16	17	20	26	28	33	35	38	39	43	45	57	66	67	74	76	104	117	127	132	153	
51	30
4	13	16	17	20	22	23	25	29	30	34	37	38	41	45	49	55	58	63	72	74	78	84	88	100	108	115	127	132	153	
49	31
0	1	7	14	16	18	20	21	22	23	26	27	28	31	32	39	43	45	63	66	67	75	77	78	86	88	108	117	118	119	132	
48	30
0	1	5	8	10	11	12	17	18	20	27	29	31	34	35	40	47	58	59	63	64	66	72	73	76	92	104	112	115	153	
42	28
5	7	12	16	18	19	21	22	24	27	31	34	38	39	40	41	43	50	54	55	59	63	71	72	76	107	118	132	
50	30
1	4	7	8	12	19	24	25	28	29	30	34	41	43	45	49	59	60	63	72	75	88	92	96	107	111	112	119	127	132	
44	27
0	1	6	8	9	14	22	26	29	31	35	36	41	47	54	66	67	71	75	76	77	86	95	104	112	115	132	
52	33
0	1	2	3	4	9	13	19	20	29	32	33	34	35	38	41	45	49	54	59	66	67	71	75	76	77	90	95	96	103	112	115	132	
51	31
0	4	9	15	17	18	20	22	24	26	29	30	31	33	41	45	46	50	58	60	67	71	84	86	88	100	108	115	117	118	119	
48	33
1	2	3	4	8	11	18	19	23	25	30	31	32	33	34	35	40	47	49	57	59	60	64	66	72	73	76	78	84	92	95	96	107	
54	31
3	4	5	6	9	17	24	25	27	28	31	41	45	46	50	55	58	59	63	64	66	71	75	76	84	96	108	117	119	121	153	
50	30
3	6	9	11	15	18	19	20	22	31	34	39	40	45	46	49	50	57	60	63	67	74	88	95	111	112	115	119	121	132	
47	29
0	12	15	16	17	18	20	21	23	29	31	34	35	37	45	49	50	54	55	63	66	67	72	90	100	103	108	119	132	
53	31
14	18	19	26	27	28	32	33	35	38	41	43	45	49	50	54	55	60	73	75	76	78	88	90	95	96	104	111	115	121	127	
46	30
0	2	4	5	6	18	20	21	24	25	27	30	31	32	35	38	39	49	60	63	64	67	71	75	90	96	100	104	107	117	
49	30
2	4	6	7	8	9	14	22	24	26	28	29	32	40	41	47	50	55	58	60	63	71	73	84	86	90	108	111	118	153	
50	30
1	2	4	7	10	17	19	24	33	37	38	39	41	43	46	58	59	63	64	66	73	75	76	88	92	100	112	117	118	121	
43	29
0	1	2	5	7	8	11	13	14	16	18	21	23	30	34	37	41	45	50	54	55	66	76	78	84	86	104	111	127	
50	32
1	2	4	9	14	15	18	19	21	25	28	29	31	34	35	45	49	50	57	58	59	66	67	71	72	84	88	95	96	107	111	115	
50	29
3	4	7	8	9	11	17	18	22	26	27	29	32	35	39	50	57	64	75	76	86	95	96	104	108	112	115	118	153	
45	29
0	1	3	4	5	6	10	11	18	20	22	24	30	32	33	34	45	54	57	66	73	74	77	86	90	100	108	112	127	
43	29
4	6	7	9	10	11	13	14	16	17	18	19	22	27	32	35	37	43	46	49	66	74	78	84	86	103	118	121	153	
47	30
0	2	7	8	12	15	16	19	20	23	31	37	41	45	46	49	55	58	60	67	73	77	78	84	86	88	90	104	108	132	
51	30
0	4	11	12	19	22	24	27	29	32	33	35	38	40	54	57	60	63	66	72	75	77	78	86	96	100	111	112	121	127	
54	31
5	8	9	10	11	13	17	18	19	23	26	30	32	45	49	54	55	58	60	66	67	74	95	96	100	103	104	111	117	127	132	
56	33
5	7	9	11	13	16	23	27	28	30	31	32	34	35	46	47	54	63	66	71	72	74	75	77	88	90	92	96	100	104	108	119	153	
51	31
2	3	5	7	8	9	15	16	17	22	25	27	28	30	32	39	54	57	58	59	63	64	75	77	84	95	104	111	112	117	119	
45	29
0	9	10	12	13	16	17	19	21	24	25	28	30	31	39	40	50	55	58	63	67	72	73	75	78	92	108	111	112	
46	31
0	2	4	5	6	7	8	9	19	20	21	22	26	28	29	31	34	39	40	43	54	57	60	66	78	92	95	104	117	118	119	
39	29
0	1	5	7	8	12	13	14	18	21	24	25	26	29	30	34	35	38	43	45	49	50	54	55	58	75	92	107	112	
46	29
0	2	4	5	8	9	11	15	16	17	22	25	26	27	32	34	47	50	55	58	64	88	90	95	104	107	108	121	132	
54	30
3	4	6	8	10	14	15	16	19	21	22	24	29	30	38	50	57	59	63	73	74	88	100	111	112	117	118	119	127	153	
50	29
0	2	3	4	8	11	12	14	17	24	25	32	35	40	45	46	47	54	55	57	86	104	108	111	112	117	119	121	153	
48	30
6	7	8	11	12	14	16	24	26	29	31	32	34	35	36	41	45	47	50	54	59	64	73	77	86	103	104	127	132	153	
55	32
0	3	11	13	17	18	21	26	27	35	37	40	41	43	45	49	54	57	58	59	60	64	71	75	95	96	103	107	117	119	127	153	
50	32
0	1	3	5	6	9	11	14	16	17	19	23	24	26	27	28	29	38	39	43	45	59	60	78	86	92	104	107	117	119	127	153	
51	31
1	4	5	10	11	16	18	23	27	29	30	32	35	36	39	41	45	47	50	58	60	66	73	75	104	107	112	115	119	127	132	
53	30
2	4	5	9	13	16	17	19	20	26	27	30	46	49	57	59	60	63	64	74	90	92	96	103	104	107	115	119	121	127	
40	30
1	3	5	8	10	12	13	15	20	23	25	34	35	37	39	40	41	45	47	49	54	55	59	63	64	66	67	75	77	92	
51	33
0	6	7	9	11	13	14	19	23	24	25	26	30	31	33	34	35	37	38	46	54	60	63	66	71	72	88	95	100	107	108	115	118	
54	31
4	5	7	11	13	18	19	21	27	30	31	32	33	37	43	50	54	66	67	71	74	75	78	88	92	103	108	118	121	127	153	
47	31
3	5	8	9	13	14	18	22	23	25	26	27	29	30	31	33	37	46	49	57	58	60	64	71	84	88	90	104	121	127	132	
49	31
3	5	6	10	11	12	20	23	24	27	30	33	34	35	36	40	43	54	55	57	59	63	67	74	77	88	90	107	108	119	121	
50	30
1	3	8	15	16	17	19	22	23	27	28	31	34	36	39	50	54	57	63	64	66	67	72	74	90	100	107	108	118	121	
55	30
0	4	14	15	18	20	22	25	27	29	30	35	49	54	57	60	63	66	67	88	90	95	96	100	103	112	115	119	132	153	
45	28
2	5	6	10	11	13	15	17	18	24	32	37	40	45	47	50	54	57	59	64	66	67	72	74	77	107	115	153	
51	30
0	2	5	9	10	11	12	15	17	18	20	22	30	36	38	46	47	54	63	64	66	73	76	100	107	108	112	117	127	153	
49	28
0	1	2	9	13	21	25	31	32	39	40	41	43	57	58	60	63	71	72	74	76	86	90	108	112	119	127	153	
56	33
0	2	5	7	11	13	15	17	22	25	30	34	37	39	40	41	45	47	59	63	64	67	84	92	95	100	103	107	108	112	119	127	132	
54	29
4	7	13	21	22	23	27	29	33	35	39	43	49	55	57	58	63	71	72	84	90	107	108	111	118	119	127	132	153	
47	28
0	2	7	10	11	12	18	22	24	25	28	31	34	36	37	38	58	60	72	73	84	88	104	108	111	117	132	153	
46	28
0	2	4	7	9	17	24	26	31	33	34	35	39	45	54	55	58	59	67	74	75	76	86	95	96	118	119	153	
52	32
1	6	8	11	12	13	15	16	17	18	21	23	24	26	30	33	45	58	64	66	67	73	75	78	84	86	88	100	104	117	118	121	
54	29
11	12	21	23	25	26	27	28	31	35	39	50	54	55	57	58	64	73	75	76	78	86	92	103	104	112	119	127	153	
45	28
2	4	5	8	13	14	16	18	21	22	25	26	29	32	34	39	47	49	54	55	72	88	100	112	118	121	132	153	
50	32
0	4	5	7	10	12	13	17	18	20	23	25	32	33	36	37	40	41	43	54	55	57	63	74	75	78	88	104	111	112	115	127	
57	31
2	5	6	7	8	9	13	18	19	22	27	30	39	43	50	54	57	59	60	64	75	78	86	103	108	111	112	117	119	121	153	
47	29
3	6	13	15	16	20	21	26	27	30	31	37	39	43	49	50	59	60	63	74	75	76	88	90	92	108	117	118	121	
52	31
1	7	24	26	27	28	29	31	32	35	39	40	41	43	45	50	58	59	60	74	76	78	84	86	92	96	103	111	117	127	132	
49	33
6	7	10	12	13	19	20	22	23	24	25	26	29	31	35	36	38	39	40	41	43	54	58	60	63	84	86	88	95	104	108	115	132	
53	30
0	2	4	11	12	14	17	18	24	25	27	37	38	41	45	50	54	57	58	60	67	72	75	100	103	104	107	117	119	153	
42	27
0	4	6	8	13	16	19	21	24	25	27	30	31	39	50	58	60	63	64	66	72	73	76	88	95	100	118	
49	29
4	5	8	10	13	16	25	26	28	30	31	36	37	50	54	55	58	63	64	66	71	72	75	77	96	107	108	127	132	
51	30
2	5	11	12	13	15	17	30	31	34	36	37	40	47	49	58	59	60	63	67	77	86	92	95	100	103	107	115	119	132	
46	29
2	7	9	13	18	19	20	22	24	25	32	33	34	39	40	43	45	46	59	71	77	78	86	108	112	117	118	127	132	
53	29
3	8	9	14	19	22	25	27	29	35	36	37	45	57	60	63	66	72	73	78	86	92	100	107	108	112	127	132	153	
49	31
1	2	6	7	10	12	19	22	23	24	38	40	41	43	45	46	47	50	54	55	64	67	74	76	77	84	88	107	118	121	132	
50	30
0	2	6	7	10	14	16	17	18	21	24	27	33	38	45	46	50	58	64	66	75	84	88	96	107	112	115	121	127	132	
46	30
1	8	10	13	16	21	23	24	28	29	30	33	34	38	39	45	46	49	50	55	57	58	63	67	77	84	108	112	115	127	
46	30
0	3	6	7	8	14	23	25	27	28	35	37	39	41	43	45	47	49	55	63	76	77	78	84	88	92	100	107	121	127	
47	30
0	1	4	7	9	13	16	17	24	26	27	30	31	37	40	49	50	59	60	63	64	66	78	86	88	95	96	111	118	132	
51	29
0	7	9	10	11	15	17	23	24	35	36	37	39	54	55	57	66	75	76	78	90	92	95	108	112	117	118	119	132	
56	31
2	3	4	5	6	8	14	17	21	22	26	30	33	38	47	54	57	59	67	74	76	88	92	104	112	115	118	119	127	132	153	
51	31
0	3	5	13	14	18	19	20	21	26	28	30	31	34	35	36	43	57	64	72	73	75	76	88	90	92	108	111	115	121	153	
50	32
0	5	9	10	13	15	16	17	20	22	23	24	28	29	34	38	43	46	49	54	63	67	71	74	75	77	90	96	107	117	118	153	
50	31
0	1	2	6	8	9	11	14	17	19	25	27	30	32	33	34	39	45	47	54	58	59	66	86	96	100	103	112	117	127	153	
40	28
1	3	4	8	10	13	18	19	22	23	24	25	29	30	34	40	43	45	50	54	55	60	64	66	71	74	115	132	
47	30
4	5	6	10	11	17	20	24	27	30	32	35	39	40	43	45	46	54	57	59	60	63	64	66	76	77	78	104	108	153	
46	27
2	13	16	20	28	31	32	36	37	39	40	45	46	50	54	58	59	63	64	66	74	76	77	100	108	111	153	
50	32
1	3	4	7	16	18	20	24	25	27	28	29	35	36	38	39	41	45	49	55	66	67	72	75	77	90	95	104	107	108	117	127	
52	28
0	2	3	9	11	14	15	22	23	24	35	49	54	55	66	73	75	77	90	95	107	108	112	118	119	121	127	132	
43	26
0	4	9	12	14	16	19	20	22	24	29	32	37	50	54	55	58	60	66	72	74	86	100	108	127	132	
46	31
0	4	7	11	14	15	22	23	24	27	29	31	32	33	35	38	40	45	58	60	63	66	72	74	76	77	86	88	96	112	115	
48	29
0	4	7	10	15	17	19	21	22	23	24	26	33	37	39	50	54	58	60	67	77	78	86	88	95	107	115	117	153	
45	30
1	4	5	9	13	14	16	17	22	23	24	27	31	33	34	35	38	39	41	46	50	54	63	64	67	78	100	117	118	153	
45	29
0	4	5	10	11	13	18	21	23	24	25	27	33	34	40	46	50	54	57	58	66	71	72	75	76	92	100	112	115	
51	30
0	2	3	4	5	10	21	24	27	28	37	39	45	46	49	55	66	67	71	74	75	76	78	95	103	104	108	117	121	127	
51	31
4	11	13	14	17	23	26	28	29	30	37	40	43	45	46	47	50	55	58	63	71	73	75	77	78	88	108	111	112	115	118	
46	29
0	2	4	9	12	13	14	16	22	24	25	28	31	33	39	40	43	45	59	60	66	78	86	96	100	108	119	127	153	
56	30
0	1	5	9	15	18	25	27	30	31	35	47	54	55	58	60	63	64	72	74	84	90	92	107	108	119	121	127	132	153	
49	28
4	7	9	13	15	16	22	23	27	29	33	37	38	43	55	60	71	73	74	88	90	92	103	111	112	118	132	153	
47	30
0	1	4	5	7	17	19	20	23	26	27	30	32	34	36	38	39	54	57	58	63	64	75	76	88	90	104	107	108	111	
50	29
1	6	8	9	10	11	14	19	20	23	27	29	35	37	41	47	55	60	67	73	86	95	103	112	119	121	127	132	153	
53	31
2	9	13	15	17	18	19	30	32	33	34	40	43	45	47	55	57	58	59	66	74	78	92	95	96	108	112	117	119	121	132	
48	30
0	1	3	5	7	8	9	11	13	15	21	25	27	32	34	35	37	38	50	54	55	75	92	96	107	112	115	117	118	132	
49	28
1	6	9	16	19	23	27	30	31	32	39	41	45	50	59	60	64	74	76	86	88	90	100	104	107	108	111	112	
53	31
4	5	11	14	18	20	22	23	26	27	33	37	41	46	47	54	55	57	58	60	66	72	73	75	90	92	100	112	115	121	153	
55	33
0	3	4	5	9	19	20	23	24	26	28	29	31	32	37	40	46	47	54	55	57	59	60	77	86	92	100	104	112	115	117	118	127	
50	28
0	5	8	9	15	16	17	19	23	25	31	33	37	46	50	54	55	66	78	86	90	107	108	112	115	121	127	153	
51	30
0	5	6	11	14	18	22	23	25	27	31	33	34	35	41	50	54	55	57	59	72	76	77	84	90	107	112	121	132	153	
50	28
0	1	2	5	7	8	11	21	23	25	27	31	45	47	58	60	66	75	86	92	95	104	108	111	119	121	127	153	
54	30
2	3	4	5	9	11	13	32	35	37	43	47	50	57	58	59	60	63	64	74	75	76	86	92	100	107	108	111	112	121	
48	29
0	2	4	8	16	18	19	23	25	27	28	34	35	41	46	54	55	58	64	66	73	75	77	86	103	104	111	112	121	
50	30
0	7	9	11	16	21	23	24	25	26	31	36	39	41	45	46	47	55	59	60	63	77	86	100	103	104	111	115	118	127	
49	30
0	1	2	5	7	8	10	13	20	25	34	36	38	39	43	46	50	58	63	67	74	76	77	86	95	108	111	112	119	132	
51	29
0	3	7	8	9	19	22	31	32	33	35	37	40	45	54	58	59	66	67	73	74	77	96	103	107	108	115	127	153	
53	30
0	8	10	11	17	18	20	23	24	29	35	36	37	45	50	58	63	66	73	78	86	90	92	100	107	108	112	117	127	132	
52	31
0	4	5	7	10	14	18	24	26	32	37	38	39	43	47	49	59	67	73	75	77	84	88	95	96	100	108	111	112	118	132	
44	28
1	3	4	11	13	16	17	18	23	27	29	30	32	33	34	40	41	50	54	67	71	74	76	90	104	127	132	153	
51	31
0	2	6	7	10	13	16	22	24	26	31	34	35	39	46	47	54	57	58	63	66	72	74	77	86	95	103	104	118	119	121	
52	32
0	1	4	8	14	17	18	19	21	22	24	25	26	27	28	31	38	39	43	54	66	75	78	92	95	100	103	104	117	121	127	132	
43	29
2	4	5	6	8	12	14	16	17	19	20	24	25	26	37	39	41	46	49	55	57	59	63	66	88	104	112	118	132	
48	30
1	4	6	7	10	11	13	15	17	19	26	29	30	35	43	46	49	57	60	67	71	74	75	86	90	92	103	117	118	153	
46	30
0	1	3	4	5	6	12	17	18	20	24	26	27	28	32	36	39	40	49	57	58	76	78	84	92	100	107	108	111	112	
54	30
0	2	5	9	16	17	20	22	25	35	37	38	40	41	50	60	64	67	73	75	86	95	96	103	104	111	117	121	132	153	
49	30
2	5	7	13	15	16	17	18	19	21	22	23	26	33	39	43	49	54	60	74	75	76	90	95	100	104	107	112	117	127	
40	28
3	4	6	7	8	9	11	12	13	16	17	22	24	26	28	32	35	39	43	45	47	73	86	103	111	117	118	121	
57	32
0	8	10	12	13	15	18	20	21	22	29	33	40	41	50	57	58	66	73	74	75	77	88	90	92	100	104	108	112	117	127	132	
48	31
1	4	6	8	9	10	11	13	14	16	18	20	22	23	32	35	37	39	41	47	55	60	73	75	78	92	104	115	121	132	153	
43	29
4	6	8	13	14	15	16	17	22	27	28	29	30	32	34	37	38	40	50	58	59	60	67	73	86	88	104	118	132	
56	30
1	2	5	10	13	16	17	24	32	34	39	41	47	54	55	58	75	76	78	88	90	95	107	111	112	117	118	121	132	153	
44	28
0	1	4	6	7	11	12	17	18	20	23	24	26	30	32	36	41	45	46	73	86	90	100	111	118	119	132	153	
50	31
5	7	8	9	11	13	14	16	27	28	30	37	38	39	43	55	58	59	60	63	72	73	75	77	84	90	95	96	108	118	119	
40	28
4	8	9	10	12	13	14	15	17	18	24	25	29	37	38	40	45	46	50	54	57	64	74	76	78	88	108	115	
45	28
1	8	13	14	16	17	20	21	22	23	27	34	36	37	40	50	54	58	60	67	76	88	95	96	104	111	115	119	
47	32
3	4	11	13	17	18	19	21	22	23	24	27	32	33	36	37	43	46	47	49	59	60	64	73	77	88	90	95	96	103	121	127	
61	32
0	2	5	10	12	18	23	27	28	30	35	36	39	50	57	60	64	75	76	77	78	84	86	100	103	107	108	111	112	117	132	153	
53	31
4	7	10	11	17	22	24	25	26	28	30	31	34	37	38	41	47	54	63	73	76	78	86	95	100	108	112	117	118	127	153	
46	30
0	1	2	5	10	16	18	20	22	23	25	27	31	34	35	40	45	46	47	57	60	64	67	73	92	103	104	107	111	112	
55	28
5	9	12	16	17	19	23	24	39	50	55	57	58	59	60	63	64	75	86	90	96	100	107	108	111	112	117	153	
53	31
0	2	4	5	6	7	8	10	11	17	18	28	30	35	38	39	47	50	60	64	67	77	86	88	103	104	115	117	127	132	153	
52	28
2	3	4	6	8	11	13	16	22	27	33	35	54	64	74	75	77	78	86	92	104	108	111	112	115	117	127	132	
48	31
0	1	4	8	12	16	20	21	23	25	26	28	34	35	39	45	49	55	60	63	64	71	72	73	75	77	84	96	100	117	118	
43	28
0	2	6	7	9	10	13	15	18	33	35	36	37	41	45	55	58	66	67	73	74	76	77	86	90	96	121	127	
51	30
0	1	11	12	14	15	18	21	22	23	24	31	40	46	47	50	58	59	63	66	67	75	77	78	86	100	118	119	132	153	
50	30
1	3	9	12	13	16	19	20	22	25	27	30	31	33	40	58	59	60	67	76	77	78	86	88	96	104	111	117	121	127	
55	31
2	5	6	12	15	17	18	22	23	28	29	31	32	35	36	37	54	57	58	64	67	84	86	103	104	111	112	115	119	132	153	
49	32
2	3	4	6	7	9	10	11	14	15	17	19	21	26	27	30	33	40	46	47	49	57	59	66	73	74	88	100	103	118	132	153	
55	31
1	2	5	12	13	14	17	20	25	29	30	33	35	36	39	49	50	57	77	78	88	90	96	100	103	108	111	115	127	132	153	
55	30
2	5	9	13	25	28	31	32	35	40	45	50	54	58	59	63	64	66	74	77	90	92	95	96	100	107	108	111	118	127	
56	32
3	4	9	10	11	15	16	18	21	22	25	28	29	30	33	45	57	58	59	71	73	75	76	90	92	103	107	108	112	119	127	153	
51	32
3	4	8	9	11	13	14	16	18	20	22	24	25	26	27	28	39	47	54	55	60	72	76	78	84	88	95	100	103	108	111	119	
55	31
2	4	8	13	19	20	21	25	32	34	35	36	45	46	50	59	66	67	73	76	77	78	90	92	95	104	108	112	121	127	153	
53	31
0	1	4	5	8	10	12	16	19	34	37	39	43	46	47	54	59	64	71	76	77	78	84	90	96	103	108	112	115	119	121	
48	30
0	2	3	4	6	11	13	17	23	25	26	27	32	33	35	38	39	45	55	58	66	75	86	96	100	111	112	119	121	132	
52	29
0	2	11	12	15	16	18	21	23	29	30	31	34	35	41	57	58	59	74	76	86	104	107	112	118	119	121	132	153	
45	32
0	1	3	6	9	12	15	16	17	18	24	26	28	30	31	34	35	39	40	43	46	50	55	58	63	66	67	73	86	92	118	119	
47	29
6	9	11	14	21	27	30	34	35	38	39	40	43	45	57	58	64	66	67	72	73	75	77	84	86	96	108	112	115	
50	28
0	1	4	8	11	21	22	25	27	32	46	50	55	57	58	63	64	66	72	73	78	88	95	104	107	112	115	121	
52	32
0	1	3	4	10	13	16	17	19	22	24	33	34	38	39	43	45	57	59	60	63	66	67	71	74	78	84	96	104	111	127	153	
46	29
0	2	4	5	6	11	13	15	21	29	31	40	45	46	47	49	54	55	58	66	71	75	77	78	88	104	117	119	127	
47	31
0	4	5	6	9	11	12	13	14	17	18	26	28	31	32	37	38	45	46	50	54	58	63	66	71	72	92	103	104	107	127	
58	33
7	9	10	12	13	14	18	22	23	25	28	29	36	38	39	45	58	60	64	72	73	74	76	88	92	95	100	107	111	112	121	132	153	
52	33
2	3	4	10	11	12	13	18	21	23	27	28	30	31	33	34	37	46	47	50	58	64	66	71	73	74	86	90	103	104	119	127	132	
44	28
1	4	7	9	12	13	14	15	16	17	19	22	27	28	31	32	39	57	58	59	63	74	90	100	104	111	118	119	
46	31
0	3	4	6	7	9	11	17	25	26	27	28	29	32	34	35	40	43	45	54	64	66	67	71	73	76	77	86	104	118	121	
53	30
0	5	7	9	15	17	19	20	30	31	34	35	40	55	58	59	60	63	66	67	72	74	77	90	100	104	107	108	115	119	
48	30
0	2	3	7	8	12	16	17	18	19	21	22	24	26	28	36	43	45	54	60	66	71	75	76	100	103	107	117	118	132	
54	32
0	2	6	11	13	17	18	20	26	30	35	39	40	43	45	46	49	58	63	66	67	72	74	90	95	103	107	112	115	119	127	132	
44	28
0	7	8	9	12	13	17	18	20	22	25	32	35	36	37	45	47	50	54	64	78	86	92	104	108	111	117	121	
44	30
1	2	6	7	10	11	15	17	20	24	25	27	29	30	31	33	36	39	41	49	57	64	66	67	71	75	95	104	115	153	
50	31
1	3	4	9	12	15	18	19	30	32	34	35	36	40	41	46	55	58	59	63	64	73	74	75	77	86	92	104	108	111	121	
53	33
1	4	6	12	13	15	16	17	18	19	21	26	28	31	33	34	37	43	45	46	57	59	63	74	76	86	90	108	111	117	119	121	153	
48	30
0	2	7	12	13	14	18	21	22	24	27	30	36	39	45	46	50	54	55	57	64	71	74	76	84	86	108	111	118	127	
51	31
1	3	6	8	14	16	19	25	29	32	34	36	37	41	45	46	47	60	66	67	72	73	76	86	90	104	111	112	115	119	121	
43	30
1	7	12	13	14	16	17	18	19	22	24	25	27	28	33	39	43	45	49	55	58	59	60	72	73	75	77	90	108	127	
50	31
2	4	5	9	13	14	16	17	28	30	32	34	35	40	43	45	46	47	54	55	60	63	67	74	86	92	103	107	118	121	153	
46	29
1	3	4	7	10	13	17	22	23	25	28	33	34	37	39	43	54	59	63	66	71	74	75	90	95	100	103	112	117	
51	32
1	2	4	11	13	15	16	19	27	30	33	35	37	38	40	43	55	57	59	60	63	64	66	71	75	86	88	90	95	96	118	153	
51	29
0	3	7	11	14	17	23	24	28	31	37	40	43	45	54	55	59	66	71	72	76	88	95	100	103	115	117	132	153	
48	30
10	19	20	21	24	26	27	28	29	31	32	34	35	39	41	43	49	55	59	66	71	78	86	90	96	108	111	112	121	127	
49	30
0	1	2	4	14	19	21	23	24	29	35	36	37	38	40	41	50	54	55	57	66	72	76	77	86	88	112	115	118	153	
59	31
5	6	8	9	11	13	15	22	26	28	45	47	50	54	55	58	59	60	63	78	86	90	92	100	108	115	117	119	127	132	153	
44	32
0	2	3	4	5	6	7	11	12	14	16	17	20	21	23	25	26	27	29	30	31	37	43	50	63	66	78	84	88	100	111	119	
49	30
2	6	7	9	11	14	19	22	27	33	36	37	38	41	43	47	54	58	59	60	66	75	76	88	96	103	112	118	121	132	
47	29
1	2	3	4	5	9	12	14	15	17	19	22	24	40	41	45	49	54	58	64	66	77	92	96	107	108	112	127	153	
52	32
3	8	9	11	15	21	22	26	27	32	34	35	36	37	43	45	49	54	57	60	66	67	72	74	75	92	96	111	112	115	117	132	
42	30
1	8	12	13	14	16	20	21	24	25	26	27	30	31	32	33	34	36	39	41	54	55	57	64	71	78	86	95	108	115	
45	29
1	2	4	11	12	16	17	22	24	25	32	37	38	47	49	55	57	58	59	63	64	67	72	73	75	84	88	108	111	
47	29
0	4	5	6	12	15	16	21	23	27	28	30	31	37	40	45	50	54	63	67	72	76	88	90	92	100	107	127	153	
51	30
7	8	13	21	22	24	25	26	31	33	35	36	37	38	41	47	54	57	58	63	64	74	86	88	104	111	115	117	119	153	
54	31
2	9	12	20	21	22	24	28	29	35	38	39	45	54	55	57	58	64	67	71	73	76	78	84	88	95	104	108	111	112	119	
52	31
2	12	13	17	18	19	24	25	30	32	35	40	41	45	47	50	54	55	58	60	64	67	78	84	86	88	107	111	115	127	132	
49	29
0	7	9	10	11	13	15	16	17	20	23	24	25	26	28	37	46	50	63	88	90	96	108	111	112	115	117	121	153	
55	33
4	7	9	13	17	19	20	27	31	32	34	35	36	38	43	45	49	54	55	60	63	66	72	76	84	88	90	96	107	115	121	132	153	
51	32
1	4	8	9	10	13	14	16	29	31	32	33	34	35	36	38	40	45	49	63	64	75	77	88	90	96	104	107	108	111	121	127	
48	30
4	7	8	11	14	15	22	24	25	27	32	35	39	43	47	57	58	63	64	72	75	76	77	86	92	95	96	103	111	112	
58	33
4	5	9	14	15	20	22	26	27	31	35	40	45	47	57	58	59	60	63	66	67	71	73	76	77	84	90	95	111	121	127	132	153	
46	30
3	9	11	13	14	15	16	21	22	23	24	26	27	31	32	40	43	45	46	54	59	63	66	76	95	104	107	115	118	132	
45	28
1	2	4	6	7	10	13	16	22	26	32	33	39	40	45	50	54	57	66	71	77	88	90	95	104	108	112	118	
45	30
3	4	7	8	9	10	11	12	15	17	23	24	32	35	36	37	40	49	50	54	57	59	63	64	76	86	92	112	115	127	
56	32
2	7	9	13	15	17	18	23	24	29	34	35	36	37	45	50	58	63	66	67	72	74	76	78	84	92	104	108	117	118	119	153	
45	30
0	1	2	5	6	7	8	10	15	17	18	23	25	30	34	35	41	47	50	55	63	64	67	75	76	86	92	100	107	111	
48	29
2	4	9	11	12	15	16	17	18	21	23	24	27	36	41	46	49	54	55	64	74	88	100	104	107	108	111	112	118	
47	28
0	2	6	9	18	19	20	21	22	24	27	34	35	41	43	49	50	54	55	74	86	90	108	117	119	121	127	153	
48	31
9	10	12	13	16	17	18	19	20	21	22	23	34	35	37	39	40	46	49	54	67	71	74	76	78	90	92	104	115	119	153	
47	31
0	9	12	14	16	18	19	23	24	25	26	28	29	30	31	33	34	38	39	55	57	58	59	67	72	73	77	92	108	117	153	
45	29
0	1	4	5	6	7	8	10	11	15	17	18	19	20	25	34	37	46	47	50	57	66	78	88	104	112	115	117	153	
50	31
0	3	4	5	9	10	11	15	16	18	19	20	28	29	31	33	34	36	45	54	59	60	63	67	96	100	107	108	115	132	153	
49	30
2	3	4	8	12	15	16	17	22	24	25	26	27	33	37	39	41	54	57	71	74	84	86	92	104	107	108	111	112	127	
49	31
0	2	3	4	6	7	8	14	17	19	20	21	22	24	26	28	29	35	39	50	55	75	77	84	86	100	107	111	118	121	132	
52	31
0	2	4	7	10	17	20	21	25	28	32	34	38	39	45	50	54	58	59	60	72	73	76	84	88	90	95	108	115	132	153	
48	29
2	3	4	11	14	19	20	21	23	28	32	35	36	40	41	45	50	66	73	75	84	92	95	100	104	108	112	121	127	
49	29
3	4	8	11	13	16	27	29	34	37	38	39	40	46	50	54	55	57	58	59	60	64	71	77	95	100	112	118	153	
50	29
5	9	10	11	12	13	14	17	28	34	38	39	43	45	54	55	59	64	73	74	78	86	90	96	100	107	127	132	153	
48	29
0	2	4	5	6	7	13	14	17	21	25	29	38	40	50	54	55	57	60	73	75	84	88	90	96	108	112	118	132	
52	31
0	1	7	8	10	12	16	20	25	31	34	36	40	43	45	50	54	57	58	63	67	72	76	77	88	95	100	103	104	115	117	
53	29
0	1	4	5	6	11	12	17	20	25	28	29	33	34	55	58	63	74	75	77	90	100	104	107	112	115	119	121	153	
53	31
3	4	7	10	11	13	18	21	22	24	29	30	35	38	39	41	45	50	54	57	67	76	88	90	100	103	108	112	118	127	153	
54	32
0	2	4	5	7	14	15	18	20	21	29	30	34	36	38	45	50	54	57	72	77	78	84	88	92	96	100	112	115	119	121	127	
56	31
3	11	16	17	22	24	28	31	37	38	40	43	47	49	54	55	57	59	72	73	76	88	95	103	108	115	118	119	121	127	132	
44	27
0	1	2	4	8	12	13	16	24	27	31	33	34	38	39	50	55	58	59	60	77	86	103	107	112	127	132	
51	32
0	7	10	11	12	13	18	20	21	27	29	31	32	34	35	37	39	45	57	59	60	64	66	67	71	74	78	86	104	108	119	153	
52	31
0	3	4	8	10	12	14	19	21	25	31	32	33	37	40	41	46	54	58	60	72	76	77	86	95	100	111	112	115	117	153	
54	31
0	2	8	9	19	20	22	27	28	36	38	39	41	47	55	58	59	60	64	67	73	75	88	92	96	103	108	111	112	117	119	
49	29
0	4	8	11	17	22	24	27	28	32	34	36	37	38	39	47	54	57	58	66	76	78	107	108	111	112	117	121	127	
47	30
3	6	9	11	12	13	15	17	18	21	24	26	28	33	35	38	39	45	54	58	60	67	73	86	95	100	111	117	119	127	
47	29
1	2	5	6	7	8	13	14	15	17	18	30	38	40	41	45	54	55	57	63	71	76	88	90	104	107	112	118	132	
50	30
1	4	6	7	8	9	10	13	18	21	23	30	34	45	46	47	50	54	58	66	71	73	75	76	78	104	112	115	132	153	
51	29
0	3	13	14	15	16	20	21	22	25	31	38	45	47	58	64	71	74	76	78	86	88	95	103	104	107	112	115	153	
45	28
6	7	9	12	15	16	18	19	22	27	31	34	36	37	38	41	50	54	58	59	72	74	77	95	100	108	117	153	
55	31
1	5	7	9	13	16	17	18	20	22	24	26	31	46	55	58	59	66	72	73	74	76	78	88	96	100	111	115	117	132	153	
46	30
0	1	2	4	7	8	10	12	15	23	27	32	34	39	40	41	46	47	60	72	73	76	84	88	90	92	104	111	112	118	
48	30
0	2	3	5	8	9	14	18	19	20	22	23	31	34	43	46	47	54	59	66	67	71	77	86	95	100	103	104	112	115	
48	30
2	6	7	10	16	19	20	22	24	26	32	33	35	39	41	46	49	55	57	59	64	66	77	88	92	100	104	115	117	127	
47	28
0	2	4	8	9	17	18	26	35	36	39	41	45	47	58	59	66	67	71	76	78	86	95	100	104	119	127	132	
50	30
3	4	5	8	12	13	19	21	25	32	36	38	39	45	46	54	55	57	59	66	71	72	76	78	86	88	103	108	117	153	
49	31
4	8	12	16	18	24	28	29	30	31	33	34	37	38	40	41	47	49	54	58	59	60	67	73	76	77	86	111	118	132	153	
54	31
9	11	13	14	15	17	22	23	27	31	32	35	36	39	41	49	55	59	60	66	71	72	86	95	100	104	112	118	121	132	153	
52	30
1	2	4	6	8	16	21	24	25	28	29	31	45	49	50	55	57	58	72	78	84	86	88	92	100	107	108	111	121	132	
47	28
1	3	6	16	17	20	22	23	27	35	36	39	40	50	57	58	59	63	64	66	67	71	76	96	104	107	112	127	
47	28
2	3	5	11	15	16	17	18	19	20	22	26	29	36	37	57	58	59	67	75	76	92	100	104	108	115	119	121	
45	30
1	4	5	8	9	12	13	14	16	17	19	24	25	26	28	29	30	59	60	63	64	66	71	72	76	77	88	90	112	119	
52	31
0	4	6	15	16	18	20	23	24	26	28	29	30	31	32	37	39	50	75	77	84	86	92	96	100	107	108	111	115	127	132	
49	32
1	2	11	14	17	18	19	20	22	24	25	26	27	30	34	36	39	40	41	45	55	57	64	72	76	86	92	100	103	104	108	111	
46	31
0	1	3	4	7	8	9	11	12	13	15	17	19	21	30	32	34	37	43	47	54	66	72	74	75	76	92	95	118	121	153	
43	28
0	4	7	8	11	12	13	16	17	23	25	27	28	29	30	35	46	50	63	64	71	75	88	90	108	111	117	127	
44	30
1	2	3	4	5	9	12	14	19	22	24	27	29	32	35	36	40	41	45	54	66	71	72	74	77	78	92	112	119	127	
53	32
0	2	5	6	7	13	19	24	25	30	34	35	36	37	41	43	47	49	50	58	60	63	71	75	76	84	100	107	112	117	119	153	
53	32
0	3	5	6	7	9	13	19	22	26	31	32	34	37	39	43	50	54	58	63	67	76	77	84	86	90	96	104	107	112	115	132	
52	31
2	3	4	5	6	14	21	24	27	29	34	38	45	46	47	50	54	55	57	63	66	71	77	84	92	96	100	111	115	119	132	
48	30
4	5	6	10	12	13	16	17	18	24	26	29	35	38	39	43	46	50	57	58	60	63	64	76	84	88	112	115	117	153	
47	29
0	1	2	6	7	8	13	27	28	30	31	39	43	47	49	50	60	67	71	74	75	78	86	92	96	103	119	121	127	
48	30
0	2	5	7	10	13	15	17	18	20	22	25	26	28	29	30	32	37	43	54	57	66	67	95	100	103	112	119	132	153	
55	32
1	6	12	13	15	19	21	22	25	29	30	32	34	38	39	45	46	50	54	55	66	74	86	90	96	100	103	112	117	127	132	153	
46	29
0	3	4	5	6	11	13	14	16	17	18	20	21	24	34	45	47	54	57	60	75	76	78	86	90	111	115	117	153	
52	30
2	3	8	9	11	13	16	17	23	29	31	33	38	41	43	45	63	74	75	78	86	88	103	107	108	111	112	118	127	132	
46	28
0	1	2	5	8	9	10	17	18	23	24	29	30	43	50	54	59	63	64	66	67	74	75	96	104	107	112	127	
50	29
0	2	8	9	12	16	19	25	27	28	31	39	41	43	47	49	58	60	67	76	84	92	104	108	112	115	119	127	153	
53	32
4	5	8	10	12	17	18	23	27	28	30	35	36	40	41	47	49	58	59	63	66	71	74	84	86	96	104	108	111	117	127	132	
48	28
1	4	5	7	11	12	13	21	23	25	28	34	37	39	45	50	54	57	58	59	75	88	104	108	111	112	119	153	
53	31
3	5	9	19	22	26	27	28	30	31	32	33	35	36	43	57	58	59	64	73	74	76	77	86	88	90	103	107	115	127	153	
48	31
0	2	4	5	8	10	11	12	17	19	21	22	33	34	35	36	41	43	57	59	66	67	71	72	84	95	96	108	112	115	132	
48	30
4	5	10	13	14	16	21	22	24	25	28	32	38	39	40	49	55	58	59	63	64	66	71	72	76	77	90	107	121	153	
56	30
4	6	9	10	11	14	21	23	28	35	36	49	54	55	57	58	66	67	75	76	78	86	90	100	112	115	119	121	132	153	
49	31
0	1	3	4	5	10	12	22	27	32	34	36	37	38	39	40	47	54	55	60	63	67	72	73	76	88	90	103	111	115	119	
46	30
5	6	7	11	12	13	14	18	23	26	28	35	36	39	43	45	47	49	55	58	60	66	67	72	75	90	92	108	112	153	
40	28
0	2	3	5	9	10	11	14	15	23	24	25	26	33	37	45	46	47	54	55	60	64	66	71	77	88	104	121	
46	27
2	3	4	5	10	11	12	13	14	17	23	37	38	45	50	54	57	64	67	74	76	90	103	107	127	132	153	
45	29
2	3	4	5	8	12	14	17	20	23	24	29	32	35	38	40	41	45	60	64	67	73	76	92	96	107	111	115	153	
54	30
0	3	9	10	11	12	19	21	24	25	37	43	45	54	60	64	67	73	76	77	86	88	92	100	107	108	111	112	127	132	
48	29
1	4	10	11	13	15	16	18	19	26	29	30	35	37	38	50	55	57	59	60	63	64	73	74	84	100	107	127	153	
50	31
0	4	5	6	8	9	13	14	17	25	27	28	31	39	40	41	47	50	54	55	64	66	75	78	84	86	88	108	112	118	153	
54	32
1	2	3	6	10	11	12	13	14	17	18	23	27	30	33	36	39	45	57	67	78	86	88	90	96	100	104	107	111	115	132	153	
47	31
0	1	7	10	11	15	17	18	19	22	24	26	29	31	35	40	43	46	60	63	64	66	67	71	75	76	84	92	108	117	119	
42	29
0	3	4	5	6	8	10	13	14	18	19	25	29	30	31	32	37	40	45	54	55	57	60	63	73	88	92	107	153	
54	32
2	4	7	8	10	11	13	17	18	22	23	27	33	35	41	47	50	54	59	64	67	74	77	78	84	86	95	104	111	127	132	153	
54	30
0	1	2	5	7	8	9	11	13	27	34	36	37	43	45	49	57	59	60	86	92	103	107	111	112	117	118	119	132	153	
50	30
0	1	2	4	6	8	9	10	11	15	16	21	27	41	43	45	47	55	59	73	74	76	92	104	108	111	117	119	121	127	
51	32
0	1	5	9	10	13	17	19	20	23	26	28	33	34	35	38	39	46	55	57	64	67	75	77	78	86	90	104	108	112	117	127	
48	28
0	2	5	12	15	16	17	21	22	26	34	36	37	41	45	47	54	57	63	67	76	100	111	115	119	121	132	153	
49	29
0	3	4	6	14	16	18	19	21	25	30	39	40	41	55	58	59	60	63	67	75	77	84	86	115	117	118	119	127	
44	28
0	5	7	9	10	11	12	21	24	25	29	31	34	35	37	45	46	54	55	58	66	73	95	107	108	119	127	132	
52	30
4	6	7	8	11	12	13	18	21	24	28	38	39	45	50	54	55	58	64	66	72	75	88	90	96	100	108	119	132	153	
57	32
2	5	11	12	13	22	24	25	28	30	37	38	43	45	54	55	57	59	63	64	73	76	77	88	90	96	104	107	115	117	119	153	
50	29
1	2	4	13	15	18	19	22	25	27	33	34	36	47	55	58	59	60	67	71	72	76	78	86	103	111	115	119	153	
46	28
0	1	3	4	5	6	12	17	18	19	22	24	29	32	46	50	55	57	63	64	66	77	84	88	100	107	127	153	
51	30
4	5	6	7	9	10	11	14	16	17	22	24	26	32	35	46	49	55	57	60	63	72	74	100	103	104	111	115	117	153	
44	29
0	1	2	4	6	7	8	11	18	19	23	30	32	33	37	39	43	49	50	54	55	60	63	77	84	107	108	115	132	
42	28
1	4	12	13	14	15	17	18	23	24	26	27	29	30	33	34	35	39	54	66	71	75	76	84	111	115	118	119	
49	29
3	4	8	17	18	21	24	25	27	30	34	37	45	49	50	54	57	59	60	63	76	77	84	92	103	104	107	112	119	
47	30
1	3	7	11	12	13	14	17	19	20	22	23	25	26	35	37	40	41	57	58	63	71	76	77	86	96	115	119	127	153	
47	30
4	7	8	10	11	12	17	18	21	22	23	25	26	32	34	37	41	46	50	54	59	63	75	77	78	86	104	108	117	153	
45	30
0	1	2	4	7	11	12	21	23	29	30	31	32	39	40	41	43	50	54	63	64	66	73	77	78	86	92	96	117	118	
58	32
1	5	15	16	17	20	23	26	29	30	32	37	39	41	50	57	60	64	66	67	73	74	76	90	92	100	103	111	115	119	132	153	
58	32
0	9	11	13	15	16	17	20	21	25	26	30	39	41	49	50	55	66	72	77	84	86	95	103	104	108	115	117	119	121	127	132	
54	30
0	1	13	14	18	21	23	31	35	37	39	40	41	55	57	58	59	63	76	77	78	86	96	100	108	112	115	119	121	127	
45	30
0	4	8	9	10	13	14	15	17	18	20	26	27	28	29	30	41	43	47	54	59	76	86	90	92	95	104	108	121	127	
44	28
0	6	9	10	15	16	20	21	22	23	24	28	29	31	39	49	55	63	66	67	74	78	90	95	100	112	119	127	
49	29
0	12	18	19	21	22	24	26	31	32	33	37	38	40	41	50	54	55	57	71	78	88	90	104	107	108	111	115	132	
46	30
2	7	10	13	14	15	21	22	23	24	29	31	32	35	38	39	45	46	49	60	66	71	77	78	88	95	103	111	118	153	
54	31
1	4	5	7	8	16	17	22	30	37	39	40	47	57	59	60	64	67	71	72	73	76	88	90	95	96	100	111	115	118	132	
57	31
0	3	4	12	13	19	20	21	27	28	32	46	47	50	55	60	72	74	76	84	86	90	92	103	104	107	111	112	119	121	127	
53	30
0	2	7	8	14	19	20	22	29	37	43	45	46	55	57	60	66	67	73	74	78	88	90	92	95	111	115	127	132	153	
57	30
3	5	11	16	21	23	26	31	40	41	46	47	49	54	58	63	71	73	75	78	95	103	104	107	111	112	115	118	127	153	
50	31
1	4	6	7	15	16	17	24	26	27	29	34	35	39	41	45	49	55	57	63	67	71	73	75	77	78	104	107	117	118	127	
48	28
4	5	13	16	17	19	25	26	27	31	32	35	40	46	49	57	59	60	63	78	84	96	108	111	112	118	127	153	
54	32
0	5	8	9	11	17	19	20	22	27	33	34	38	46	49	57	58	63	64	67	71	72	73	77	90	92	95	107	108	119	121	132	
51	31
0	1	3	4	5	6	7	10	13	19	21	23	24	25	32	34	37	43	67	73	75	77	78	95	96	104	107	112	121	127	153	
49	31
3	4	11	17	20	21	22	23	26	27	29	30	32	37	40	41	43	47	49	58	66	72	78	86	88	100	103	104	112	121	127	
53	29
2	12	18	21	25	28	32	41	45	46	49	55	58	59	64	66	67	71	75	78	88	90	96	100	103	107	111	115	119	
44	30
2	5	6	11	12	14	16	18	21	23	24	29	31	35	36	39	41	43	45	49	58	60	72	73	84	92	108	112	118	127	
49	30
4	7	10	11	13	16	19	22	23	24	27	29	30	33	35	46	49	55	60	63	64	66	72	88	100	103	118	119	121	132	
51	31
3	6	12	14	15	19	20	23	24	28	33	35	39	41	45	49	54	55	57	60	66	72	76	86	88	95	104	111	112	118	127	
50	30
1	8	10	11	14	16	17	19	26	28	31	35	37	43	45	49	57	58	63	66	73	74	92	96	111	112	115	117	121	127	
48	28
0	2	8	9	10	11	24	32	35	36	37	41	49	58	63	64	66	67	73	74	75	77	95	100	112	117	118	121	
48	29
0	3	4	9	13	16	22	23	24	27	28	30	35	39	46	60	64	73	76	78	86	88	95	96	108	111	112	121	127	
49	29
2	3	5	11	12	15	16	18	20	24	30	37	39	50	54	55	57	59	63	64	66	67	72	73	77	90	117	127	153	
48	29
0	2	3	4	5	6	9	13	14	19	22	29	30	31	38	54	60	66	74	84	88	90	92	96	100	103	108	111	127	
48	29
1	2	4	6	7	8	11	12	21	24	26	30	32	33	39	41	49	55	63	73	74	86	96	100	111	117	118	121	153	
47	31
0	1	3	5	8	9	12	14	23	25	26	27	29	35	37	40	43	45	47	50	54	60	67	73	84	88	96	100	103	111	112	
56	30
5	12	16	23	28	34	35	38	39	40	45	50	54	55	57	59	60	63	67	76	77	88	95	96	103	108	111	119	132	153	
45	28
1	4	7	8	9	12	13	14	15	24	25	27	31	33	39	41	55	58	59	60	67	77	78	86	112	119	127	153	
56	32
0	1	2	4	5	11	15	17	23	25	27	30	38	39	43	45	54	55	57	58	59	71	78	88	95	100	111	115	117	119	127	153	
42	31
0	1	2	6	10	14	16	18	21	23	24	27	28	30	32	36	38	39	40	41	43	47	55	60	74	75	78	84	86	108	119	
50	30
0	5	6	8	9	10	14	16	17	18	28	29	35	36	39	49	54	59	60	63	66	67	75	76	92	103	108	112	132	153	
50	30
2	4	8	9	15	18	21	22	26	32	34	35	36	39	40	41	59	63	71	76	84	86	90	96	103	104	108	111	112	132	
51	31
2	3	4	6	7	11	12	15	18	19	29	30	35	38	40	45	46	55	57	60	67	74	75	86	90	96	112	115	119	132	153	
48	29
2	6	8	11	18	20	21	23	25	29	30	36	45	46	50	57	60	63	64	66	67	74	75	78	86	108	111	112	119	
47	28
0	2	4	5	6	9	10	18	21	22	27	31	34	39	55	57	59	67	71	72	73	78	86	88	107	108	117	153	
53	32
0	4	7	8	12	20	21	24	32	34	36	37	38	39	41	43	50	55	59	63	64	66	72	75	77	84	86	92	103	108	112	153	
39	28
0	1	2	7	8	13	14	20	21	23	25	32	34	35	36	39	40	41	49	60	63	75	77	88	90	96	104	112	
54	32
3	4	7	8	11	13	16	17	21	22	23	24	26	33	38	40	45	50	57	58	67	75	76	86	92	108	112	115	117	118	121	127	
59	32
1	4	8	21	22	23	24	25	26	28	29	33	34	37	45	54	57	60	66	74	84	95	104	107	108	111	112	115	117	119	121	127	
46	29
0	3	4	6	16	18	19	20	21	23	24	28	29	31	34	39	40	41	54	55	58	78	92	95	112	115	119	121	153	
48	30
1	5	8	9	10	11	23	26	27	31	32	34	35	36	39	41	45	47	66	67	74	77	78	86	95	104	108	119	132	153	
49	28
2	9	14	17	18	19	21	25	28	33	34	40	45	50	54	57	67	71	72	73	76	77	92	107	112	119	132	153	
59	34
0	1	3	9	12	14	15	17	19	25	30	31	38	41	46	47	49	54	55	60	64	67	71	84	86	88	90	112	115	117	119	121	132	153	
40	29
1	7	8	10	11	14	21	22	23	25	26	31	34	35	39	40	41	45	46	57	60	64	66	72	73	84	86	95	104	
50	30
4	11	12	15	16	19	24	28	31	34	37	38	39	41	45	49	50	58	60	63	76	84	86	88	107	111	117	118	119	121	
48	29
1	2	3	4	8	9	12	15	16	17	19	25	36	37	41	49	54	55	60	64	66	74	75	104	107	108	111	112	115	
52	30
0	12	14	15	17	18	19	22	25	29	31	35	38	39	45	58	60	72	74	76	78	88	92	95	103	104	108	112	115	153	
47	31
0	5	6	7	8	9	11	13	17	19	20	24	27	31	34	35	37	40	45	54	55	58	66	67	72	90	95	103	117	118	119	
49	30
2	4	9	11	15	20	21	25	27	30	32	37	39	50	54	57	58	63	64	66	72	74	75	76	77	86	88	95	100	112	
47	28
0	3	4	12	14	15	17	18	24	26	28	30	32	35	39	45	50	59	67	73	76	77	100	107	108	111	112	153	
50	30
0	3	4	9	10	11	17	21	22	26	39	40	46	47	54	55	57	58	63	66	71	73	76	77	84	90	100	112	117	127	
49	30
0	2	7	9	10	12	13	18	27	31	43	45	46	49	50	55	57	58	60	63	64	66	71	74	88	92	95	103	118	121	
48	30
2	3	6	7	9	17	19	20	23	24	26	27	28	31	34	37	40	45	55	57	59	73	77	88	100	108	111	118	119	127	
52	31
0	6	12	14	19	26	29	32	34	35	37	40	43	45	46	50	55	58	63	64	66	73	77	86	90	92	103	104	112	115	132	
51	31
1	2	9	11	12	13	14	15	17	19	20	25	30	34	38	40	46	49	55	58	64	74	78	86	88	100	104	107	112	121	153	
54	30
1	4	5	6	13	17	32	34	37	39	43	47	55	59	60	63	67	73	75	77	78	86	88	90	100	108	112	115	117	118	
59	32
0	14	16	17	20	21	31	32	34	38	41	43	49	50	54	55	58	63	64	66	74	75	76	84	103	107	111	112	115	118	121	127	
50	31
10	11	12	16	19	21	23	24	31	35	37	40	41	45	46	49	55	57	59	63	66	76	78	84	86	92	96	108	115	118	127	
51	28
1	4	7	8	16	17	20	22	32	39	40	54	57	58	63	64	72	74	78	84	88	95	104	107	108	111	115	127	
48	30
0	1	5	9	11	14	18	19	22	24	27	30	31	35	40	46	49	55	60	72	78	84	88	92	96	107	111	118	119	121	
56	31
2	3	7	8	9	22	28	31	38	40	43	45	49	54	57	59	64	66	71	73	74	77	84	88	95	103	115	117	119	121	153	
46	29
2	10	12	15	16	17	19	21	22	24	25	34	38	39	41	46	49	50	54	63	67	72	74	75	108	112	115	117	121	
54	31
0	6	9	10	11	13	18	19	20	25	26	31	35	37	43	45	46	57	60	73	75	78	88	100	103	108	115	117	121	127	153	
49	29
0	4	6	8	10	11	12	13	18	20	34	35	38	39	45	55	57	60	64	73	86	88	92	100	104	108	111	118	127	
54	32
0	1	3	4	10	11	18	19	21	22	26	27	29	33	34	37	43	47	54	58	72	86	92	95	104	108	112	115	118	119	121	127	
50	29
0	2	5	7	9	13	15	17	22	25	27	34	39	40	41	57	58	64	75	90	92	95	100	104	107	117	118	119	132	
48	29
1	4	5	11	12	13	16	19	21	28	34	37	43	47	50	54	60	63	66	72	74	76	86	88	92	111	112	115	121	
41	28
0	1	4	6	13	14	15	16	18	23	27	31	32	40	45	46	50	54	58	60	63	67	71	72	73	76	92	108	
52	32
3	4	7	9	11	13	16	18	22	30	32	34	36	38	39	40	43	45	50	54	73	77	78	86	88	96	104	111	112	115	118	119	
48	29
0	7	8	13	14	17	18	20	22	24	25	29	35	36	37	39	49	63	72	76	78	92	100	107	108	115	117	127	132	
51	29
0	2	4	6	16	19	21	28	31	35	38	39	45	50	58	66	67	72	73	76	78	84	92	100	103	104	107	115	127	
52	30
1	3	4	5	11	13	14	15	21	24	27	28	33	37	40	47	60	66	67	73	75	84	95	111	112	115	118	121	127	153	
50	32
4	6	7	10	12	14	22	23	25	33	37	39	43	45	47	54	55	57	58	60	63	64	67	72	74	75	76	86	88	90	96	117	
53	30
1	5	7	11	16	17	19	23	25	26	27	33	36	45	50	57	58	71	72	76	78	84	86	96	103	112	117	119	127	153	
42	27
1	2	8	16	20	21	23	25	27	34	35	36	40	41	45	50	54	55	58	66	67	78	86	95	104	108	117	
50	30
0	1	3	6	8	10	11	13	16	17	18	23	24	29	31	35	36	41	59	64	66	67	100	103	111	112	117	118	127	132	
54	31
2	3	5	12	21	22	25	31	33	40	43	45	47	55	57	58	59	60	73	75	76	77	84	88	90	92	95	112	115	119	153	
49	28
0	1	2	7	9	11	18	19	21	22	24	30	34	35	38	55	63	72	73	75	76	107	108	117	119	121	127	153	
57	33
6	7	11	12	13	14	15	19	21	23	24	26	27	38	41	45	49	54	57	58	64	86	88	92	95	103	107	111	112	115	118	127	132	
44	31
1	2	4	7	12	14	16	19	20	22	23	24	27	29	31	33	37	38	41	43	59	60	67	73	74	75	77	92	95	127	132	
51	30
2	3	6	9	14	16	17	21	24	26	29	35	40	45	50	54	55	57	58	60	67	75	77	88	90	100	111	115	118	119	
56	33
5	7	8	12	16	17	19	21	29	32	33	39	47	49	55	57	60	63	67	71	73	74	75	76	77	78	88	95	96	108	112	115	121	
48	30
3	4	7	9	11	13	16	17	18	20	27	28	30	31	32	33	37	40	54	60	74	75	76	78	95	100	103	121	127	153	
50	29
3	4	6	11	13	17	20	24	30	32	34	37	50	54	57	59	63	66	72	74	77	78	84	86	88	103	112	115	127	
49	30
4	6	7	9	14	16	19	20	25	27	30	34	38	40	43	54	57	59	60	63	64	67	76	78	92	96	104	107	112	121	
54	32
3	4	14	16	17	21	22	24	27	28	29	32	33	43	46	47	54	57	59	60	63	64	71	72	74	84	95	103	115	118	127	153	
54	29
0	2	13	14	18	21	23	26	27	30	31	39	49	50	58	63	74	77	78	86	96	104	111	115	117	118	119	127	153	
52	29
1	6	7	10	11	26	29	34	37	41	43	47	50	54	60	64	66	67	73	75	78	86	96	103	107	108	112	115	132	
55	30
4	7	11	13	17	21	23	26	30	33	38	40	43	54	57	58	60	63	64	67	72	92	100	104	107	108	115	118	119	127	
48	31
0	1	2	4	6	9	10	18	20	21	23	32	34	39	41	43	49	54	55	59	60	63	71	73	75	76	84	88	111	112	118	
48	31
4	6	7	10	11	15	23	24	28	29	30	32	35	36	39	40	49	55	57	60	63	64	71	72	77	86	88	95	100	111	115	
50	29
0	2	7	9	10	11	19	22	27	31	32	35	36	38	40	50	55	60	63	67	76	84	86	103	107	111	118	121	153	
44	28
2	4	5	7	8	11	12	13	14	22	25	27	34	36	37	43	50	54	55	60	74	86	88	92	95	103	132	153	
56	31
0	1	3	6	8	11	13	16	19	20	28	33	36	38	50	60	64	74	76	78	86	88	96	100	103	107	111	112	115	117	127	
50	29
1	2	7	10	11	13	18	22	28	33	35	36	46	50	57	60	63	64	67	73	74	75	92	95	103	107	111	112	127	
50	31
3	4	7	11	13	14	15	16	18	23	27	28	30	33	35	37	41	46	55	58	59	67	75	77	84	86	111	118	121	127	153	
47	30
1	2	4	5	7	12	13	16	19	21	22	27	29	31	34	39	40	41	54	71	72	76	88	92	95	100	104	111	118	119	
46	29
1	7	10	13	15	17	18	19	22	25	29	31	32	33	37	39	46	50	64	66	71	72	73	88	96	108	118	132	153	
51	29
1	7	8	11	13	21	22	25	27	30	32	34	43	54	57	63	66	74	75	86	90	95	96	100	107	111	112	117	132	
51	31
3	9	10	15	16	19	22	23	24	30	31	36	40	45	46	49	50	57	59	60	63	66	72	75	84	88	104	107	121	127	132	
52	30
2	7	9	12	21	25	28	33	34	36	40	45	46	54	55	57	58	67	71	74	76	77	84	90	92	95	107	118	119	153	
43	30
0	1	4	9	13	14	16	18	25	27	28	29	32	35	36	37	40	41	49	58	60	63	66	67	86	90	95	96	108	112	
49	29
0	1	3	4	6	7	8	10	14	18	19	21	37	38	43	47	50	71	76	86	88	90	100	104	107	112	115	119	132	
43	33
0	1	2	3	6	7	10	15	18	20	22	23	24	25	27	30	31	32	33	34	38	39	43	46	57	72	74	75	77	84	86	92	117	
48	30
0	1	4	6	7	11	12	13	14	17	21	26	38	40	45	46	57	58	60	67	72	77	86	88	95	96	100	118	119	121	
50	29
0	1	8	11	17	18	20	22	23	24	25	26	27	28	33	47	58	76	78	88	95	96	100	115	117	119	121	132	153	
53	31
0	2	8	13	14	16	17	22	24	26	28	30	31	35	41	43	47	54	57	58	59	92	95	100	103	108	111	118	121	127	132	
51	29
1	2	3	7	9	10	13	16	21	22	26	27	29	31	32	33	71	73	76	86	92	104	107	108	111	118	119	132	153	
45	29
1	2	3	4	5	6	8	11	14	18	20	25	29	31	40	45	46	50	57	58	60	63	74	76	86	88	115	119	153	
53	32
0	4	5	15	17	19	21	22	24	25	26	29	32	35	37	41	50	58	59	66	67	73	84	86	92	95	96	103	111	115	119	132	
47	29
5	9	10	13	19	24	25	26	31	35	36	37	39	40	45	49	59	60	63	64	76	88	92	96	108	111	115	121	127	
50	30
4	9	11	16	19	20	21	23	24	26	27	31	33	34	41	45	54	58	67	72	75	77	86	92	103	104	108	118	119	132	
49	30
1	5	9	11	12	13	14	24	27	28	34	35	39	41	43	45	47	55	58	63	66	73	77	78	100	108	111	112	118	121	
45	28
0	2	8	9	11	12	14	15	17	19	25	27	30	32	45	49	50	54	63	66	75	76	90	112	115	117	119	121	
42	28
4	7	10	11	15	16	17	19	20	24	25	27	29	30	33	37	46	49	57	60	67	71	73	76	78	119	127	153	
46	30
2	3	4	6	7	11	14	15	16	17	22	24	25	30	31	32	35	40	49	55	57	58	60	63	77	95	107	117	127	153	
53	31
0	1	6	8	10	15	20	21	25	28	29	34	35	46	47	50	58	64	66	67	77	86	90	95	96	103	107	108	112	115	132	
49	30
2	3	5	6	7	9	10	13	16	21	25	30	31	38	39	43	47	59	60	73	76	78	88	96	100	103	108	121	127	132	
47	28
0	2	4	5	9	10	11	19	22	28	43	46	55	59	60	63	71	73	74	75	76	84	88	92	95	107	108	118	
43	28
0	3	4	5	7	10	13	14	15	18	21	22	25	28	32	38	46	50	55	58	60	63	86	92	100	104	108	119	
48	31
0	8	11	12	14	17	19	20	22	23	24	25	28	34	35	37	47	54	55	58	66	67	76	77	78	92	95	96	107	112	121	
46	30
1	6	7	10	11	13	16	21	24	25	26	29	31	32	35	36	38	41	45	54	63	64	66	78	88	92	103	104	108	153	
47	29
1	6	7	11	15	16	18	19	21	22	23	25	27	31	32	33	34	39	57	60	63	73	86	111	112	117	118	119	153	
53	30
0	1	2	3	9	11	12	13	16	17	22	23	37	39	40	43	66	71	72	75	76	86	107	108	111	117	119	127	132	153	
50	29
0	4	8	21	23	25	27	28	32	34	37	39	40	43	55	60	66	72	74	78	84	86	92	100	104	107	108	112	119	
44	29
0	2	5	8	13	14	20	22	27	30	32	37	43	46	49	50	54	55	58	66	74	75	76	77	84	90	92	96	127	
45	32
0	2	3	4	9	12	13	18	23	24	25	27	28	30	31	32	35	38	39	41	49	54	55	58	66	71	77	78	92	95	107	117	
49	29
1	6	13	14	18	22	25	27	29	30	32	33	35	43	54	55	58	60	64	71	74	75	84	90	92	107	117	121	153	
52	30
2	4	5	8	10	12	21	22	23	29	37	46	47	49	54	55	57	58	66	67	73	75	78	86	95	115	118	121	132	153	
52	29
2	4	9	10	13	15	18	22	25	40	45	46	49	59	60	63	64	72	74	77	88	92	108	111	112	115	118	119	127	
44	28
0	1	4	5	8	9	13	14	16	27	30	31	35	36	39	47	50	55	58	59	60	63	77	86	104	108	111	127	
51	29
1	4	6	13	14	20	24	26	28	37	39	43	45	49	50	54	63	67	76	77	78	88	90	108	112	115	118	127	153	
47	31
1	2	5	10	11	14	15	17	21	24	28	29	32	33	34	39	40	45	47	57	59	60	63	66	67	84	92	100	115	118	121	
50	30
0	12	14	15	17	18	19	20	23	24	26	28	29	34	35	58	59	63	64	66	67	76	92	95	96	104	112	115	117	119	
45	30
1	2	4	6	13	19	21	23	24	25	29	31	32	33	35	37	41	46	49	58	64	66	67	74	77	96	100	108	112	118	
50	31
0	4	9	12	16	19	21	23	24	32	35	36	38	39	40	41	54	55	57	63	64	67	72	76	86	92	96	103	108	112	127	
47	29
4	7	10	11	13	19	21	24	25	26	31	35	37	39	45	46	58	59	64	72	73	74	76	90	104	107	118	121	127	
45	27
0	2	7	8	12	19	21	22	24	26	31	40	46	47	54	57	60	63	64	66	71	88	111	115	117	118	119	
49	29
0	1	5	6	7	9	11	13	18	19	29	30	31	35	45	46	57	58	60	63	86	88	92	100	115	117	119	127	153	
45	30
0	3	8	12	13	16	19	21	22	35	36	37	38	39	40	45	47	50	55	60	63	64	66	67	71	84	86	92	117	127	
55	31
0	2	3	6	9	14	16	24	26	30	31	36	40	46	50	67	72	73	74	75	76	77	88	90	100	108	111	115	117	118	132	
52	31
0	1	2	3	4	6	8	11	13	16	17	22	27	30	55	58	64	66	73	74	76	78	86	88	90	95	96	100	112	118	121	
47	30
5	7	8	9	12	13	17	20	24	25	28	29	31	35	37	39	45	50	60	64	74	78	88	92	95	96	108	111	117	119	
49	29
0	1	3	4	8	9	10	11	14	18	23	34	37	45	47	54	55	60	63	75	76	88	95	103	104	108	118	121	132	
53	32
0	2	3	5	8	13	20	23	25	26	28	29	33	37	39	41	45	55	57	63	74	76	77	86	88	92	100	107	108	115	117	119	
43	27
0	1	3	4	6	7	8	10	16	17	22	25	29	36	47	57	63	64	71	73	74	84	88	111	112	115	121	
46	31
2	7	8	10	11	14	18	19	20	23	25	27	30	32	34	35	39	41	46	50	55	63	64	67	72	76	77	86	108	111	121	
43	29
0	2	4	6	7	10	12	13	14	17	19	34	35	36	38	41	45	50	54	58	67	74	76	86	90	92	95	104	115	
45	31
4	8	10	15	16	19	20	25	29	30	33	36	37	40	41	43	45	46	47	50	55	58	63	66	67	73	75	77	88	111	115	
54	32
0	2	3	6	9	17	20	24	25	29	32	35	37	39	40	49	50	66	67	72	73	77	78	88	95	96	112	115	119	121	127	132	
47	30
4	11	12	13	15	18	19	20	21	24	25	27	32	36	37	38	49	57	59	60	72	74	77	86	88	96	103	104	112	127	
48	29
0	1	3	16	17	18	20	21	22	23	24	25	26	27	28	33	39	49	54	67	77	78	107	111	112	117	121	127	153	
57	32
0	4	8	16	20	23	25	28	34	35	37	38	45	46	50	54	55	57	58	60	66	77	84	88	90	95	103	104	111	112	115	153	
55	31
0	4	7	11	13	18	21	22	27	29	30	32	41	43	46	50	57	58	60	63	74	77	78	86	100	103	111	112	119	127	153	
52	29
2	7	9	11	12	14	18	21	23	25	35	36	40	45	57	60	64	67	73	75	77	95	100	104	107	111	112	117	153	
50	31
0	1	2	6	8	9	10	15	21	22	23	28	31	33	35	39	47	54	55	60	63	64	67	71	73	75	107	112	115	117	119	
43	27
3	4	5	8	9	11	12	13	14	15	17	25	26	34	37	45	47	54	63	75	92	95	107	115	121	127	153	
54	33
2	5	6	8	9	11	13	17	19	20	22	29	31	32	33	36	39	57	58	63	64	66	67	72	78	86	88	90	95	108	118	127	153	
46	29
0	4	7	10	12	13	14	16	18	19	21	22	27	28	29	38	49	54	55	58	75	90	92	96	104	108	111	119	121	
44	29
1	2	4	9	11	13	14	15	16	17	20	23	30	32	35	37	43	46	49	58	60	67	75	76	78	104	127	132	153	
45	29
1	6	11	13	14	18	21	24	26	27	30	31	33	35	36	38	50	58	59	64	66	73	75	78	84	96	111	121	127	
47	29
0	2	5	6	9	10	17	18	20	22	26	28	32	33	35	36	38	49	55	67	75	76	77	103	107	111	127	132	153	
45	30
1	2	3	4	7	9	13	17	19	20	21	22	24	32	33	38	39	40	41	43	54	60	64	67	96	107	108	115	119	132	
48	29
1	4	5	6	8	11	12	13	20	28	30	35	39	40	47	55	58	60	63	67	73	76	78	86	100	108	115	119	127	
51	29
0	3	4	11	12	14	15	20	21	23	28	36	37	49	57	58	59	66	75	76	88	90	95	104	107	108	112	132	153	
52	33
0	5	6	8	13	14	15	16	17	19	21	29	32	37	38	39	40	45	46	54	58	59	60	71	72	78	92	96	100	104	115	121	127	
53	30
4	5	6	12	13	15	16	17	34	36	37	40	45	49	57	58	59	60	63	71	76	88	92	100	104	107	111	115	117	132	
51	31
2	3	5	16	20	24	25	26	28	31	34	37	38	41	45	47	54	55	60	63	66	74	76	84	86	96	103	111	117	119	121	
47	30
0	4	5	7	10	12	13	16	17	18	27	29	30	33	34	35	38	50	55	57	58	67	77	78	84	90	96	121	127	153	
53	31
1	2	6	11	13	14	17	18	23	24	31	36	45	47	55	59	66	71	73	74	75	78	84	88	90	96	100	103	104	111	115	
47	29
1	2	4	8	12	14	16	23	24	35	39	45	49	50	54	55	57	58	60	64	67	73	75	76	77	78	95	103	115	
53	33
3	6	10	11	17	18	25	27	30	33	34	35	36	37	39	40	46	50	57	59	66	67	71	75	77	78	88	95	96	103	115	119	132	
58	33
0	1	3	5	12	13	14	20	22	27	33	34	37	39	41	50	57	58	60	63	64	66	67	73	88	90	92	100	108	112	127	132	153	
50	29
0	3	4	11	13	15	16	21	22	27	28	33	36	38	43	54	60	72	74	76	78	86	92	108	111	112	117	127	153	
51	30
1	5	9	11	16	18	22	27	29	31	33	38	40	41	54	58	59	60	64	66	71	72	74	77	95	104	107	108	117	127	
49	30
2	4	5	6	10	12	13	17	18	20	22	23	28	34	37	54	57	58	60	63	66	67	74	75	78	86	100	103	115	119	
49	30
0	5	13	16	18	21	22	27	28	30	31	34	39	47	50	54	58	63	66	67	72	77	78	84	86	88	90	108	111	117	
43	28
1	6	7	8	11	12	13	14	16	18	20	21	33	38	39	40	46	55	57	63	64	72	86	88	104	108	111	112	
49	31
2	4	6	8	13	15	16	17	19	21	28	30	32	39	41	43	46	47	50	54	63	64	66	74	76	77	96	100	108	117	153	
54	31
0	3	7	11	14	17	18	19	27	37	38	43	46	54	57	59	64	67	72	74	75	77	88	90	95	96	107	111	112	115	132	
46	31
4	6	8	13	14	17	18	19	21	29	30	33	35	36	38	40	41	47	50	58	59	60	64	66	67	75	76	77	96	104	115	
48	29
0	2	3	9	11	12	13	16	18	20	21	25	26	31	38	39	60	63	64	74	78	86	92	100	107	111	112	119	127	
45	29
0	4	7	9	11	12	14	18	19	25	27	29	30	33	41	43	55	57	64	67	72	77	86	88	90	96	108	111	117	
49	29
2	5	6	7	8	10	13	14	16	19	20	25	29	32	35	38	50	54	55	58	59	76	77	107	108	112	118	119	153	
44	28
0	1	4	9	12	16	17	22	26	28	29	32	37	39	40	47	59	60	63	67	71	73	78	92	96	108	119	153	
44	29
2	7	9	10	12	13	17	23	24	25	26	28	29	33	39	40	43	45	50	58	66	74	76	77	92	100	117	118	127	
49	29
0	2	3	5	6	8	11	16	18	23	32	37	41	43	45	50	54	55	60	64	67	71	76	90	107	108	117	121	153	
41	29
2	3	6	7	9	13	14	16	18	19	20	22	24	25	29	34	35	37	39	40	49	55	64	72	77	107	108	119	127	
49	29
0	3	4	8	10	14	23	24	26	27	31	32	33	36	37	49	50	58	59	76	77	84	96	100	107	112	118	132	153	
40	27
0	3	4	5	6	8	12	13	14	20	25	26	27	37	39	49	50	55	57	60	78	88	92	95	96	111	112	
51	31
4	6	8	11	13	15	18	19	23	27	29	30	32	33	37	50	54	55	58	60	64	66	67	76	86	88	92	104	117	121	127	
55	32
0	5	6	15	16	18	19	21	29	30	32	33	38	39	40	43	45	50	58	74	76	86	88	96	103	107	108	112	115	117	118	127	
49	28
1	2	3	9	17	19	20	21	24	34	35	37	38	41	54	59	67	73	75	76	78	86	103	112	118	119	132	153	
48	29
2	3	15	17	18	26	29	32	35	36	37	39	41	45	47	50	54	58	59	63	64	66	67	76	107	108	115	117	132	
52	30
0	2	7	11	18	20	22	27	31	34	35	40	43	45	46	54	71	74	77	84	86	92	95	103	104	111	112	115	119	132	
51	31
1	4	6	10	12	16	19	24	26	27	28	29	35	36	39	41	49	59	60	66	67	76	84	86	95	112	115	117	118	119	127	
49	28
2	6	12	14	19	23	32	35	39	41	45	47	49	54	55	58	67	74	76	77	84	88	90	112	117	119	127	153	
50	30
4	7	9	12	14	15	17	19	22	24	30	31	32	41	49	59	60	64	71	72	74	75	86	88	90	100	111	115	117	127	
47	29
0	2	8	9	14	15	16	17	19	20	24	38	41	45	54	55	60	66	73	74	76	77	78	86	90	95	108	121	127	
50	30
3	4	10	17	22	24	25	29	30	32	33	37	38	43	47	54	55	57	58	67	76	88	90	92	95	96	104	112	132	153	
44	29
1	7	13	14	16	19	20	21	24	26	27	30	31	33	37	40	45	50	54	58	59	71	76	78	86	92	115	117	127	
54	31
2	3	5	6	7	8	9	10	11	18	26	30	32	35	45	49	57	58	60	66	75	88	96	100	104	108	111	112	115	117	121	
57	31
1	3	9	11	12	16	19	31	35	38	39	40	41	55	58	59	60	67	71	76	84	86	95	103	104	107	108	112	118	121	127	
49	30
0	1	2	3	7	13	14	15	19	24	25	26	30	33	38	41	47	55	60	74	75	76	77	78	86	100	111	121	127	153	
