1000 
51	33
1	4	5	6	12	14	18	20	21	22	24	26	27	31	33	39	40	52	59	66	73	75	77	82	83	86	88	93	95	99	101	115	136	
54	32
1	4	9	10	14	17	18	19	20	25	37	39	40	48	50	52	53	59	66	78	82	86	88	89	93	96	98	99	101	109	111	176	
58	31
10	11	12	17	18	20	21	23	25	31	32	36	37	50	52	53	58	62	66	85	86	89	93	95	101	111	116	136	147	153	176	
48	31
3	5	12	13	14	16	17	19	20	23	24	29	31	32	33	36	38	40	42	52	53	58	59	85	88	93	94	99	109	149	176	
50	32
2	4	6	9	11	12	13	19	20	22	23	29	31	33	35	42	48	50	51	52	56	58	60	62	65	75	82	85	95	101	115	153	
51	32
1	7	9	11	12	13	15	19	20	21	22	23	24	25	26	28	36	43	50	53	56	62	75	78	82	83	93	98	111	116	136	153	
56	33
1	3	4	6	8	9	12	13	15	18	22	23	25	26	28	33	34	35	37	50	55	66	73	82	83	94	95	109	116	136	147	149	153	
47	33
2	6	8	10	11	12	15	16	17	25	31	32	33	35	36	37	38	40	43	48	53	59	61	62	65	73	75	85	86	94	95	101	111	
41	31
1	2	3	7	8	10	11	12	14	17	19	20	23	24	26	27	28	29	32	33	35	38	43	59	75	77	83	88	96	101	176	
49	31
0	1	2	4	10	12	13	17	21	22	23	25	28	31	32	33	35	53	55	66	75	78	85	89	93	94	101	109	111	115	136	
60	36
0	3	4	7	9	10	12	16	21	22	24	25	32	33	34	36	38	47	50	52	53	56	61	65	75	82	86	89	93	94	98	101	109	115	147	149	
47	29
0	1	8	9	13	14	17	19	20	22	23	25	29	35	36	38	40	48	52	59	62	73	78	88	95	111	149	153	176	
43	30
0	2	3	5	8	9	14	16	19	21	23	24	35	37	40	43	48	59	61	66	75	77	82	83	88	89	95	96	99	101	
47	31
0	2	4	9	10	16	17	18	19	21	24	25	31	35	36	38	39	42	51	58	60	61	65	66	78	88	94	95	101	109	149	
42	30
0	2	3	5	6	7	9	10	16	17	21	22	31	32	35	36	37	40	47	62	66	75	82	88	89	93	94	95	99	111	
54	32
3	4	6	10	12	15	16	18	19	23	24	25	28	31	34	38	39	51	52	56	58	61	66	75	96	98	99	111	116	136	147	153	
54	30
0	3	7	11	18	20	26	29	31	33	47	48	50	51	52	53	62	65	82	85	88	89	93	95	96	98	111	115	147	149	
42	30
0	1	3	4	5	11	12	15	18	20	21	23	24	25	27	29	32	36	40	42	47	66	73	83	88	89	98	109	115	136	
49	29
1	4	6	11	13	14	21	26	32	33	35	36	39	40	50	52	53	59	60	75	78	83	85	86	93	96	136	149	153	
47	32
0	6	7	9	10	14	15	16	18	19	20	27	28	32	34	40	42	47	48	50	52	53	56	58	78	83	85	89	93	94	99	147	
47	27
0	2	8	11	15	17	21	22	24	26	31	33	38	47	51	53	56	62	65	73	75	77	93	111	147	149	153	
44	30
1	4	8	9	10	12	13	19	20	22	24	25	27	31	33	40	43	48	51	52	59	60	77	78	86	88	95	101	111	136	
56	31
3	11	16	18	19	23	25	27	28	33	36	37	39	47	50	51	52	53	56	61	62	65	78	83	88	89	111	116	147	149	153	
56	33
2	4	6	8	9	14	16	19	24	26	29	32	34	35	38	47	48	53	61	62	66	73	75	82	85	86	96	99	109	111	115	147	149	
43	33
0	2	3	4	8	10	11	12	13	15	17	18	19	21	22	23	25	28	32	35	39	40	42	47	48	55	56	59	78	82	85	93	149	
48	29
0	1	2	8	13	14	16	17	18	21	22	23	24	28	33	40	47	53	59	60	61	75	96	98	99	111	147	149	153	
48	29
3	5	7	8	9	10	14	15	16	20	22	26	35	38	39	42	48	51	59	78	82	88	95	101	109	116	136	149	176	
47	31
0	1	2	5	6	8	9	14	17	18	22	23	27	29	31	33	42	43	48	51	52	56	66	75	77	88	89	95	109	115	153	
45	30
1	8	11	12	14	15	16	18	21	23	26	27	34	36	38	40	42	50	55	59	60	61	66	78	88	89	96	101	111	116	
54	32
1	3	5	10	13	14	16	18	22	23	25	26	27	29	37	39	51	52	53	58	78	82	86	88	89	94	98	109	111	115	136	153	
47	30
1	4	5	6	7	9	13	15	18	19	20	23	29	31	33	38	39	42	50	51	56	59	62	94	95	99	101	115	149	153	
56	32
1	6	7	8	10	19	23	24	25	28	33	34	35	40	47	48	55	59	60	62	73	78	82	85	96	99	109	111	116	136	147	153	
51	32
0	1	2	3	4	8	10	11	18	20	27	35	40	47	48	50	52	53	56	62	65	75	78	82	85	89	95	98	99	101	111	116	
51	31
1	7	10	13	14	17	18	19	20	25	32	33	34	39	43	48	51	52	55	56	78	83	85	88	89	95	98	111	115	136	149	
50	30
1	4	5	6	18	19	21	23	25	26	29	31	33	37	48	50	52	55	56	59	60	82	86	94	96	98	101	136	147	149	
49	32
1	2	4	5	6	8	9	13	16	18	19	21	23	24	31	33	35	36	39	42	50	65	66	75	78	83	86	96	101	136	149	176	
49	31
1	3	5	6	8	14	25	26	27	28	34	35	36	37	38	43	48	52	53	66	73	75	82	85	89	93	94	98	101	147	149	
50	31
1	2	5	7	10	11	12	14	15	18	22	24	27	29	36	38	39	52	59	65	66	85	86	89	95	99	101	111	115	116	153	
50	31
0	3	5	7	8	12	13	14	16	20	21	24	25	26	32	38	43	47	58	59	62	82	83	85	88	93	99	111	116	147	149	
48	31
1	6	9	11	17	18	20	22	24	25	26	28	29	31	34	39	48	51	52	55	62	66	77	78	89	96	98	99	101	111	147	
54	31
0	3	5	9	11	13	14	19	20	22	23	24	27	28	35	39	42	51	58	75	82	88	95	96	99	109	115	136	149	153	176	
52	31
1	7	11	12	14	15	16	17	19	23	24	25	27	28	33	34	35	42	48	51	53	75	83	98	99	109	111	136	147	149	153	
51	30
0	1	4	5	6	11	12	13	15	16	17	19	23	24	28	35	42	53	65	73	75	83	95	96	99	116	136	147	149	153	
45	31
2	3	4	8	11	12	14	19	20	23	24	25	27	31	32	34	40	50	52	53	55	56	61	62	66	75	85	93	95	98	101	
49	29
0	2	3	6	7	10	11	16	17	18	23	25	31	34	38	51	52	53	62	77	78	85	95	98	99	115	136	147	153	
50	33
3	4	6	8	10	14	16	26	27	28	29	31	32	34	35	36	42	48	52	55	61	62	66	73	75	86	88	89	94	95	96	98	149	
49	31
0	4	8	11	12	13	15	16	20	21	22	23	26	31	34	35	38	40	43	50	52	55	59	61	62	75	93	111	116	149	153	
54	32
1	3	5	7	9	15	17	20	23	24	25	27	29	31	40	42	48	50	51	52	53	65	66	88	93	96	99	109	116	136	147	176	
49	29
0	1	4	11	12	16	18	19	20	26	32	33	35	48	50	52	53	55	58	82	85	88	89	93	95	96	136	147	149	
54	33
2	4	5	6	9	15	16	17	18	21	22	26	36	38	42	47	48	50	51	52	53	59	66	75	77	78	88	89	96	101	109	149	176	
46	31
0	2	3	5	6	8	9	10	11	12	14	15	17	19	20	23	24	35	40	55	60	61	65	73	78	83	85	93	99	111	147	
50	32
1	2	5	8	10	11	13	15	18	20	23	25	28	31	33	36	38	40	48	51	52	53	65	73	78	96	98	101	109	111	136	176	
49	31
1	2	12	13	17	19	23	24	25	28	29	31	36	40	43	47	48	50	52	53	56	65	77	83	86	88	95	101	109	111	147	
43	30
0	1	2	3	5	7	10	11	13	14	15	24	26	27	29	32	35	47	53	55	58	59	65	66	78	82	88	89	95	136	
53	31
0	1	4	5	13	16	17	18	19	23	29	31	40	48	50	51	53	55	58	65	73	78	83	85	94	95	96	99	136	149	153	
52	30
2	3	5	16	17	20	21	24	26	27	31	32	38	39	58	65	78	82	85	86	88	93	94	95	98	109	115	116	136	153	
58	33
1	2	5	10	14	15	19	20	25	26	27	28	29	33	35	48	52	55	56	58	59	66	73	83	85	93	95	96	111	115	147	149	153	
53	31
0	2	11	18	21	23	26	28	33	35	37	39	51	52	53	58	59	62	65	75	77	82	88	89	93	96	98	101	115	116	136	
49	31
1	2	4	5	7	14	18	20	21	22	23	24	25	26	27	32	36	40	42	52	66	77	82	83	86	99	101	109	111	153	176	
47	28
0	1	4	10	17	21	23	24	25	34	36	37	38	39	40	51	58	61	66	77	88	93	94	109	111	115	116	153	
58	33
3	5	9	13	16	17	23	26	33	35	36	38	42	52	53	55	58	59	60	62	75	82	83	85	88	89	93	94	96	109	111	136	149	
45	28
0	1	2	5	6	7	10	11	15	19	24	35	36	42	43	50	59	60	77	78	83	88	94	95	101	111	115	147	
48	31
0	2	5	6	8	11	17	19	20	21	23	24	34	35	36	39	50	51	56	58	62	65	78	83	86	94	95	99	101	115	136	
49	31
2	3	4	10	11	14	15	18	21	24	26	27	28	31	33	35	36	38	40	52	65	88	89	95	99	101	109	111	115	136	176	
49	30
0	1	4	5	7	8	9	10	17	18	19	21	26	33	35	39	42	59	60	62	77	85	86	93	95	101	111	116	147	176	
64	32
1	6	9	11	13	15	19	22	26	35	50	51	52	55	56	60	65	73	77	82	83	85	89	96	101	109	111	115	116	147	149	176	
52	32
0	1	5	6	9	11	12	13	19	26	31	35	36	37	40	42	43	48	50	52	55	62	73	75	82	83	89	94	96	149	153	176	
52	30
0	1	4	5	6	10	15	18	23	27	31	33	38	42	48	50	51	52	56	60	66	85	89	93	94	109	115	116	147	176	
52	29
0	1	2	6	15	17	18	21	23	26	27	28	36	40	50	52	59	60	61	62	65	89	95	111	115	116	136	149	153	
36	29
1	6	8	9	10	11	12	16	17	18	21	22	23	27	31	33	36	37	38	40	42	43	48	50	66	77	88	95	111	
43	30
1	3	4	8	10	12	13	15	17	19	20	21	25	28	32	35	37	42	43	52	53	56	58	59	78	83	86	96	101	176	
48	32
1	2	4	5	10	11	13	16	17	20	25	27	28	29	35	38	39	48	51	52	53	58	78	83	85	88	94	96	99	101	109	111	
42	28
0	1	6	8	11	14	15	16	21	22	24	26	27	33	34	35	36	47	53	58	61	65	75	89	96	111	116	149	
50	31
0	1	5	6	7	9	11	12	17	19	25	26	29	35	36	39	48	50	51	52	65	66	75	89	93	95	96	111	115	136	149	
53	34
0	1	2	3	4	6	7	10	11	12	16	18	19	20	22	25	31	33	38	40	50	52	55	59	66	73	86	89	96	99	109	115	116	176	
52	31
6	11	12	15	17	20	21	23	24	27	34	35	38	42	47	51	53	55	58	59	61	62	66	73	75	82	83	115	116	136	153	
49	31
1	2	3	6	10	12	14	17	19	20	22	24	25	31	35	37	38	42	53	55	56	62	73	77	82	89	94	95	136	149	176	
56	32
6	7	9	10	14	16	23	27	31	32	33	35	42	47	48	50	51	53	56	58	60	77	78	82	83	85	86	111	116	136	147	153	
45	28
0	1	4	5	6	8	9	10	11	17	18	19	21	22	31	34	47	50	52	55	59	77	83	96	115	116	147	153	
48	30
1	2	6	8	9	10	13	14	17	18	28	29	33	39	48	50	51	52	55	56	65	75	77	83	86	89	95	98	111	149	
47	30
1	2	3	6	8	9	10	14	17	25	27	29	35	37	38	40	42	50	52	53	58	60	65	66	85	94	95	98	149	153	
52	30
2	3	5	6	10	11	14	15	16	18	25	28	33	39	47	50	52	59	60	61	83	86	89	95	96	98	109	147	149	153	
50	31
9	10	11	15	16	18	19	20	26	27	28	29	31	37	38	39	43	50	52	58	59	61	62	78	82	95	96	99	111	147	153	
56	31
1	4	6	9	15	17	19	24	26	31	33	38	50	51	55	60	61	62	77	78	82	83	86	88	89	94	95	111	116	147	153	
48	31
0	1	2	9	17	18	20	21	22	23	24	25	28	31	35	36	40	47	58	59	75	82	86	89	93	94	95	98	109	136	149	
53	34
2	12	13	15	16	20	22	24	25	26	27	28	31	32	33	38	39	50	51	53	55	60	62	65	66	78	82	86	94	95	96	98	109	111	
44	29
0	2	3	4	8	10	11	14	17	18	22	32	35	40	47	48	51	59	60	61	66	75	78	82	83	95	99	111	116	
53	31
5	6	8	11	17	21	23	24	27	28	29	36	37	43	48	53	56	58	60	62	73	77	82	83	86	98	99	111	116	149	176	
55	30
4	7	16	17	18	22	23	25	27	36	42	48	50	51	52	53	61	66	73	83	86	88	93	95	99	111	115	136	147	153	
48	32
1	2	3	6	9	10	15	21	23	24	27	29	33	36	38	39	42	43	47	48	50	56	59	61	62	66	83	88	89	98	149	176	
55	32
5	6	8	11	15	18	20	21	23	28	29	35	37	42	51	53	56	58	60	66	75	77	78	82	94	96	98	99	109	116	136	147	
55	31
0	9	12	13	15	16	17	18	20	23	24	35	37	42	50	51	58	61	62	65	66	86	88	94	95	99	101	116	149	153	176	
51	30
2	4	5	6	9	10	11	14	15	23	26	27	35	40	42	50	59	60	61	65	73	78	83	88	94	98	111	115	147	149	
50	33
3	6	7	8	10	11	12	17	18	19	20	21	26	33	36	37	38	39	42	47	51	53	56	58	62	82	83	96	99	101	109	116	176	
47	30
5	11	14	15	17	18	19	24	25	26	27	29	35	36	38	42	43	50	52	53	56	61	66	83	88	94	99	111	115	147	
45	29
0	2	3	6	7	8	10	11	15	17	18	20	27	31	34	43	48	51	52	58	59	60	77	85	94	95	98	147	149	
42	28
0	1	9	13	14	20	23	25	27	34	35	37	38	40	42	48	50	51	55	56	61	73	77	78	83	88	94	176	
44	31
1	6	7	9	12	13	14	15	17	19	22	24	26	27	28	29	33	36	38	48	52	53	55	66	75	83	88	89	99	111	116	
54	31
1	9	10	12	14	17	20	21	24	25	28	29	38	39	48	50	51	61	66	73	77	82	89	94	96	98	99	111	147	149	176	
52	32
1	3	7	10	17	18	22	25	31	33	35	38	40	43	47	50	51	52	53	56	58	73	75	78	89	94	95	98	101	109	111	136	
42	28
8	9	11	15	16	18	19	20	25	26	31	34	35	38	39	42	50	52	53	55	58	60	65	75	78	89	96	149	
48	33
0	4	5	6	7	8	11	12	14	16	17	18	20	21	26	28	32	33	34	37	42	47	50	51	55	59	60	65	93	96	115	116	153	
45	30
1	2	3	5	9	14	17	18	21	24	26	27	29	32	35	37	38	43	47	52	53	56	65	66	75	83	89	99	147	149	
56	31
1	2	3	6	8	11	12	14	18	22	25	26	34	52	56	66	78	82	83	85	86	88	89	93	99	101	109	111	136	147	153	
44	30
2	5	6	7	8	10	12	14	15	16	19	21	22	24	27	28	29	32	43	66	73	77	78	82	88	89	94	109	111	136	
52	31
1	2	3	4	11	14	19	23	24	25	32	39	40	42	43	48	50	51	53	56	59	78	82	88	89	93	94	111	116	153	176	
47	29
0	1	2	4	10	11	18	19	24	25	28	32	33	35	47	48	53	59	60	62	75	82	88	89	96	109	115	136	149	
47	30
6	9	10	13	16	17	18	23	25	29	31	33	38	40	42	48	51	53	55	58	59	62	65	85	93	94	98	101	109	153	
52	33
1	5	6	8	9	11	13	14	19	20	21	24	26	32	37	39	47	50	51	52	56	60	61	75	78	85	89	95	96	98	101	115	153	
57	34
0	3	4	8	11	14	21	23	24	25	28	29	31	32	33	37	40	48	51	52	53	56	58	59	60	66	83	89	93	98	136	149	153	176	
51	33
3	5	6	7	12	13	14	16	20	21	22	23	24	27	28	29	31	38	43	52	55	59	60	66	75	86	88	93	95	98	111	115	149	
45	30
1	5	6	7	8	11	15	18	20	21	26	27	31	33	39	42	48	51	52	53	56	59	60	73	89	93	96	101	116	136	
43	30
2	3	11	12	13	15	17	18	20	22	23	24	25	36	39	40	42	43	56	61	62	65	83	85	89	93	95	98	99	111	
52	30
1	4	5	6	10	16	17	22	24	28	31	34	37	48	52	59	60	75	82	83	85	94	96	98	99	101	109	111	147	149	
40	29
1	2	4	8	9	11	13	15	17	22	23	24	25	27	28	31	33	37	40	43	47	50	52	77	88	93	101	109	153	
55	32
5	6	7	8	9	10	14	15	16	17	18	22	26	28	33	34	50	52	55	62	66	75	82	83	89	95	98	109	111	115	147	153	
48	32
1	2	6	9	15	17	18	20	22	23	27	35	36	40	43	47	48	50	51	55	56	60	61	73	78	82	86	89	94	95	99	111	
48	31
1	2	3	5	8	10	12	14	15	17	18	22	23	24	26	37	38	39	55	56	59	61	78	83	93	95	101	109	111	116	136	
45	30
2	5	6	10	11	15	16	18	19	21	23	29	35	36	39	40	42	50	51	53	65	77	83	94	95	96	98	99	111	115	
42	31
1	2	6	8	9	10	11	14	16	17	18	22	25	27	31	33	35	37	40	43	48	50	53	58	59	78	86	88	94	95	111	
48	29
0	1	4	6	12	15	17	18	25	26	29	35	37	39	43	50	52	53	59	62	82	83	86	88	94	95	136	147	149	
48	30
2	7	8	9	11	15	20	21	22	23	24	25	26	35	38	42	50	51	53	55	59	60	73	82	83	85	93	109	116	153	
57	33
0	9	11	16	17	21	22	24	25	26	27	33	34	36	47	48	51	52	53	56	73	77	83	85	86	89	93	95	98	116	147	149	176	
52	31
1	4	6	11	12	14	17	18	21	23	27	29	36	42	47	51	52	60	61	73	75	83	89	94	95	98	101	109	115	116	149	
48	30
0	1	2	4	9	13	17	18	19	23	31	36	37	40	43	48	53	55	58	60	61	66	85	89	93	94	98	99	147	149	
53	32
1	4	5	6	7	10	14	15	19	22	24	27	34	38	39	43	48	52	53	55	59	65	75	83	85	86	89	93	111	116	147	176	
50	32
3	5	6	7	10	14	16	17	18	19	28	29	35	36	39	40	48	52	55	60	61	62	65	66	78	83	85	86	89	95	111	153	
54	31
2	4	6	13	16	18	21	22	26	27	31	32	33	37	38	50	51	52	55	60	73	78	86	88	93	94	109	116	136	149	153	
48	29
0	1	3	5	9	13	19	20	22	24	26	32	35	39	50	51	56	61	66	82	88	89	94	95	96	101	116	136	147	
48	30
1	3	5	6	12	14	16	17	23	25	26	28	34	35	37	38	39	43	51	52	53	55	60	73	96	98	109	136	147	149	
52	32
0	2	3	4	8	11	15	17	18	22	26	29	35	37	39	40	48	52	60	61	62	75	85	86	89	93	99	101	111	115	136	149	
44	30
2	5	6	8	10	16	17	18	19	21	22	23	29	33	35	36	38	39	42	50	51	52	78	82	95	96	101	109	111	115	
46	31
1	3	4	7	11	12	13	14	17	18	22	23	26	27	28	29	32	36	38	47	50	52	62	85	89	93	94	99	109	111	149	
51	32
5	8	11	14	15	17	22	23	24	25	26	27	33	36	48	51	52	53	55	60	61	62	66	77	78	85	86	88	95	99	111	136	
39	28
1	2	3	5	6	7	8	12	13	14	21	22	26	29	34	35	38	42	43	53	56	65	66	75	78	96	98	149	
48	29
0	1	4	10	15	17	26	28	32	35	36	37	38	40	52	55	60	73	77	78	85	86	88	96	99	109	111	115	116	
53	33
4	10	13	16	17	18	22	25	27	33	34	35	36	40	43	47	48	51	52	55	59	61	66	75	77	83	86	88	93	95	111	136	149	
48	32
0	1	2	7	8	12	13	14	19	20	21	23	24	25	33	35	36	39	40	43	50	53	58	61	83	85	86	89	93	109	116	153	
53	32
0	1	6	7	14	15	18	22	23	29	31	33	37	39	42	47	48	53	58	59	60	62	66	77	86	88	89	96	111	115	149	176	
50	32
3	6	8	12	13	14	15	16	18	19	23	25	26	29	31	34	36	37	39	42	52	53	59	77	82	88	94	95	115	136	149	176	
48	33
0	2	4	5	6	11	13	16	17	18	20	21	26	27	29	31	32	36	38	40	48	51	53	61	65	73	77	78	89	94	101	116	176	
47	29
3	4	6	8	11	12	14	15	18	20	25	26	33	37	47	51	52	53	56	58	59	60	75	85	93	101	109	116	176	
49	29
1	3	5	6	8	10	11	12	19	23	26	32	35	40	42	48	50	53	56	62	65	78	82	95	98	116	147	149	153	
52	31
1	2	3	4	5	6	9	10	14	15	17	27	33	34	35	38	42	50	52	58	61	66	73	88	89	96	101	115	147	149	153	
51	32
0	1	2	7	10	12	15	19	20	21	22	24	26	34	35	40	43	50	59	60	66	75	77	82	85	86	94	95	96	101	149	176	
54	33
2	5	6	7	8	10	11	14	19	20	21	23	27	35	37	40	51	53	56	58	62	66	77	82	83	86	88	94	98	99	116	136	176	
52	30
1	2	5	10	12	14	17	18	20	21	25	26	40	43	50	55	56	61	65	82	85	88	89	93	98	99	111	116	147	149	
50	30
0	2	4	11	13	15	17	18	23	26	27	33	36	38	39	40	53	56	60	62	65	66	88	93	98	109	111	115	136	153	
50	31
0	3	5	6	7	9	11	12	14	24	26	27	31	32	36	39	42	51	52	55	56	60	89	94	95	99	101	109	115	116	149	
55	33
5	11	13	16	19	20	21	22	24	26	31	34	35	37	38	39	43	48	52	60	73	77	78	83	86	94	95	99	101	136	147	149	153	
49	30
0	1	6	8	11	12	15	17	23	24	27	31	32	33	38	39	42	51	56	60	61	62	73	78	85	98	109	136	147	149	
53	33
0	8	10	12	14	16	19	20	25	27	32	34	35	37	40	43	47	48	50	56	59	60	65	75	77	78	83	88	94	99	115	147	153	
53	31
1	3	5	6	8	10	12	20	24	28	29	31	34	37	40	47	55	59	62	75	78	82	83	86	96	98	111	115	136	147	153	
55	32
1	6	9	15	17	19	20	23	33	35	36	40	47	52	53	58	59	66	75	77	82	83	85	86	93	95	96	98	101	116	136	147	
50	31
0	1	3	4	5	6	8	10	11	21	28	29	32	35	36	39	43	51	55	58	59	62	77	82	93	95	98	111	115	136	149	
52	33
0	2	10	11	12	13	15	17	18	19	21	23	25	26	34	36	42	47	52	58	65	73	75	78	82	85	86	88	96	99	101	149	176	
50	32
1	6	7	9	14	16	18	19	20	21	23	28	33	34	35	37	39	47	51	52	53	55	56	73	77	82	83	86	96	101	149	176	
48	32
1	4	7	9	14	17	19	20	23	25	27	28	29	32	35	36	38	39	40	48	56	58	60	61	66	77	88	93	99	115	116	153	
50	29
0	4	6	11	19	23	28	32	34	35	43	48	51	52	53	55	56	66	73	83	85	86	88	95	96	101	115	136	147	
46	31
0	1	2	3	4	8	12	17	23	25	27	28	31	33	34	35	39	40	43	51	53	61	65	75	78	88	95	98	111	115	136	
48	30
2	3	4	6	8	16	23	27	28	29	31	32	35	37	43	50	51	52	53	55	56	62	66	75	78	88	98	111	115	116	
41	32
0	1	3	4	5	7	8	11	12	13	14	15	16	20	21	22	23	24	26	31	34	42	43	52	59	62	73	75	82	89	93	99	
48	29
0	1	7	8	9	14	16	17	19	21	22	23	25	27	28	29	35	52	55	58	59	66	77	78	109	111	136	149	153	
49	32
3	4	5	7	8	10	14	16	17	18	19	21	22	24	25	27	31	36	38	40	43	48	52	56	93	94	101	109	115	116	149	176	
48	30
0	1	7	8	14	15	16	23	26	29	31	34	35	40	50	51	53	55	58	59	61	75	78	88	89	93	95	96	99	147	
62	35
0	3	6	10	15	16	18	20	21	23	25	28	29	36	37	39	47	56	59	60	62	66	82	85	86	88	96	98	99	111	115	136	149	153	176	
45	31
1	3	8	9	10	13	14	15	18	20	23	25	26	32	35	37	40	42	47	50	52	53	56	58	62	78	95	98	99	111	115	
53	32
2	5	8	9	11	14	21	22	23	25	31	32	35	39	43	52	58	65	73	75	77	78	82	85	86	89	95	98	101	109	116	149	
44	29
0	4	5	8	13	14	16	17	18	20	22	23	25	26	29	31	48	51	52	58	61	78	85	86	88	95	99	111	147	
52	31
0	3	8	9	11	12	14	17	18	23	24	25	31	33	39	42	51	52	53	56	58	65	66	75	77	88	95	109	111	149	176	
45	28
1	2	6	7	10	12	13	15	16	21	22	24	27	31	32	50	52	53	55	56	59	60	66	89	96	115	116	149	
47	32
0	2	6	8	9	10	13	14	16	19	21	22	23	24	25	35	37	38	40	42	53	56	60	61	65	73	75	83	96	99	115	147	
50	33
0	1	3	4	13	14	22	23	24	25	28	29	31	32	33	37	39	42	43	47	48	53	58	60	62	77	86	89	96	101	111	149	176	
48	31
0	2	4	7	8	10	11	12	14	15	17	18	20	25	27	38	40	52	53	56	77	78	82	83	88	89	95	98	111	115	116	
52	31
0	1	2	5	6	11	12	13	14	18	22	23	24	26	31	42	48	53	58	59	75	86	88	94	96	98	101	115	147	149	153	
48	32
2	5	6	8	9	11	12	14	16	19	21	22	23	24	31	33	37	42	47	50	58	59	65	73	75	82	83	89	96	101	116	149	
51	30
1	5	6	9	12	14	15	17	18	26	27	36	38	40	47	53	56	60	61	75	85	89	93	95	99	101	109	116	149	176	
56	31
1	3	6	9	15	23	24	25	28	29	36	39	40	48	56	60	61	62	77	83	86	88	89	96	98	111	115	116	136	149	176	
41	32
1	3	4	6	7	12	13	15	17	20	23	24	25	27	31	32	34	35	37	38	40	42	47	52	53	56	58	59	60	66	96	101	
53	32
1	2	4	7	14	18	21	23	24	25	26	27	29	34	38	42	51	55	56	59	61	62	78	83	85	88	89	93	99	111	147	153	
47	30
1	5	6	7	10	11	17	18	19	21	26	33	34	36	37	38	47	51	52	53	56	61	62	66	73	83	95	99	149	153	
52	32
1	2	3	4	6	7	10	15	19	22	25	27	31	32	33	35	38	42	47	58	60	61	66	77	88	94	101	109	116	136	147	153	
46	30
0	1	4	5	7	18	20	21	24	26	27	29	31	35	42	47	50	51	52	56	58	60	66	73	75	88	89	101	115	116	
55	33
1	6	7	11	21	23	27	28	29	31	33	34	35	36	38	42	43	48	50	51	53	56	60	61	73	88	93	95	101	111	149	153	176	
48	31
1	3	6	8	9	11	12	13	19	20	23	24	27	31	32	33	36	38	48	53	56	60	61	88	89	93	95	98	136	153	176	
46	30
0	1	2	5	7	9	12	13	14	17	18	19	22	26	31	32	38	48	56	59	60	88	93	94	96	99	101	109	136	149	
45	30
0	1	5	7	14	15	17	18	24	26	28	29	31	32	33	35	36	37	51	53	55	56	60	77	83	89	95	101	109	149	
40	31
0	1	3	4	5	6	8	9	15	16	21	22	23	24	26	27	28	29	31	34	35	36	42	50	55	56	88	89	93	99	109	
45	30
0	1	2	3	5	6	7	10	14	17	18	19	22	27	29	32	37	43	47	55	58	59	62	77	78	85	98	99	147	153	
56	33
2	3	4	9	11	12	16	21	23	24	25	33	36	38	39	42	43	47	53	62	66	75	82	83	88	89	96	111	115	116	136	147	153	
38	30
0	1	2	3	4	5	6	8	11	12	13	17	18	20	22	23	24	25	26	34	35	37	39	53	62	75	95	98	101	136	
49	28
3	4	6	8	11	16	21	22	26	31	35	38	42	51	52	53	62	66	77	82	88	89	94	95	109	136	147	153	
45	30
0	1	5	6	10	12	14	15	17	19	20	24	25	28	34	35	43	52	55	61	62	65	73	77	83	85	89	96	101	176	
46	31
0	1	5	8	9	10	11	13	16	17	18	19	20	21	23	26	29	31	40	42	53	58	61	66	86	93	95	96	109	116	153	
52	32
0	5	6	10	11	13	17	18	19	21	22	24	28	33	34	35	38	39	47	51	52	53	58	65	78	88	95	98	109	149	153	176	
43	28
1	2	6	10	11	14	16	17	21	23	24	27	29	31	33	42	43	51	55	60	65	73	77	82	85	98	147	153	
50	31
0	4	5	8	11	14	19	25	26	27	29	35	38	39	48	51	52	53	56	60	73	78	83	85	88	89	94	96	101	115	147	
53	30
2	6	8	11	12	14	15	17	21	22	24	26	37	39	50	55	56	58	59	62	65	75	93	95	101	109	111	116	149	153	
53	31
0	5	9	10	11	14	15	19	20	24	29	31	39	48	52	53	55	56	58	62	78	83	85	89	94	95	99	109	115	116	153	
50	31
1	3	10	14	19	25	27	32	35	36	37	38	39	40	43	47	50	51	56	59	62	73	78	82	85	88	89	101	111	116	147	
50	30
0	1	3	4	8	9	10	15	18	19	22	28	29	32	36	37	48	77	83	85	86	89	93	95	99	111	115	136	147	176	
52	30
0	4	11	12	15	16	19	24	26	27	28	31	32	34	40	47	48	61	62	73	82	85	89	95	111	116	136	147	149	176	
46	30
0	2	7	10	11	13	15	17	18	19	24	26	28	29	35	40	43	52	56	59	60	61	65	83	85	88	93	101	109	149	
44	30
3	4	6	7	8	9	11	12	20	22	24	26	27	31	32	34	37	38	42	43	47	50	52	56	62	99	109	111	116	176	
51	30
3	6	11	19	21	22	23	24	25	27	29	31	36	39	43	47	50	62	66	75	82	83	86	89	95	99	136	147	149	153	
46	29
0	1	6	8	10	11	18	20	21	24	26	33	35	37	39	50	51	58	59	62	75	78	86	93	98	101	115	116	136	
48	30
0	3	4	8	10	12	14	15	16	19	20	22	24	28	29	31	40	51	53	60	73	82	88	89	93	94	99	115	147	176	
49	30
1	2	8	10	11	17	21	23	24	25	29	31	32	36	38	43	47	51	56	58	60	62	77	82	93	94	95	147	153	176	
53	31
0	2	4	8	14	16	17	18	21	22	26	28	33	37	43	47	50	51	55	62	65	66	77	78	89	95	98	116	147	149	153	
46	32
1	2	11	12	13	14	16	17	18	19	21	24	25	26	28	29	35	37	39	43	53	59	60	62	73	75	78	85	89	95	98	149	
49	29
0	3	4	6	8	10	11	13	15	16	20	22	27	33	35	47	52	55	56	59	75	77	86	89	109	115	136	149	153	
58	33
2	4	5	12	16	21	22	23	24	28	31	38	43	50	53	60	66	73	75	78	82	83	85	86	88	89	94	95	99	109	115	116	176	
50	29
0	1	2	3	4	7	11	12	14	17	18	22	24	25	26	35	42	51	59	85	88	95	98	109	111	116	147	149	153	
61	34
4	8	10	13	16	27	31	32	33	35	37	38	40	42	48	51	53	55	58	60	62	82	88	89	93	98	99	101	109	111	115	136	149	153	
52	33
0	2	7	8	9	10	14	16	18	20	21	26	28	32	33	34	37	47	48	52	53	59	66	73	75	85	86	93	98	99	115	149	153	
52	30
0	1	2	5	8	11	12	14	15	18	19	22	23	25	28	34	43	53	59	61	77	82	89	93	109	111	136	147	149	176	
40	30
2	3	4	5	6	8	11	17	18	19	20	21	23	25	27	28	29	31	35	37	43	50	51	52	66	75	78	85	98	115	
49	29
0	9	12	16	17	21	22	24	25	26	31	35	47	52	55	58	59	60	61	62	73	78	85	86	89	95	98	149	176	
56	34
3	6	9	15	16	18	19	20	26	29	31	32	34	38	40	42	43	47	51	55	56	58	61	62	66	77	82	83	85	93	115	136	149	153	
45	28
1	2	4	7	9	10	11	15	17	25	28	31	33	35	40	43	50	52	53	59	73	75	88	93	109	115	136	149	
55	32
0	2	10	11	14	20	21	22	27	33	35	37	43	51	52	53	58	65	66	78	82	85	86	88	89	93	96	98	99	101	147	149	
45	28
1	7	8	12	15	17	21	22	23	26	32	35	36	38	47	56	59	60	62	78	82	83	88	94	96	111	116	149	
50	29
6	11	13	14	15	16	17	18	21	23	28	35	36	47	53	58	59	60	61	62	75	82	88	94	95	111	116	149	176	
59	33
11	14	18	21	22	25	26	28	29	31	32	33	35	37	39	42	51	56	58	60	82	83	85	86	89	93	94	111	115	136	147	149	176	
45	30
0	1	2	5	8	10	12	14	15	20	22	23	24	25	26	32	34	35	37	66	75	77	94	96	99	101	109	111	115	136	
52	32
1	3	4	8	9	12	14	17	20	23	25	27	31	32	33	35	38	42	48	52	58	61	62	83	93	94	96	109	111	136	147	153	
49	31
2	4	6	8	12	13	16	17	21	23	24	28	33	35	37	43	47	52	53	55	61	66	77	83	85	86	88	93	109	111	149	
47	31
1	12	14	17	19	20	21	24	25	26	27	28	29	31	34	36	37	39	50	52	56	61	62	75	78	83	89	94	99	109	147	
53	30
0	4	5	8	9	14	15	16	24	26	28	29	35	36	37	43	51	65	66	77	83	89	96	99	109	111	115	147	149	176	
52	32
0	2	10	11	16	19	20	23	24	25	27	28	31	37	40	47	48	55	59	62	65	73	75	78	83	85	86	88	115	116	136	153	
55	31
3	6	10	11	12	15	17	18	25	28	34	35	36	39	42	55	59	62	65	66	78	85	95	98	99	109	111	115	116	149	153	
49	30
1	7	9	10	11	15	17	24	25	27	28	29	31	33	35	43	48	50	52	62	66	73	83	85	89	95	109	111	147	149	
52	34
0	6	7	11	13	15	16	17	20	21	23	24	27	28	29	32	35	38	42	47	51	52	56	59	61	62	73	78	83	96	101	109	115	147	
56	33
0	3	6	10	11	15	19	20	22	24	28	34	36	37	38	42	43	47	50	58	60	62	73	75	77	82	93	98	109	116	147	149	153	
49	30
0	2	3	9	10	11	12	15	17	18	26	31	33	35	40	43	52	65	66	78	89	93	95	96	98	99	109	111	115	147	
55	32
0	1	2	6	10	11	16	18	21	23	26	27	33	36	40	42	50	53	58	60	62	78	86	94	95	98	99	109	111	136	147	153	
48	31
1	4	5	9	10	11	19	20	21	23	25	26	28	29	34	35	36	42	48	51	73	78	82	86	88	93	95	96	136	147	153	
53	33
3	4	6	8	11	22	23	24	28	29	31	32	34	35	36	38	42	43	48	50	53	55	56	60	65	73	89	96	99	109	111	147	149	
51	29
1	2	6	10	12	14	15	16	18	22	26	28	33	40	53	60	61	62	75	82	88	89	93	98	111	116	136	147	149	
50	32
1	2	7	8	10	13	16	18	25	26	27	31	34	37	39	42	43	48	53	58	59	65	75	82	88	89	93	95	99	116	136	149	
50	30
0	1	2	11	15	16	19	21	23	24	31	33	43	47	50	51	61	62	66	83	86	88	89	94	95	99	101	109	136	153	
49	31
1	3	6	9	12	14	15	18	22	23	26	29	36	38	39	40	52	53	61	66	85	86	88	89	95	96	98	99	111	115	116	
49	31
0	1	8	9	11	13	14	16	19	21	23	25	27	28	29	35	38	47	53	56	59	61	65	66	77	78	82	89	115	147	149	
44	30
1	2	11	12	14	15	19	20	22	23	24	25	28	29	31	34	36	39	56	59	62	65	85	88	89	95	99	101	109	116	
40	28
0	1	5	8	9	13	17	19	22	26	28	29	35	36	40	42	48	50	56	62	66	75	88	89	93	98	101	116	
55	31
5	6	11	15	17	20	23	24	27	33	35	38	42	43	50	52	53	56	58	60	65	83	85	86	88	89	98	136	147	149	153	
49	30
0	1	5	8	15	17	18	24	25	26	29	31	32	33	35	47	51	58	59	60	75	82	83	85	88	93	98	109	149	153	
52	33
0	1	2	3	6	8	9	11	14	24	25	26	27	33	36	38	47	60	61	65	66	73	75	77	82	85	88	95	98	99	101	109	153	
44	28
0	1	2	4	14	15	17	19	26	27	28	34	35	38	48	50	52	53	55	56	73	75	78	86	88	99	111	176	
42	28
1	2	6	7	8	11	12	15	16	17	22	24	26	29	31	40	47	53	55	56	59	60	62	66	96	99	109	149	
49	30
1	2	6	10	13	15	16	17	22	24	27	29	31	34	39	40	48	50	51	52	59	62	85	86	98	99	109	111	149	153	
43	28
0	1	4	5	7	8	12	17	19	20	21	23	24	25	26	27	31	50	51	53	55	56	65	89	94	109	116	176	
52	31
1	2	5	16	17	20	21	23	24	25	29	35	36	38	39	42	43	51	55	59	62	83	88	94	96	98	109	111	116	147	149	
50	31
0	1	2	3	5	7	9	10	11	15	18	21	34	36	48	51	53	61	66	75	82	89	93	94	95	96	99	101	109	111	136	
53	31
1	2	7	12	14	17	18	23	25	27	28	33	34	35	36	48	50	53	55	61	66	78	83	86	88	94	109	111	136	147	149	
50	29
1	3	5	6	11	12	17	23	26	27	28	34	35	40	48	51	52	59	66	73	83	85	88	95	101	116	147	153	176	
38	29
1	3	4	6	8	10	11	12	14	15	19	20	21	22	23	24	26	31	34	40	42	52	53	59	62	77	93	101	116	
49	31
0	1	7	9	11	16	17	19	20	26	27	28	33	35	37	38	40	43	48	60	61	62	65	77	88	93	96	115	136	149	153	
49	32
3	4	5	6	9	10	11	12	15	25	26	27	31	32	34	35	42	43	50	51	52	59	61	66	85	86	89	94	98	99	109	147	
46	31
0	1	3	4	6	7	10	15	16	17	23	24	29	31	33	34	37	38	40	43	47	50	55	60	65	77	85	95	109	147	153	
50	29
1	5	6	8	9	14	15	17	20	23	24	26	29	35	39	47	50	52	56	59	88	96	99	101	109	111	149	153	176	
56	31
3	4	6	10	11	12	13	20	23	26	32	34	35	50	52	53	55	58	60	66	73	75	83	86	94	96	109	116	136	147	149	
53	32
4	8	11	15	18	20	21	23	27	28	31	33	35	38	39	50	51	52	53	58	59	62	78	85	86	95	96	99	101	109	115	176	
52	34
2	8	9	10	11	12	15	17	18	19	24	25	32	36	39	40	43	47	51	58	59	65	75	77	82	83	86	88	89	93	94	95	99	147	
43	28
0	2	3	8	10	12	16	17	19	22	24	25	27	31	36	38	43	51	53	55	60	61	65	77	95	111	116	176	
50	30
0	2	5	6	12	15	16	20	22	23	24	31	33	39	42	50	51	53	60	65	66	75	89	93	94	95	109	115	116	153	
51	30
4	6	11	13	16	17	18	19	20	21	22	23	24	29	33	35	37	51	78	82	85	86	93	99	109	111	115	136	153	176	
54	31
3	4	9	16	17	18	22	23	25	35	38	47	50	51	52	55	58	73	78	82	83	85	86	88	96	98	99	109	111	115	116	
50	31
1	2	6	8	9	10	12	13	14	17	18	19	21	22	25	28	29	47	52	53	55	59	60	82	83	96	99	109	116	149	153	
50	32
1	3	6	8	14	16	17	18	19	21	25	26	27	29	35	36	37	38	40	48	50	53	56	60	65	75	78	101	109	111	149	153	
46	32
1	2	3	6	8	11	12	14	21	22	24	26	31	33	34	36	38	39	42	47	50	51	62	65	75	86	88	94	95	98	101	147	
48	31
2	4	5	10	11	12	15	18	19	20	23	24	33	36	37	38	39	50	53	56	58	62	77	78	82	85	94	96	99	111	147	
49	32
0	1	2	8	9	10	13	15	17	19	20	24	26	27	28	32	35	36	37	40	53	59	62	73	75	77	85	98	109	111	116	153	
52	29
1	2	3	4	6	10	12	14	17	22	33	35	40	53	56	59	61	75	85	86	94	95	98	99	109	111	136	149	153	
49	32
6	10	14	16	22	23	24	25	29	32	34	37	38	39	43	48	51	55	56	58	59	62	66	73	77	78	82	94	95	96	99	111	
49	32
1	2	5	6	8	10	11	18	19	21	22	23	25	31	32	34	35	37	38	39	51	52	56	66	73	75	82	95	96	136	153	176	
53	33
2	4	8	12	14	15	16	17	19	21	22	24	25	26	33	36	37	40	43	47	52	53	56	58	59	73	77	93	96	116	147	149	176	
59	31
1	4	14	17	18	21	23	25	29	32	38	52	56	58	60	61	73	75	78	82	83	85	88	89	95	99	109	111	147	149	153	
44	29
1	6	7	8	9	10	12	17	19	21	28	29	33	35	38	39	40	50	51	52	53	58	60	83	94	95	96	111	149	
49	31
1	2	3	4	8	9	16	18	23	24	25	26	32	33	34	35	36	50	53	77	83	86	88	89	93	94	95	99	109	111	153	
51	32
1	2	3	6	8	10	11	13	17	18	27	28	33	36	42	43	47	48	51	61	65	78	82	85	89	93	95	98	115	116	136	176	
50	33
0	2	4	5	6	7	11	12	14	15	16	19	20	21	23	24	25	32	33	35	38	52	58	60	62	75	83	89	94	95	111	149	176	
56	33
2	3	6	7	8	10	11	13	14	15	22	24	28	32	35	36	37	51	58	59	61	66	77	82	88	93	98	101	109	116	136	147	176	
47	31
1	3	5	6	7	10	11	12	13	14	15	18	23	26	29	38	40	42	47	58	59	65	66	77	82	96	98	99	111	136	149	
48	34
0	1	2	4	6	7	9	10	11	13	17	20	24	28	29	31	34	39	42	48	51	52	59	60	62	65	66	73	75	85	88	93	98	99	
42	29
1	2	3	4	5	6	9	10	13	19	21	23	24	25	26	35	38	50	52	56	65	78	82	85	86	88	96	101	109	
48	31
3	4	5	6	9	11	12	14	15	19	20	22	23	35	37	40	47	50	52	59	60	66	73	78	82	85	86	96	99	111	176	
46	30
0	1	3	4	10	12	13	15	17	19	21	22	23	24	26	29	36	42	51	55	62	65	66	85	95	96	99	111	115	149	
47	30
0	3	7	8	10	13	15	16	18	22	23	26	27	34	35	42	48	52	55	56	58	62	75	82	89	93	96	111	136	149	
45	29
1	2	3	4	5	6	8	14	16	18	19	23	24	27	29	31	33	38	53	56	60	66	75	78	98	99	109	149	153	
42	31
1	2	6	7	8	9	10	12	15	16	17	19	20	24	28	33	35	36	37	40	47	53	58	61	73	75	83	89	96	101	116	
49	29
2	6	8	9	14	16	17	21	23	24	29	33	34	37	51	53	56	75	77	82	83	88	93	98	101	111	115	116	153	
54	32
0	2	10	11	18	20	22	25	27	28	35	40	43	47	48	51	55	59	60	62	65	73	78	83	86	88	98	101	115	116	136	147	
58	34
6	7	9	11	14	16	23	24	26	32	33	37	39	48	50	51	52	55	56	58	61	62	65	66	73	77	78	88	89	96	98	111	115	153	
50	30
3	8	11	12	14	18	19	20	23	25	27	28	29	38	39	50	51	56	58	61	65	82	83	85	86	93	109	111	116	147	
47	30
3	6	8	12	15	16	23	24	27	28	31	32	34	35	40	47	51	55	58	61	65	73	77	83	85	88	94	95	136	153	
50	32
2	4	6	10	13	16	17	24	25	29	31	32	35	40	48	50	52	53	55	56	58	59	60	62	66	73	85	86	96	98	99	115	
47	30
0	1	2	3	5	10	12	14	17	18	20	21	23	26	28	37	42	48	58	59	73	78	88	89	93	101	111	116	136	176	
40	30
0	1	4	6	8	10	11	13	16	17	18	19	20	24	27	33	34	35	42	47	48	50	53	55	66	77	83	85	89	111	
59	32
1	3	6	7	10	13	14	15	18	21	22	23	24	29	34	40	53	55	56	60	61	75	85	89	96	111	116	136	147	149	153	176	
46	30
0	1	3	6	7	8	9	10	13	14	17	19	20	25	29	35	39	43	48	56	59	62	73	75	93	95	99	136	149	153	
50	29
0	1	2	4	12	14	15	17	18	20	23	40	42	52	53	55	56	66	73	78	82	88	93	98	99	109	111	136	176	
50	31
1	2	3	4	6	7	23	24	26	27	35	37	40	42	43	47	50	51	53	56	60	66	78	82	89	94	96	98	99	147	149	
48	29
0	2	5	7	11	17	18	20	21	23	26	27	29	32	34	35	50	52	59	61	75	78	85	93	95	109	111	147	153	
44	31
1	2	3	4	6	7	8	10	12	13	14	15	18	21	22	23	26	32	33	34	39	42	61	65	78	93	95	101	111	116	149	
48	30
1	2	5	6	7	14	15	16	18	21	22	26	27	28	31	34	43	48	50	53	61	73	89	96	99	101	115	136	147	149	
46	31
1	2	5	7	8	11	12	13	14	15	18	20	21	25	26	27	29	39	47	53	55	56	59	66	82	93	94	98	109	115	136	
45	30
3	5	6	8	10	11	12	14	15	18	20	21	26	27	31	33	34	36	42	50	51	52	73	75	89	94	99	115	116	147	
50	30
0	10	15	16	17	18	20	21	26	27	29	31	35	36	38	39	50	51	52	55	59	60	73	78	85	99	115	136	147	153	
52	31
1	2	6	7	8	10	11	18	21	23	26	32	33	34	36	38	39	51	56	62	83	89	94	96	98	101	109	111	136	147	153	
49	30
3	4	5	6	7	8	9	10	13	14	15	16	18	24	35	42	43	55	58	59	62	82	85	88	96	101	111	116	147	149	
44	29
1	3	5	9	11	15	19	23	25	27	31	35	36	37	39	40	43	51	52	61	66	86	88	89	93	96	109	115	136	
57	34
7	10	11	14	18	19	20	21	24	32	33	35	36	37	38	39	42	51	52	53	58	60	62	66	82	83	86	95	96	98	99	149	153	176	
49	30
0	1	4	8	17	20	21	22	23	24	25	32	34	35	37	38	51	52	58	59	60	62	77	82	89	94	95	111	153	176	
53	32
5	6	10	11	13	15	16	21	23	28	33	34	35	36	38	43	51	52	58	60	62	65	75	77	82	83	93	96	101	136	147	176	
52	32
1	3	4	6	10	12	14	18	20	21	22	26	27	28	34	42	52	53	58	65	78	85	86	88	89	93	94	95	101	111	116	176	
57	31
13	14	16	17	18	21	22	23	25	29	31	32	42	51	52	58	59	66	75	77	78	82	83	88	95	109	111	115	136	147	153	
51	30
1	5	6	8	9	11	15	17	18	20	23	24	27	35	48	50	51	56	61	65	77	82	83	95	99	101	111	116	149	153	
49	32
1	7	11	12	13	14	19	21	22	24	25	26	27	33	36	39	43	51	52	53	56	60	77	78	85	86	88	89	93	96	111	116	
45	30
1	4	7	11	12	13	17	19	20	21	25	26	27	28	33	34	35	38	40	51	52	53	62	73	78	95	101	115	136	153	
53	33
0	2	3	8	13	14	15	16	18	20	23	26	37	40	42	48	50	51	53	55	56	65	73	77	85	86	88	93	96	101	111	115	136	
42	29
1	2	5	7	12	13	14	19	20	21	24	26	27	29	31	38	40	42	55	56	65	66	75	78	86	88	93	115	116	
42	30
0	1	3	5	8	9	11	13	14	18	20	21	22	24	25	26	27	29	31	34	35	48	52	75	82	85	89	98	149	153	
40	30
2	10	11	12	13	14	15	17	18	19	20	21	22	23	24	25	28	29	31	36	39	50	52	56	73	78	82	96	99	109	
42	27
0	1	2	3	4	6	7	12	17	19	23	24	29	34	35	40	43	53	65	75	83	88	94	95	111	147	153	
48	32
1	2	5	6	7	8	10	12	14	15	23	24	25	27	33	37	39	42	50	55	59	60	61	66	77	83	86	88	89	96	111	136	
53	31
1	2	10	13	15	17	23	28	29	35	38	42	47	51	53	55	59	62	65	66	75	78	83	85	94	95	96	99	109	111	153	
49	28
0	1	11	15	16	25	26	27	33	34	35	37	47	52	53	73	82	83	88	89	93	94	96	101	116	136	147	149	
56	32
1	5	6	8	9	10	12	21	25	26	34	35	40	50	51	52	53	56	62	66	73	75	77	83	85	86	88	89	95	116	147	153	
48	30
0	1	8	11	14	15	17	18	21	22	24	26	27	28	31	34	36	37	48	50	55	61	75	82	89	98	111	147	149	153	
50	31
1	2	4	6	7	9	13	18	19	21	22	23	28	35	37	39	40	50	55	56	61	62	73	83	93	96	99	109	115	136	149	
50	31
2	4	6	11	13	15	17	19	23	24	27	31	34	36	37	39	43	53	55	56	60	65	66	73	75	83	94	99	115	149	153	
52	30
6	10	11	12	16	17	18	20	21	28	29	33	35	51	52	53	58	61	65	73	83	86	89	95	96	98	101	109	149	176	
43	29
1	5	6	12	13	17	18	19	20	21	26	27	29	36	37	39	52	53	59	62	66	75	77	78	83	86	96	99	111	
51	32
2	4	5	9	10	11	12	13	14	15	19	20	21	27	28	32	35	37	38	39	51	52	61	62	78	85	96	99	115	147	149	153	
51	30
0	3	5	6	8	9	10	11	20	21	24	32	36	38	39	50	51	52	55	56	58	65	66	95	99	109	111	115	136	153	
49	30
2	6	11	12	14	15	16	18	21	24	26	34	47	53	58	73	75	78	82	83	85	86	88	89	94	95	96	99	116	136	
49	31
0	1	2	4	9	13	17	21	23	24	25	28	29	31	32	33	37	38	42	53	58	60	62	66	77	88	93	115	136	147	153	
46	29
1	6	8	9	11	17	18	19	21	22	23	33	35	36	37	39	47	50	51	52	55	58	78	86	95	98	109	149	153	
49	30
0	3	6	7	8	9	10	11	14	17	20	27	32	33	34	35	38	50	51	52	53	56	58	65	75	83	111	136	149	176	
48	29
0	9	15	16	17	18	19	22	23	27	34	35	39	43	48	51	52	56	62	73	78	83	88	94	95	99	111	147	149	
56	31
0	2	4	12	14	16	17	22	24	26	28	34	37	48	51	52	62	73	78	85	86	89	93	94	98	99	109	111	147	149	153	
53	30
0	1	3	12	17	18	20	26	27	33	35	37	40	48	52	61	65	75	85	88	89	93	95	98	101	109	111	115	149	153	
45	29
0	1	7	9	12	17	19	21	22	24	26	28	29	33	35	40	50	52	55	58	60	62	73	77	78	89	95	136	149	
41	29
0	1	2	5	8	12	16	19	20	21	22	24	25	26	27	31	32	33	50	51	52	55	56	59	62	66	94	98	136	
49	30
0	2	3	5	6	7	8	10	14	16	18	24	27	29	38	47	48	50	52	58	65	82	94	95	98	99	109	111	147	149	
53	30
4	6	7	13	15	16	18	22	26	27	28	31	50	51	52	53	58	59	65	66	78	82	83	88	93	95	101	116	147	153	
50	30
1	3	5	13	15	20	22	23	24	26	29	31	33	37	38	39	42	51	53	55	66	85	95	99	101	109	111	136	149	153	
50	30
3	8	10	13	16	19	22	24	27	33	35	36	38	42	43	50	55	73	75	77	82	83	88	89	95	99	109	111	116	149	
51	34
0	3	8	9	12	13	15	16	17	20	21	22	23	24	29	36	37	38	39	43	47	50	51	55	62	78	82	94	95	98	99	116	136	147	
54	31
1	5	8	10	18	19	21	23	29	31	33	38	42	43	50	51	52	53	59	66	83	86	89	93	95	99	101	115	136	147	153	
45	32
0	1	2	8	9	11	12	13	17	18	20	21	22	23	26	28	29	31	32	33	38	40	47	51	52	56	93	95	101	109	116	149	
42	30
0	1	2	3	5	11	13	14	20	24	25	26	31	34	37	43	47	48	59	60	61	77	78	82	83	85	88	89	95	101	
47	30
1	3	4	6	10	17	18	22	24	27	31	33	35	36	40	50	51	58	61	73	78	85	86	89	94	95	96	98	99	176	
45	30
0	1	3	4	7	8	10	12	13	17	18	22	23	26	36	42	47	48	51	59	62	65	85	93	95	98	101	111	115	116	
58	33
2	5	8	9	10	14	16	18	21	22	26	38	40	42	43	48	55	58	61	73	78	82	83	88	89	93	98	101	111	136	147	149	176	
54	31
4	5	6	9	11	15	22	24	26	27	31	32	34	36	38	51	52	55	59	62	65	86	88	94	98	101	111	116	136	147	153	
44	28
0	2	7	9	12	13	14	15	16	20	22	25	26	29	33	35	53	59	65	75	78	82	88	94	95	111	116	153	
59	32
0	4	6	9	10	11	14	18	27	28	34	48	51	52	53	55	56	58	66	73	78	88	89	93	95	99	101	109	111	136	149	153	
54	30
1	2	3	4	6	9	17	18	19	23	24	28	35	36	43	50	52	61	82	83	85	88	93	99	111	115	136	147	149	153	
45	29
1	4	6	8	9	10	15	17	18	20	21	27	28	33	34	35	38	50	51	55	59	61	83	85	95	99	109	111	153	
51	32
1	4	6	8	9	11	14	15	19	20	25	26	29	35	38	39	40	42	56	58	61	73	77	88	93	98	99	101	111	115	136	176	
50	31
2	3	4	9	11	12	14	22	24	26	27	28	29	31	38	40	42	47	60	61	62	65	75	86	89	98	109	111	115	116	149	
47	31
0	1	2	6	7	8	9	13	14	17	18	19	21	22	25	26	27	29	35	55	58	59	61	66	73	86	88	89	109	136	149	
46	31
2	3	5	6	9	10	16	17	18	19	20	22	24	29	32	34	35	40	43	50	56	59	65	82	83	85	88	95	101	136	176	
52	32
5	10	11	12	14	15	18	20	21	22	24	25	27	31	38	39	42	50	51	55	56	58	65	73	77	82	94	96	98	116	147	176	
51	30
0	3	4	6	10	11	14	16	18	20	24	26	27	34	38	42	56	59	65	75	77	85	86	88	89	109	111	115	147	153	
46	29
0	1	2	7	8	9	10	13	14	18	19	25	28	32	34	36	47	48	52	55	56	78	82	89	95	116	136	147	149	
48	30
0	1	5	9	13	22	23	24	26	27	28	29	31	40	48	50	52	55	58	59	60	66	82	85	89	95	96	98	136	149	
46	29
0	1	5	6	7	11	15	18	20	23	27	28	31	34	37	40	50	51	53	59	61	66	73	85	96	98	115	116	153	
53	34
2	3	5	6	7	11	12	14	20	21	22	23	24	37	38	39	42	43	47	55	56	59	65	75	82	86	93	94	96	98	101	109	115	147	
50	30
1	2	3	4	6	10	11	23	24	26	27	29	34	35	39	42	43	51	53	65	78	82	88	94	98	109	115	136	147	153	
48	28
0	1	3	6	7	9	17	21	26	27	31	32	33	35	42	50	53	56	58	60	62	73	85	89	136	147	149	153	
52	31
0	1	4	5	7	10	11	12	13	15	27	34	35	36	43	47	50	55	59	65	73	78	88	89	94	98	99	116	136	149	153	
46	30
1	10	12	13	15	17	21	25	27	28	29	32	34	35	36	42	43	50	52	53	56	59	60	66	83	93	96	99	116	176	
56	33
0	1	6	8	9	13	14	17	18	22	23	25	37	42	47	48	50	51	52	55	65	66	73	77	88	94	95	99	101	109	115	147	153	
48	30
1	4	6	8	9	10	13	17	21	23	24	27	28	32	36	47	53	55	56	58	59	61	65	78	88	89	95	98	153	176	
51	30
0	2	3	5	6	11	15	16	21	22	23	24	28	31	32	43	50	56	59	60	61	62	65	75	95	111	115	116	149	153	
48	33
3	7	8	11	13	14	15	18	19	21	22	25	26	27	31	32	34	36	39	42	43	48	59	60	65	78	83	86	89	95	98	149	176	
51	34
3	4	6	9	11	13	14	17	18	20	22	26	28	34	35	36	38	48	51	55	58	59	61	65	66	75	82	89	94	95	98	99	101	116	
48	32
1	2	5	7	8	9	10	11	15	20	23	25	26	33	35	36	37	48	51	56	61	62	66	77	78	82	88	94	96	101	116	136	
53	31
0	1	3	6	7	8	9	10	11	15	19	26	27	34	35	36	39	56	59	62	65	66	75	77	86	96	116	136	149	153	176	
52	32
1	5	6	8	15	18	21	23	28	29	31	33	34	36	37	38	48	50	51	55	59	62	65	66	73	82	85	96	99	111	149	176	
52	31
0	6	7	10	11	15	18	23	24	26	29	34	35	42	47	50	51	56	58	61	65	73	77	88	93	94	98	101	109	147	149	
51	32
0	3	4	7	8	10	16	19	20	21	26	29	33	35	38	39	40	42	43	50	56	60	65	77	83	89	93	101	109	115	147	149	
45	30
0	2	8	10	11	12	13	15	16	18	21	26	28	32	33	35	36	43	48	50	51	52	56	78	89	96	101	109	115	147	
46	29
0	1	2	6	8	11	12	17	22	24	25	26	27	29	35	38	47	48	53	62	73	78	94	95	98	109	136	149	176	
55	32
0	3	7	9	11	16	20	23	25	28	29	32	33	35	36	38	50	51	52	53	56	58	60	62	75	78	96	101	111	147	149	153	
53	31
1	2	7	8	10	11	13	17	21	24	25	28	36	38	40	43	47	52	53	60	77	78	85	93	95	98	109	116	147	149	153	
54	31
4	7	9	11	12	13	17	19	23	28	31	33	35	36	38	48	50	53	58	59	62	65	78	83	96	99	111	116	149	153	176	
51	32
0	2	3	7	8	10	13	14	16	19	20	24	25	32	42	43	47	50	52	59	60	75	77	78	85	86	88	95	99	109	115	153	
51	28
0	1	3	6	10	22	25	27	29	35	36	39	52	59	60	65	77	82	88	93	94	95	101	111	116	136	149	176	
51	31
0	1	3	5	9	11	22	24	25	26	27	29	33	35	38	51	52	58	60	62	66	73	77	86	88	89	94	101	109	136	176	
50	32
2	4	6	7	9	10	11	14	18	23	26	29	32	37	38	42	48	53	55	59	60	61	65	66	86	89	93	94	99	109	111	115	
53	31
1	3	4	8	9	10	13	15	19	20	21	24	26	31	34	38	39	42	58	65	73	77	83	88	96	111	116	136	149	153	176	
53	32
0	1	2	5	8	11	12	13	23	24	27	29	31	34	36	42	48	52	53	55	77	82	89	93	94	95	98	99	115	136	149	153	
47	31
1	2	4	7	8	9	11	14	17	18	23	24	26	33	34	38	40	42	48	51	53	55	60	61	66	88	96	99	109	111	176	
50	31
0	2	5	10	11	15	17	19	21	26	28	29	34	35	37	48	51	53	56	59	73	75	78	82	83	93	94	98	115	116	153	
55	33
0	1	2	6	7	11	12	14	18	22	23	29	31	32	33	34	37	48	53	55	73	77	82	85	88	93	94	99	115	116	136	149	176	
42	31
0	1	2	3	4	9	10	12	13	14	15	17	18	21	22	23	26	27	31	42	51	52	61	62	66	73	75	77	78	86	96	
50	32
1	5	6	12	13	14	15	21	22	23	25	27	31	32	34	35	36	38	42	52	58	60	62	66	78	88	95	98	101	111	149	176	
56	31
0	1	15	16	17	22	23	24	26	27	28	31	36	39	40	50	52	61	62	66	73	82	85	95	96	111	115	116	147	149	153	
59	34
0	5	6	8	9	12	14	16	18	20	23	29	31	32	40	47	48	50	56	59	61	65	66	75	77	78	82	95	96	109	111	147	153	176	
54	32
2	4	6	8	11	12	14	18	21	22	24	26	28	32	33	38	47	50	52	56	65	82	86	88	96	99	109	111	115	116	136	176	
50	33
7	13	14	15	16	18	21	22	23	24	25	27	28	29	34	36	38	39	43	47	48	51	53	55	58	73	75	77	82	89	116	149	153	
44	30
0	2	3	5	11	12	15	17	20	22	23	24	27	31	36	38	39	42	50	52	61	65	78	85	89	95	99	101	111	116	
52	33
0	2	5	7	8	11	12	13	15	18	19	23	26	34	36	38	39	47	53	55	56	61	65	75	78	83	85	89	96	101	116	136	149	
50	30
1	3	5	6	7	8	9	10	11	14	18	24	28	33	36	38	50	52	53	65	75	86	89	95	96	98	111	136	147	153	
52	32
1	3	5	7	10	12	14	16	18	19	23	24	25	27	32	34	35	40	50	51	52	56	59	60	66	83	89	98	109	111	147	149	
51	31
2	9	10	15	16	17	18	19	20	26	31	33	35	38	40	43	50	52	53	56	58	60	75	82	85	89	93	111	115	136	149	
48	29
0	1	5	7	8	11	15	17	18	19	24	26	28	29	35	40	50	59	60	65	75	85	95	96	99	111	116	147	149	
49	31
0	2	3	6	9	16	20	21	22	23	25	26	28	31	32	35	50	51	56	58	62	66	73	75	77	82	89	95	96	116	153	
48	32
0	1	4	5	12	13	14	15	17	18	21	23	24	27	28	29	35	36	39	43	55	62	75	78	88	93	94	99	101	111	116	153	
47	29
1	2	4	5	6	11	15	18	19	23	28	31	32	34	42	48	51	52	53	59	60	86	93	96	98	99	136	147	149	
43	29
1	2	3	4	6	10	14	15	17	22	23	24	27	28	31	33	39	40	43	53	65	73	82	85	94	95	115	116	153	
43	32
0	2	3	6	8	9	10	11	14	17	18	19	20	21	23	24	25	27	33	35	37	40	47	51	73	77	82	83	94	98	115	116	
49	29
1	3	6	8	10	11	12	17	18	25	34	36	38	47	51	52	53	62	77	78	83	86	95	96	98	99	136	147	176	
49	32
0	3	7	8	9	11	13	19	20	22	23	26	27	29	33	35	38	51	53	55	58	59	65	75	78	82	86	89	95	96	111	136	
52	31
0	3	6	9	11	13	15	19	23	25	26	29	32	35	42	48	50	51	52	53	58	60	75	82	86	94	95	98	149	153	176	
55	32
1	3	6	8	10	12	14	20	24	32	33	34	38	42	50	51	53	59	61	65	66	78	83	86	94	96	99	101	109	111	116	176	
48	31
0	1	2	4	6	10	11	12	13	15	19	21	23	24	25	31	34	36	42	53	60	62	77	78	85	88	95	99	136	149	176	
57	32
4	8	10	14	16	19	21	23	24	25	33	34	38	40	48	50	51	52	53	56	75	77	82	83	88	89	96	111	115	147	149	176	
47	31
1	2	3	8	10	12	14	17	18	25	26	27	28	31	32	36	43	50	53	56	59	62	66	73	75	77	78	82	95	111	116	
54	33
0	5	6	11	13	14	18	20	26	28	29	32	37	39	43	47	48	51	58	60	65	73	75	77	78	82	85	89	94	96	115	149	176	
42	30
1	3	5	6	8	9	12	14	15	17	20	21	23	24	27	29	31	38	42	48	59	66	73	75	83	85	95	98	101	147	
62	34
5	11	13	21	22	25	26	29	31	32	33	35	38	39	40	55	56	58	59	60	61	82	88	89	93	94	95	98	109	111	136	147	149	153	
45	29
0	1	2	4	5	7	8	10	12	14	15	16	20	21	24	26	29	40	53	66	75	77	89	94	95	109	111	115	153	
48	31
2	7	9	11	17	18	23	24	25	26	27	29	33	35	37	43	48	50	51	52	56	59	61	62	66	83	86	88	98	115	153	
48	29
6	9	12	13	14	16	18	19	26	29	33	34	35	38	48	52	53	55	56	58	60	66	73	75	85	96	109	149	153	
52	31
0	1	2	5	6	9	10	13	17	24	31	33	38	39	42	47	48	56	58	60	62	77	85	88	89	95	98	115	149	153	176	
50	32
2	6	8	9	11	15	16	17	19	20	21	23	24	28	31	32	34	38	39	43	52	61	66	73	75	77	78	93	115	136	149	153	
41	29
0	1	2	3	8	9	12	14	15	19	22	23	24	25	26	27	29	37	42	47	56	59	66	75	77	88	89	115	176	
60	33
3	4	8	10	11	12	19	21	24	27	31	38	42	50	53	58	60	61	75	82	83	85	88	89	94	95	99	101	111	115	116	153	176	
47	32
0	1	14	15	17	18	20	22	24	26	27	28	32	37	38	43	47	48	51	52	60	61	65	78	82	83	85	88	93	95	98	116	
48	31
6	8	10	12	14	15	16	19	20	21	22	23	24	27	28	34	35	37	47	51	52	53	55	56	82	83	89	109	111	136	153	
51	29
1	2	3	4	13	17	23	27	28	35	36	38	40	42	43	52	53	61	83	93	96	98	99	109	111	115	136	149	153	
49	30
1	4	5	6	7	9	15	21	22	26	27	31	35	36	38	39	42	43	51	55	58	60	82	94	101	109	115	136	149	153	
42	30
1	2	5	7	8	14	15	16	19	20	21	23	24	28	29	31	34	36	38	39	48	51	59	85	88	93	99	101	116	153	
51	31
0	1	2	3	6	9	10	17	20	25	27	31	34	35	37	39	43	52	58	60	62	75	82	89	94	95	98	109	115	149	153	
50	30
4	10	11	12	13	17	22	27	28	33	34	35	37	38	40	48	51	52	56	58	62	77	78	93	98	99	111	115	147	153	
50	30
1	2	4	6	14	20	22	24	26	31	32	37	40	42	48	50	51	53	59	65	75	82	85	88	89	96	115	116	136	153	
44	29
0	1	5	9	12	15	17	18	21	23	25	27	29	32	35	36	42	50	52	53	60	78	83	88	89	94	95	115	176	
57	33
3	5	6	8	10	12	16	19	20	22	23	24	31	34	40	42	50	51	52	62	66	78	82	93	95	96	99	101	109	115	136	149	176	
40	30
0	1	2	4	5	6	9	10	12	13	14	15	16	22	26	29	33	35	37	42	50	52	55	59	62	66	86	89	93	101	
52	32
0	1	2	8	12	13	17	18	19	21	22	23	25	36	40	42	47	50	65	75	77	83	85	88	89	93	95	101	111	115	136	176	
55	31
0	9	13	16	17	23	24	26	27	29	31	33	48	50	53	55	58	62	65	66	78	83	85	86	88	94	95	116	136	149	176	
52	30
1	3	8	9	10	12	14	15	20	21	24	29	38	42	43	53	58	62	82	83	88	89	95	96	99	109	111	116	149	176	
43	30
0	1	3	4	6	8	10	13	14	18	19	20	24	26	27	28	34	48	53	62	65	66	82	85	89	94	95	98	101	111	
54	32
0	5	7	11	12	13	14	15	18	20	21	26	28	31	37	42	50	51	59	65	73	75	82	86	88	93	94	101	115	116	153	176	
53	30
2	5	6	10	11	12	21	23	24	28	29	35	51	52	53	55	60	66	73	82	83	93	94	95	96	98	109	115	136	149	
47	31
2	3	10	11	12	17	18	19	20	22	23	24	25	28	29	35	40	43	53	55	62	65	66	73	78	88	93	95	98	116	153	
47	31
1	8	9	10	13	14	17	21	23	25	27	31	33	35	39	40	43	56	58	66	77	82	86	88	93	94	96	98	101	109	136	
49	32
0	2	6	9	11	12	13	17	21	23	24	25	28	29	31	36	37	39	50	53	61	62	65	73	78	83	86	95	96	98	115	149	
57	32
6	8	10	12	14	15	16	22	27	33	34	35	37	43	48	52	55	56	62	65	66	78	83	85	89	93	98	111	115	147	149	176	
55	32
1	7	8	10	11	12	14	15	16	22	25	33	34	35	40	48	51	56	60	62	65	73	78	82	89	96	99	111	115	116	147	149	
45	29
1	2	4	5	8	10	12	14	15	19	20	21	24	25	31	32	37	38	39	40	56	62	93	101	115	116	136	147	149	
49	30
1	6	7	8	9	14	17	20	23	25	26	29	33	35	42	48	51	58	61	75	77	82	85	93	94	98	109	111	116	153	
52	29
1	3	4	13	16	25	26	27	34	35	39	50	52	53	56	58	59	61	78	88	89	94	95	99	101	111	115	136	153	
48	31
1	2	5	6	8	9	12	17	19	20	21	23	24	25	31	33	35	36	38	52	56	58	66	75	82	83	95	101	109	149	153	
54	33
4	5	6	7	10	11	12	15	21	27	31	33	34	35	36	37	38	50	51	60	61	75	82	83	85	86	88	93	96	101	115	149	176	
51	31
1	5	10	15	17	18	24	25	27	33	34	36	39	47	48	51	53	56	59	61	66	75	77	82	83	93	95	96	111	116	147	
42	30
1	3	5	6	7	8	11	14	15	20	24	25	26	27	29	35	37	39	40	47	53	55	58	59	60	66	85	86	111	115	
53	31
3	6	9	10	11	12	13	14	17	18	19	26	29	33	39	43	51	52	56	58	66	73	89	95	96	98	109	111	115	149	176	
53	29
0	1	3	10	14	15	20	22	23	28	29	31	33	35	51	53	61	62	73	77	88	93	98	99	136	147	149	153	176	
57	32
0	2	3	5	11	17	23	24	26	27	31	37	42	50	51	58	60	61	62	65	75	83	85	88	94	96	99	101	109	115	147	153	
53	32
1	2	3	7	8	12	15	19	20	24	25	26	31	32	34	35	40	47	53	55	58	62	77	86	89	94	96	109	115	136	149	153	
43	29
0	1	2	6	8	9	11	14	20	23	25	27	29	33	35	40	43	47	48	52	53	55	82	85	88	89	109	115	149	
45	31
0	1	3	6	8	10	23	24	25	26	27	32	35	36	37	38	39	42	43	47	50	51	56	58	62	82	86	94	96	109	176	
54	31
0	4	12	16	17	23	28	29	31	32	35	37	40	43	48	50	51	52	53	55	73	78	86	96	99	101	109	115	116	147	149	
51	32
0	2	4	10	13	16	20	21	22	26	27	32	33	35	38	42	43	48	51	52	59	62	66	78	82	93	94	95	111	116	136	153	
55	32
1	3	6	11	16	24	25	26	27	33	35	39	43	50	52	53	56	58	59	60	61	62	66	77	83	88	93	95	98	116	136	149	
52	30
0	1	3	4	8	17	18	23	26	34	36	37	39	43	47	50	51	52	53	55	59	60	93	98	101	109	116	136	149	153	
47	29
1	5	8	11	12	15	19	20	21	23	25	31	33	34	35	36	43	51	52	55	60	73	82	86	93	115	136	147	153	
55	32
2	5	7	8	9	11	17	21	24	25	26	32	33	35	37	42	51	55	58	62	65	82	83	85	89	94	96	111	115	116	147	149	
54	33
2	3	6	10	11	17	19	22	24	31	33	35	36	37	39	40	42	56	59	60	61	62	65	75	78	88	94	96	98	99	111	147	149	
50	29
8	10	16	18	19	20	21	22	33	35	36	37	38	43	50	51	52	65	73	75	78	82	86	95	96	99	147	149	153	
60	33
1	5	13	14	15	22	23	24	26	27	29	31	38	42	43	51	53	55	59	62	66	73	83	89	93	95	96	99	115	147	149	153	176	
48	29
0	1	2	3	5	8	9	10	13	14	17	19	29	35	38	40	43	50	52	53	82	93	99	101	109	111	136	147	149	
48	32
1	2	3	4	5	6	8	10	19	22	24	25	27	31	32	34	36	37	38	39	40	51	62	66	85	86	89	98	109	111	136	153	
50	31
0	2	7	11	13	16	19	20	26	29	31	33	35	36	42	48	50	53	55	59	60	61	62	65	78	82	83	94	95	147	153	
47	28
0	1	3	6	8	10	15	16	21	22	24	34	36	38	50	51	53	58	62	66	73	75	95	99	109	111	116	153	
49	30
1	3	5	7	8	9	12	19	20	21	23	25	27	34	35	36	42	50	51	56	66	78	85	93	95	101	115	116	147	153	
49	30
0	1	2	3	5	9	10	13	17	19	22	24	31	40	47	50	52	55	56	59	61	62	66	75	85	96	99	109	111	153	
52	31
1	2	5	6	11	15	17	18	20	21	23	25	28	36	38	42	51	53	56	66	73	75	78	85	93	95	98	109	111	149	153	
46	29
1	2	6	9	10	13	15	17	18	19	23	24	31	43	48	53	56	58	62	73	78	82	85	88	94	95	99	111	149	
45	31
0	1	2	5	6	7	9	12	14	19	20	23	27	29	31	35	38	42	43	48	51	55	56	61	66	77	78	96	99	115	149	
50	32
0	2	9	12	13	14	15	16	17	20	21	23	24	26	32	37	47	51	53	60	61	65	73	75	78	94	95	98	99	101	116	153	
52	32
1	6	8	13	14	16	18	19	20	21	23	28	31	33	37	38	39	40	48	50	51	61	65	73	77	82	94	95	116	147	149	176	
53	32
0	1	2	3	9	14	16	21	23	24	25	26	27	37	39	47	53	56	58	62	65	66	78	82	83	88	89	96	109	115	116	153	
52	32
3	5	9	10	16	17	18	21	23	25	26	27	29	31	35	36	42	51	52	58	60	62	73	75	78	86	94	96	98	111	147	149	
46	30
2	3	5	7	8	9	11	15	18	20	24	26	27	35	38	42	47	50	53	62	65	73	83	94	95	96	99	109	111	115	
55	32
3	11	16	17	18	19	22	23	24	25	35	36	40	42	43	51	52	55	56	61	62	73	82	83	85	89	95	98	109	115	149	153	
47	31
0	1	3	4	8	9	13	14	17	19	22	26	29	32	35	39	40	56	58	59	60	65	75	77	78	83	88	93	94	101	147	
48	32
2	3	5	6	8	11	12	14	18	19	21	22	25	26	29	31	36	38	40	52	56	60	66	73	78	82	85	89	96	98	109	149	
45	28
1	10	12	13	14	15	18	19	20	25	26	27	29	34	50	52	55	56	59	66	78	83	88	95	99	111	115	136	
47	30
1	4	7	8	10	13	17	21	26	28	34	35	36	38	42	43	48	50	53	59	60	61	73	78	83	96	98	109	116	153	
47	29
1	3	4	6	10	13	17	18	23	27	31	32	33	37	40	42	43	48	52	73	85	88	89	98	109	111	116	147	149	
56	30
0	1	6	12	13	15	17	18	22	26	31	42	43	52	58	59	60	62	73	75	77	83	85	95	99	116	147	149	153	176	
51	32
2	5	11	13	14	15	16	17	18	21	23	26	27	28	29	36	38	47	51	52	58	59	62	65	75	77	88	93	94	111	149	153	
47	30
1	2	3	4	6	8	9	11	17	20	22	26	28	31	32	34	35	39	47	52	55	59	77	85	86	96	109	136	149	153	
53	32
0	4	5	7	9	10	16	17	19	21	22	25	35	37	38	42	47	48	58	59	73	75	78	82	85	89	94	95	116	147	149	176	
50	30
8	9	10	14	16	17	18	21	23	26	29	31	33	38	40	42	51	52	53	56	58	60	75	85	93	98	109	111	147	153	
56	31
0	3	5	7	8	11	12	18	25	26	27	36	40	42	43	50	61	65	75	82	85	89	93	95	98	111	115	136	147	149	176	
54	32
0	2	3	5	6	10	11	12	22	27	35	37	40	42	50	51	52	60	62	65	75	77	82	89	93	94	95	98	99	109	115	176	
52	30
1	4	6	8	13	17	19	22	23	27	33	34	35	43	48	52	55	56	61	66	75	77	78	85	88	111	116	136	147	153	
53	29
1	6	10	11	15	21	24	26	27	32	33	35	50	52	55	56	58	60	77	83	85	88	89	96	115	116	136	149	176	
54	34
2	5	11	13	16	18	19	20	21	24	26	31	33	38	39	42	43	47	48	50	52	55	58	59	60	75	86	94	95	96	98	136	147	149	
45	31
1	9	10	11	12	13	16	21	22	24	27	28	31	33	36	38	42	43	50	55	56	60	61	62	66	75	89	96	98	99	136	
47	33
0	1	3	6	9	10	11	15	19	23	25	26	29	32	33	35	37	38	40	43	48	50	53	58	62	75	78	85	88	93	94	99	176	
49	31
0	2	6	8	10	11	12	14	16	17	19	33	35	36	38	43	48	51	52	56	60	61	73	75	77	83	94	95	109	136	149	
40	30
1	3	5	7	8	9	12	14	17	18	19	23	24	25	26	27	35	36	40	42	48	51	52	60	73	77	85	88	95	111	
53	29
0	1	2	4	8	10	15	19	20	24	28	31	35	37	55	60	61	62	89	94	96	99	109	111	115	116	136	147	153	
44	30
0	2	4	6	9	10	13	15	16	17	18	20	23	24	26	29	35	37	43	51	56	60	65	66	94	96	99	109	111	115	
48	31
0	3	4	5	6	8	10	11	15	16	18	19	22	33	36	37	40	47	51	52	53	55	66	83	85	89	96	99	109	136	153	
53	30
3	5	7	14	16	20	23	24	29	32	38	40	48	51	53	56	58	60	66	75	77	82	85	93	96	99	111	136	149	176	
52	31
0	1	4	9	11	13	15	16	20	24	25	26	27	28	31	37	38	42	43	53	60	65	66	77	82	111	116	136	147	149	153	
49	30
0	5	6	8	10	12	14	16	21	23	24	27	28	31	34	52	53	55	56	59	61	66	83	86	94	96	98	109	115	147	
50	30
0	1	4	9	11	13	16	17	18	19	22	26	28	29	36	37	48	50	55	59	77	88	93	94	96	111	115	136	149	176	
47	30
5	6	10	11	13	17	18	19	21	22	23	24	25	29	31	39	42	47	59	60	62	66	75	78	82	88	95	116	147	153	
50	30
0	2	7	9	11	13	17	19	20	22	25	26	28	32	35	38	42	48	51	52	53	75	83	93	95	111	116	147	149	153	
51	32
0	1	2	6	8	10	12	13	15	18	25	26	27	28	31	32	33	43	50	56	59	73	82	88	93	94	95	96	98	136	149	176	
48	30
0	2	5	6	10	11	15	18	19	22	25	27	28	31	34	37	38	40	52	59	61	77	78	95	96	99	115	136	147	153	
53	32
0	1	2	4	11	16	19	20	23	24	26	28	31	34	40	47	48	51	56	61	62	78	83	85	86	88	93	101	116	136	147	176	
54	32
0	4	7	16	17	18	21	22	23	28	31	32	33	38	47	50	55	56	58	60	62	75	77	82	86	88	93	95	99	116	149	153	
51	31
0	5	10	11	15	19	20	22	24	25	28	29	35	39	48	50	55	59	60	66	77	82	85	86	88	89	95	101	115	116	149	
50	33
3	4	6	7	8	11	12	14	20	23	27	29	31	33	35	36	42	51	52	53	55	58	59	65	66	83	85	86	89	94	95	98	116	
54	31
1	2	5	6	8	13	14	19	21	24	26	27	31	34	36	40	50	52	58	59	62	66	85	86	95	99	101	147	149	153	176	
56	31
14	15	16	17	21	23	27	34	35	38	42	47	50	51	52	56	59	61	75	77	78	83	85	88	95	98	99	109	111	147	176	
41	32
0	2	5	6	7	8	10	11	13	14	15	18	19	20	23	26	31	33	34	35	38	42	48	56	59	60	61	66	75	82	95	101	
51	31
0	3	7	8	10	13	14	16	17	18	22	27	31	33	34	39	48	50	59	62	73	82	83	93	96	98	99	111	116	147	149	
49	30
0	1	6	9	14	18	19	20	23	25	29	35	47	48	52	55	56	58	59	61	66	73	82	83	88	95	96	98	136	149	
52	31
0	2	3	11	15	21	22	24	26	29	35	37	42	48	50	51	53	56	62	65	66	77	78	88	89	93	96	99	115	116	153	
54	31
1	3	7	10	16	17	18	19	22	33	35	38	39	42	51	52	55	61	66	75	78	82	95	96	99	101	111	115	116	136	147	
50	33
0	1	3	7	12	13	19	22	23	24	25	27	31	33	34	36	40	42	47	48	51	56	62	73	75	78	85	89	96	98	111	136	149	
54	30
3	4	10	16	17	19	20	24	25	27	28	34	36	43	50	51	52	53	55	61	66	73	83	89	109	111	116	136	147	153	
44	30
0	1	7	8	12	13	15	17	23	24	25	27	29	32	33	36	40	47	48	53	60	75	82	85	88	89	93	111	115	116	
44	30
0	1	4	11	12	13	14	16	17	18	19	21	23	24	26	29	31	34	36	39	53	59	60	61	66	75	77	96	149	153	
47	30
1	5	6	8	10	11	15	17	25	27	28	31	33	34	35	36	37	52	59	61	66	75	86	88	93	95	96	111	136	147	
56	32
0	1	5	6	9	10	11	13	14	15	23	24	26	27	28	38	42	55	58	60	73	77	88	93	94	101	109	111	115	147	149	153	
42	30
1	3	6	7	9	10	13	15	16	18	19	22	23	26	27	31	42	43	48	50	51	52	58	62	65	89	94	95	99	115	
50	30
3	4	5	7	8	10	11	12	14	19	22	24	25	26	32	34	40	51	52	56	61	82	89	96	98	111	115	136	147	149	
50	29
0	3	4	5	11	12	17	18	20	26	34	36	38	42	52	53	59	66	78	93	95	96	98	101	109	111	115	116	147	
56	32
7	9	10	11	12	18	21	23	25	26	27	31	33	42	43	50	56	59	62	66	82	83	86	88	89	93	98	109	115	116	147	176	
44	29
1	4	6	8	9	11	16	18	20	23	24	33	35	37	42	48	52	53	55	56	60	65	77	83	88	96	99	109	136	
57	32
1	3	4	15	17	22	23	27	29	33	34	35	37	38	39	42	52	55	58	59	66	75	77	78	85	99	111	115	136	147	149	153	
46	30
1	2	3	6	7	8	10	14	15	17	24	32	34	39	42	43	48	50	51	52	59	62	78	83	95	96	99	101	111	147	
42	29
0	1	3	5	8	9	11	14	15	17	18	21	24	26	29	31	34	35	37	47	51	77	83	88	89	96	101	147	153	
51	33
1	4	5	6	9	11	14	17	21	23	24	25	26	27	29	31	36	39	48	56	60	62	65	75	83	85	88	89	99	101	116	136	176	
48	32
0	1	4	6	10	11	13	15	16	18	21	22	25	27	31	32	33	36	48	50	52	55	61	66	73	77	89	94	95	96	116	153	
48	30
1	2	3	5	6	12	16	22	24	26	28	31	32	34	47	50	53	59	61	66	75	82	83	88	89	94	95	99	109	153	
48	33
1	2	8	10	11	13	14	17	18	25	27	28	34	36	37	38	40	43	47	48	59	61	65	66	77	82	88	93	94	95	98	101	176	
45	30
1	4	11	14	18	20	21	22	23	26	29	31	35	37	38	39	52	58	59	60	61	65	82	85	86	88	93	95	101	136	
50	29
0	1	4	8	9	15	17	20	23	26	27	28	34	35	40	47	51	61	62	77	78	86	94	98	111	116	147	149	176	
54	32
0	2	3	4	9	10	11	12	14	17	22	25	31	35	40	42	56	60	65	66	73	75	77	85	86	88	89	93	109	136	147	153	
44	30
2	3	4	6	10	12	15	16	17	21	24	25	27	31	36	38	43	50	51	53	56	61	62	66	82	83	93	95	96	116	
48	31
0	1	5	6	11	12	15	18	19	22	23	25	31	34	36	40	43	48	53	60	66	75	83	88	93	94	98	101	116	136	147	
57	33
0	8	9	10	11	12	14	18	19	20	24	25	34	36	39	43	48	50	52	53	55	58	59	86	88	93	98	109	111	116	136	147	153	
48	31
1	4	5	6	8	9	17	19	20	21	26	27	34	35	37	38	39	47	52	53	56	58	82	83	85	89	96	101	109	116	153	
50	32
1	4	6	8	9	13	19	20	21	26	31	32	33	34	35	37	42	48	50	52	59	61	73	75	77	78	82	85	93	116	136	153	
56	32
1	6	10	14	15	16	17	23	24	34	37	39	42	43	47	51	52	55	60	73	77	78	82	93	94	99	101	109	115	136	147	153	
55	33
0	2	9	10	11	12	13	14	15	18	19	20	23	24	26	27	31	53	55	56	58	60	61	65	73	85	94	98	101	109	115	153	176	
49	29
7	8	10	13	14	15	16	17	24	29	32	35	38	39	55	56	58	59	60	62	66	73	82	88	93	99	111	149	176	
48	31
1	2	3	5	7	8	10	14	17	23	26	27	28	29	32	35	37	38	40	43	48	53	55	56	59	93	94	111	149	153	176	
52	31
1	6	13	14	15	16	22	24	26	28	29	34	36	37	38	39	48	51	55	61	62	85	95	96	98	99	101	111	147	149	176	
53	33
2	4	11	14	17	22	24	25	26	33	34	35	36	37	38	39	42	43	48	50	51	55	58	73	77	82	85	88	96	115	116	149	153	
45	32
0	2	4	7	8	14	16	17	18	19	21	23	25	27	29	31	32	33	37	47	48	50	53	55	58	59	65	66	85	93	99	149	
48	29
0	1	2	4	11	12	16	17	19	23	25	34	35	43	48	50	52	61	62	73	75	78	83	85	88	95	136	153	176	
54	31
0	4	5	6	11	12	22	24	26	28	29	31	36	38	40	48	53	59	62	75	82	86	88	89	93	98	109	136	147	149	153	
41	30
2	5	6	8	10	11	12	15	16	17	22	23	24	35	36	37	39	42	43	51	52	53	62	65	73	82	83	89	95	101	
52	31
2	3	6	16	18	21	22	23	24	25	26	28	31	32	37	48	50	51	59	66	73	82	83	89	93	94	95	109	116	149	153	
44	28
0	1	4	7	11	16	17	19	21	26	29	34	35	36	38	43	50	51	53	60	62	66	78	85	88	95	147	153	
53	31
0	1	4	10	13	14	15	19	22	23	24	31	32	33	35	47	52	56	60	62	66	85	89	95	99	101	109	111	136	147	176	
53	31
0	1	10	11	12	15	16	22	23	24	26	29	31	32	36	40	50	59	60	62	66	75	83	89	94	96	111	115	116	153	176	
48	33
1	2	6	8	12	15	17	19	21	22	24	25	26	27	28	32	33	34	36	39	40	62	66	77	83	88	89	94	96	101	109	111	136	
55	33
1	4	6	7	10	11	16	17	18	20	24	26	27	35	36	42	48	61	77	78	85	86	88	89	93	94	96	98	99	109	111	147	149	
49	31
1	3	5	6	9	11	15	16	17	23	26	28	29	34	35	39	48	51	58	62	73	75	77	78	85	86	93	94	95	149	153	
44	30
1	3	4	7	8	12	14	15	16	17	20	26	29	31	35	38	40	42	47	53	58	62	78	85	88	95	101	109	115	116	
50	31
1	2	6	7	10	11	12	14	15	17	24	27	31	33	40	51	52	53	59	60	66	73	78	86	89	93	94	95	98	115	147	
53	32
1	3	5	6	10	14	17	22	24	26	27	32	34	35	43	55	58	59	60	61	66	73	75	78	85	86	88	94	98	109	115	147	
54	30
0	1	2	4	8	17	19	21	22	24	26	28	31	32	33	55	56	59	60	62	66	93	94	99	109	111	136	149	153	176	
48	30
1	5	7	9	11	12	15	17	18	20	21	23	25	27	28	35	37	38	39	48	59	66	75	83	93	94	147	149	153	176	
56	29
4	6	8	9	16	21	22	23	25	35	42	51	52	53	56	58	66	73	77	78	86	88	95	109	115	136	149	153	176	
46	30
1	4	8	12	14	15	18	20	23	25	27	31	32	33	36	37	38	42	47	50	51	52	53	55	65	77	93	136	147	176	
47	30
2	4	6	7	8	10	11	17	18	19	21	23	24	31	33	43	53	55	56	60	61	66	75	82	88	93	94	98	109	153	
47	31
1	2	3	4	6	9	10	14	15	18	19	22	26	28	34	36	38	39	42	47	61	65	66	77	85	89	95	99	136	149	153	
47	30
1	4	14	17	18	21	24	26	27	33	36	38	42	43	47	51	52	58	60	61	65	66	73	77	85	88	89	94	95	153	
49	31
1	2	6	8	9	12	14	16	23	25	32	35	37	38	40	47	48	53	58	59	60	62	78	82	86	88	95	96	99	147	176	
47	33
0	2	3	4	8	10	14	15	16	17	18	24	26	27	29	32	35	37	43	48	53	55	59	60	61	77	82	83	85	86	99	101	116	
45	33
1	2	5	6	7	9	10	17	19	20	22	23	24	25	32	34	36	39	42	47	48	58	65	66	75	77	83	85	93	95	96	98	101	
51	33
5	6	9	10	11	13	16	22	23	27	28	31	32	35	37	40	43	47	48	53	58	59	60	62	65	82	83	86	96	101	111	136	147	
54	30
0	3	6	9	10	14	16	17	22	24	31	33	43	48	52	55	58	60	61	62	85	89	93	98	101	111	136	147	149	153	
50	32
2	3	5	6	14	16	22	24	26	27	28	29	34	35	38	40	43	56	59	60	62	65	78	85	86	88	94	96	98	101	136	176	
51	31
0	3	5	6	8	10	12	14	15	16	18	20	21	23	24	29	37	50	55	56	62	65	66	86	95	98	99	111	115	149	153	
52	30
1	4	5	6	8	10	15	16	18	20	24	26	27	32	34	35	42	65	75	83	88	89	98	109	111	115	116	136	149	153	
50	30
1	2	11	14	15	20	21	23	25	33	35	40	42	43	47	56	60	61	66	77	82	88	93	94	98	101	109	115	136	149	
48	31
1	4	6	7	8	13	15	23	26	29	32	35	37	40	42	43	53	55	56	58	60	73	77	82	83	86	88	96	99	109	136	
56	31
4	14	15	16	19	22	23	24	26	28	29	33	38	40	51	52	53	59	62	65	75	83	88	89	96	98	111	116	147	153	176	
53	31
2	3	4	6	14	15	16	22	23	28	33	35	37	40	42	43	50	55	60	61	62	75	82	83	85	96	111	115	116	147	149	
43	30
0	1	2	4	5	6	10	14	17	18	20	22	24	27	29	31	32	34	35	38	40	48	51	60	65	78	85	115	147	153	
47	29
0	2	4	8	10	15	16	17	21	24	32	33	35	36	38	43	50	51	53	61	65	86	94	96	99	109	111	115	153	
52	32
0	1	2	3	6	7	10	19	22	25	27	32	35	36	42	43	47	50	51	52	55	58	59	60	62	65	82	85	89	116	147	153	
49	33
0	1	4	5	6	9	10	13	14	15	16	19	20	21	22	24	25	31	32	34	37	47	52	73	82	83	89	94	95	98	109	149	153	
51	32
1	3	4	8	12	13	14	19	23	24	26	27	28	38	40	42	48	50	51	53	55	59	60	65	77	86	88	89	96	111	115	147	
52	32
3	4	6	9	10	11	13	17	18	19	29	31	33	35	38	40	50	51	53	56	60	61	62	66	75	82	89	96	99	109	111	147	
48	31
0	1	2	5	10	12	13	14	15	17	23	26	27	29	32	35	38	40	43	47	55	73	75	78	83	94	101	109	136	147	153	
50	32
2	5	6	13	14	15	16	17	26	27	28	32	33	35	38	39	42	43	47	48	51	55	59	61	82	83	85	95	99	147	149	153	
48	32
2	3	4	6	9	11	17	23	24	25	26	27	31	35	38	43	47	50	51	52	53	59	60	61	62	66	73	83	85	86	88	115	
51	31
2	4	6	8	10	11	14	15	20	24	27	28	29	34	40	48	52	59	61	65	75	77	83	88	93	96	101	111	116	136	149	
46	31
2	5	8	11	12	13	15	18	19	20	21	22	25	26	28	33	36	37	39	47	59	65	73	75	78	93	94	101	116	136	153	
44	31
0	1	5	7	9	11	12	16	17	20	22	23	24	26	27	32	35	39	43	48	51	52	66	73	75	83	85	95	96	109	111	
51	32
2	4	6	9	11	15	19	22	24	25	26	29	31	33	35	37	43	50	51	53	56	58	59	65	66	77	85	88	93	98	153	176	
54	31
6	7	10	11	13	15	17	21	22	24	26	29	31	36	42	52	53	58	59	60	62	66	75	77	88	89	93	111	149	153	176	
45	29
0	1	6	7	8	9	11	13	17	19	20	22	26	27	33	35	37	43	48	52	59	62	75	78	88	109	116	147	153	
54	31
1	5	6	7	8	10	14	15	19	23	24	29	32	35	36	43	59	60	61	65	82	85	86	88	95	99	109	111	147	153	176	
49	30
1	5	6	8	9	10	15	17	23	24	27	31	36	37	38	43	50	55	56	58	59	61	65	66	94	95	98	109	149	153	
48	31
0	1	5	8	9	11	13	17	18	24	26	27	28	34	36	40	48	53	56	60	61	73	83	86	88	89	94	95	109	111	116	
54	33
0	1	3	4	8	12	13	14	16	18	20	21	23	26	28	31	33	34	52	55	56	61	66	77	83	86	88	93	96	111	136	147	149	
52	31
0	3	8	9	16	17	20	22	23	24	25	28	29	31	32	33	36	37	40	52	56	59	62	75	96	111	115	116	147	149	153	
53	32
1	5	16	19	21	22	23	24	25	26	27	31	32	33	39	47	48	55	60	62	73	77	78	86	88	89	93	94	111	136	147	153	
55	34
2	4	5	10	14	16	20	22	24	25	26	31	33	34	39	40	48	51	53	56	59	62	75	78	82	85	88	89	93	95	99	109	116	176	
41	29
0	1	2	3	5	8	11	12	15	17	22	23	25	26	35	39	42	43	51	52	56	65	78	85	86	88	96	101	109	
48	31
1	2	3	5	8	9	12	14	16	17	22	23	24	28	38	39	43	47	53	59	61	66	77	83	88	89	96	99	101	147	149	
47	30
1	6	11	13	16	17	18	19	20	23	24	26	31	33	39	48	51	52	53	61	65	85	86	93	95	96	101	109	111	116	
44	30
1	2	7	9	10	12	15	17	20	26	28	29	34	35	37	38	43	52	53	56	58	59	61	77	78	83	88	95	99	109	
45	31
0	2	4	6	8	9	10	11	14	16	18	19	23	26	27	31	34	36	37	38	48	52	53	56	60	61	62	89	109	116	153	
50	31
1	2	6	7	9	13	17	18	23	27	31	33	34	36	39	43	48	50	56	58	60	61	66	82	86	95	98	101	136	149	153	
49	30
2	6	8	11	12	13	15	18	21	22	24	26	27	28	31	36	38	42	50	52	55	65	83	95	98	109	111	115	149	153	
49	31
1	2	5	6	7	15	18	19	20	21	25	26	27	31	34	36	38	48	50	51	52	56	58	60	85	89	96	99	116	147	149	
48	28
0	1	4	5	8	9	15	17	19	23	24	28	29	35	37	43	51	59	60	65	77	96	99	111	116	147	149	153	
56	30
1	3	6	15	17	19	20	23	27	35	40	50	52	53	56	60	61	66	83	85	89	93	95	96	98	111	116	136	149	153	
55	32
0	5	7	10	11	12	17	18	22	26	31	32	33	39	48	50	55	56	58	61	65	85	89	93	95	98	99	109	111	116	136	176	
49	32
4	5	6	8	10	15	16	19	20	21	23	26	28	32	35	37	38	42	48	52	55	59	60	82	83	88	96	101	109	111	115	136	
50	30
0	1	6	10	11	12	13	14	15	20	21	22	24	28	29	34	36	51	53	61	73	75	85	89	96	98	111	149	153	176	
54	32
4	6	8	9	11	16	20	21	25	26	28	34	35	37	43	47	48	52	53	56	77	83	86	88	89	93	99	109	115	136	147	176	
50	31
8	10	11	14	15	17	22	24	25	27	28	31	36	37	38	39	42	47	48	51	52	56	58	61	77	88	99	111	147	149	176	
47	31
0	1	5	7	10	11	13	14	19	22	25	26	27	28	34	35	39	40	42	48	53	55	56	59	73	75	78	89	116	147	153	
54	31
0	1	3	4	6	8	20	21	24	26	27	28	31	33	40	53	55	56	58	61	62	75	88	89	95	101	109	116	136	153	176	
49	30
0	11	18	19	20	22	25	26	27	29	32	36	47	48	50	51	52	56	59	60	75	78	82	85	88	93	95	98	115	147	
47	30
0	2	5	7	8	10	11	15	17	22	23	25	27	29	35	38	52	53	56	58	59	75	77	82	85	93	95	109	111	116	
47	30
2	5	6	7	8	11	12	15	16	20	22	25	26	34	35	37	42	50	51	52	53	55	58	59	65	83	93	109	116	153	
48	30
0	3	4	8	9	10	11	12	14	17	18	19	20	26	27	31	36	51	52	60	61	77	85	88	89	93	96	116	153	176	
50	30
4	6	8	12	14	16	18	20	21	23	26	31	34	35	37	50	52	60	61	75	78	82	86	88	94	95	101	109	147	153	
45	30
0	2	4	5	6	8	14	15	16	17	18	20	21	26	33	35	42	50	51	52	58	65	78	89	93	94	95	101	111	116	
42	29
0	2	5	6	8	10	11	12	14	15	16	17	18	20	22	27	28	31	38	39	50	52	58	59	62	75	111	116	149	
53	29
1	4	11	14	15	20	23	25	26	28	33	35	36	53	59	60	61	62	77	85	88	93	98	101	111	116	147	149	153	
51	31
1	2	6	7	8	10	13	17	18	20	21	31	33	36	38	42	48	51	58	62	73	77	82	83	88	95	99	115	136	153	176	
50	30
1	8	15	16	17	20	23	26	27	32	33	35	38	40	43	52	53	55	58	59	78	82	85	86	89	95	115	116	136	147	
50	32
0	1	7	13	14	15	18	23	26	29	31	32	33	35	36	39	42	43	47	51	56	58	59	61	85	88	89	93	98	115	149	153	
52	32
1	2	6	8	9	10	12	13	15	19	21	22	24	28	36	37	42	48	50	51	53	55	59	61	78	82	95	99	111	116	147	153	
53	32
0	10	11	12	13	15	17	23	25	26	29	31	32	33	34	35	37	40	48	58	61	62	82	93	94	96	99	111	136	147	149	176	
52	31
0	1	3	6	10	11	12	15	19	20	24	31	37	38	40	50	52	53	55	56	62	66	77	82	93	95	96	111	116	136	149	
52	30
7	9	10	14	16	17	22	24	25	29	31	39	48	51	52	53	56	59	65	66	73	75	78	82	88	95	98	111	147	149	
52	33
2	6	10	11	13	14	17	20	21	22	23	24	25	28	29	47	50	53	56	58	60	61	65	73	77	85	86	93	94	98	99	101	153	
47	30
1	2	3	6	7	8	14	18	19	22	25	26	27	28	32	42	47	48	50	52	58	59	82	85	95	99	109	111	116	149	
47	33
1	5	6	7	9	11	12	13	14	16	17	18	19	20	23	26	27	28	33	34	38	43	47	48	52	58	78	93	96	109	115	116	176	
52	30
0	1	4	11	14	15	18	19	25	26	28	29	32	34	35	55	56	59	60	61	65	85	88	89	93	109	111	136	147	153	
44	29
0	1	3	6	9	15	17	18	20	22	26	29	34	35	43	47	48	51	52	62	75	78	83	89	94	95	99	111	176	
44	30
0	1	2	3	8	10	13	14	15	16	17	18	22	24	25	26	27	29	35	38	39	59	61	75	88	99	109	111	116	149	
55	32
4	5	8	10	11	12	16	18	19	20	21	24	25	28	29	31	50	55	59	77	78	82	83	89	94	96	99	101	115	147	153	176	
45	32
0	1	2	4	9	10	11	13	17	19	20	24	26	27	29	36	39	42	43	47	48	56	59	62	65	66	73	86	88	93	98	176	
47	29
0	1	6	7	10	11	15	18	19	26	33	35	36	38	51	52	60	61	78	82	83	85	93	95	96	101	111	115	136	
44	29
0	1	3	8	11	15	19	20	26	33	35	36	37	38	39	40	43	53	58	60	61	65	77	93	96	99	111	116	136	
57	31
2	6	7	10	14	15	16	22	31	32	35	36	53	55	56	60	62	65	66	75	78	82	85	89	96	99	109	111	116	147	149	
55	32
0	2	3	9	10	11	17	18	19	20	25	28	31	34	37	42	52	55	58	75	78	89	93	94	95	96	99	101	109	147	149	153	
47	31
4	6	8	9	10	14	15	16	17	19	21	24	25	29	31	36	48	56	59	61	62	65	73	77	82	83	85	95	99	101	147	
53	32
0	1	5	6	9	10	11	13	14	18	21	26	34	37	38	39	48	50	52	55	58	66	73	77	82	88	89	95	111	136	149	153	
48	29
0	4	5	11	15	16	17	19	21	23	25	26	32	35	38	47	52	59	60	61	82	89	93	94	95	115	116	147	149	
51	31
2	4	6	9	12	16	19	20	21	22	26	35	37	38	42	47	52	53	56	58	59	61	62	73	78	85	96	109	115	136	153	
52	33
0	2	4	7	8	10	11	17	18	19	24	25	33	35	36	40	48	51	52	53	55	56	65	73	75	78	82	89	93	98	99	115	176	
45	28
1	2	4	8	12	15	16	20	23	24	25	27	33	36	39	42	59	61	66	77	83	85	93	96	111	116	136	147	
48	30
8	10	11	14	15	16	18	20	22	24	25	27	32	34	35	39	51	55	56	61	62	65	66	75	77	83	89	109	116	149	
60	33
1	8	15	18	23	25	28	29	31	38	40	43	48	51	52	53	55	59	62	65	66	75	78	88	89	95	98	101	111	115	136	147	176	
45	29
0	1	2	4	6	11	15	16	23	25	27	28	33	35	40	42	43	47	50	52	53	56	65	75	83	88	111	149	176	
48	30
2	6	8	11	14	15	18	19	20	24	26	27	29	31	33	36	37	50	53	56	58	66	75	77	82	85	89	109	153	176	
48	30
1	4	8	9	10	13	14	17	18	19	22	23	36	38	40	48	51	55	58	60	62	73	77	82	86	93	99	111	116	176	
48	30
0	1	3	8	10	12	19	23	24	27	33	34	35	36	40	43	50	52	77	83	85	86	88	89	95	96	99	109	115	176	
42	30
1	6	8	9	13	21	22	24	25	26	27	28	31	32	34	35	36	37	50	55	59	62	73	82	85	88	94	95	96	98	
52	31
2	9	10	11	14	16	20	24	31	33	38	39	43	48	53	56	59	61	65	75	83	86	88	93	94	95	99	101	109	116	149	
48	30
4	6	7	9	10	11	12	14	17	21	22	25	26	29	35	36	38	51	52	53	75	78	85	86	88	89	95	109	149	176	
47	29
0	1	2	6	7	8	10	11	12	15	21	22	23	34	35	43	53	56	58	60	62	73	82	95	98	101	136	147	149	
47	31
0	3	5	7	9	10	12	13	15	16	17	19	21	22	23	32	35	36	42	50	60	66	78	82	95	96	99	101	109	116	176	
46	29
1	6	7	8	10	13	15	16	18	22	24	36	43	48	50	51	53	58	62	82	83	85	86	89	93	95	99	111	116	
56	32
1	6	7	9	10	13	15	17	18	21	34	35	40	50	53	55	56	59	77	78	82	83	88	89	94	96	98	99	109	115	116	147	
50	32
1	3	8	10	11	12	14	15	17	20	23	24	25	28	33	40	47	50	51	52	53	55	65	66	73	77	89	94	95	101	109	153	
42	28
1	2	4	6	8	9	12	14	19	20	21	22	23	24	28	33	38	42	53	56	61	66	75	93	96	111	116	153	
50	30
0	15	16	17	19	20	24	26	27	31	33	40	43	47	48	50	52	53	58	65	78	83	85	86	89	95	99	111	147	176	
49	30
1	4	6	8	10	12	14	16	17	21	24	31	32	33	35	36	38	40	58	60	62	82	86	95	101	111	116	136	149	153	
47	31
1	3	5	8	9	11	13	14	17	18	19	20	23	25	27	31	33	40	42	43	48	61	66	78	85	86	99	111	136	147	176	
46	27
0	1	5	9	11	15	17	23	25	28	29	33	35	40	52	60	61	75	82	86	89	93	96	109	111	147	149	
47	29
0	4	5	10	11	12	16	17	19	21	22	25	35	37	38	40	42	53	58	59	61	66	82	88	93	109	116	149	176	
46	28
1	2	4	5	6	12	15	17	21	23	27	28	31	32	34	35	36	38	55	58	62	73	94	111	115	147	149	153	
55	32
1	3	6	7	11	14	18	20	22	23	26	27	32	33	48	55	56	58	60	62	77	78	85	86	96	99	101	111	115	116	136	176	
52	30
4	6	9	14	15	16	17	18	23	27	33	36	38	42	43	47	50	51	52	58	61	62	77	85	93	111	116	149	153	176	
48	30
1	6	10	14	22	24	26	32	33	36	40	43	47	48	52	53	58	59	60	62	66	73	75	85	86	89	95	98	101	147	
55	31
0	1	3	5	7	8	9	14	17	23	28	31	35	43	52	53	58	59	62	82	88	89	93	94	96	99	109	115	136	149	153	
58	33
0	1	2	9	10	13	22	23	26	27	33	35	38	48	51	52	56	60	62	66	73	85	88	89	93	96	99	101	109	111	115	136	176	
53	30
1	2	3	4	6	8	10	12	14	17	31	32	35	52	53	55	56	60	62	66	78	83	89	94	96	98	115	116	147	153	
54	30
1	3	5	7	17	26	29	35	38	40	42	43	50	56	59	60	62	77	78	82	85	88	89	95	98	101	115	136	147	149	
47	31
1	2	6	8	10	12	14	15	16	23	24	27	31	32	33	34	36	40	53	55	56	58	59	61	66	73	85	96	101	116	176	
43	30
1	2	6	10	13	15	17	19	20	23	24	28	31	33	39	42	48	50	55	58	60	61	62	65	66	85	95	96	98	101	
49	30
3	4	11	20	21	24	26	27	28	31	32	33	38	40	43	48	51	52	53	55	56	66	85	93	98	101	109	115	136	153	
51	33
4	6	9	11	16	20	24	25	26	27	29	31	33	34	38	42	43	47	48	52	53	61	78	82	83	86	89	93	94	98	109	136	147	
48	31
1	2	3	5	9	11	14	19	20	24	25	26	35	40	42	43	47	51	56	59	60	61	65	77	82	88	94	96	101	109	147	
51	33
5	6	7	9	11	13	15	17	20	21	23	29	32	35	37	38	43	50	55	56	58	62	66	75	77	82	83	85	89	93	101	111	136	
46	31
1	6	8	9	10	12	13	14	18	20	23	24	25	26	32	33	35	39	42	48	51	52	56	66	75	83	93	101	109	136	147	
51	30
1	2	4	5	15	17	18	25	26	28	35	40	43	47	50	51	52	59	73	78	82	85	88	95	98	99	109	115	116	149	
42	28
0	1	2	7	8	11	14	15	17	20	21	26	34	35	37	42	48	53	55	60	77	82	88	89	93	96	136	149	
50	31
1	3	5	7	9	14	17	26	29	34	35	38	39	47	48	52	53	55	56	58	59	61	75	78	83	85	88	96	101	111	147	
48	31
2	4	9	11	12	13	14	15	17	20	21	26	27	28	31	35	37	38	40	50	51	52	53	78	83	94	99	101	115	147	153	
51	31
2	3	8	9	11	14	15	26	28	29	31	35	38	40	43	48	50	51	53	59	61	73	82	83	85	89	93	94	111	149	153	
55	33
1	6	7	10	13	14	18	19	25	26	27	34	37	42	48	55	56	58	59	61	62	65	66	77	78	83	88	93	95	98	111	115	153	
48	30
1	4	6	9	11	12	17	20	23	26	27	28	31	32	33	35	36	38	39	48	59	61	62	93	94	109	116	149	153	176	
49	29
1	3	6	14	15	16	22	24	26	28	29	37	38	43	47	51	53	56	59	62	73	75	77	82	93	96	147	149	153	
48	33
2	3	6	8	9	12	15	16	18	20	22	23	27	31	34	35	36	37	38	42	52	55	60	61	82	83	85	89	95	96	101	111	136	
48	31
3	5	6	7	8	9	10	11	13	14	20	24	27	28	32	34	37	47	48	50	51	52	56	75	77	85	89	101	115	153	176	
54	31
0	1	3	4	7	10	14	15	19	22	24	27	31	42	50	51	53	56	66	73	85	86	88	89	95	98	99	109	115	147	153	
50	32
1	3	4	10	11	12	14	17	18	21	22	29	31	34	38	40	43	50	52	53	55	56	58	66	75	85	88	93	99	109	115	136	
52	29
0	1	2	10	12	15	17	21	23	24	26	27	34	36	43	56	61	62	66	88	95	99	109	111	115	116	136	149	176	
49	31
1	3	4	9	13	18	19	21	22	23	25	31	39	40	42	48	55	58	59	62	66	77	78	82	88	89	96	101	111	116	136	
50	31
4	6	7	9	11	13	18	19	23	25	26	27	33	36	38	47	48	51	55	56	60	61	65	77	83	85	88	99	136	149	153	
53	30
3	4	8	12	13	16	17	23	24	28	32	36	38	43	47	51	52	53	60	61	62	77	83	96	99	111	116	149	153	176	
51	31
1	6	7	8	11	14	17	18	19	21	22	26	28	29	31	33	51	52	53	55	58	65	77	78	83	89	96	99	116	149	153	
49	30
1	4	6	7	9	10	11	13	15	17	18	19	20	24	33	35	53	59	62	78	82	85	86	95	96	99	109	115	116	149	
52	33
0	1	7	9	12	13	16	18	20	21	22	23	25	26	32	33	36	42	47	50	53	61	62	65	75	83	85	86	93	111	116	136	153	
51	30
0	1	4	9	10	12	13	14	16	21	22	24	26	35	37	51	65	73	77	86	88	89	93	94	98	99	115	116	147	176	
56	32
4	6	8	10	11	13	14	16	17	18	21	31	36	39	42	43	50	52	53	58	59	60	86	93	95	98	101	109	136	149	153	176	
46	30
0	1	3	4	8	10	13	18	20	22	24	27	31	32	34	37	48	50	58	59	60	61	82	83	85	95	96	99	111	147	
53	32
0	1	2	3	8	15	17	20	21	22	23	24	27	28	35	42	43	55	56	60	61	65	77	82	85	94	99	109	111	116	136	147	
49	33
4	5	6	11	12	13	18	20	21	24	25	26	28	29	32	36	37	43	47	48	52	53	55	58	59	78	86	89	93	99	109	115	136	
52	32
6	7	8	11	14	16	17	18	21	22	23	24	27	28	32	33	34	42	47	50	53	55	65	77	78	86	93	95	109	147	149	153	
53	33
2	4	7	8	9	10	16	20	21	22	26	29	35	36	38	40	43	48	50	53	59	66	73	75	82	83	86	88	93	94	109	149	176	
56	34
3	5	6	13	14	16	18	21	22	23	25	28	31	34	37	38	40	43	48	52	53	60	61	62	77	85	86	88	95	101	136	147	149	176	
47	31
0	1	6	10	16	22	23	24	25	27	28	29	31	34	36	38	42	48	50	53	61	62	65	77	85	86	88	93	94	116	176	
47	28
0	1	4	5	6	11	17	26	27	29	34	35	47	48	50	52	53	59	73	75	83	88	94	99	101	116	147	149	
51	31
2	8	9	11	15	16	18	20	22	26	29	31	33	35	38	39	50	51	52	55	56	59	66	78	83	96	99	109	111	115	176	
47	32
0	1	2	4	5	6	7	11	12	13	15	16	17	21	23	33	35	37	43	51	52	62	65	77	82	83	85	88	93	101	116	136	
51	31
0	1	3	4	10	11	13	14	18	20	26	29	34	35	38	40	47	51	59	75	78	83	86	88	94	95	96	116	136	147	149	
48	31
0	1	4	5	9	10	11	13	14	18	19	20	24	26	27	31	37	38	48	52	53	58	59	73	78	82	94	111	116	136	153	
53	32
1	3	5	9	13	17	19	23	24	25	27	29	31	34	36	37	42	43	50	51	56	62	73	85	88	95	98	109	115	136	149	153	
53	31
3	7	9	10	13	14	16	19	20	24	25	31	33	34	36	39	50	52	56	61	77	78	83	85	89	96	99	111	147	149	153	
51	32
4	5	6	11	14	18	25	26	27	29	35	38	39	42	43	47	48	50	52	55	58	59	61	78	82	85	88	94	99	111	136	176	
49	29
1	3	4	8	10	12	19	23	24	29	31	33	36	38	43	50	53	56	58	83	85	88	89	96	99	109	115	147	153	
55	32
1	5	6	8	11	14	23	24	26	27	31	32	34	35	47	48	50	53	55	59	66	73	85	86	88	94	99	109	111	115	147	176	
49	31
1	3	5	6	8	13	16	18	23	27	28	29	31	32	36	37	42	43	47	48	50	53	62	85	86	93	111	115	116	147	149	
47	32
1	6	11	12	17	18	19	21	24	25	26	29	32	35	36	37	39	40	47	53	55	56	60	78	82	83	85	88	89	95	96	153	
55	31
0	3	4	5	9	10	11	13	14	19	22	26	35	52	53	55	58	59	60	62	66	75	82	83	89	93	96	109	136	153	176	
43	29
1	3	8	14	15	18	19	21	23	27	28	35	36	38	40	42	43	47	61	66	82	88	89	93	96	99	109	111	116	
48	31
0	1	2	3	5	6	7	9	11	13	15	19	22	24	26	31	38	42	48	50	58	66	75	85	88	95	99	101	115	149	176	
46	32
0	1	2	4	5	8	11	12	14	15	18	19	20	21	24	26	27	29	34	37	42	47	59	62	65	73	78	96	98	99	147	176	
45	30
2	5	9	10	11	12	15	17	18	21	22	25	26	27	35	36	43	51	52	62	66	77	83	86	89	93	95	99	115	136	
43	30
1	2	3	4	6	7	9	13	17	19	22	24	26	27	28	31	34	39	42	48	51	59	62	65	77	88	89	93	111	153	
43	29
2	5	7	12	13	14	15	16	20	21	22	23	24	25	31	38	39	42	55	61	73	82	86	94	95	96	98	136	149	
50	31
1	4	6	7	10	11	12	14	16	17	21	24	27	32	38	40	42	47	59	60	62	75	82	83	85	89	95	109	116	147	149	
43	31
0	1	2	6	7	8	9	11	18	19	20	21	23	24	26	27	28	33	35	36	42	50	55	61	73	82	93	95	96	99	176	
54	31
6	7	8	15	16	26	28	31	32	34	35	37	39	51	52	53	55	58	65	73	77	78	88	89	94	96	101	109	115	136	147	
47	32
0	1	2	3	6	10	12	15	17	18	21	22	28	31	32	33	34	36	38	39	42	55	58	62	65	93	96	98	101	109	115	147	
49	31
0	1	3	5	9	11	12	13	18	23	26	27	31	36	40	47	50	53	62	65	77	82	83	85	86	88	89	93	96	136	149	
54	32
0	2	5	9	10	12	14	16	18	21	22	24	28	31	32	51	53	56	61	66	73	75	82	83	89	93	99	101	109	115	116	147	
49	32
0	2	7	9	10	12	13	15	16	18	19	20	22	26	31	33	34	36	43	52	53	55	58	66	77	89	93	96	101	116	136	176	
45	30
0	1	2	9	10	11	12	13	15	18	19	21	22	36	40	42	47	51	53	62	66	77	83	89	93	95	99	101	115	136	
49	31
0	1	2	5	13	20	21	23	26	27	29	32	33	34	35	39	43	52	53	55	56	58	60	62	66	78	83	96	115	136	147	
53	32
2	8	10	12	14	15	16	19	20	25	26	31	32	35	40	42	55	59	61	62	66	77	78	82	85	93	95	99	101	115	147	153	
55	30
0	4	5	6	9	11	12	15	26	27	35	37	40	50	51	61	65	73	78	83	85	88	89	93	96	115	116	147	149	153	
44	30
3	4	9	11	17	20	22	23	26	32	35	37	38	39	40	43	51	52	55	58	59	60	62	77	78	85	86	89	95	101	
60	33
4	6	8	10	11	19	20	21	27	31	32	35	38	40	51	52	53	55	56	58	59	61	75	77	82	88	89	109	111	116	136	153	176	
51	32
1	3	11	12	14	17	20	21	24	25	26	29	32	39	40	47	53	56	59	60	61	62	66	73	77	78	89	93	98	99	115	176	
51	33
1	4	6	13	14	16	18	19	21	22	23	24	26	29	34	36	38	39	40	47	53	56	60	65	77	88	93	94	96	98	111	147	153	
50	29
0	2	4	6	11	12	21	22	23	28	35	38	42	50	51	53	55	62	73	82	94	95	96	98	99	111	115	116	149	
47	31
0	1	4	5	6	12	17	21	23	24	25	28	32	33	35	37	39	43	52	55	58	65	83	85	88	93	98	101	109	115	136	
45	29
1	3	4	6	8	10	11	15	21	22	27	28	32	35	39	42	43	50	56	58	73	77	83	88	89	98	115	116	153	
39	28
1	2	3	6	7	9	11	13	17	22	25	26	27	35	38	43	47	48	50	51	53	56	66	78	88	94	95	136	
49	32
0	2	3	4	11	18	19	20	21	22	23	25	31	32	34	36	40	47	48	51	52	55	78	85	86	88	95	101	111	115	116	136	
50	32
3	6	8	9	10	12	13	14	16	22	24	25	26	27	31	36	38	40	50	52	60	61	62	66	73	86	94	95	98	109	115	147	
49	32
0	3	4	6	11	12	14	15	18	20	23	25	29	34	37	38	40	43	51	53	55	59	62	66	82	85	86	96	99	111	115	136	
52	32
6	7	9	11	13	14	15	17	18	20	23	24	28	29	34	35	37	38	51	56	59	61	65	75	82	83	88	95	111	136	153	176	
46	31
1	2	3	4	5	7	10	12	13	17	18	23	25	28	29	31	36	38	52	53	55	58	59	60	78	85	96	98	101	109	111	
54	32
1	2	3	5	6	12	14	17	18	21	23	29	32	37	38	40	47	52	53	65	66	82	86	88	89	93	94	109	111	116	149	176	
48	30
0	1	2	10	12	14	17	24	25	27	31	34	36	37	38	48	50	51	52	60	61	62	65	73	88	94	95	99	147	153	
44	30
5	8	9	10	13	15	16	17	20	22	23	25	26	27	35	38	40	42	43	55	58	59	65	73	78	83	86	94	116	176	
42	28
2	4	7	8	9	10	14	16	18	19	20	21	24	29	35	38	52	53	56	62	78	83	88	94	95	99	109	115	
53	32
6	9	11	13	18	20	21	22	25	26	28	29	31	32	38	42	47	50	51	52	62	66	75	77	78	82	88	89	95	149	153	176	
49	30
0	3	5	9	11	12	15	18	20	23	31	37	40	42	50	51	52	55	66	73	78	85	88	89	93	94	99	109	111	115	
51	29
0	1	2	3	9	14	15	17	19	22	26	33	35	48	51	52	55	58	59	66	73	77	88	93	101	109	147	149	153	
47	30
0	1	6	8	10	11	14	18	22	26	27	28	29	33	37	38	47	48	53	59	75	77	78	82	83	93	98	136	147	149	
51	32
3	4	5	8	10	11	14	16	18	19	20	23	24	25	29	35	36	43	51	52	53	55	61	77	83	86	93	94	109	115	116	149	
53	32
1	6	8	9	11	14	17	19	20	21	23	32	33	35	37	39	47	52	53	56	60	61	82	85	86	93	94	101	109	115	147	176	
52	34
2	6	7	9	15	16	19	20	21	22	23	24	25	28	29	31	32	38	39	40	47	50	53	59	65	73	77	85	89	93	111	115	116	153	
58	32
1	8	10	12	13	22	23	25	31	35	36	37	40	48	50	55	61	62	77	82	85	86	89	93	95	98	99	111	116	149	153	176	
52	31
2	15	16	17	19	21	22	23	27	31	35	38	40	42	43	47	50	58	62	73	82	85	93	94	95	96	99	109	136	149	176	
52	29
1	3	10	12	15	17	19	20	24	36	38	39	53	55	56	61	78	82	83	85	86	88	93	99	109	111	115	116	153	
51	33
0	5	10	11	15	18	19	22	26	29	32	33	35	36	38	40	42	43	48	51	55	58	60	62	65	78	89	94	95	99	111	136	149	
54	31
0	4	8	9	15	16	23	24	25	27	32	35	38	42	51	53	55	58	59	62	65	78	82	86	88	89	93	109	136	147	176	
51	29
0	1	5	6	8	9	10	11	15	22	28	35	38	42	50	51	55	59	60	73	75	82	95	101	109	115	116	147	176	
46	29
0	1	2	10	12	15	17	18	19	22	25	28	29	33	35	42	52	56	59	73	78	82	88	93	98	99	111	115	176	
54	31
0	4	9	10	11	12	13	19	23	24	27	31	36	48	51	60	61	62	75	78	82	83	88	89	94	95	99	111	136	147	153	
48	30
0	1	2	5	10	15	17	19	20	23	24	26	29	31	34	36	39	40	51	53	60	75	77	78	93	94	109	111	147	153	
47	29
1	6	8	10	12	18	19	21	23	33	34	35	36	37	38	51	52	55	60	65	78	82	85	86	95	101	111	136	153	
45	30
2	5	6	9	11	13	16	20	21	22	24	26	27	32	33	35	38	42	51	56	59	62	65	73	78	85	96	99	136	153	
46	30
0	1	6	7	10	12	14	15	18	19	20	26	27	32	33	36	39	42	52	53	56	59	66	88	93	99	101	111	115	176	
44	30
1	3	5	6	7	8	9	10	13	14	19	26	27	32	35	36	38	39	48	60	61	66	82	86	88	95	101	111	116	136	
51	29
1	4	6	10	14	15	17	20	24	27	28	35	37	38	43	53	56	65	82	85	94	99	101	109	115	116	136	149	153	
49	30
8	10	11	15	18	20	21	24	28	32	34	35	36	38	39	43	50	51	52	59	61	83	85	88	95	99	109	111	116	176	
52	31
1	2	3	6	13	17	26	27	31	32	33	35	36	38	42	43	50	52	53	58	60	61	62	66	85	88	98	109	116	147	153	
50	31
0	1	2	5	6	8	14	17	18	23	25	28	29	31	33	35	38	48	51	52	60	75	85	96	98	99	101	111	136	147	149	
51	34
0	1	2	3	6	7	8	9	10	13	16	20	23	25	26	27	29	32	34	35	39	50	52	61	62	65	78	82	83	89	95	96	149	153	
55	32
1	3	4	7	9	17	18	19	20	23	31	32	33	38	39	53	56	61	66	75	85	88	93	94	96	98	99	109	111	115	116	153	
46	31
0	1	2	8	9	10	12	13	14	17	18	20	29	33	36	42	47	48	52	53	55	56	59	61	66	77	93	96	98	99	153	
52	30
0	1	2	7	8	10	15	17	21	24	25	32	36	43	48	50	56	59	60	62	65	82	93	94	95	109	111	116	147	149	
52	32
0	1	6	10	15	17	23	28	29	31	34	35	37	38	40	42	51	55	59	60	62	66	83	85	86	89	95	98	101	111	116	147	
51	33
4	6	7	8	10	14	15	16	17	18	19	20	21	31	34	36	39	40	48	52	55	56	60	61	62	66	85	89	96	101	109	116	149	
51	32
1	2	9	10	11	12	15	16	20	21	22	23	24	26	27	28	31	32	33	38	50	58	61	62	75	83	93	95	116	149	153	176	
52	31
0	3	4	6	8	9	11	12	19	22	26	28	35	37	50	55	58	59	60	62	75	77	82	83	88	89	96	101	116	136	153	
47	29
0	1	2	3	5	8	9	13	18	19	22	24	26	32	35	50	55	73	82	83	88	89	94	95	96	101	109	136	176	
49	32
3	5	6	7	10	15	16	18	25	26	27	29	33	35	38	42	43	48	50	56	58	59	65	83	85	86	88	89	96	101	109	147	
48	31
0	4	5	10	11	12	16	17	18	19	24	25	28	29	33	35	37	38	42	43	47	48	66	82	88	96	109	115	147	149	176	
46	28
0	2	3	4	5	7	8	10	15	16	22	23	25	28	35	38	42	50	51	65	89	93	94	109	111	115	147	153	
51	29
1	3	5	8	9	12	14	15	17	25	26	35	40	43	52	59	61	73	75	77	82	86	93	94	96	111	147	149	176	
55	32
0	2	4	10	11	13	18	21	23	25	27	28	29	33	36	51	52	55	56	58	65	75	82	89	93	96	98	101	111	136	147	153	
48	31
5	10	13	14	16	17	19	21	22	24	25	29	32	33	34	39	43	48	51	52	55	59	66	73	82	86	96	99	111	115	147	
49	32
8	9	11	13	14	15	17	19	20	24	26	29	32	35	38	39	47	48	50	55	61	62	65	75	78	86	88	94	95	96	115	153	
45	31
1	2	6	10	11	12	14	15	16	19	24	25	31	33	35	36	39	43	48	56	62	66	77	88	89	95	98	99	101	111	116	
46	31
1	3	6	8	9	10	12	13	14	20	24	27	29	31	33	34	36	38	40	53	60	61	62	66	73	77	85	86	88	115	176	
55	34
4	5	12	14	15	16	19	20	25	26	27	28	31	34	35	36	40	42	50	56	58	59	65	73	78	83	85	88	93	94	95	115	147	176	
54	32
8	9	10	14	16	18	19	20	25	26	31	33	34	36	43	48	52	59	61	65	73	75	82	86	88	93	94	99	116	136	147	176	
45	31
0	2	4	8	11	12	15	16	18	20	25	26	31	33	37	38	39	40	42	53	56	61	65	66	85	86	88	93	99	109	136	
60	34
1	4	6	7	11	13	15	16	18	22	26	27	29	31	32	33	34	53	58	65	78	82	85	86	88	89	93	94	115	116	136	147	153	176	
47	33
0	1	2	4	6	8	10	13	14	20	21	24	27	31	32	34	37	38	39	42	47	53	55	60	65	75	78	86	94	96	98	101	153	
54	32
0	3	4	6	11	13	17	19	26	29	31	35	36	38	47	50	52	53	58	59	60	78	83	88	89	93	94	99	101	115	147	176	
48	32
1	3	4	5	8	12	13	15	19	20	21	22	26	31	32	34	35	38	39	40	42	48	50	66	78	85	95	101	116	136	149	153	
48	32
0	2	3	6	10	14	15	16	17	19	22	24	25	27	31	36	39	40	48	50	51	58	61	62	77	78	82	85	89	99	116	147	
43	30
1	3	4	8	11	12	14	15	16	18	20	21	22	23	25	28	33	34	35	36	39	42	51	61	93	99	109	111	116	153	
47	29
3	4	6	10	11	14	18	20	24	25	29	35	38	39	42	51	55	56	58	62	66	75	82	93	95	98	109	111	153	
50	30
2	11	13	18	20	21	22	23	25	27	28	29	36	39	42	47	50	51	55	56	65	78	88	93	95	98	109	115	149	153	
52	30
1	2	7	8	10	11	20	21	22	24	25	31	36	38	50	51	53	56	66	77	83	88	93	94	95	109	115	116	136	153	
52	30
2	3	4	9	11	17	18	19	23	29	36	38	43	52	53	55	56	58	59	66	73	75	83	88	93	99	111	115	116	153	
46	30
0	2	5	6	10	15	16	19	20	24	29	32	35	37	40	43	47	50	52	56	59	60	62	66	83	85	93	99	115	153	
48	30
1	3	4	12	15	16	17	21	23	27	28	29	32	34	35	37	38	47	53	60	83	93	94	96	99	101	111	116	147	149	
52	32
0	3	5	8	9	13	16	18	19	20	22	23	25	27	31	36	37	38	40	50	51	55	62	73	78	82	85	98	109	149	153	176	
49	30
0	1	6	13	15	17	18	21	23	27	33	34	35	36	43	48	51	52	56	60	61	75	77	82	86	94	96	111	149	153	
47	30
1	2	6	7	8	9	12	14	15	17	21	22	23	24	27	28	37	38	47	53	55	62	73	78	83	89	98	147	149	176	
51	32
3	6	10	12	15	16	17	19	20	21	24	28	29	34	36	38	39	50	52	58	62	75	78	83	85	86	88	96	99	111	116	176	
49	31
2	4	6	10	11	13	17	21	22	25	27	28	35	39	47	48	51	53	55	58	59	73	75	78	82	85	94	96	98	116	149	
49	30
0	4	9	10	13	14	15	16	18	19	20	22	24	25	31	34	42	51	59	62	66	73	77	82	83	95	111	116	147	153	
49	32
1	2	7	8	9	13	14	15	17	18	22	26	27	36	38	42	43	47	48	51	55	58	60	61	65	66	78	85	93	98	147	149	
46	27
0	1	6	8	10	11	15	18	19	23	26	27	31	33	51	52	53	56	61	65	77	93	98	109	136	147	153	
53	34
0	2	3	7	11	12	14	17	21	23	25	26	32	33	35	36	37	47	50	52	53	56	58	65	73	75	85	86	93	94	96	98	115	149	
53	30
0	6	10	11	13	15	16	18	35	36	38	40	48	51	55	58	61	62	65	66	75	82	96	98	99	111	115	116	136	147	
48	30
0	1	2	3	10	15	22	26	31	33	35	37	40	42	47	51	55	58	59	62	75	78	85	89	93	95	98	101	136	153	
46	32
4	7	11	14	15	18	19	20	24	25	26	28	29	31	34	36	39	42	48	52	53	55	58	59	60	65	75	93	95	96	101	116	
54	32
0	1	3	10	14	15	17	18	25	27	28	33	34	35	36	38	48	50	51	52	56	60	61	62	86	93	99	101	111	147	149	153	
49	31
0	1	5	9	10	11	12	15	17	21	22	23	24	25	27	31	32	33	39	48	66	93	94	95	96	98	109	116	136	147	176	
42	30
1	3	7	8	10	11	13	14	18	20	23	24	26	27	28	29	32	33	35	38	39	42	53	59	65	82	96	109	111	176	
54	31
0	1	5	14	15	16	17	21	22	26	28	29	33	35	38	47	51	55	58	61	65	75	83	85	93	99	109	111	149	153	176	
47	33
0	2	4	5	6	10	11	12	13	15	19	21	22	23	25	28	34	35	37	39	52	53	59	61	65	75	78	82	83	88	93	99	136	
51	31
2	6	9	10	14	15	16	20	22	23	24	26	31	34	35	42	53	55	56	59	65	73	77	85	86	88	96	98	136	153	176	
56	33
0	1	6	7	10	14	17	19	20	21	24	27	31	33	35	36	39	53	55	58	65	66	73	89	93	94	96	101	109	115	136	147	176	
51	32
0	2	5	10	11	12	13	17	21	25	27	29	31	32	35	40	50	51	53	55	62	65	73	75	77	89	93	94	98	109	115	116	
39	28
1	8	10	14	21	23	24	26	27	32	33	34	35	36	37	38	42	43	48	50	53	56	58	61	62	82	89	147	
44	30
0	1	2	6	7	8	10	11	12	15	16	27	28	31	35	36	37	38	43	50	51	53	56	61	86	93	95	109	115	116	
49	29
0	1	3	4	10	13	19	20	24	31	37	48	51	53	55	56	59	61	66	77	82	83	88	93	94	99	111	116	136	
46	30
0	1	2	3	5	6	9	12	14	18	21	26	27	32	35	37	38	42	50	51	52	56	60	78	82	94	96	99	147	149	
53	30
3	4	5	6	7	11	15	21	26	31	32	35	36	38	42	50	51	53	65	75	85	88	96	98	109	111	115	116	149	176	
44	29
1	2	3	4	5	6	8	11	17	18	19	23	27	31	36	38	40	48	52	53	60	62	77	86	96	98	109	116	149	
42	30
0	2	4	5	8	10	11	15	17	19	21	22	25	27	29	35	37	38	40	48	50	73	75	77	78	82	85	94	98	153	
51	31
0	1	7	8	11	14	18	24	25	26	29	32	34	39	47	48	53	55	56	59	60	65	66	85	89	95	96	98	109	147	149	
52	30
0	1	5	11	12	13	15	20	21	23	24	28	29	31	33	34	52	53	59	61	75	89	96	99	109	111	115	136	149	153	
53	32
1	8	9	10	13	16	17	20	21	23	24	25	26	27	28	32	33	35	51	53	58	59	61	62	75	82	83	85	115	149	153	176	
51	30
0	4	15	16	18	22	23	25	28	34	35	37	42	47	48	51	52	53	62	65	73	82	83	86	89	93	111	136	147	149	
50	32
3	6	8	11	13	14	16	18	20	21	23	29	33	34	35	36	40	47	51	52	61	73	77	78	82	86	88	94	95	96	149	176	
47	30
0	1	2	5	6	8	9	10	19	21	22	24	26	31	35	38	42	50	56	62	66	73	82	83	94	95	101	109	115	147	
53	30
0	3	4	9	11	19	23	24	25	27	28	31	34	38	50	53	61	65	75	77	83	85	86	89	93	96	111	147	149	153	
49	30
1	4	6	8	10	12	14	17	18	21	22	26	27	32	36	38	40	50	53	56	61	62	89	93	95	101	111	116	149	176	
48	29
1	2	3	4	6	11	13	19	23	24	27	29	31	35	38	39	43	53	55	56	66	78	88	99	109	115	136	147	153	
50	31
0	5	8	10	12	15	16	17	19	20	21	25	32	33	35	36	37	43	50	52	59	60	73	83	88	93	99	115	136	149	176	
54	30
0	1	2	7	11	15	16	18	22	25	26	27	28	31	34	48	52	73	85	89	93	96	98	109	111	116	136	147	149	153	
50	30
0	1	6	7	9	10	13	16	21	22	33	34	35	42	48	50	53	56	58	59	62	66	73	75	78	88	96	116	153	176	
42	31
2	5	6	8	10	11	12	14	15	18	19	21	22	25	28	33	38	40	42	47	52	55	56	65	66	77	82	83	95	96	99	
53	33
0	2	7	9	10	11	14	16	18	20	21	23	26	27	33	37	42	51	53	55	58	60	65	66	75	78	86	93	94	98	111	115	153	
54	32
1	2	3	7	11	13	15	17	22	23	25	27	34	35	39	43	48	50	53	62	65	66	75	78	82	86	95	99	111	147	149	153	
56	31
0	4	8	10	15	16	19	23	24	25	29	32	33	35	39	40	51	59	65	77	88	89	93	94	111	115	116	136	147	149	153	
40	29
0	2	6	7	8	11	12	15	17	19	20	21	22	24	26	31	36	37	39	53	56	59	62	73	82	93	99	101	116	
44	28
0	1	2	3	4	5	11	15	20	21	23	24	26	27	28	31	37	42	59	60	65	75	77	101	115	136	147	153	
50	32
0	4	12	13	15	16	17	22	24	26	28	31	33	34	36	38	39	48	51	52	53	55	61	65	75	86	96	99	101	109	111	149	
45	30
1	2	6	9	11	14	15	17	18	20	23	27	29	34	36	40	42	47	50	51	60	61	66	82	94	95	99	101	115	153	
46	32
1	2	4	5	6	7	8	11	12	13	17	18	19	20	23	25	31	33	48	51	53	56	66	83	85	86	88	94	95	96	101	116	
42	30
2	6	8	10	12	15	16	17	18	24	25	27	31	33	36	37	40	43	56	58	61	65	66	75	85	86	89	94	95	98	
44	28
0	1	2	3	6	9	13	14	15	17	18	20	22	26	28	32	40	52	58	59	78	88	93	98	111	115	136	153	
58	33
0	2	3	6	9	10	11	17	20	28	29	32	33	35	36	38	48	53	58	60	65	73	75	83	86	95	101	109	111	136	147	149	153	
45	30
1	4	6	13	14	18	20	21	25	26	27	31	34	36	37	40	48	50	55	56	59	61	73	78	85	88	93	94	115	116	
53	32
2	3	6	8	9	11	13	19	23	25	26	28	29	32	33	35	43	52	53	55	58	60	61	83	86	95	99	101	109	136	149	176	
42	28
0	1	7	9	10	15	16	19	21	26	27	32	35	38	50	56	58	60	62	73	78	82	83	88	89	93	94	95	
46	31
1	3	5	11	12	13	14	15	17	22	23	25	29	31	35	36	40	42	43	55	60	66	73	78	82	85	86	96	98	109	149	
48	32
1	3	4	5	6	8	9	10	14	15	19	20	24	29	33	35	38	42	43	48	58	66	73	77	82	83	85	95	98	99	149	176	
52	31
0	3	4	6	7	8	10	11	14	16	17	18	31	32	43	48	51	52	55	58	59	62	75	77	89	95	101	116	136	147	149	
56	31
5	6	12	14	15	16	17	22	26	28	33	35	36	50	51	52	53	60	75	78	89	94	95	98	99	101	109	111	116	147	149	
48	31
0	1	2	3	4	8	9	12	22	24	26	27	29	31	37	38	40	42	50	55	59	62	66	75	82	89	95	98	101	149	176	
49	30
11	14	16	18	19	20	22	23	24	25	29	31	33	34	39	48	51	53	55	59	65	82	83	85	86	95	99	109	147	153	
56	32
0	2	3	11	14	15	17	18	23	26	29	39	40	48	53	56	60	61	62	65	83	85	86	88	93	95	98	99	111	136	147	149	
53	32
6	7	8	11	12	21	22	24	25	26	27	31	35	36	38	42	43	50	52	53	55	65	75	78	82	88	89	95	111	136	153	176	
50	29
0	1	3	8	9	11	12	15	22	24	26	29	31	42	47	52	56	61	77	78	83	88	89	93	109	115	136	147	153	
46	29
0	1	2	4	7	10	12	19	21	26	34	35	37	40	43	50	56	62	73	75	78	85	88	89	95	98	101	115	176	
44	30
1	2	7	12	13	15	16	17	22	24	26	28	31	32	38	39	40	42	48	50	55	59	62	75	85	95	96	99	111	149	
55	31
0	1	3	6	9	10	14	18	19	25	32	34	42	48	51	52	56	58	66	77	83	85	88	89	95	101	111	115	136	149	153	
54	31
1	5	6	9	10	15	20	21	24	27	28	29	31	34	38	50	52	56	60	62	66	77	85	94	99	101	111	115	116	149	153	
45	29
1	2	3	4	6	9	10	12	13	17	23	24	26	28	31	36	52	59	60	62	65	66	73	82	94	95	98	111	153	
53	30
4	8	10	13	16	18	19	20	25	31	33	34	48	51	52	53	55	58	59	66	73	78	83	86	95	99	115	136	149	153	
46	30
2	7	15	16	18	19	20	24	26	27	29	31	34	35	36	37	38	40	50	51	53	56	58	65	77	85	88	115	116	153	
55	33
0	1	5	6	7	8	13	14	20	21	23	24	27	29	31	33	34	39	42	43	56	61	62	75	85	95	98	109	116	136	147	153	176	
51	31
0	1	13	15	17	18	20	22	24	25	26	27	28	33	35	39	43	52	56	60	73	82	85	88	89	94	109	111	115	136	149	
50	33
1	2	6	8	12	15	18	25	26	28	31	32	34	35	36	38	42	47	48	50	53	58	59	62	75	77	83	88	89	96	99	136	147	
54	31
2	4	6	7	11	13	15	17	18	19	26	31	33	40	53	56	59	60	75	82	83	88	93	94	95	99	101	109	115	149	153	
53	31
3	7	8	11	14	18	23	24	25	26	27	32	34	38	42	47	48	50	52	53	56	59	62	83	89	98	111	115	147	149	176	
50	31
3	4	8	11	15	17	19	20	23	24	25	31	36	38	39	40	42	51	52	53	56	59	73	75	77	83	88	93	115	147	153	
48	32
1	2	3	9	10	15	17	18	23	24	25	27	31	35	38	39	42	43	48	50	55	56	65	73	78	86	88	94	96	98	109	176	
48	31
1	4	5	7	15	16	17	26	29	32	33	35	36	38	43	51	58	59	60	66	73	75	78	82	85	86	88	94	95	101	109	
50	30
0	1	3	7	8	9	14	15	16	18	20	22	23	26	31	36	40	42	55	62	78	85	89	93	109	111	115	116	153	176	
47	30
2	6	9	14	16	17	20	23	25	26	27	29	32	33	35	37	48	50	52	53	56	60	62	66	75	82	85	111	115	153	
46	30
2	4	6	7	10	16	20	21	22	27	32	34	35	37	38	40	43	50	52	53	56	60	65	78	82	86	94	96	115	147	
56	32
1	3	9	10	12	15	20	24	26	27	36	38	40	42	47	50	56	60	62	66	78	82	83	86	88	89	93	109	115	116	149	153	
46	30
0	1	12	13	14	15	17	20	23	25	27	33	35	36	37	39	40	42	43	53	55	61	75	89	93	94	95	109	149	153	
50	31
2	6	8	12	14	16	19	21	26	29	31	32	33	35	37	38	40	52	53	56	61	65	66	78	88	95	101	109	115	136	153	
51	32
0	3	5	8	9	15	16	18	19	23	24	25	28	29	35	42	43	50	53	56	65	75	77	82	88	89	95	98	99	111	115	147	
47	30
1	3	5	6	9	12	17	19	22	23	24	29	31	34	36	38	39	42	50	51	59	62	66	73	77	78	95	115	149	153	
51	32
2	4	12	16	17	19	20	22	23	25	26	28	32	33	35	36	39	40	48	51	52	58	73	77	78	85	86	95	111	116	149	153	
58	34
0	4	5	7	12	13	16	17	18	19	20	23	26	28	31	33	39	42	48	51	53	60	73	75	82	85	93	95	111	115	116	149	153	176	
46	32
0	1	2	9	10	13	15	16	21	22	24	26	27	29	33	36	37	42	47	48	52	53	58	61	65	73	75	77	89	94	115	136	
46	30
0	1	4	8	13	14	15	17	18	19	22	26	32	33	36	38	39	42	52	59	60	61	85	88	93	99	101	109	111	153	
46	31
6	8	12	15	16	20	21	23	24	29	31	32	35	36	37	39	43	47	50	56	61	62	78	82	83	85	86	94	95	99	147	
45	29
0	1	5	10	13	14	17	23	24	27	31	32	39	42	43	47	48	55	66	73	78	85	86	89	93	99	111	136	147	
48	30
5	6	9	12	15	16	24	25	26	27	29	31	32	35	36	37	50	51	56	65	66	75	82	83	88	89	96	109	115	176	
52	31
0	1	5	7	12	15	17	21	23	25	28	31	32	33	35	38	52	55	56	59	60	62	75	88	89	93	101	111	115	147	149	
52	30
0	5	10	11	14	15	17	19	24	26	27	28	29	32	35	47	53	58	59	62	65	77	88	99	101	116	136	147	149	176	
52	30
0	9	14	15	16	21	22	23	24	25	28	32	33	34	37	47	51	52	55	56	58	75	77	89	93	115	116	147	149	153	
48	29
0	1	2	10	11	15	17	19	21	28	29	31	35	36	50	55	59	60	62	65	73	88	89	93	94	98	99	147	176	
56	31
7	10	11	18	19	20	21	25	26	34	36	38	39	51	55	56	66	77	78	82	86	88	94	95	99	109	111	115	116	136	153	
49	30
1	3	5	10	12	14	16	17	19	28	32	33	35	36	38	39	52	53	60	75	78	85	94	95	99	101	109	111	136	153	
49	30
0	3	5	8	11	18	20	22	23	24	26	27	29	31	32	33	48	52	53	55	58	86	88	89	95	99	111	136	147	149	
51	31
2	7	9	10	14	16	17	19	22	24	25	27	33	34	40	48	51	59	62	73	78	82	85	86	88	95	99	111	115	116	176	
54	33
5	9	12	16	18	19	20	25	26	27	29	32	33	34	35	40	48	50	56	59	65	66	73	75	78	85	88	95	96	115	116	136	147	
45	31
0	1	2	7	9	12	13	14	16	17	18	19	20	21	23	25	26	32	37	43	47	53	62	73	75	78	94	96	99	149	176	
55	31
0	3	4	5	7	10	11	13	17	19	27	34	35	38	42	43	51	53	55	66	75	78	82	83	99	115	116	136	147	149	153	
46	29
0	1	3	9	10	14	20	22	23	24	25	34	35	37	50	52	53	56	66	73	77	82	85	88	95	96	101	109	115	
48	30
0	1	2	3	4	7	8	10	11	13	15	17	20	21	24	28	36	43	47	51	56	59	62	93	99	109	115	116	147	153	
54	30
1	2	14	21	25	26	27	34	35	37	38	40	50	53	56	58	73	75	78	82	88	89	93	94	96	111	115	116	136	153	
52	30
0	5	11	12	15	17	18	23	24	27	28	29	35	37	42	43	51	52	53	56	59	88	98	99	101	109	115	147	149	153	
51	31
0	1	3	6	8	10	15	18	19	26	29	32	34	35	40	43	52	58	60	62	65	66	85	88	89	93	101	109	116	136	149	
45	30
1	3	6	9	13	14	18	24	25	26	27	28	29	34	37	38	47	48	50	53	56	78	83	85	88	94	95	99	109	147	
57	32
4	8	10	11	12	13	15	16	19	24	25	32	35	43	47	55	56	59	61	62	65	82	83	89	93	94	96	116	136	147	153	176	
50	31
1	11	12	13	14	17	24	25	26	27	32	33	38	43	47	48	53	55	56	60	62	65	78	83	94	95	96	98	99	147	149	
48	30
4	6	11	12	13	16	17	18	19	21	22	23	24	28	29	31	36	37	50	53	62	65	75	83	88	96	99	147	149	153	
51	30
5	6	8	11	13	14	15	19	26	28	29	33	35	38	40	50	53	55	58	60	61	65	83	85	96	101	109	136	149	176	
52	32
4	6	11	12	14	15	17	22	23	24	28	29	33	34	36	37	40	50	51	53	65	66	73	83	85	86	88	95	99	111	153	176	
50	32
0	2	6	8	11	14	15	16	19	20	23	24	27	29	31	32	36	38	61	66	75	77	82	83	85	88	89	95	101	109	136	153	
49	30
0	2	5	6	8	9	10	15	16	19	26	35	36	40	50	51	52	56	58	59	60	61	75	83	88	95	101	111	115	116	
51	30
1	3	5	6	7	14	17	18	20	26	27	28	29	32	34	56	58	59	60	75	77	78	82	83	85	93	111	115	147	153	
48	30
6	8	14	16	18	19	20	21	23	29	33	35	37	47	48	50	51	52	56	59	61	78	82	83	85	86	96	99	111	147	
42	30
0	1	2	4	9	12	17	18	22	23	25	27	29	31	34	35	36	42	48	52	55	56	58	66	75	78	86	88	101	115	
46	31
2	7	10	12	15	16	17	20	21	22	24	28	31	36	38	42	43	50	51	59	61	62	66	75	82	83	85	89	95	99	111	
50	31
3	5	7	8	11	12	15	17	19	22	23	27	35	36	38	40	42	48	53	73	75	78	82	89	96	99	101	109	111	149	176	
52	34
0	2	5	7	8	9	11	12	13	19	20	21	24	26	27	32	36	37	42	48	50	52	53	55	60	62	73	86	89	96	98	111	115	147	
41	29
2	3	5	7	8	9	12	14	16	17	18	21	22	23	24	28	29	32	34	38	39	65	75	83	95	99	111	116	149	
55	32
1	4	5	9	12	17	21	23	25	31	34	35	37	39	40	42	48	61	66	73	77	78	86	88	93	96	109	111	116	136	147	149	
52	30
0	1	2	10	11	16	20	21	23	24	25	28	31	37	43	50	51	52	56	65	73	77	86	95	98	109	115	116	147	153	
54	31
1	7	10	15	17	18	20	21	29	32	36	37	38	40	43	51	53	56	60	75	78	86	93	94	99	101	109	111	116	153	176	
47	31
0	1	2	4	8	13	14	15	16	20	21	23	24	27	29	31	36	37	39	40	53	60	62	65	82	94	96	99	109	149	153	
52	31
11	12	13	15	16	17	18	19	20	23	29	31	33	38	39	52	53	56	58	59	60	66	75	82	88	89	93	99	109	153	176	
47	31
0	1	3	4	12	13	15	17	20	23	24	26	27	33	34	35	39	42	51	61	62	66	78	82	85	86	88	93	95	111	176	
48	32
1	2	5	6	10	11	13	14	17	18	19	23	24	27	29	38	40	43	48	53	56	59	77	78	93	94	96	98	99	101	111	153	
51	29
0	2	4	15	16	18	22	26	27	28	31	33	35	38	40	58	61	65	78	85	86	88	89	95	109	136	147	149	153	
47	31
2	4	5	6	9	11	12	13	17	18	19	23	25	28	31	33	36	37	48	59	60	61	73	82	83	85	86	95	99	149	153	
46	30
0	1	2	4	5	6	8	14	17	18	20	21	26	28	32	33	35	37	38	50	51	52	62	75	93	94	99	111	149	176	
51	31
0	2	9	11	13	15	20	21	23	24	25	26	27	32	35	37	47	50	53	58	82	86	88	89	93	94	98	109	136	149	176	
49	30
0	1	5	9	14	18	20	23	25	28	29	34	47	48	53	56	58	61	66	77	78	82	85	86	88	93	98	101	136	147	
46	31
0	1	7	8	12	13	15	20	21	23	24	25	27	28	29	31	33	39	40	53	58	59	73	75	83	89	95	96	111	116	136	
46	30
0	1	2	3	9	10	14	17	24	25	29	34	37	40	48	52	59	61	66	73	77	78	82	85	88	93	95	96	101	111	
42	29
0	1	4	7	8	17	18	19	21	22	24	26	32	33	34	35	38	47	51	52	58	82	88	89	94	96	101	109	111	
47	29
2	6	8	11	13	18	21	22	23	26	27	28	29	31	32	33	36	42	50	52	55	75	86	95	98	109	147	149	153	
48	30
0	5	6	7	9	10	13	16	24	25	27	29	31	32	48	50	51	53	56	60	65	66	73	75	83	89	95	99	115	147	
60	34
4	5	16	17	18	21	26	28	29	31	33	38	39	42	43	48	51	52	55	56	58	66	75	77	78	86	88	95	101	109	136	147	149	176	
55	34
1	4	6	10	12	13	14	15	16	17	18	19	20	21	28	38	39	40	42	50	52	55	58	61	73	77	78	83	89	96	111	136	147	153	
52	30
1	2	6	7	9	14	15	17	18	22	26	27	29	33	38	52	55	59	60	66	75	77	86	89	101	109	111	115	149	153	
47	30
3	5	6	7	9	10	11	14	17	29	33	35	39	40	48	52	55	56	58	59	65	73	75	83	85	86	95	98	101	153	
49	31
1	2	5	9	14	17	26	27	28	31	32	35	36	37	38	43	48	56	60	61	65	77	83	86	88	93	96	99	115	136	176	
49	30
0	5	9	11	13	15	17	18	22	23	27	28	29	33	36	42	47	51	53	59	78	82	88	89	95	99	109	115	153	176	
49	30
0	1	2	6	9	11	12	15	17	18	23	25	31	34	36	37	40	42	47	53	56	60	62	85	95	109	116	149	153	176	
44	28
0	3	8	10	16	17	22	23	24	25	28	31	34	36	42	43	50	51	55	73	77	82	85	95	98	109	116	153	
52	32
1	6	7	8	14	18	20	23	29	31	33	36	38	39	42	43	48	50	51	52	53	58	59	73	82	89	93	94	98	116	153	176	
46	32
2	3	4	5	6	8	9	11	14	15	17	20	22	26	28	35	38	43	56	58	59	60	61	62	66	75	77	78	82	86	93	101	
53	31
1	7	15	16	17	20	23	24	28	29	31	33	34	38	40	51	52	53	55	58	59	62	75	78	88	96	99	115	136	147	153	
51	30
1	2	6	8	9	13	15	17	22	25	26	27	35	38	43	51	52	55	59	65	73	77	83	86	88	95	111	116	149	176	
49	30
1	4	5	6	17	18	21	23	24	25	27	28	29	31	32	35	50	65	66	73	75	86	89	93	96	98	99	136	147	149	
46	31
1	7	9	10	13	14	15	16	19	24	25	26	28	33	36	43	48	50	51	52	53	56	65	75	78	88	89	95	99	101	111	
48	32
2	6	7	12	13	16	17	21	22	24	26	28	31	33	36	37	38	40	48	55	58	62	65	75	82	83	86	88	96	101	116	153	
50	33
0	5	6	7	8	9	14	15	16	19	22	24	26	29	31	32	34	40	48	52	53	55	58	59	83	88	93	95	98	101	115	116	136	
48	28
1	6	10	11	14	15	21	24	26	27	29	31	43	47	53	56	58	59	60	62	65	82	85	95	111	116	149	153	
48	29
0	6	8	10	14	15	16	24	27	29	31	34	35	36	37	51	53	55	56	59	60	61	77	82	83	85	109	149	153	
43	32
0	1	2	6	9	10	12	13	14	15	17	18	19	21	23	29	33	37	40	43	47	50	59	73	75	78	82	93	94	96	98	101	
44	31
0	3	5	11	12	13	14	18	19	20	22	25	26	28	37	38	39	42	47	55	59	73	78	82	85	86	88	96	98	99	116	
50	32
3	4	11	12	13	15	20	23	24	25	28	31	32	34	36	37	39	43	52	53	58	59	62	65	85	96	98	99	101	111	136	176	
50	31
1	3	4	11	13	15	16	18	20	24	25	26	27	34	35	48	50	53	55	56	62	75	78	83	89	93	94	96	109	115	147	
