1000 22	18
4	6	7	9	20	23	26	30	31	35	36	42	44	45	51	55	62	83	
25	19
2	3	4	7	10	27	29	38	41	42	47	48	49	53	59	60	83	90	96	
24	19
6	7	8	9	14	17	18	24	26	39	41	43	44	47	55	83	89	90	96	
23	18
1	9	17	20	26	30	37	39	41	42	45	49	50	51	53	59	66	83	
19	17
0	3	6	9	10	14	26	27	28	29	33	35	36	38	42	51	96	
24	17
0	15	29	31	34	35	43	44	47	50	51	55	60	62	66	83	84	
22	18
1	11	15	22	23	24	28	30	33	34	36	39	40	43	55	59	66	89	
20	17
0	1	2	3	6	7	10	11	12	15	23	39	41	50	66	89	96	
22	18
0	2	5	8	14	15	20	27	28	31	40	42	44	45	55	66	69	89	
23	18
0	1	6	9	12	18	20	21	24	27	31	33	37	55	59	60	84	89	
23	17
3	4	6	12	18	19	21	24	26	29	30	51	53	59	83	89	96	
21	17
0	1	3	4	11	16	18	23	29	31	35	39	40	55	66	69	84	
20	17
0	2	4	7	15	20	22	27	28	30	36	39	41	50	60	62	84	
22	17
1	5	11	15	16	20	24	33	39	40	42	44	55	59	69	83	96	
19	16
5	6	7	8	10	24	26	27	30	33	39	40	48	51	55	83	
22	17
0	1	2	3	7	17	20	21	24	27	28	45	55	60	69	83	89	
22	18
1	2	11	15	16	18	20	21	23	37	39	40	42	47	51	60	66	90	
20	17
1	3	7	9	11	17	19	20	23	26	30	39	40	42	55	60	62	
20	18
0	3	4	10	12	16	19	20	23	26	30	39	40	43	47	49	62	66	
20	18
0	2	4	8	9	11	17	22	24	28	29	36	39	42	44	49	51	59	
22	18
0	5	8	10	16	19	20	24	29	31	39	43	48	49	51	59	84	90	
26	18
5	6	14	18	21	24	26	27	30	43	51	53	55	60	69	84	90	96	
24	20
7	8	15	16	17	22	23	24	26	27	31	36	38	39	40	47	51	62	83	84	
24	19
0	3	4	5	6	7	8	9	22	27	28	31	37	48	51	62	66	69	90	
17	16
0	2	4	5	7	10	21	26	30	40	43	44	48	49	50	60	
21	17
0	2	3	4	9	12	15	19	23	27	31	34	39	55	60	69	90	
21	18
2	3	5	8	9	14	15	19	26	38	39	42	45	47	49	53	69	96	
24	18
0	2	3	5	11	18	21	23	24	30	47	48	59	60	62	66	84	90	
22	18
2	9	11	12	14	15	16	19	22	28	41	42	44	49	53	62	89	96	
22	18
3	6	10	12	15	18	21	22	27	29	30	36	40	47	55	60	62	69	
24	19
3	4	11	14	19	21	22	28	30	38	41	42	43	45	66	83	84	89	90	
20	16
4	5	11	17	18	26	30	31	36	37	42	48	55	59	83	89	
22	18
4	12	18	19	20	22	23	29	36	39	40	41	44	45	51	62	83	89	
21	17
1	6	7	11	14	19	23	24	26	36	42	45	48	66	83	84	96	
19	17
0	3	4	7	8	12	15	18	24	27	28	29	36	41	47	60	69	
20	16
1	6	8	9	33	35	37	39	42	44	45	50	51	55	62	83	
24	19
7	8	9	14	22	24	34	37	38	42	43	44	47	49	55	59	83	84	96	
19	17
0	1	2	9	12	16	18	20	22	24	30	34	39	41	45	55	83	
22	19
1	2	4	8	9	11	21	23	27	28	30	36	37	42	48	50	51	53	89	
21	18
4	6	7	9	12	14	22	24	29	31	34	39	42	45	50	60	66	90	
20	18
3	4	11	16	21	23	24	26	27	31	33	38	40	41	49	50	51	89	
20	17
1	4	10	17	23	24	27	31	36	38	39	43	45	48	53	62	66	
21	18
0	3	4	5	10	11	18	19	26	27	28	33	36	40	47	55	62	89	
25	19
4	15	17	18	21	24	35	36	37	40	43	44	48	53	55	60	84	89	90	
21	18
2	4	8	17	19	20	21	23	31	33	40	41	43	47	50	62	84	96	
20	18
2	3	4	7	10	15	16	21	24	27	28	31	34	37	45	49	51	84	
18	15
0	7	10	12	15	16	20	21	24	34	41	42	51	59	83	
23	18
3	5	6	7	11	15	16	31	36	39	40	42	49	51	53	59	66	89	
24	20
7	10	16	18	19	22	24	29	34	35	36	39	40	43	47	48	55	66	89	96	
18	16
2	4	5	7	10	11	14	26	29	30	34	38	48	49	60	83	
21	17
5	8	9	17	24	26	29	34	37	42	44	47	48	53	69	84	90	
21	17
2	3	4	8	14	15	28	31	34	42	44	48	49	53	69	83	96	
21	17
4	6	8	11	12	14	19	33	36	37	39	41	42	60	84	89	90	
21	18
1	2	5	7	15	19	22	35	36	42	43	44	45	48	50	60	66	83	
24	18
0	7	10	15	20	26	31	38	41	43	47	50	53	60	62	83	90	96	
20	18
2	3	4	5	9	14	18	23	26	28	30	34	41	43	47	48	51	90	
21	18
1	3	4	5	7	17	21	23	26	30	33	35	40	42	47	55	62	83	
22	17
4	5	12	14	15	18	19	26	29	38	44	49	53	55	60	69	83	
19	16
5	6	11	14	18	20	26	29	39	40	41	42	50	59	84	96	
23	18
5	6	7	17	19	23	24	35	37	40	43	45	47	53	60	84	90	96	
19	18
1	3	9	10	11	12	18	19	23	30	33	35	39	40	41	45	47	89	
21	17
3	4	5	7	8	12	19	20	21	23	27	37	49	53	55	59	69	
19	17
4	5	9	12	18	22	27	28	29	30	35	37	38	45	48	60	62	
21	18
4	5	6	7	10	18	24	30	34	35	36	37	38	42	44	53	60	89	
17	15
3	5	7	8	16	24	29	30	31	33	34	41	49	55	89	
22	18
1	6	8	12	14	15	18	20	30	38	39	42	45	49	51	69	83	90	
20	18
3	5	9	17	19	22	28	29	30	31	35	38	40	44	45	50	60	69	
22	19
3	14	16	19	27	28	33	34	36	37	38	40	41	42	45	50	53	55	60	
19	17
2	3	4	7	12	15	19	21	22	28	36	37	38	39	41	60	83	
20	16
0	1	2	4	5	6	11	15	34	38	41	50	51	59	83	90	
23	19
3	5	8	9	10	14	17	24	26	29	30	31	35	36	38	51	59	66	69	
21	17
1	2	3	6	9	10	24	27	28	29	30	37	42	51	55	60	96	
21	18
2	7	8	15	16	17	20	24	31	36	38	39	41	45	50	51	53	96	
21	18
0	2	3	6	8	12	17	18	20	23	29	31	35	45	48	51	53	96	
16	16
1	5	9	12	14	18	19	21	22	23	24	26	35	37	39	41	
20	16
0	6	11	14	18	24	29	38	40	43	45	47	51	59	60	83	
17	16
0	1	2	5	7	19	22	23	24	28	33	37	41	42	49	83	
20	18
4	6	7	8	9	12	23	28	29	31	34	37	39	40	43	49	51	83	
19	18
0	1	3	4	7	8	12	18	19	31	34	36	38	41	42	45	50	84	
24	18
4	6	9	15	24	26	35	39	42	43	45	50	62	83	84	89	90	96	
22	19
9	14	15	21	26	27	29	30	33	34	37	38	43	47	48	50	53	60	96	
20	17
2	5	9	11	12	17	21	27	29	35	36	44	47	49	51	55	69	
19	16
0	2	3	5	14	23	26	28	33	38	41	43	47	59	62	66	
21	17
7	9	10	11	20	23	31	36	38	39	43	45	50	55	60	62	66	
21	17
2	10	11	17	19	21	24	30	41	43	44	45	50	55	59	69	96	
20	18
0	1	3	5	6	10	14	15	22	24	27	30	33	41	48	49	66	89	
21	18
0	8	9	12	14	15	17	23	26	28	29	33	36	41	43	60	66	83	
21	18
2	3	4	8	10	16	18	21	23	26	27	45	47	48	50	51	62	66	
21	17
1	5	6	10	11	14	17	20	24	31	35	39	45	55	59	62	96	
22	16
0	1	4	11	12	14	30	39	42	43	53	55	83	89	90	96	
21	17
0	5	7	11	14	19	21	24	29	38	40	43	48	53	59	60	66	
20	17
5	8	14	17	18	20	22	23	24	30	36	45	47	50	60	66	83	
19	18
2	3	8	9	14	18	19	21	24	26	28	29	31	36	37	40	49	55	
21	17
5	6	7	8	9	14	16	23	28	29	38	41	50	51	59	62	66	
24	17
1	2	6	7	9	10	24	27	37	39	53	59	60	62	84	90	96	
21	17
5	6	10	19	24	28	29	30	34	38	41	42	49	60	69	84	90	
20	18
3	7	8	10	15	18	24	26	29	33	37	39	40	45	47	50	59	90	
19	17
0	5	6	10	11	12	18	24	26	30	36	37	39	42	45	60	84	
20	16
4	7	8	20	23	24	31	33	36	39	41	45	51	53	83	89	
22	18
1	2	3	8	10	16	17	20	22	30	38	42	44	45	53	66	84	89	
21	17
5	7	9	11	14	16	18	21	22	24	27	43	48	55	66	83	89	
22	17
0	4	6	14	17	24	30	31	33	36	40	44	51	53	62	89	90	
19	17
0	2	4	7	11	15	17	20	23	24	26	30	34	41	43	59	60	
18	17
0	1	2	3	6	7	9	11	15	19	26	29	31	34	41	42	53	
19	19
0	3	4	9	11	14	18	19	22	26	27	29	31	34	35	38	39	40	45	
22	19
1	4	6	8	16	17	18	21	22	26	30	33	35	36	40	50	55	59	96	
20	16
2	3	4	5	12	16	21	29	35	41	43	49	51	55	62	89	
21	18
4	5	7	12	15	17	18	20	24	36	41	42	44	45	47	62	66	84	
23	18
0	9	21	24	26	27	34	40	42	44	45	47	49	51	53	62	66	90	
20	17
1	6	10	19	20	21	24	26	27	35	36	38	45	50	55	59	60	
26	18
2	5	9	15	17	23	24	29	39	49	53	55	59	60	66	69	84	90	
22	18
1	2	9	10	18	30	33	35	36	37	39	40	44	48	53	59	83	90	
23	18
0	2	9	12	14	19	20	24	28	35	37	44	50	53	66	83	89	96	
24	18
0	6	7	9	12	14	24	26	35	36	37	48	51	53	55	62	84	89	
21	16
3	5	6	8	9	12	14	17	18	43	48	51	55	60	69	90	
20	18
1	5	6	8	10	11	12	22	23	24	28	30	34	38	48	50	90	96	
22	18
2	4	7	14	22	23	26	28	29	31	35	41	42	43	62	66	84	90	
20	16
0	2	4	6	9	10	19	22	30	40	43	49	55	62	66	96	
22	16
0	1	6	7	10	15	19	20	21	38	51	55	59	83	84	89	
24	18
0	2	4	18	19	27	28	30	39	42	44	45	59	62	83	84	89	90	
23	18
5	6	8	10	11	15	18	26	27	37	38	39	43	55	60	62	84	96	
21	18
7	8	15	16	23	26	28	29	30	36	38	40	42	48	50	53	69	83	
20	17
0	1	6	10	11	18	24	26	31	33	34	36	37	42	51	59	89	
24	19
3	4	7	9	15	16	17	19	20	21	36	40	42	44	59	69	83	89	96	
20	18
2	3	9	14	15	17	18	21	26	28	35	44	45	47	48	50	60	66	
22	18
4	5	10	19	23	24	29	33	35	37	41	43	45	47	51	59	90	96	
18	16
0	1	2	5	9	10	12	21	23	27	33	40	42	50	55	62	
24	17
3	4	5	12	23	28	38	40	41	43	51	53	62	66	69	83	84	
19	18
0	1	3	5	9	10	15	20	21	22	24	27	34	38	39	41	45	66	
23	18
3	5	7	8	19	21	29	30	35	38	41	45	49	51	59	69	84	90	
18	16
0	1	2	3	6	14	18	26	28	31	33	34	41	50	51	96	
21	18
2	4	6	7	14	15	27	35	38	39	41	45	48	49	50	89	90	96	
21	18
0	6	7	8	15	18	20	23	24	26	33	39	44	49	50	55	69	83	
19	17
0	2	3	4	5	6	9	11	27	28	29	35	36	48	49	51	96	
23	18
1	5	11	24	28	29	31	34	35	37	38	40	47	55	60	66	84	89	
20	17
0	1	3	11	15	28	29	33	35	36	38	40	41	47	53	55	62	
21	17
0	3	6	11	20	21	22	23	26	38	42	48	49	51	53	89	90	
23	19
3	5	10	14	16	23	26	27	28	31	35	36	41	47	49	51	53	55	66	
20	17
0	8	9	14	17	24	26	27	28	35	37	44	47	49	53	90	96	
22	17
0	4	6	8	20	23	26	28	29	39	41	48	51	53	55	66	69	
21	18
0	2	5	9	10	18	20	21	23	27	28	30	37	48	49	60	62	89	
19	17
0	1	12	15	18	22	27	29	35	37	40	41	42	43	44	60	96	
26	19
4	6	7	10	15	17	18	20	27	31	42	45	55	59	60	66	84	89	90	
22	18
2	3	11	12	14	16	19	21	23	28	29	39	42	49	53	55	60	96	
20	18
0	4	9	14	18	19	20	22	24	29	31	35	42	43	47	49	51	96	
24	17
0	5	6	9	15	17	24	30	35	49	53	59	60	62	69	83	84	
21	17
3	5	6	10	11	16	27	30	33	40	42	45	47	53	60	62	69	
19	17
0	4	8	9	15	17	23	30	33	37	38	39	45	47	49	53	60	
22	18
0	6	7	10	11	18	24	26	27	29	30	33	44	49	53	55	60	96	
22	18
2	8	10	15	16	20	22	30	31	36	40	41	42	44	51	53	69	89	
22	18
3	5	6	9	14	18	20	22	24	28	29	30	35	42	59	66	69	90	
22	18
0	8	16	17	19	27	28	30	36	37	38	39	48	49	53	69	89	90	
19	17
1	2	5	7	9	11	22	24	26	27	30	34	40	48	50	66	90	
24	19
0	5	7	14	15	19	22	26	27	33	36	47	48	50	53	62	69	84	90	
23	19
0	3	5	7	10	12	20	26	27	36	38	39	47	48	50	69	83	90	96	
22	18
0	2	3	4	8	9	12	17	18	24	26	33	36	50	59	62	66	89	
21	18
5	6	7	9	15	17	21	26	27	35	36	39	45	48	50	53	55	89	
23	19
4	5	8	11	12	17	24	26	36	37	38	42	43	45	50	55	66	69	83	
19	18
0	3	10	11	14	19	20	21	27	28	34	35	36	38	39	45	50	51	
22	17
1	2	6	8	9	19	23	26	39	45	47	49	53	55	69	83	89	
21	17
0	2	3	4	7	9	12	15	27	29	45	48	49	51	66	83	96	
23	18
8	10	12	15	17	21	29	31	35	36	41	44	47	53	60	69	83	90	
21	17
2	4	5	15	16	23	27	28	31	37	44	47	49	62	69	83	84	
21	17
0	1	2	11	19	24	29	33	34	36	40	41	43	51	55	62	89	
23	18
2	7	8	11	15	18	34	38	40	42	45	49	50	53	60	69	84	89	
19	16
0	2	4	14	20	26	30	34	35	38	40	41	50	51	83	90	
21	17
0	1	3	7	11	15	16	17	24	26	31	41	48	53	62	66	90	
24	18
5	6	9	11	14	20	24	27	30	39	43	50	53	55	59	62	89	96	
18	15
0	3	4	7	8	10	20	30	31	34	35	36	51	55	89	
23	18
0	2	6	9	15	16	19	22	28	39	42	45	47	59	62	66	83	90	
21	18
0	6	8	15	16	17	19	28	31	34	37	41	43	44	47	55	59	83	
22	17
4	5	7	8	11	19	23	24	27	29	40	48	55	59	66	83	84	
22	19
7	9	11	16	17	21	22	24	27	28	29	37	43	45	48	49	51	55	62	
22	17
3	4	7	22	24	27	28	29	36	40	42	48	53	59	60	62	96	
21	18
1	2	5	10	11	14	16	19	23	26	28	34	40	41	49	55	66	69	
22	17
0	4	5	14	18	19	23	26	29	42	45	49	66	69	83	84	96	
22	19
0	3	14	15	16	21	23	28	29	31	33	37	39	43	49	50	59	62	84	
19	18
3	5	10	11	12	14	15	16	17	26	31	34	35	37	42	48	50	66	
22	18
8	14	17	20	26	29	30	34	35	38	39	40	41	49	53	55	59	90	
19	17
0	1	2	4	5	6	11	12	15	16	17	34	38	40	44	60	89	
22	17
2	4	6	8	19	31	33	37	39	41	44	49	51	53	55	69	89	
21	18
1	4	11	12	14	15	21	23	26	31	35	41	47	48	49	55	62	66	
22	18
1	5	6	9	15	21	23	24	30	41	45	47	49	50	53	66	69	90	
22	18
1	2	18	22	24	33	35	36	37	38	39	41	43	50	83	84	89	96	
20	17
0	1	9	19	20	22	23	24	26	28	33	35	40	47	62	69	89	
20	18
2	4	14	19	20	22	24	27	31	34	35	37	39	44	45	50	66	84	
20	17
0	1	2	4	7	9	10	11	22	30	36	40	42	43	53	69	84	
22	17
3	7	8	11	24	29	35	41	42	44	48	50	60	62	69	89	96	
20	17
2	5	9	10	16	17	21	24	26	33	36	39	41	49	53	55	90	
23	17
1	2	11	14	15	16	17	19	20	42	44	55	59	60	84	90	96	
20	17
3	5	9	15	22	24	26	28	29	31	33	43	44	48	51	60	96	
24	19
0	3	7	12	16	17	18	20	29	31	33	43	44	48	60	83	84	90	96	
21	17
0	1	4	11	17	18	19	22	33	36	37	38	44	51	55	84	89	
21	18
15	16	17	23	24	33	34	35	36	39	41	42	45	47	50	51	53	69	
23	19
1	5	11	20	22	27	29	36	37	40	41	42	43	48	50	51	69	90	96	
22	18
0	2	3	9	11	15	19	22	23	26	28	42	44	47	84	89	90	96	
22	17
1	5	16	18	19	20	30	31	36	39	43	49	53	55	59	83	89	
23	19
5	6	10	12	14	15	16	18	19	31	33	34	40	47	50	62	69	84	89	
19	16
0	2	6	9	10	14	17	19	20	31	40	43	44	60	90	96	
18	16
2	4	8	10	14	16	19	20	28	29	30	39	40	49	60	62	
22	18
6	8	14	20	23	26	29	34	37	41	42	44	48	49	55	60	69	84	
24	18
0	1	2	7	17	24	28	29	33	41	42	48	51	53	55	62	89	96	
24	19
0	1	3	6	17	26	27	29	36	38	40	43	44	50	53	55	60	62	66	
26	19
0	5	16	17	19	24	27	29	30	34	39	45	53	59	60	62	69	89	96	
22	17
6	11	17	22	24	26	33	39	40	43	44	45	60	62	83	84	90	
21	19
5	6	8	9	10	12	16	20	27	28	29	35	36	40	42	45	49	51	84	
23	18
7	11	17	20	23	24	27	31	36	41	42	43	47	53	59	66	83	84	
19	16
0	10	12	15	20	24	33	34	36	39	40	44	47	55	66	69	
19	18
2	3	6	7	15	17	18	22	26	27	28	31	36	39	41	43	50	53	
21	17
2	4	9	14	15	16	22	23	29	30	31	42	43	53	55	69	89	
21	17
1	5	6	8	9	20	23	24	26	34	40	43	50	60	62	69	90	
21	18
7	9	11	15	16	17	19	22	23	35	36	39	43	45	49	53	84	96	
21	16
0	3	6	8	9	19	21	28	33	38	50	51	53	62	84	96	
20	17
0	1	3	4	7	14	15	23	29	34	35	36	42	45	66	83	84	
22	17
0	6	7	12	18	19	23	24	35	40	47	48	51	60	62	69	96	
20	18
3	5	8	9	15	16	17	18	19	20	21	22	29	39	43	45	69	90	
23	16
0	2	4	10	20	21	33	34	35	51	55	59	69	83	90	96	
20	17
7	8	15	18	19	22	28	29	30	39	45	47	49	50	55	59	83	
21	18
1	7	15	17	20	21	22	23	26	27	28	30	37	40	49	53	89	96	
22	18
9	11	16	17	18	19	20	26	29	34	36	37	40	42	53	60	84	89	
21	17
0	3	6	7	18	24	28	29	31	33	38	41	44	53	84	90	96	
21	17
9	10	11	12	20	30	34	36	40	42	43	45	49	53	55	60	89	
17	17
0	1	2	4	5	9	11	17	19	22	27	31	33	36	37	38	44	
23	17
0	1	4	5	12	16	29	35	38	40	49	51	60	66	83	90	96	
20	17
1	3	4	6	7	20	21	23	27	31	36	37	45	50	53	60	84	
23	19
11	14	15	17	20	21	23	29	34	36	41	42	45	48	49	53	62	66	69	
22	18
2	3	7	10	11	15	21	27	33	37	38	40	43	49	60	66	89	96	
23	18
1	3	6	7	8	20	31	35	36	38	39	45	48	59	62	69	83	90	
22	19
1	5	6	8	14	17	19	21	23	27	30	36	38	41	43	50	53	60	90	
23	18
1	5	8	19	21	22	24	28	31	33	41	42	45	55	59	62	69	84	
22	19
1	3	4	8	9	17	19	22	23	27	30	35	40	42	44	45	53	69	84	
19	18
0	3	5	7	9	10	12	23	24	26	34	35	37	39	40	42	44	51	
24	18
0	1	2	7	15	22	24	31	33	37	42	48	51	55	59	62	66	83	
21	17
4	6	8	9	14	23	24	31	35	39	45	47	48	60	62	89	90	
22	16
3	5	8	17	18	20	22	23	24	49	51	55	60	66	83	89	
21	18
2	7	10	15	18	28	30	31	35	39	40	47	48	49	50	59	66	69	
22	17
0	5	14	16	21	24	27	35	36	39	40	47	53	62	66	84	90	
21	17
1	2	3	7	9	12	14	18	19	21	23	24	35	59	60	69	96	
17	15
0	2	4	14	16	19	20	22	28	30	39	40	50	51	66	
20	17
0	1	4	6	7	11	14	15	21	22	27	35	40	45	51	84	90	
20	17
1	2	3	5	7	18	21	23	28	30	31	40	47	50	55	66	90	
25	20
0	2	7	14	19	22	23	27	29	30	33	34	36	41	47	55	66	69	83	90	
24	19
4	6	11	17	18	20	21	28	33	35	40	41	44	50	51	53	62	66	84	
19	16
0	3	9	12	20	22	26	29	30	36	43	45	50	55	59	60	
22	17
0	1	4	7	14	16	17	31	35	39	43	44	59	62	66	84	96	
23	18
1	2	3	8	12	14	15	16	19	21	23	35	41	51	55	69	83	96	
22	18
0	1	9	10	21	26	34	36	39	42	44	45	48	50	51	55	66	69	
23	18
0	1	3	4	7	9	10	21	24	38	39	49	50	59	60	62	66	96	
21	18
0	2	4	6	7	8	17	20	26	28	35	36	41	45	49	51	59	84	
23	19
4	5	8	9	10	15	16	17	18	19	24	27	37	39	43	51	59	60	84	
22	18
2	3	5	6	8	14	20	21	22	26	41	43	47	50	66	84	90	96	
21	18
0	1	3	7	12	17	19	23	24	27	30	31	33	41	47	59	62	66	
25	18
1	2	3	6	12	21	22	24	31	33	48	51	53	60	66	69	84	90	
24	18
0	4	7	15	16	27	33	38	41	43	47	49	62	66	69	83	90	96	
23	19
1	7	12	14	19	20	23	27	33	34	36	40	41	42	48	55	60	66	69	
28	20
5	16	19	21	28	29	30	33	36	38	43	45	51	53	55	62	66	69	83	90	
22	16
0	4	8	11	24	26	34	36	40	48	51	53	55	69	84	89	
21	18
1	4	7	9	12	17	23	29	30	34	35	38	42	45	50	59	66	90	
23	19
7	8	10	11	14	19	22	24	27	31	33	38	42	43	48	51	62	84	89	
22	16
1	4	5	19	26	28	29	36	43	45	53	55	59	83	84	90	
20	16
0	3	5	9	12	15	19	20	26	28	34	42	53	62	83	89	
19	17
2	4	5	7	10	11	16	18	19	20	29	38	41	49	50	51	55	
22	16
1	5	7	15	19	24	26	29	42	49	53	55	60	62	89	96	
20	17
4	6	7	10	11	17	19	24	36	37	39	40	45	50	59	60	62	
21	17
2	5	7	8	9	11	17	19	30	37	38	44	45	51	53	84	96	
20	17
0	2	4	5	7	8	10	22	26	28	30	35	45	49	51	84	90	
21	18
5	8	14	15	16	18	23	26	29	33	40	45	47	48	50	66	69	90	
22	19
0	2	5	6	11	16	20	21	22	23	24	26	29	38	39	44	51	62	84	
18	17
0	2	5	6	7	9	12	14	16	21	23	27	37	38	40	49	51	
22	17
2	5	7	14	20	24	28	29	34	37	41	50	60	66	69	83	90	
18	16
0	1	3	5	9	18	19	22	23	24	26	28	33	45	60	66	
22	19
0	2	4	10	11	15	17	21	22	30	35	36	38	39	44	48	66	84	90	
22	17
1	2	14	18	19	23	29	36	37	42	44	50	53	55	60	66	90	
21	17
4	6	9	11	12	14	16	21	31	40	44	45	47	55	60	62	89	
23	19
1	8	9	10	17	28	29	31	35	39	41	45	47	48	49	53	55	84	90	
19	17
10	11	14	15	16	17	20	22	29	30	36	37	39	40	49	51	83	
20	18
0	2	4	8	9	10	19	26	30	31	36	37	38	41	45	49	51	66	
22	17
0	2	6	8	12	17	22	30	34	38	45	49	53	55	66	89	90	
19	17
3	7	8	10	12	14	17	24	28	33	36	42	43	44	48	55	69	
21	18
4	6	7	8	14	19	29	30	34	36	42	44	47	48	50	55	60	83	
18	17
1	2	4	5	9	15	16	18	21	27	28	30	35	40	43	50	51	
22	18
2	9	11	14	19	20	22	29	33	40	41	42	43	44	51	53	55	90	
18	16
6	7	8	9	14	15	19	30	31	34	35	37	39	45	55	59	
20	17
2	3	5	9	10	12	16	20	21	35	36	40	42	43	60	66	69	
21	18
2	7	8	10	15	18	19	20	31	35	41	42	44	47	50	59	90	96	
21	18
0	1	9	12	22	23	26	27	28	35	37	38	42	43	49	62	83	96	
20	17
0	3	4	6	7	11	12	17	18	21	22	27	43	45	60	62	84	
19	18
2	4	5	8	9	12	14	23	24	29	30	31	36	38	43	44	49	60	
21	18
2	5	6	8	11	12	15	16	19	22	34	36	39	40	50	53	66	69	
19	17
7	8	12	15	16	17	19	23	24	30	31	35	38	39	49	53	55	
23	19
1	3	14	17	18	30	35	37	38	39	42	43	45	47	49	55	59	84	89	
22	18
6	7	10	11	14	17	18	20	21	23	27	30	33	38	62	69	89	96	
21	17
1	7	11	15	18	19	20	29	33	36	38	39	40	55	59	62	69	
24	19
3	8	9	18	22	23	27	33	35	36	41	42	44	48	53	55	83	90	96	
20	17
14	16	18	22	24	26	27	29	30	35	36	39	41	48	51	60	84	
18	16
1	3	5	9	12	14	21	23	29	35	38	40	43	45	59	60	
24	18
1	7	17	18	21	23	24	28	30	40	44	47	51	55	60	66	69	96	
20	17
3	4	8	16	18	20	26	27	30	34	40	42	43	50	51	53	66	
19	17
0	2	6	11	12	14	15	18	19	28	31	39	42	47	48	51	53	
23	17
5	7	21	28	29	30	34	36	40	42	48	53	55	59	62	83	84	
24	20
1	5	7	12	15	17	20	22	26	28	31	33	43	47	48	50	55	59	60	84	
24	18
1	11	16	20	22	23	24	28	30	39	41	49	55	59	60	66	69	96	
21	18
0	6	8	11	16	20	21	24	26	29	38	40	41	42	50	53	60	83	
23	18
3	5	7	10	16	26	29	30	34	35	37	39	49	53	55	59	83	90	
24	18
0	4	16	18	22	24	26	34	35	41	42	47	51	62	69	89	90	96	
20	17
1	3	4	10	11	14	16	17	21	26	27	36	38	50	66	84	90	
21	17
0	1	6	15	16	22	26	28	34	35	36	43	45	55	60	69	83	
22	17
8	10	11	14	15	21	22	33	34	38	42	43	55	59	60	69	96	
22	17
2	6	14	18	20	26	27	29	36	37	39	47	51	53	69	89	90	
22	17
2	3	5	6	12	15	26	29	34	35	38	43	51	53	55	66	96	
21	18
2	4	6	12	20	23	24	26	33	35	39	41	42	44	47	62	69	83	
23	19
1	3	4	6	10	15	21	22	24	29	31	33	35	43	45	62	69	83	84	
24	18
0	6	9	12	27	29	30	34	35	40	43	47	51	55	62	66	84	96	
21	18
0	2	9	10	11	22	26	27	30	31	36	37	38	45	48	60	66	90	
22	17
5	7	8	12	16	24	26	36	43	45	47	49	53	62	66	83	89	
21	17
1	4	6	9	12	18	20	21	22	23	24	27	35	51	53	59	62	
22	19
0	1	4	6	7	8	10	11	14	20	23	24	35	37	40	48	59	66	96	
22	17
0	4	6	9	15	30	33	34	40	42	47	50	55	60	62	84	96	
22	18
0	5	8	10	15	19	20	22	23	34	38	41	48	49	55	59	60	84	
17	16
1	3	5	6	7	9	10	18	22	24	27	28	29	30	31	60	
19	17
0	1	3	7	8	12	15	20	22	27	28	33	36	38	45	55	83	
20	18
4	9	10	11	16	19	21	23	24	29	33	35	36	39	45	49	51	66	
22	19
4	7	17	19	21	22	24	27	28	30	31	36	38	41	43	48	53	60	89	
23	18
1	7	12	14	21	22	28	33	34	35	38	43	45	53	60	62	69	89	
19	17
5	7	8	9	12	18	23	27	30	31	33	37	44	48	49	55	59	
21	18
1	3	4	12	15	18	21	26	35	36	37	41	44	47	50	62	83	84	
22	17
1	3	15	19	20	21	24	35	36	38	42	44	55	59	60	83	90	
21	16
0	7	9	11	14	16	23	31	37	42	48	51	55	62	66	84	
24	19
4	7	12	14	16	21	23	30	33	34	37	38	41	50	51	55	66	69	96	
21	18
2	3	7	8	16	18	23	24	28	29	31	33	34	40	42	59	62	69	
22	18
1	2	11	12	14	16	18	20	21	24	29	35	41	48	53	62	83	96	
20	17
2	3	6	7	8	17	22	24	37	41	42	43	45	49	53	60	90	
23	18
0	3	5	6	18	26	27	33	34	36	40	48	50	51	53	60	66	90	
22	18
0	1	3	8	9	18	21	23	27	33	34	35	36	47	51	55	90	96	
23	18
2	4	6	7	10	16	18	29	31	34	35	42	47	59	62	69	83	96	
19	16
2	4	5	8	14	15	16	21	24	27	31	36	41	60	69	83	
18	15
5	7	10	17	26	27	30	35	36	37	39	50	53	55	62	
25	19
8	9	17	19	20	21	24	36	43	47	48	49	50	59	62	66	69	89	90	
23	17
0	7	8	11	18	38	40	42	45	49	50	51	53	55	60	83	89	
22	17
1	5	6	11	17	19	23	24	40	41	42	44	51	69	84	90	96	
21	18
2	3	4	7	10	16	21	29	30	36	40	42	43	48	49	55	59	60	
19	16
0	3	4	5	6	10	14	27	28	29	39	48	50	62	69	90	
20	18
3	11	17	19	21	23	24	26	28	29	38	40	41	45	49	50	51	90	
21	18
1	7	9	10	15	16	19	20	24	26	27	35	40	42	49	53	66	83	
21	18
3	4	5	10	14	15	16	27	34	36	37	41	42	47	48	62	89	90	
18	15
2	4	5	11	14	15	18	26	27	40	47	48	51	66	69	
22	19
0	2	8	9	15	19	22	23	24	28	31	34	37	43	48	50	60	66	83	
20	18
0	4	6	7	8	10	11	12	15	17	27	36	39	42	44	48	59	62	
20	18
1	2	5	8	9	10	11	12	17	23	30	33	38	39	42	45	53	55	
19	17
0	1	3	8	10	14	16	17	20	22	27	28	31	39	50	60	90	
18	16
1	6	9	10	11	23	24	26	34	35	39	44	45	50	60	89	
23	18
6	8	10	15	16	19	27	28	33	37	38	39	48	51	55	62	84	96	
19	18
4	7	8	12	14	15	18	20	22	29	31	33	36	37	40	42	48	59	
21	16
3	5	14	22	24	29	30	33	37	41	47	51	60	69	89	90	
18	17
0	1	2	6	10	12	19	21	24	31	35	41	42	43	44	47	51	
20	16
1	3	4	5	9	12	15	29	31	38	43	50	51	53	59	89	
23	19
2	4	7	12	14	15	19	20	21	22	24	26	35	36	45	53	55	62	84	
25	17
2	7	10	12	19	30	31	38	39	55	60	66	69	83	89	90	96	
21	18
3	7	9	15	16	18	21	24	27	28	29	34	45	48	50	60	66	89	
22	18
4	8	14	15	20	21	22	24	30	31	39	41	42	43	55	62	90	96	
20	16
0	1	6	7	8	10	15	21	31	41	47	50	53	62	84	90	
20	16
2	3	4	8	10	11	21	24	31	36	37	41	55	62	69	84	
26	19
0	4	9	10	18	19	23	36	40	43	47	48	51	53	55	59	66	69	84	
19	18
2	4	6	7	8	9	18	21	24	27	28	31	34	37	44	45	49	51	
19	18
0	2	4	5	9	14	15	17	21	26	33	35	36	39	45	48	50	60	
24	19
0	2	9	10	18	19	20	21	28	30	35	44	49	50	55	60	83	84	96	
19	17
0	1	2	3	8	18	19	31	38	43	44	45	47	48	50	84	90	
21	18
2	3	5	7	11	16	19	22	24	26	29	39	41	49	50	53	66	90	
21	18
8	9	17	20	21	22	23	27	28	29	36	37	42	47	49	55	62	89	
22	19
0	1	3	4	5	6	8	11	12	29	33	35	40	43	47	48	51	60	90	
19	17
2	3	4	7	8	10	12	14	15	22	29	37	38	39	45	66	90	
21	18
0	2	6	10	11	14	20	22	23	31	33	40	41	42	43	60	66	89	
22	17
1	3	8	9	12	17	18	20	21	27	33	43	51	53	60	83	89	
18	15
6	14	15	18	23	29	33	37	39	40	42	45	51	59	83	
21	17
0	1	2	5	9	12	14	19	24	28	31	37	49	51	60	62	96	
23	18
3	8	15	16	21	29	31	41	43	44	47	48	49	53	59	83	89	90	
23	18
1	2	7	9	11	19	20	35	37	39	41	44	50	53	55	59	60	89	
20	16
0	5	8	11	14	19	21	22	23	29	34	42	55	59	83	84	
24	18
2	9	12	14	17	21	24	31	33	38	44	49	51	53	59	83	90	96	
26	19
1	2	3	11	15	16	21	26	33	34	40	45	59	60	62	69	83	84	89	
24	18
0	2	7	12	23	24	34	36	39	44	47	48	53	55	60	62	66	90	
22	19
3	9	15	16	19	21	24	27	31	34	38	43	45	47	48	49	51	53	89	
24	19
2	5	6	7	10	18	20	26	30	34	35	47	48	49	66	83	84	89	90	
22	19
0	1	2	4	6	7	9	16	19	22	24	29	36	41	48	50	53	60	66	
20	17
1	6	8	9	10	11	12	14	26	31	33	40	42	47	60	66	96	
21	16
0	5	6	15	16	20	24	27	28	38	50	53	59	60	62	83	
23	18
3	5	7	8	10	15	17	26	27	37	39	45	48	53	60	66	83	89	
19	17
0	1	4	6	11	12	14	21	24	26	29	33	40	44	48	89	96	
19	16
3	5	8	12	14	16	18	24	34	41	43	48	50	55	66	90	
21	18
0	1	7	8	12	14	15	18	24	33	36	37	38	42	48	66	83	90	
23	19
0	3	8	12	15	17	22	28	34	41	42	43	45	48	49	59	66	83	90	
20	19
0	4	6	11	12	15	17	18	21	23	26	29	31	34	37	41	44	50	60	
21	17
3	7	10	11	20	21	23	24	28	35	45	47	50	51	59	66	90	
20	17
0	14	16	17	19	20	23	24	31	33	34	39	40	42	51	59	62	
22	17
4	5	6	7	8	9	18	20	29	30	39	40	53	59	60	62	84	
21	18
0	1	2	3	12	14	17	22	24	29	31	34	35	43	44	62	84	89	
21	16
0	1	8	14	17	20	22	27	34	41	50	51	55	83	89	96	
22	17
4	6	12	21	23	24	26	27	31	40	43	49	62	69	84	89	90	
23	18
2	14	18	19	21	22	26	28	29	36	38	39	41	51	53	69	83	90	
20	17
3	5	9	12	17	18	19	20	26	27	28	29	34	40	53	55	59	
20	17
6	9	10	11	17	24	26	27	33	35	39	40	43	49	51	55	96	
20	17
12	17	18	23	24	27	29	36	37	39	40	44	45	47	60	66	90	
23	18
1	2	5	10	15	19	31	38	40	41	43	44	45	51	60	62	89	96	
21	17
4	5	6	9	10	12	14	23	29	31	43	45	49	51	55	62	89	
19	17
0	3	4	9	11	14	15	21	26	33	34	35	37	38	45	55	66	
18	17
0	3	5	6	8	10	14	16	17	24	27	37	38	39	45	50	55	
20	18
2	4	8	9	11	14	15	28	30	33	35	38	39	42	45	47	60	89	
24	19
2	3	4	5	11	17	20	24	26	31	33	38	39	42	59	84	89	90	96	
23	18
0	1	5	7	8	9	19	20	31	40	42	44	47	55	59	62	84	96	
19	15
0	1	2	4	5	6	20	24	26	34	40	59	60	69	89	
24	19
1	7	15	19	24	29	30	34	37	42	43	45	47	49	60	66	83	84	90	
20	17
0	4	7	9	10	22	27	31	33	34	40	43	47	50	60	62	69	
21	17
2	3	4	5	7	9	10	22	29	39	45	48	50	51	66	84	96	
22	18
2	10	11	17	18	21	24	26	33	36	39	40	42	50	51	55	83	89	
23	17
0	1	6	9	10	19	20	26	31	42	45	51	59	62	66	69	83	
21	18
6	11	17	19	22	24	33	36	37	38	41	42	43	45	50	59	62	90	
27	19
0	4	5	6	15	18	27	33	34	37	42	51	53	55	59	60	62	66	84	
19	16
2	7	8	18	19	20	21	24	26	28	33	37	43	55	84	90	
19	16
2	6	7	8	9	19	21	22	26	36	38	45	49	59	83	84	
23	18
0	1	6	15	17	20	27	28	35	38	40	41	44	51	53	59	69	84	
21	18
4	5	6	9	10	15	16	18	24	27	31	34	44	45	50	53	60	89	
20	17
5	9	15	16	17	21	24	31	33	42	44	45	47	49	53	69	84	
25	19
3	4	7	11	17	19	26	28	29	30	42	48	49	53	55	69	89	90	96	
23	16
0	3	12	14	15	28	41	45	48	51	55	59	62	66	83	90	
21	17
0	4	8	17	19	21	28	29	31	35	36	38	45	53	69	84	90	
21	18
1	3	6	11	22	24	28	33	34	37	42	43	44	45	50	59	83	90	
24	18
1	5	10	15	18	21	26	29	37	38	43	47	60	62	66	69	89	96	
23	19
0	7	9	10	11	12	19	20	23	30	33	35	38	40	45	55	66	69	96	
22	18
2	4	7	10	15	21	22	23	27	29	31	34	35	45	53	55	60	66	
21	16
0	4	12	14	15	26	30	33	41	42	45	51	59	62	83	90	
23	18
3	6	8	9	11	12	15	24	26	29	30	40	42	53	84	89	90	96	
23	18
3	5	16	18	21	24	26	30	31	34	37	38	40	53	59	62	66	84	
24	20
1	3	6	7	11	16	17	18	19	21	22	23	33	43	48	49	53	60	84	96	
23	18
0	1	3	4	9	12	15	27	29	31	34	43	49	51	53	60	62	90	
21	18
0	9	11	12	15	16	17	19	20	22	28	29	38	40	44	55	62	66	
20	18
0	1	3	9	15	17	20	21	23	27	33	37	38	44	47	49	55	60	
19	16
0	3	5	10	12	15	16	21	24	29	33	37	43	55	59	62	
19	17
4	5	6	9	10	11	14	15	18	26	27	28	30	39	43	84	89	
20	17
1	5	6	11	15	18	19	28	31	34	39	40	41	47	55	66	83	
20	17
1	2	10	16	17	18	23	24	31	33	39	40	43	45	66	84	96	
20	16
6	7	8	10	24	29	30	35	39	41	42	48	51	84	89	96	
20	18
2	5	9	10	14	15	17	18	26	27	31	33	37	39	48	50	55	90	
22	17
5	10	19	20	27	30	31	34	36	39	40	42	53	55	66	69	89	
22	19
4	5	9	12	16	21	22	24	27	29	30	33	35	36	37	49	62	83	90	
23	20
4	7	10	14	16	19	22	23	24	27	39	40	44	45	47	48	50	66	90	96	
24	18
0	4	8	22	23	26	35	38	43	44	45	49	59	60	69	84	89	90	
20	18
5	7	9	11	12	14	15	17	22	26	28	34	38	41	44	50	62	96	
18	17
2	4	5	9	12	14	15	16	21	24	30	31	39	47	49	50	89	
20	18
1	4	6	15	22	24	26	33	41	42	43	45	47	48	49	50	89	90	
20	18
2	6	7	8	9	12	19	21	27	31	33	37	41	42	43	48	55	83	
25	19
0	4	5	8	12	14	15	16	28	37	38	40	47	55	59	60	66	69	83	
19	17
0	1	2	8	9	14	15	17	22	23	28	29	31	41	43	55	62	
22	18
1	6	9	12	16	19	21	24	28	29	30	41	45	50	51	53	66	90	
22	18
2	5	9	10	14	17	27	28	30	31	34	39	40	41	53	55	83	89	
21	17
2	7	11	14	18	29	34	36	37	38	42	44	48	51	53	59	84	
20	16
0	1	3	8	10	14	19	20	23	35	36	41	51	55	83	96	
24	19
10	11	12	21	24	26	27	28	34	38	44	45	47	49	59	60	62	66	90	
20	18
0	2	6	8	9	10	12	23	26	27	29	31	33	39	40	42	66	89	
21	17
2	3	5	14	16	18	23	24	28	31	33	40	44	55	60	66	89	
20	17
0	3	5	7	11	14	15	18	31	34	38	39	40	42	83	89	96	
20	17
0	6	12	14	16	19	20	24	28	29	30	35	40	44	51	53	59	
21	17
0	1	3	7	9	11	15	17	21	23	36	38	39	55	60	66	89	
25	19
1	4	8	10	14	19	20	23	39	40	47	48	50	53	55	62	66	69	90	
19	16
0	4	5	7	10	11	18	23	26	27	33	41	49	59	69	89	
21	17
0	2	3	6	8	19	20	22	24	40	43	48	49	59	60	69	90	
21	17
1	4	5	8	9	15	18	19	21	30	33	41	47	53	62	69	96	
22	18
2	9	14	16	18	19	24	26	30	31	33	42	44	47	51	84	89	96	
21	17
5	7	8	17	19	21	22	30	33	35	38	40	50	53	55	60	83	
23	18
0	3	7	11	18	19	20	29	35	44	47	48	49	51	59	69	84	90	
21	19
4	6	8	9	10	14	15	19	27	31	37	38	39	41	43	48	50	84	89	
24	19
4	5	6	8	9	18	20	23	24	26	33	34	44	45	59	60	66	89	90	
22	17
4	7	24	28	30	34	36	39	41	47	48	50	51	53	60	62	69	
21	18
0	4	8	15	16	24	26	29	30	33	35	36	38	40	44	53	55	60	
23	18
0	9	11	12	16	20	22	28	29	31	35	45	50	55	59	60	62	66	
24	19
0	1	10	11	12	17	18	20	31	35	39	42	44	45	53	55	60	66	84	
21	17
0	1	2	4	5	6	11	14	17	26	37	41	48	53	60	84	89	
19	16
0	2	5	8	14	16	23	31	33	40	45	47	48	53	69	84	
18	16
0	4	9	16	17	19	24	27	28	30	31	39	40	45	51	53	
22	18
6	9	10	15	16	18	20	21	28	34	37	41	42	50	55	69	89	90	
22	18
2	6	7	14	15	18	20	27	33	38	39	40	41	50	66	69	89	90	
20	17
6	8	17	27	29	31	33	34	37	39	43	45	48	49	53	55	59	
21	17
0	5	6	7	10	17	18	21	27	36	37	45	50	53	55	60	62	
18	16
0	2	3	4	10	16	26	27	28	29	34	35	36	38	51	66	
21	18
2	3	4	6	7	8	9	20	36	38	41	42	47	48	50	60	62	89	
21	17
7	10	11	14	16	17	24	27	33	36	38	39	48	66	89	90	96	
20	18
0	1	5	7	14	20	21	22	23	26	27	28	34	35	41	45	55	89	
20	17
0	2	7	9	14	17	21	24	27	28	33	40	44	49	51	90	96	
22	18
1	2	3	6	8	16	19	24	27	30	35	36	42	43	51	66	83	90	
21	18
4	7	9	11	12	16	17	20	21	22	38	42	43	49	50	59	89	90	
21	17
3	5	8	16	19	23	24	26	27	39	40	45	50	51	55	66	69	
23	18
0	2	8	14	21	23	29	30	33	35	37	40	44	51	53	69	89	96	
23	18
0	1	14	16	17	18	20	23	24	27	33	40	41	51	55	59	60	62	
23	19
0	5	8	10	12	15	21	23	24	31	36	37	40	43	49	59	60	89	90	
21	17
5	8	11	16	20	22	23	28	31	39	43	49	50	53	55	89	90	
18	17
1	2	3	5	9	11	12	15	16	19	20	22	36	39	48	50	69	
22	18
2	3	16	26	29	33	35	36	39	41	43	44	45	49	53	59	66	84	
23	18
0	8	14	19	20	24	28	29	36	37	44	45	47	53	59	60	66	83	
21	17
1	4	6	7	8	20	21	33	34	37	40	44	47	55	59	60	89	
21	18
0	1	6	11	12	14	18	26	27	33	36	43	45	47	49	51	69	84	
19	17
3	5	8	9	17	22	24	30	33	35	39	41	42	49	50	59	90	
19	17
0	5	6	9	10	11	14	15	17	21	23	33	37	40	42	53	96	
24	18
2	8	12	18	20	22	24	28	30	42	45	49	53	55	59	69	83	90	
22	18
0	1	7	12	14	15	18	20	24	26	28	34	39	41	51	55	66	89	
24	19
7	11	12	14	16	20	26	28	33	38	39	41	45	47	53	55	62	83	84	
20	17
0	1	3	6	9	14	18	19	24	27	36	37	44	47	53	62	84	
22	17
0	1	6	7	8	15	20	21	22	35	39	40	51	55	59	62	90	
20	18
1	4	5	6	11	15	19	21	23	30	33	39	40	45	47	50	69	90	
22	17
1	4	7	10	12	15	19	20	38	42	47	48	51	53	83	84	96	
22	18
4	10	14	16	18	19	20	29	30	38	40	42	44	49	55	59	83	84	
22	18
1	4	6	11	19	26	28	29	34	36	39	41	43	47	60	69	84	90	
22	18
1	2	4	8	10	15	16	20	30	31	39	40	44	50	51	55	66	69	
25	19
2	3	9	14	17	20	23	24	26	28	33	39	43	59	60	69	84	90	96	
22	18
0	2	4	5	10	15	16	18	24	31	40	44	47	49	51	60	69	83	
22	18
0	2	3	4	15	16	22	24	28	29	36	37	39	43	51	55	60	83	
21	17
0	3	5	12	14	15	16	20	24	26	42	43	49	53	62	66	89	
23	17
1	11	12	15	19	23	27	31	39	43	44	53	55	59	66	89	90	
20	17
0	1	4	6	9	11	12	14	15	18	33	36	43	47	60	62	84	
21	15
1	6	7	8	33	34	39	45	50	51	53	55	62	66	89	
19	16
1	4	6	9	12	20	23	24	26	31	34	40	42	60	83	96	
21	17
3	4	7	10	12	17	23	28	29	30	39	43	45	60	66	83	96	
22	17
0	6	10	16	27	28	29	35	36	38	44	49	51	53	66	84	96	
25	19
2	3	5	7	9	10	14	15	26	30	38	40	41	51	59	60	62	83	90	
19	17
1	2	4	10	12	15	16	17	21	23	27	31	38	48	49	55	89	
21	18
1	5	8	9	10	28	29	30	31	40	41	43	44	45	47	53	55	90	
21	17
0	3	4	19	22	23	24	28	30	40	43	45	48	53	59	60	62	
20	17
0	4	8	11	17	21	23	27	33	36	38	45	48	49	51	53	59	
20	17
0	5	6	7	11	14	15	17	21	27	33	40	43	44	66	89	96	
20	17
0	1	3	4	15	22	24	26	28	31	33	40	43	50	51	55	62	
20	17
1	4	5	9	10	14	15	18	22	33	38	39	41	43	53	60	62	
23	19
4	7	9	10	15	18	23	28	30	31	34	37	38	39	48	53	60	62	83	
22	16
1	7	8	11	17	24	33	35	36	39	51	53	55	62	89	96	
23	19
4	5	15	17	18	21	23	26	31	34	35	36	39	43	44	51	55	59	84	
22	18
3	4	8	9	10	20	29	33	34	37	40	42	43	44	59	60	62	69	
21	18
2	4	9	10	15	19	30	31	37	38	42	43	45	47	48	59	90	96	
19	17
1	3	4	6	11	16	17	20	21	22	27	30	35	38	40	53	66	
23	18
0	3	12	18	20	22	23	31	33	36	42	44	49	55	59	66	83	90	
20	17
0	3	4	7	10	11	21	28	29	30	31	39	42	48	51	53	55	
23	18
2	3	4	5	6	8	17	18	20	28	43	48	50	51	53	66	83	90	
21	18
2	3	4	9	11	14	16	22	23	24	31	34	40	42	43	55	60	66	
21	17
0	8	12	14	19	20	23	24	30	35	39	44	48	53	59	62	83	
23	19
1	6	11	12	17	18	20	21	27	33	35	44	47	48	49	53	55	83	84	
22	17
3	5	11	12	18	24	26	29	37	39	42	45	55	60	66	84	90	
20	19
0	2	3	4	8	9	12	14	15	20	21	28	31	35	37	39	42	44	90	
20	17
0	1	3	6	9	10	20	24	26	28	34	37	42	50	59	60	66	
23	18
4	8	12	27	29	31	33	35	37	39	41	43	44	51	59	60	69	90	
22	17
2	7	11	16	21	22	24	30	33	34	37	43	53	59	62	83	96	
21	17
2	3	4	7	9	19	21	23	26	29	33	48	49	55	62	83	96	
20	17
2	4	14	18	19	21	29	34	35	36	39	40	42	43	55	69	84	
20	16
3	4	12	15	19	23	24	27	35	41	42	43	51	69	83	96	
21	17
2	5	10	14	16	18	20	21	28	34	42	47	50	66	69	90	96	
22	19
2	7	11	15	16	17	18	21	26	27	29	36	43	45	48	49	62	83	96	
21	18
2	4	5	7	8	11	15	16	22	24	26	30	36	38	44	51	84	90	
21	18
2	4	5	7	9	15	17	20	22	23	27	28	33	35	45	51	53	90	
21	18
4	6	12	15	17	18	27	31	35	36	37	39	41	44	49	51	55	90	
22	18
3	12	14	18	20	22	29	34	35	37	39	43	44	49	55	59	84	89	
22	17
4	7	10	11	27	36	38	39	40	45	47	50	51	53	66	69	83	
21	18
0	1	7	8	11	15	19	23	24	26	33	34	44	45	47	53	66	90	
22	17
4	7	8	12	19	23	26	35	37	40	42	43	55	59	83	84	96	
23	18
3	7	8	21	24	26	28	29	30	43	45	48	49	53	55	69	84	96	
24	18
0	1	9	12	15	16	19	24	29	34	41	43	59	60	69	84	90	96	
20	18
3	4	14	15	16	21	23	27	29	33	36	39	41	42	43	49	60	62	
20	18
0	1	2	4	7	10	12	15	18	24	33	38	40	47	48	50	84	96	
24	18
1	2	6	7	8	11	15	19	37	39	41	49	59	60	66	83	89	96	
20	17
0	1	12	14	17	19	22	26	27	33	35	36	37	39	51	55	84	
25	19
2	4	6	18	24	34	35	37	38	40	42	43	45	51	60	62	66	84	90	
22	18
2	4	11	12	15	18	21	24	26	27	36	37	39	45	62	66	83	96	
19	17
1	3	6	8	9	19	23	24	27	28	37	38	39	43	45	51	90	
21	18
0	3	6	9	15	19	21	22	24	26	27	30	41	43	45	51	53	59	
25	19
0	3	7	12	14	23	26	28	36	38	40	41	50	51	59	60	62	89	90	
20	17
7	14	16	17	20	22	27	30	33	38	41	42	48	50	51	55	60	
22	18
9	10	16	17	19	23	33	36	37	41	42	43	45	48	53	59	60	69	
24	20
3	9	14	17	18	21	22	27	28	38	40	41	42	43	45	50	55	69	89	90	
22	19
0	3	4	10	11	23	24	28	31	33	35	39	42	44	45	49	62	69	83	
23	19
0	6	8	18	22	23	24	30	36	39	41	43	45	48	50	53	69	83	84	
18	17
1	2	5	6	7	8	14	17	24	26	28	33	37	47	48	49	83	
21	18
1	4	5	6	7	8	9	17	23	31	35	37	38	45	47	66	69	90	
19	17
0	2	5	10	11	12	15	16	18	24	34	35	41	43	47	51	55	
21	17
1	4	5	12	18	22	24	26	29	36	39	42	48	53	60	66	96	
20	16
0	7	8	12	15	19	20	28	30	34	42	45	53	55	83	89	
22	19
1	5	7	11	12	17	20	22	24	26	28	36	39	40	41	42	53	84	90	
22	18
0	8	9	14	19	23	33	34	38	40	43	44	45	48	53	60	83	89	
24	18
0	1	2	3	4	5	12	19	29	34	39	48	53	55	59	69	83	84	
21	18
3	7	9	10	14	18	19	20	21	29	35	37	40	42	50	60	69	83	
23	18
5	9	10	15	16	21	31	34	36	40	42	49	50	53	60	66	84	89	
22	18
1	4	5	6	16	22	29	30	33	38	44	45	49	50	53	69	84	90	
21	18
1	2	3	6	8	9	12	15	16	17	20	41	42	43	45	89	90	96	
21	18
0	3	4	8	9	12	19	23	27	28	35	37	40	43	45	84	89	90	
23	18
0	1	11	20	26	27	30	36	37	39	42	43	47	51	53	62	89	90	
20	15
1	5	8	12	14	17	33	39	41	45	51	55	59	89	96	
23	18
2	6	7	21	23	24	26	30	31	34	37	41	42	53	62	66	69	84	
22	18
0	1	2	5	7	12	16	20	21	30	34	40	45	47	53	83	84	89	
22	19
2	4	7	8	18	19	22	24	28	37	38	41	42	43	47	50	51	53	96	
23	17
4	5	9	17	18	27	29	40	41	43	44	51	53	60	69	83	90	
19	17
6	9	11	12	14	21	22	24	29	31	33	34	39	40	43	60	90	
20	18
0	3	7	10	12	15	17	18	19	20	27	29	38	43	48	50	66	89	
22	16
0	1	7	11	14	17	20	26	31	34	53	62	84	89	90	96	
21	18
5	6	12	14	15	16	18	19	23	28	40	41	43	44	45	60	89	96	
22	17
0	5	11	18	23	28	31	34	35	36	42	47	53	55	62	84	89	
24	20
1	6	9	12	15	16	18	19	22	24	31	36	39	41	44	48	51	59	62	84	
23	18
0	6	11	12	14	20	21	22	27	29	33	41	42	51	55	60	66	69	
21	17
5	7	14	18	19	20	26	28	29	35	48	49	50	51	53	84	96	
25	19
3	11	15	16	19	24	26	27	28	33	37	39	44	53	55	59	69	83	96	
23	17
5	6	9	14	16	21	27	30	35	37	40	51	53	55	69	84	90	
27	19
0	2	4	9	15	17	22	24	36	43	44	53	59	62	66	69	83	84	96	
20	16
0	1	4	12	18	19	26	27	29	31	45	49	59	84	90	96	
21	18
0	1	2	8	9	12	14	15	19	26	33	35	37	45	49	60	62	84	
24	18
5	9	17	18	26	29	34	37	38	47	49	50	60	62	66	69	84	90	
19	17
3	5	14	16	18	24	26	29	30	31	36	37	39	40	48	51	55	
23	19
3	8	11	14	24	26	30	31	33	36	38	40	41	42	48	62	69	84	90	
20	17
2	10	17	19	21	22	29	31	35	38	41	47	49	50	51	53	83	
25	18
3	4	6	20	22	23	30	35	37	39	42	55	59	62	66	69	83	89	
21	18
1	2	3	14	16	18	24	33	35	37	38	39	43	45	47	66	69	83	
24	17
8	11	15	26	30	33	37	42	44	45	51	55	59	60	62	69	84	
26	19
2	3	5	8	9	18	20	22	27	35	44	45	51	60	66	69	83	89	96	
22	18
2	5	9	10	21	23	27	29	31	35	39	40	42	47	55	60	66	89	
22	19
0	4	5	6	7	10	11	15	18	31	33	34	35	37	45	48	53	62	89	
27	19
0	1	6	11	27	33	34	40	42	48	49	53	59	60	62	66	69	84	96	
22	17
0	4	7	11	14	29	30	35	39	40	42	48	51	55	66	89	96	
21	18
3	7	17	20	22	24	27	28	29	36	38	40	42	43	48	53	62	66	
24	17
0	1	10	11	20	24	26	33	34	48	51	55	59	60	69	84	90	
20	19
5	12	14	15	18	19	20	28	34	36	37	39	41	42	45	47	48	50	59	
20	16
3	8	12	15	16	19	21	28	29	36	38	49	55	59	60	83	
21	18
15	17	18	24	29	36	37	39	40	41	44	47	48	49	50	51	66	90	
21	18
1	3	6	12	15	20	28	29	35	38	41	42	43	47	48	51	53	96	
21	17
3	6	11	16	18	19	20	29	33	36	39	40	45	51	53	55	62	
20	17
6	9	10	11	21	22	27	30	31	33	37	39	40	44	55	84	89	
20	16
0	4	11	16	18	19	20	24	39	40	49	50	51	59	62	83	
21	18
0	3	4	6	7	11	12	15	18	23	29	31	39	43	49	53	83	89	
18	15
0	3	5	8	9	19	24	27	37	39	42	47	60	62	90	
20	18
4	5	8	10	12	22	26	29	30	34	35	36	41	44	45	50	62	69	
24	19
6	7	10	16	21	23	28	30	33	36	41	43	49	50	51	53	59	89	96	
19	18
3	8	9	10	15	19	22	24	35	36	38	39	40	41	43	47	50	62	
24	18
3	5	11	14	16	20	24	28	30	35	41	44	53	55	59	83	90	96	
20	17
2	8	9	10	12	15	17	18	19	20	37	42	48	50	51	55	84	
20	18
3	4	6	9	12	16	21	23	31	33	36	39	41	45	49	50	69	84	
23	16
0	22	24	28	34	36	40	42	44	51	53	55	62	66	69	84	
22	17
2	5	7	12	20	21	29	30	34	36	44	49	53	55	59	62	83	
18	17
0	5	6	9	10	11	14	19	20	23	24	27	30	31	34	48	83	
20	17
1	10	16	19	21	23	24	26	29	33	36	42	43	47	51	53	89	
18	16
0	4	9	10	11	15	19	21	22	24	26	27	40	45	62	84	
20	16
3	5	8	11	14	15	17	31	37	45	48	49	55	59	60	83	
21	17
0	2	3	9	11	28	29	31	33	43	45	48	49	59	62	84	89	
21	17
5	16	17	18	19	20	22	24	30	35	42	49	50	51	53	59	66	
18	17
0	8	12	14	16	17	18	20	23	24	26	36	39	40	48	50	66	
22	18
2	6	9	10	16	18	20	23	28	35	36	39	42	50	51	83	84	90	
20	16
0	1	7	10	11	14	20	22	23	26	36	41	51	59	89	90	
21	18
3	5	6	12	15	21	26	27	29	36	39	40	43	44	49	55	60	66	
26	19
2	3	5	8	22	26	28	29	30	33	37	49	51	59	62	69	83	89	90	
18	17
1	5	6	9	11	12	17	18	19	20	21	22	29	30	41	45	51	
23	18
4	5	7	14	15	20	24	26	27	30	36	40	50	53	55	66	83	96	
23	17
0	1	7	11	14	20	23	28	30	34	49	60	62	66	83	84	89	
23	19
0	1	7	11	12	15	17	20	23	28	37	38	41	43	44	59	60	62	90	
23	17
4	5	9	11	16	17	18	19	23	47	48	60	66	69	84	89	96	
17	15
0	1	3	4	11	14	18	22	26	29	37	39	48	84	96	
19	18
0	4	6	7	8	9	20	22	24	35	40	41	42	43	44	47	48	69	
22	18
1	2	5	9	11	17	19	21	29	37	38	42	44	49	51	53	69	83	
25	19
2	3	14	16	18	20	23	29	30	38	39	40	49	51	62	66	69	83	89	
21	17
1	3	5	8	11	15	16	18	23	24	26	36	40	55	60	69	89	
23	18
7	8	23	24	26	30	31	33	35	38	39	44	48	59	62	84	89	90	
23	18
1	4	5	6	8	11	19	24	29	31	36	38	45	53	62	69	83	84	
21	18
1	2	11	17	20	23	28	29	37	38	39	42	45	47	48	53	66	84	
23	17
5	9	11	14	30	38	41	43	44	47	49	55	59	60	62	66	90	
22	18
3	4	5	11	16	23	27	28	30	37	38	45	48	49	51	53	69	83	
20	18
6	9	11	12	14	15	18	19	21	23	28	30	42	45	47	48	53	84	
17	17
1	4	5	8	9	10	14	20	22	26	29	33	41	43	45	47	50	
22	17
0	7	9	17	20	22	27	35	41	42	44	48	55	60	69	83	89	
20	17
0	4	11	14	16	18	19	27	30	31	37	39	40	45	51	62	66	
19	17
2	3	5	8	10	15	16	19	20	28	29	38	44	49	50	55	90	
24	18
14	17	19	20	22	26	33	36	37	41	42	48	53	55	59	62	83	89	
20	17
2	4	9	17	20	23	26	27	28	29	33	37	40	42	53	60	84	
21	19
0	2	6	8	9	14	15	17	18	21	23	27	28	29	33	36	38	53	84	
23	17
0	3	4	5	7	8	30	33	42	45	47	51	55	59	62	83	84	
20	19
1	2	12	15	16	17	18	20	23	24	33	34	35	38	39	42	47	50	83	
22	18
0	1	5	8	9	11	17	23	27	28	31	42	43	49	55	59	60	84	
19	17
3	5	6	9	14	15	18	20	24	27	30	31	36	38	47	51	60	
23	18
4	9	10	12	20	21	22	23	26	30	43	48	49	51	60	69	90	96	
20	16
0	4	9	18	19	26	29	30	33	43	45	48	55	59	62	84	
20	18
2	4	7	8	9	11	12	15	27	30	35	36	38	42	47	50	59	60	
25	19
5	8	15	18	22	28	29	31	33	34	36	47	49	51	60	69	83	89	96	
21	17
1	6	10	14	18	23	31	34	35	36	39	40	48	53	55	83	84	
19	17
1	4	7	11	14	15	19	21	23	30	35	38	41	45	50	59	66	
22	18
1	2	5	15	16	18	19	27	28	30	31	43	45	48	59	62	83	96	
22	17
0	3	4	6	10	17	20	27	28	35	38	48	51	53	83	89	96	
21	19
0	2	5	6	7	12	15	18	19	22	30	34	39	43	44	48	49	62	83	
21	17
1	2	3	5	18	20	24	28	37	38	39	41	49	55	60	69	89	
20	17
1	9	10	12	18	20	22	24	29	31	38	39	40	41	53	55	89	
19	16
5	10	12	16	18	19	24	26	39	41	43	45	47	55	62	66	
20	18
3	4	9	15	20	23	24	27	30	34	37	38	39	41	44	48	59	66	
22	18
2	6	10	16	17	19	20	24	28	30	31	33	39	43	51	60	84	96	
22	17
0	4	8	11	14	15	16	17	22	39	42	44	59	66	69	83	96	
19	18
0	3	5	14	16	18	19	22	23	24	28	31	41	42	45	47	50	89	
21	18
0	5	10	11	12	15	16	17	19	20	23	40	43	44	50	66	83	96	
25	19
0	8	17	19	27	28	29	31	38	41	44	48	50	53	55	66	84	90	96	
20	18
0	3	4	11	14	15	16	17	26	28	29	31	36	40	44	47	59	96	
25	19
3	7	11	15	18	19	21	24	26	33	40	48	49	55	62	66	84	89	96	
22	18
2	5	14	15	17	18	24	33	34	35	39	42	47	48	55	84	89	90	
21	18
2	6	9	14	16	18	20	24	29	30	34	39	40	42	45	51	62	83	
22	17
1	6	7	8	14	16	21	27	38	47	49	50	62	66	84	90	96	
25	19
2	5	7	8	9	12	19	20	22	35	44	45	48	60	66	69	84	90	96	
25	19
0	2	5	7	17	20	22	23	30	35	36	40	41	53	62	83	84	89	96	
24	18
4	6	8	11	15	16	24	35	41	42	43	48	55	60	69	84	89	96	
22	18
0	1	9	10	14	20	35	37	38	39	40	41	42	50	59	60	62	83	
24	17
3	4	5	7	8	15	38	41	47	48	51	60	62	69	89	90	96	
19	17
2	8	12	14	15	16	20	21	22	23	34	35	38	41	49	55	84	
22	18
0	1	2	3	4	7	19	27	33	37	38	44	47	48	66	69	83	96	
23	18
1	2	4	7	14	21	22	23	29	37	38	43	49	53	66	83	89	96	
23	17
2	10	18	21	22	30	34	39	44	48	50	55	60	66	69	90	96	
19	16
1	6	7	11	19	23	24	31	33	34	39	40	44	55	60	83	
25	19
2	6	7	9	10	15	18	31	41	42	44	47	48	55	59	62	83	84	89	
22	18
1	2	6	7	17	24	29	31	35	36	37	41	42	44	51	53	60	84	
22	18
0	7	9	14	16	22	24	29	30	36	37	38	48	49	55	66	84	90	
21	19
0	1	2	4	6	9	10	12	17	23	28	33	34	38	43	44	48	62	96	
21	18
2	3	4	5	6	7	8	19	21	24	35	36	41	49	50	60	83	89	
19	18
0	8	10	12	15	18	20	26	28	34	37	38	39	42	44	48	49	59	
21	17
1	4	10	19	27	29	36	37	38	39	42	45	47	51	53	55	84	
19	15
6	12	14	15	18	29	33	36	39	43	44	53	55	59	62	
21	17
0	2	9	18	23	24	29	35	39	43	47	48	50	60	62	84	96	
20	17
4	8	11	15	16	19	21	22	29	35	39	41	45	49	53	55	69	
21	17
6	10	11	12	16	18	26	30	33	40	42	45	49	59	66	69	90	
21	17
6	11	12	17	19	24	26	27	28	30	33	41	42	55	59	69	96	
22	17
10	15	17	18	20	24	34	35	36	37	42	50	51	55	59	83	84	
22	16
5	8	9	10	21	22	30	34	36	49	53	55	62	66	69	84	
21	17
5	7	11	14	15	16	20	28	29	30	31	39	40	53	69	83	96	
25	19
0	4	8	9	15	27	38	39	42	43	44	49	50	51	55	66	83	90	96	
24	17
2	3	8	14	15	16	21	34	36	37	51	53	55	60	62	69	89	
20	18
1	3	7	16	20	24	27	28	29	31	37	38	40	42	44	48	53	96	
22	18
0	2	3	12	21	22	23	31	33	34	39	43	44	47	51	53	55	89	
21	17
3	6	9	18	20	26	29	35	36	37	42	43	47	62	69	84	96	
22	16
0	3	8	10	20	24	37	39	48	50	51	53	55	60	69	83	
22	18
0	3	5	7	15	20	21	23	29	34	36	41	44	49	55	83	84	89	
21	18
6	8	9	10	14	15	16	19	28	31	37	39	42	47	49	59	60	84	
24	19
1	5	6	7	14	22	30	31	33	36	38	40	43	47	53	59	62	66	89	
23	19
0	2	6	15	18	23	27	30	35	37	40	41	43	44	45	59	62	66	84	
20	18
2	5	12	14	15	18	28	30	31	37	38	39	40	41	43	49	60	62	
23	18
1	3	4	7	8	10	17	26	30	35	42	45	49	53	59	60	66	84	
20	17
1	3	5	8	9	24	29	36	38	41	43	45	47	49	51	53	96	
23	17
0	3	18	27	33	35	36	37	40	41	44	51	53	66	69	83	90	
23	19
0	1	4	6	23	24	26	30	35	36	37	38	45	48	49	53	60	89	90	
20	18
0	2	4	7	8	10	11	15	21	24	29	35	36	41	42	43	90	96	
22	17
5	14	16	19	23	24	31	36	38	39	44	47	53	60	83	84	96	
20	17
0	2	5	7	10	12	14	16	21	24	27	30	45	49	51	60	89	
22	17
4	8	17	18	19	24	31	34	36	39	44	48	55	59	62	84	90	
18	16
0	3	4	7	11	12	19	24	34	36	42	44	47	48	62	84	
21	17
0	1	2	6	7	9	10	12	18	26	33	43	45	55	59	69	84	
23	18
4	6	9	19	23	26	28	29	34	36	42	43	44	53	59	62	66	84	
19	18
1	2	4	7	9	10	11	19	20	21	23	34	39	40	45	48	49	83	
23	19
2	5	8	9	10	12	14	15	20	35	38	40	43	47	49	55	69	84	96	
21	17
7	8	10	20	24	31	33	36	39	43	48	49	50	53	55	62	83	
20	17
3	5	9	11	15	17	19	20	22	34	36	41	43	45	55	89	90	
22	18
0	4	6	8	19	24	31	35	36	37	39	40	43	44	55	66	84	90	
22	18
1	2	3	4	5	6	7	20	22	29	37	38	43	49	59	66	83	89	
19	17
0	2	5	7	8	9	20	23	28	29	33	37	38	47	50	60	90	
21	17
2	3	6	8	10	19	21	22	30	31	33	38	45	53	59	60	84	
21	16
1	6	19	23	24	26	29	33	39	48	49	60	62	69	84	96	
22	18
5	6	8	9	15	23	24	27	29	30	36	43	45	47	53	60	84	96	
19	17
1	2	3	5	10	15	16	18	21	24	27	31	36	38	50	59	60	
22	17
1	5	9	17	22	26	27	28	29	30	31	44	55	59	60	69	96	
23	20
6	8	9	10	18	21	23	27	28	30	33	41	42	44	45	49	50	53	60	62	
21	17
3	4	8	20	23	28	29	38	39	41	43	44	47	51	55	66	83	
21	18
1	2	4	6	8	10	11	12	18	23	35	36	37	39	41	59	60	89	
21	17
0	2	4	17	20	22	24	27	33	37	38	43	44	53	60	89	90	
22	19
0	2	4	6	7	8	10	11	16	17	20	29	30	31	33	44	55	60	96	
23	18
2	3	6	7	16	21	22	31	33	34	41	47	49	53	55	59	62	83	
22	18
8	11	19	21	22	23	24	26	33	40	43	44	47	48	59	62	90	96	
22	18
0	2	7	10	14	16	24	26	27	30	35	36	43	50	59	60	62	96	
24	18
0	2	5	10	16	20	21	27	29	35	40	42	53	60	62	66	69	89	
21	18
1	5	7	10	12	17	19	20	23	31	33	35	41	43	45	53	55	96	
26	19
8	10	14	18	21	23	26	36	42	47	48	49	51	55	59	62	83	89	90	
25	18
2	3	5	9	12	33	34	37	40	41	43	51	53	55	59	62	66	84	
22	18
1	3	14	15	18	21	26	28	33	35	36	38	45	47	62	69	83	90	
20	18
0	1	8	19	21	22	23	24	30	31	33	35	37	41	42	43	62	84	
20	17
6	7	10	15	18	22	23	26	27	31	37	39	48	50	51	55	96	
21	18
0	3	4	8	9	12	19	20	26	27	28	33	37	38	44	51	60	83	
20	18
1	5	9	11	12	15	16	17	21	22	23	29	33	35	40	50	51	96	
21	17
0	1	2	3	8	24	26	29	36	37	41	44	49	51	69	83	90	
19	15
3	5	6	8	9	11	22	24	30	48	50	51	55	66	90	
21	17
2	5	12	15	19	26	27	31	33	39	43	47	50	55	60	62	83	
23	19
0	1	2	5	11	14	24	26	27	28	31	33	41	47	48	55	59	66	96	
20	17
0	4	6	7	10	12	26	27	31	35	40	48	49	50	69	83	96	
22	17
0	6	7	8	10	14	19	21	33	36	47	49	53	62	69	83	89	
24	19
0	2	3	10	12	16	18	20	22	31	38	42	43	44	53	55	83	89	90	
19	18
6	8	9	11	12	14	15	16	17	18	20	26	27	30	38	42	49	60	
18	17
1	3	5	6	7	8	14	17	24	26	27	28	29	33	37	45	53	
22	18
1	2	7	18	20	22	23	24	30	35	39	44	45	47	60	66	69	84	
23	19
0	1	3	6	9	12	20	22	26	27	29	38	39	43	49	53	60	62	69	
22	18
2	3	9	15	16	20	21	26	29	35	39	41	44	48	53	55	59	83	
22	18
2	5	10	11	16	20	31	33	38	41	43	44	47	48	53	60	83	89	
18	17
3	5	6	7	8	9	10	17	19	22	24	27	30	33	38	48	66	
21	17
0	1	2	4	11	18	19	22	23	27	33	39	45	51	69	83	96	
25	19
1	5	7	8	16	18	22	27	28	29	30	36	45	53	55	69	83	90	96	
25	20
3	6	11	15	18	21	23	27	30	31	35	44	48	49	50	55	69	83	90	96	
20	17
2	3	4	7	11	12	15	16	31	33	34	38	39	49	59	60	83	
23	18
1	5	8	9	15	20	22	24	26	27	28	41	43	51	53	66	83	84	
22	18
0	6	9	12	26	28	30	34	35	37	40	43	44	45	55	60	62	69	
23	18
0	1	2	4	7	9	15	19	20	42	44	47	50	59	60	84	90	96	
24	18
4	14	20	23	26	29	30	31	34	42	43	48	51	59	66	83	90	96	
22	17
1	5	9	12	16	22	28	30	35	37	39	50	53	55	62	89	90	
23	19
3	5	7	8	9	14	17	18	19	20	23	24	28	30	34	51	69	89	90	
21	16
0	4	19	27	29	30	31	35	37	38	45	51	55	59	62	83	
24	20
2	7	14	15	18	19	20	21	22	26	27	28	31	37	40	49	51	55	69	90	
22	18
0	1	4	9	12	19	20	24	35	37	39	40	42	49	53	59	83	84	
24	17
0	4	6	8	26	30	35	36	39	48	53	55	66	69	84	89	96	
23	18
4	7	9	10	11	16	30	31	37	38	42	44	45	53	59	83	89	90	
21	17
1	11	17	21	23	24	27	33	35	40	43	45	48	51	53	83	90	
21	18
0	4	5	8	9	11	15	21	24	26	37	43	44	49	50	53	62	69	
21	17
5	10	11	19	20	24	26	31	37	39	42	43	45	62	66	84	90	
22	18
3	6	14	16	27	28	29	33	36	38	40	41	42	50	51	53	55	84	
22	17
1	8	14	16	19	21	24	31	36	39	44	45	55	59	83	84	90	
20	18
1	3	18	20	21	23	24	29	35	36	39	40	41	43	45	47	83	89	
20	19
4	5	6	11	14	19	21	22	24	30	33	36	39	40	42	44	45	49	62	
22	17
0	6	8	10	18	20	24	26	29	40	42	45	59	83	84	89	90	
19	16
0	2	3	9	10	12	24	29	34	35	39	41	48	51	66	96	
25	20
0	2	7	10	11	16	17	26	28	33	35	40	44	45	48	51	59	62	66	90	
19	16
0	6	8	14	15	16	28	29	34	38	41	45	47	53	59	60	
21	18
3	7	8	9	11	12	18	23	24	26	33	35	36	39	44	51	83	96	
24	17
8	12	21	22	24	34	42	44	47	50	55	60	69	83	84	90	96	
22	17
0	9	20	22	23	24	26	30	35	37	48	50	55	62	69	84	89	
20	17
0	3	9	10	12	15	17	20	22	24	36	40	43	50	55	59	66	
22	18
2	3	4	7	8	15	17	19	23	35	36	42	45	48	51	83	84	90	
18	16
1	6	7	11	17	23	24	27	28	33	35	40	42	48	59	96	
25	18
6	8	14	15	16	18	24	26	39	42	50	51	53	59	66	89	90	96	
24	19
4	5	8	16	20	22	23	30	39	40	42	43	45	49	51	53	59	83	90	
23	18
0	2	17	18	23	27	31	36	38	43	44	48	50	53	60	66	83	90	
20	16
0	1	5	14	17	19	24	31	35	39	42	45	55	59	84	96	
20	18
1	2	7	8	9	10	12	20	21	27	38	40	45	47	48	50	66	89	
21	17
0	2	3	19	24	31	34	35	37	41	43	44	49	51	60	84	96	
23	19
3	4	5	8	11	12	16	17	18	29	33	34	40	49	50	51	55	60	90	
24	18
6	8	10	12	17	18	21	28	34	37	44	45	53	55	59	60	62	66	
22	18
0	1	2	3	9	10	29	31	35	38	39	45	47	49	59	62	66	83	
20	18
2	3	5	6	7	8	9	22	24	26	29	34	37	39	41	45	59	62	
18	17
3	6	8	10	14	20	23	24	31	33	35	39	40	41	43	47	53	
23	19
2	4	5	7	12	17	19	27	35	37	38	40	43	47	48	53	83	84	96	
25	17
1	6	10	12	16	31	40	42	43	53	55	59	66	69	83	90	96	
23	18
0	1	11	12	15	17	35	36	41	42	44	45	48	55	59	62	69	83	
18	16
2	7	9	11	17	19	20	22	26	28	36	39	41	44	51	84	
24	18
1	8	12	18	19	27	33	36	39	41	42	49	51	53	55	62	69	84	
20	16
3	9	11	12	22	24	26	35	36	39	42	44	55	60	83	96	
20	18
5	6	9	14	16	17	18	20	24	29	30	35	36	39	47	49	89	90	
24	18
0	5	10	16	20	22	27	29	40	43	47	50	51	53	59	66	69	96	
20	17
3	5	14	17	18	19	21	22	30	35	38	47	48	50	62	66	84	
23	17
2	7	11	15	16	26	27	38	39	44	49	60	62	69	83	90	96	
20	17
0	7	10	19	22	27	29	30	36	40	42	43	48	50	55	66	90	
19	18
3	4	5	9	10	12	15	19	21	22	23	24	29	35	37	40	41	60	
18	16
3	7	10	12	15	18	21	23	24	27	29	33	36	40	55	69	
21	18
0	5	8	11	18	22	23	26	28	30	35	37	38	47	48	53	62	89	
21	16
3	4	7	8	9	12	17	18	24	37	42	59	60	66	90	96	
21	16
5	9	11	17	18	19	26	33	40	42	43	53	60	66	83	84	
24	18
0	2	3	7	11	15	23	28	29	36	42	50	60	62	69	83	89	96	
21	17
0	6	9	10	12	19	26	27	34	35	36	39	42	55	84	89	90	
21	18
0	2	6	7	12	17	18	19	20	24	26	37	41	44	49	60	84	90	
22	18
4	8	9	10	17	20	23	31	33	36	38	39	47	49	53	60	69	96	
19	16
0	2	3	6	7	9	11	20	26	29	37	43	45	51	84	96	
22	18
7	9	11	20	22	30	33	34	38	41	42	47	48	49	55	62	84	96	
19	17
0	2	4	8	9	10	15	21	31	35	39	41	45	47	48	51	84	
20	17
0	1	4	7	12	15	23	26	28	31	34	39	44	50	59	84	89	
21	17
1	4	5	7	10	12	19	21	27	31	34	41	47	59	60	89	96	
19	16
0	1	2	6	9	12	18	24	36	37	38	39	44	59	60	90	
22	17
3	7	8	9	11	14	20	21	30	35	38	50	51	53	55	62	84	
22	19
1	3	5	9	10	11	17	18	20	22	23	28	45	47	48	49	51	66	69	
21	18
2	4	14	15	18	21	23	24	28	35	40	43	44	45	49	60	66	83	
21	17
4	5	6	7	12	15	17	18	19	20	35	42	47	55	66	83	90	
24	18
4	6	7	10	17	22	29	36	37	39	45	48	51	69	83	84	89	96	
24	18
0	2	3	5	9	12	17	20	27	30	43	48	59	62	66	84	89	96	
21	17
2	3	15	17	19	22	23	26	30	38	42	43	50	53	66	89	96	
17	15
0	1	3	7	8	10	15	23	24	28	29	31	48	60	90	
20	16
4	9	11	16	17	20	21	24	26	30	36	49	55	66	90	96	
18	17
0	1	2	4	8	11	17	19	26	27	30	35	36	37	41	43	55	
23	18
0	4	5	10	12	21	26	34	38	40	41	44	49	55	59	60	83	89	
23	18
0	1	9	10	16	20	28	31	34	39	42	49	50	53	59	83	89	96	
21	17
2	12	15	16	21	24	27	31	33	38	43	44	48	53	55	62	69	
19	19
2	4	7	9	12	14	16	20	21	26	27	28	34	35	38	40	41	47	50	
22	17
3	6	7	12	19	20	21	22	24	30	31	33	51	53	55	59	66	
21	17
0	1	6	7	8	9	20	29	34	37	44	47	50	53	59	60	84	
23	18
0	6	12	17	24	26	27	39	40	41	42	45	48	53	62	69	83	84	
21	18
1	2	8	9	17	18	20	23	24	30	37	39	45	47	48	55	84	90	
23	16
0	18	19	20	24	26	28	29	38	51	59	62	66	83	84	89	
17	16
1	14	15	18	26	28	29	36	37	38	39	41	44	47	50	53	
22	17
0	6	7	10	15	21	27	31	41	43	47	50	59	69	84	89	90	
22	17
0	6	9	10	12	33	34	40	41	43	45	49	51	55	83	89	90	
22	19
0	3	5	6	7	8	10	17	18	20	24	26	31	35	37	50	55	83	84	
23	17
0	1	2	6	9	16	19	26	35	43	49	55	59	60	62	89	96	
23	19
5	7	8	11	15	23	28	30	34	37	42	44	47	49	50	53	55	59	96	
23	18
0	5	6	10	14	16	18	19	20	21	44	45	47	55	83	84	89	96	
19	16
1	5	7	10	11	15	21	24	30	31	34	35	36	59	62	89	
22	16
2	4	5	8	15	19	37	42	45	48	51	62	69	83	84	96	
21	18
0	1	5	6	8	9	12	18	20	23	24	27	29	36	38	51	55	60	
22	17
1	2	8	15	17	21	23	26	33	34	47	48	55	69	84	89	96	
27	18
0	16	31	34	37	40	42	43	50	53	55	60	62	66	84	89	90	96	
19	16
0	3	4	7	8	12	19	23	27	30	41	45	50	51	55	62	
22	18
0	2	3	4	9	21	27	29	30	31	40	42	43	50	51	69	90	96	
20	18
1	4	5	6	7	8	10	11	14	21	24	27	34	37	49	50	55	96	
19	17
6	8	9	18	23	24	26	27	28	29	30	42	44	45	49	53	60	
22	18
0	7	10	11	12	14	20	28	34	39	42	43	47	48	59	60	66	69	
20	17
2	5	17	18	19	21	23	24	33	34	41	42	47	50	83	84	89	
22	18
0	7	8	14	17	23	24	26	27	28	34	41	43	47	62	66	90	96	
23	18
2	3	6	7	8	21	22	23	24	27	30	36	50	55	59	60	62	84	
23	17
0	2	4	7	19	27	39	40	44	48	49	51	55	62	69	83	96	
25	19
6	9	12	20	21	23	26	29	31	37	39	41	45	51	53	62	83	84	89	
21	17
3	4	6	8	10	16	20	29	35	36	37	39	40	60	62	69	84	
23	19
2	4	8	15	16	18	19	20	28	33	37	38	40	42	44	53	59	83	90	
23	18
1	6	10	11	14	17	19	21	26	28	29	33	36	53	55	60	69	96	
25	19
8	10	14	18	19	20	28	36	37	39	42	43	50	51	62	66	69	84	89	
22	18
3	5	8	12	14	21	23	28	31	39	45	47	49	50	55	62	83	89	
22	19
3	6	8	12	14	15	16	19	22	23	36	39	43	44	45	48	69	83	89	
25	19
2	3	7	9	16	18	20	21	22	23	34	40	45	55	60	62	83	84	96	
20	17
2	3	7	12	15	19	22	27	31	35	38	39	43	48	53	60	66	
21	18
3	4	8	14	20	23	28	35	37	38	39	41	42	44	47	66	84	89	
26	20
0	6	8	11	12	18	20	21	22	23	34	36	39	50	51	60	83	89	90	96	
21	18
4	5	8	10	12	19	20	21	22	23	30	37	38	42	50	55	62	96	
24	19
2	4	7	8	16	17	20	24	30	34	36	39	44	50	60	69	83	84	89	
22	18
1	3	11	12	15	16	19	21	26	36	42	44	47	49	59	60	69	83	
24	19
1	2	3	5	11	17	18	30	36	41	44	45	48	50	51	55	59	90	96	
25	19
2	3	4	6	9	10	11	16	27	31	34	39	45	55	62	83	84	89	90	
17	16
0	1	3	9	10	11	15	17	24	26	29	35	41	44	48	96	
19	16
0	3	5	10	14	15	20	22	24	28	29	34	41	59	62	83	
20	18
5	6	8	9	10	17	23	24	31	33	35	39	42	44	49	50	60	84	
20	17
0	1	3	9	10	18	20	27	29	31	35	41	42	48	55	60	96	
19	18
0	3	5	8	11	15	16	22	23	24	29	35	39	41	43	49	50	59	
18	15
1	3	5	9	11	15	17	24	29	34	41	49	51	55	89	
21	17
0	4	10	12	24	26	29	33	36	39	40	42	43	53	59	66	89	
23	18
0	7	18	19	20	24	26	33	35	40	41	45	47	53	62	83	84	90	
24	17
1	4	12	15	19	22	23	29	42	45	53	55	66	69	83	84	90	
19	18
2	5	6	8	10	14	16	24	26	28	29	33	34	36	44	47	50	55	
21	18
0	3	11	14	15	19	21	22	26	27	28	29	36	39	45	55	62	84	
22	18
3	4	9	12	18	19	20	22	30	33	40	41	42	47	53	60	83	84	
22	17
0	1	2	4	7	12	24	30	33	40	43	50	55	62	66	89	96	
22	18
3	5	9	10	14	22	24	29	30	36	38	41	43	45	51	53	66	69	
21	17
2	6	7	17	24	29	31	34	36	39	41	42	50	51	60	66	69	
20	17
1	11	17	19	21	23	24	33	38	39	40	41	44	45	51	55	59	
20	17
2	3	4	9	12	15	16	18	21	24	34	36	41	43	59	60	83	
24	17
7	12	19	22	23	24	37	42	43	44	53	55	62	69	84	90	96	
22	18
0	6	7	12	14	18	19	23	28	30	33	35	41	47	59	83	84	96	
22	17
0	2	7	10	15	18	23	33	39	42	44	50	55	59	83	89	96	
22	18
1	3	7	8	9	11	14	22	26	28	34	39	45	49	55	59	69	84	
27	19
0	1	16	17	31	35	40	41	45	47	50	53	55	60	66	69	84	89	90	
23	16
0	14	19	28	30	33	39	44	45	51	59	62	69	83	84	89	
23	19
2	3	4	7	10	14	18	19	24	28	29	39	44	45	49	51	60	89	90	
22	18
3	8	12	14	17	30	33	35	36	42	43	44	45	48	59	69	84	89	
20	17
5	11	12	14	15	18	22	30	34	37	39	40	42	50	51	55	96	
20	16
0	4	6	10	11	12	14	21	26	40	41	42	59	69	83	96	
20	17
2	3	7	24	26	27	28	29	40	41	42	44	45	48	53	66	69	
20	19
0	3	4	5	9	11	12	14	18	19	27	33	34	37	38	40	47	49	84	
23	18
0	2	8	15	19	26	27	28	30	35	41	45	48	66	69	83	90	96	
20	18
2	4	6	7	8	19	21	23	34	35	38	39	40	45	49	50	51	53	
22	17
0	1	5	7	8	10	20	21	23	34	41	49	53	55	60	84	89	
21	18
6	7	8	12	14	18	19	21	24	27	30	31	33	38	48	60	66	83	
22	17
7	10	11	14	16	20	21	23	24	27	33	41	53	83	84	89	96	
20	17
0	3	9	12	14	18	23	26	27	36	40	41	45	48	51	55	89	
21	16
0	6	7	10	18	21	27	28	36	38	45	53	60	62	83	89	
22	16
9	11	15	16	19	20	23	24	39	50	55	59	62	66	89	96	
24	18
2	16	17	21	22	24	34	36	42	47	49	50	51	53	66	69	84	96	
20	18
0	1	12	15	16	18	22	23	30	35	41	43	45	47	48	49	51	83	
20	16
2	3	4	5	6	21	23	38	41	42	47	50	51	62	66	89	
25	19
5	7	17	22	23	24	29	30	31	35	39	47	49	55	59	60	69	84	90	
23	18
0	1	9	15	23	26	27	29	33	38	39	44	49	55	59	69	83	96	
21	17
1	3	5	8	11	15	23	28	31	33	39	40	43	53	55	89	96	
21	17
0	2	4	8	12	20	23	29	35	36	38	43	48	51	53	66	90	
24	19
2	16	18	19	21	27	29	33	35	42	44	47	49	50	53	62	84	90	96	
21	18
2	5	6	7	8	9	19	23	27	28	34	38	47	48	50	60	62	89	
22	18
1	2	6	16	18	20	21	22	24	26	27	33	39	43	53	69	83	96	
22	18
0	2	3	4	6	10	15	20	23	29	39	42	43	48	53	66	69	96	
22	18
0	4	8	12	14	16	30	33	36	38	43	44	47	50	60	62	66	84	
21	17
0	6	8	11	14	18	31	33	34	39	41	43	48	55	60	89	90	
20	17
0	5	6	8	14	17	19	20	28	29	38	41	44	48	59	60	62	
19	18
0	1	2	5	9	11	16	17	23	24	27	29	31	33	40	44	48	96	
19	15
1	15	24	28	29	33	38	39	40	42	45	51	53	59	62	
21	18
0	3	5	7	11	16	20	21	22	26	27	29	37	38	49	53	60	90	
22	18
0	2	3	6	9	15	21	29	31	39	40	43	49	50	51	69	84	90	
24	18
2	9	11	12	17	20	23	24	39	44	49	50	51	55	62	66	83	84	
21	18
1	3	9	11	12	21	22	23	24	31	34	36	44	45	49	55	84	90	
23	17
2	3	5	16	19	23	24	29	33	44	48	51	53	55	59	60	69	
23	17
2	5	6	8	20	24	31	33	40	41	43	51	59	60	66	83	84	
23	17
0	2	4	10	18	31	34	36	40	49	50	51	55	60	69	84	90	
23	17
8	10	15	17	21	22	24	28	34	41	49	51	55	66	69	90	96	
21	18
2	7	9	15	17	19	27	35	38	40	42	43	44	45	49	53	59	60	
22	17
1	9	16	18	20	23	30	31	39	41	47	50	51	66	69	84	96	
25	19
11	12	14	15	16	19	22	33	39	43	47	48	49	51	55	59	66	83	96	
21	17
0	6	10	15	17	19	20	21	27	37	38	47	48	51	55	83	89	
22	17
4	5	9	10	11	14	23	24	26	39	42	49	53	60	62	69	83	
20	18
2	6	9	17	18	19	22	24	26	27	31	33	40	42	43	44	53	60	
20	17
2	4	5	7	10	12	15	19	24	33	38	39	41	44	62	83	89	
19	17
0	2	6	8	9	10	11	12	15	21	23	27	36	39	47	55	59	
24	17
0	4	5	6	7	16	17	18	27	44	51	53	55	69	83	84	90	
19	17
3	5	7	8	9	11	12	29	31	37	38	43	45	49	50	53	59	
20	18
0	2	3	4	7	16	21	22	29	33	36	38	40	41	49	50	62	83	
22	18
2	5	6	15	17	19	22	23	28	31	40	41	43	49	53	62	69	83	
24	17
0	1	15	20	22	29	35	36	43	44	51	55	59	60	83	84	90	
23	19
1	4	9	12	17	18	22	24	26	27	28	31	38	41	42	53	55	62	90	
21	17
1	5	9	12	15	20	30	33	35	36	41	43	45	51	53	55	83	
23	18
0	1	4	6	9	12	22	23	27	28	36	43	49	51	55	59	60	84	
19	17
0	2	10	19	20	23	24	27	31	37	38	39	40	41	43	51	96	
22	18
0	1	6	7	15	16	23	26	27	31	35	37	40	47	53	59	62	83	
23	19
0	2	3	4	7	12	14	17	23	24	34	35	39	43	48	53	62	89	96	
21	18
3	7	8	16	23	24	27	29	31	36	37	41	42	48	50	51	55	83	
20	18
1	2	4	6	9	10	17	19	21	23	30	31	34	41	43	45	59	89	
23	17
5	8	12	17	24	26	29	38	43	45	49	55	59	60	66	84	96	
23	19
1	3	5	6	8	15	21	23	26	29	30	34	42	47	48	62	69	83	96	
23	18
16	17	18	26	27	29	35	37	38	39	42	45	48	66	69	84	89	90	
23	18
4	14	15	19	21	23	30	37	38	39	44	47	50	53	66	89	90	96	
25	20
0	2	4	15	16	17	20	22	28	31	35	36	40	45	50	51	55	60	69	84	
